0 0 0 0 0 0 0 0 0 0 0 0 0 0 0 0 0 0 0 0 0 0 0 0 0 0 0 0 0 0 0 0 0 0 0 0 0 0 0 0 0 
0 1.37114e-05 5.59595e-05 0.000125843 0.00021813 0.000322849 0.000426798 0.000517237 0.000585931 0.000631011 0.000655876 0.000666502 0.000668938 0.000667828 0.000665873 0.000663853 0.000660878 0.000654745 0.000642431 0.000620766 0.000587273 0.000541036 0.000483264 0.00041728 0.00034781 0.000279846 0.000217545 0.000163588 0.000119101 8.39584e-05 5.72464e-05 3.76639e-05 2.38146e-05 1.43815e-05 8.21668e-06 4.37564e-06 2.11791e-06 8.88669e-07 2.90623e-07 5.27398e-08 0 
0 5.59595e-05 0.000225989 0.000497019 0.000826348 0.00114199 0.00136709 0.00145927 0.00142971 0.00132532 0.00119687 0.00107986 0.00099247 0.000941278 0.00092718 0.000948918 0.00100413 0.00108857 0.00119415 0.00130677 0.00140549 0.00146505 0.0014627 0.00138715 0.00124453 0.00105652 0.000851576 0.000654989 0.000483126 0.000342965 0.000234669 0.000154649 9.78544e-05 5.91118e-05 3.3777e-05 1.79882e-05 8.70685e-06 3.65339e-06 1.19478e-06 2.16818e-07 0 
0 0.000125843 0.000497019 0.00104133 0.00157925 0.00187882 0.00182316 0.00150595 0.00111708 0.000787616 0.000555866 0.000409602 0.000325072 0.0002834 0.00027381 0.000292781 0.000342961 0.000432482 0.00057384 0.00078033 0.00105749 0.00138904 0.00172393 0.00198034 0.00207846 0.00198607 0.00173727 0.00140718 0.00106953 0.000771458 0.000532028 0.000351881 0.000223002 0.000134797 7.70432e-05 4.10337e-05 1.98623e-05 8.33432e-06 2.7256e-06 4.9462e-07 0 
0 0.00021813 0.000826348 0.00157925 0.00201752 0.00183857 0.00125983 0.000702204 0.000348992 0.000168706 8.54212e-05 4.80678e-05 3.14067e-05 2.44987e-05 2.30823e-05 2.61699e-05 3.50894e-05 5.40879e-05 9.24477e-05 0.000168233 0.000312431 0.000567811 0.000970211 0.00150293 0.00204962 0.00241913 0.00247001 0.00221555 0.00178913 0.00133329 0.000934354 0.000622495 0.000395721 0.000239495 0.000136948 7.29519e-05 3.53144e-05 1.48184e-05 4.84615e-06 8.79441e-07 0 
0 0.000322849 0.00114199 0.00187882 0.00183857 0.00114314 0.000495656 0.000169862 5.21692e-05 1.60636e-05 5.46151e-06 2.2203e-06 1.1464e-06 7.81345e-07 7.14098e-07 8.69437e-07 1.37353e-06 2.69911e-06 6.25609e-06 1.61253e-05 4.35343e-05 0.000116259 0.000291366 0.000653314 0.0012558 0.00199936 0.00259033 0.00275098 0.0024694 0.00195163 0.00140835 0.000950853 0.000607845 0.000368684 0.000210994 0.000112429 5.44297e-05 2.28402e-05 7.46965e-06 1.35554e-06 0 
0 0.000426798 0.00136709 0.00182316 0.00125983 0.000495656 0.000128199 2.56145e-05 4.60018e-06 8.52606e-07 1.84542e-07 5.18004e-08 2.04369e-08 1.19341e-08 1.05309e-08 1.39074e-08 2.64942e-08 6.8672e-08 2.25052e-07 8.60127e-07 3.53445e-06 1.44727e-05 5.52232e-05 0.000185427 0.000521569 0.00117674 0.00205828 0.00275888 0.0028992 0.00251331 0.00190205 0.00131261 0.000846845 0.000515491 0.000295397 0.000157476 7.62503e-05 3.19984e-05 1.04649e-05 1.89911e-06 0 
0 0.000517237 0.00145927 0.00150595 0.000702204 0.000169862 2.56145e-05 2.90044e-06 2.9436e-07 3.16761e-08 4.21907e-09 7.94544e-10 2.34472e-10 1.15841e-10 9.83668e-11 1.41721e-10 3.30184e-10 1.15279e-09 5.48292e-09 3.19885e-08 2.06071e-07 1.32954e-06 7.89578e-06 4.0296e-05 0.000167371 0.000540897 0.0013072 0.00229797 0.00295104 0.0029035 0.00235285 0.00167698 0.00109682 0.000671217 0.00038538 0.000205584 9.95662e-05 4.17859e-05 1.36662e-05 2.48007e-06 0 
0 0.000585931 0.00142971 0.00111708 0.000348992 5.21692e-05 4.60018e-06 2.9436e-07 1.67699e-08 1.0393e-09 8.45007e-11 1.06007e-11 2.32691e-12 9.69071e-13 7.90657e-13 1.2435e-12 3.55242e-12 1.67795e-11 1.16488e-10 1.0442e-09 1.06152e-08 1.08524e-07 1.0064e-06 7.79818e-06 4.74945e-05 0.000217329 0.000719661 0.00166852 0.00267352 0.00306052 0.0027053 0.00201206 0.00134037 0.000826163 0.000475579 0.000253927 0.000123015 5.16319e-05 1.68868e-05 3.06456e-06 0 
0 0.000631011 0.00132532 0.000787616 0.000168706 1.60636e-05 8.52606e-07 3.16761e-08 1.0393e-09 3.79831e-11 1.92454e-12 1.63527e-13 2.70129e-14 9.54172e-15 7.48392e-15 1.27862e-14 4.43578e-14 2.79606e-13 2.7864e-12 3.7668e-11 5.92506e-10 9.40844e-09 1.33535e-07 1.53896e-06 1.34383e-05 8.48684e-05 0.000374922 0.00112406 0.00223768 0.00300595 0.00293077 0.00229197 0.00156107 0.000970663 0.000560539 0.000299615 0.0001452 6.09501e-05 1.99351e-05 3.6178e-06 0 
0 0.000655876 0.00119687 0.000555866 8.54212e-05 5.46151e-06 1.84542e-07 4.21907e-09 8.45007e-11 1.92454e-12 6.38227e-14 3.82272e-15 4.88996e-16 1.48841e-16 1.12524e-16 2.06736e-16 8.52303e-16 6.94884e-15 9.56409e-14 1.86697e-12 4.34046e-11 1.02236e-09 2.12413e-08 3.49093e-07 4.20008e-06 3.5222e-05 0.000199783 0.000747914 0.00180592 0.00282131 0.00303547 0.00250267 0.001746 0.00109613 0.000635219 0.000339939 0.000164806 6.91884e-05 2.26305e-05 4.107e-06 0 
0 0.000666502 0.00107986 0.000409602 4.80678e-05 2.2203e-06 5.18004e-08 7.94544e-10 1.06007e-11 1.63527e-13 3.82272e-15 1.71494e-16 1.77464e-17 4.77048e-18 3.49237e-18 6.79958e-18 3.22594e-17 3.24633e-16 5.82333e-15 1.53749e-13 4.93029e-12 1.60711e-10 4.57188e-09 1.00682e-07 1.57706e-06 1.66799e-05 0.00011582 0.000518093 0.00146316 0.00259742 0.00305158 0.0026432 0.00188711 0.0011959 0.000695431 0.000372601 0.000180711 7.58745e-05 2.48183e-05 4.5041e-06 0 
0 0.000668938 0.00099247 0.000325072 3.14067e-05 1.1464e-06 2.04369e-08 2.34472e-10 2.32691e-12 2.70129e-14 4.88996e-16 1.77464e-17 1.57068e-18 3.84837e-19 2.74565e-19 5.56345e-19 2.91758e-18 3.41655e-17 7.42358e-16 2.44044e-14 9.88962e-13 4.08579e-11 1.46233e-09 3.9893e-08 7.57956e-07 9.49731e-06 7.63781e-05 0.000388442 0.00122885 0.00239967 0.00301935 0.00272207 0.0019812 0.00126559 0.000738146 0.000395892 0.00019207 8.06525e-05 2.63821e-05 4.78793e-06 0 
0 0.000667828 0.000941278 0.0002834 2.44987e-05 7.81345e-07 1.19341e-08 1.15841e-10 9.69071e-13 9.54172e-15 1.48841e-16 4.77048e-18 3.84837e-19 8.91137e-20 6.24395e-20 1.29052e-19 7.14889e-19 9.11295e-18 2.20726e-16 8.22403e-15 3.81248e-13 1.80615e-11 7.38564e-10 2.28251e-08 4.85486e-07 6.71833e-06 5.88877e-05 0.000322921 0.00109268 0.00226146 0.00297198 0.002751 0.00202865 0.00130312 0.000761634 0.00040879 0.000198377 8.3307e-05 2.7251e-05 4.94568e-06 0 
0 0.000665873 0.00092718 0.00027381 2.30823e-05 7.14098e-07 1.05309e-08 9.83668e-11 7.90657e-13 7.48392e-15 1.12524e-16 3.49237e-18 2.74565e-19 6.24395e-20 4.33321e-20 8.94849e-20 4.99477e-19 6.46457e-18 1.60005e-16 6.12244e-15 2.92456e-13 1.43008e-11 6.03708e-10 1.92392e-08 4.21076e-07 5.97982e-06 5.36494e-05 0.000300597 0.00103854 0.00219231 0.00292818 0.00273945 0.00203158 0.00130833 0.000765465 0.000411002 0.000199477 8.37727e-05 2.74038e-05 4.97342e-06 0 
0 0.000663853 0.000948918 0.000292781 2.61699e-05 8.69437e-07 1.39074e-08 1.41721e-10 1.2435e-12 1.27862e-14 2.06736e-16 6.79958e-18 5.56345e-19 1.29052e-19 8.94849e-20 1.81024e-19 9.72566e-19 1.19426e-17 2.77478e-16 9.90125e-15 4.39889e-13 2.00236e-11 7.89875e-10 2.36632e-08 4.90486e-07 6.65074e-06 5.74383e-05 0.000312157 0.00105332 0.00218636 0.00289073 0.00269146 0.00199255 0.00128263 0.000750394 0.000402922 0.00019556 8.21293e-05 2.68664e-05 4.8759e-06 0 
0 0.000660878 0.00100413 0.000342961 3.50894e-05 1.37353e-06 2.64942e-08 3.30184e-10 3.55242e-12 4.43578e-14 8.52303e-16 3.22594e-17 2.91758e-18 7.14889e-19 4.99477e-19 9.72566e-19 4.82551e-18 5.28564e-17 1.06691e-15 3.25038e-14 1.22259e-12 4.711e-11 1.58399e-09 4.09513e-08 7.44444e-07 9.01463e-06 7.08025e-05 0.000355771 0.00112621 0.00222553 0.00284784 0.00260521 0.00191395 0.00122862 0.000718185 0.000385544 0.000187119 7.85839e-05 2.57067e-05 4.66544e-06 0 
0 0.000654745 0.00108857 0.000432482 5.40879e-05 2.69911e-06 6.8672e-08 1.15279e-09 1.67795e-11 2.79606e-13 6.94884e-15 3.24633e-16 3.41655e-17 9.11295e-18 6.46457e-18 1.19426e-17 5.28564e-17 4.90255e-16 8.05056e-15 1.94238e-13 5.70746e-12 1.71562e-10 4.54123e-09 9.40575e-08 1.40217e-06 1.4298e-05 9.7139e-05 0.000432753 0.00124194 0.00227753 0.00277568 0.00247466 0.00179818 0.00114986 0.000671391 0.000360332 0.000174877 7.34435e-05 2.40254e-05 4.36034e-06 0 
0 0.000642431 0.00119415 0.00057384 9.24477e-05 6.25609e-06 2.25052e-07 5.48292e-09 1.16488e-10 2.7864e-12 9.56409e-14 5.82333e-15 7.42358e-16 2.20726e-16 1.60005e-16 2.77478e-16 1.06691e-15 8.05056e-15 1.02208e-13 1.84157e-12 3.96773e-11 8.71857e-10 1.70432e-08 2.66167e-07 3.07802e-06 2.51577e-05 0.000141691 0.000540338 0.00136916 0.00229245 0.00264205 0.002292 0.00164805 0.00105061 0.000613092 0.000329058 0.000159717 6.70813e-05 2.19449e-05 3.98281e-06 0 
0 0.000620766 0.00130677 0.00078033 0.000168233 1.61253e-05 8.60127e-07 3.19885e-08 1.0442e-09 3.7668e-11 1.86697e-12 1.53749e-13 2.44044e-14 8.22403e-15 6.12244e-15 9.90125e-15 3.25038e-14 1.94238e-13 1.84157e-12 2.37941e-11 3.59531e-10 5.51199e-09 7.59101e-08 8.53509e-07 7.32605e-06 4.60731e-05 0.000207503 0.000658319 0.00144757 0.00220295 0.00241147 0.00204981 0.00146683 0.000935497 0.000546604 0.000293635 0.00014259 5.99006e-05 1.95975e-05 3.5569e-06 0 
0 0.000587273 0.00140549 0.00105749 0.000312431 4.35343e-05 3.53445e-06 2.06071e-07 1.06152e-08 5.92506e-10 4.34046e-11 4.93029e-12 9.88962e-13 3.81248e-13 2.92456e-13 4.39889e-13 1.22259e-12 5.70746e-12 3.96773e-11 3.59531e-10 3.71364e-09 3.86092e-08 3.63164e-07 2.84314e-06 1.74801e-05 8.15497e-05 0.000283899 0.000731166 0.00138438 0.00193387 0.00205044 0.00174122 0.00125746 0.000808883 0.000475159 0.000255948 0.000124439 5.23014e-05 1.71145e-05 3.10644e-06 0 
0 0.000541036 0.00146505 0.00138904 0.000567811 0.000116259 1.44727e-05 1.32954e-06 1.08524e-07 9.40844e-09 1.02236e-09 1.60711e-10 4.08579e-11 1.80615e-11 1.43008e-11 2.00236e-11 4.711e-11 1.71562e-10 8.71857e-10 5.51199e-09 3.86092e-08 2.68978e-07 1.69815e-06 9.0276e-06 3.84034e-05 0.000127274 0.000327623 0.000664708 0.0010827 0.00142949 0.0015355 0.00135946 0.00102133 0.000674319 0.000401634 0.000217722 0.000106131 4.46514e-05 1.46164e-05 2.65335e-06 0 
0 0.000483264 0.0014627 0.00172393 0.000970211 0.000291366 5.52232e-05 7.89578e-06 1.0064e-06 1.33535e-07 2.12413e-08 4.57188e-09 1.46233e-09 7.38564e-10 6.03708e-10 7.89875e-10 1.58399e-09 4.54123e-09 1.70432e-08 7.59101e-08 3.63164e-07 1.69815e-06 7.13576e-06 2.51165e-05 7.03002e-05 0.000153027 0.000265666 0.000396556 0.00055292 0.000737095 0.000890523 0.00090755 0.000759675 0.000534554 0.000328458 0.000180438 8.84109e-05 3.72651e-05 1.22063e-05 2.2163e-06 0 
0 0.00041728 0.00138715 0.00198034 0.00150293 0.000653314 0.000185427 4.0296e-05 7.79818e-06 1.53896e-06 3.49093e-07 1.00682e-07 3.9893e-08 2.28251e-08 1.92392e-08 2.36632e-08 4.09513e-08 9.40575e-08 2.66167e-07 8.53509e-07 2.84314e-06 9.0276e-06 2.51165e-05 5.62905e-05 9.38904e-05 0.00011196 0.00010272 9.16306e-05 0.000104958 0.00016641 0.000296171 0.000443767 0.000484631 0.000393532 0.000257915 0.000145349 7.18787e-05 3.03917e-05 9.96501e-06 1.80992e-06 0 
0 0.00034781 0.00124453 0.00207846 0.00204962 0.0012558 0.000521569 0.000167371 4.74945e-05 1.34383e-05 4.20008e-06 1.57706e-06 7.57956e-07 4.85486e-07 4.21076e-07 4.90486e-07 7.44444e-07 1.40217e-06 3.07802e-06 7.32605e-06 1.74801e-05 3.84034e-05 7.03002e-05 9.38904e-05 7.68405e-05 3.34036e-05 8.76979e-06 2.63724e-06 2.1473e-06 6.0845e-06 3.1127e-05 0.000120759 0.000239634 0.000260828 0.000192843 0.000113557 5.69912e-05 2.42104e-05 7.94967e-06 1.4445e-06 0 
0 0.000279846 0.00105652 0.00198607 0.00241913 0.00199936 0.00117674 0.000540897 0.000217329 8.48684e-05 3.5222e-05 1.66799e-05 9.49731e-06 6.71833e-06 5.97982e-06 6.65074e-06 9.01463e-06 1.4298e-05 2.51577e-05 4.60731e-05 8.15497e-05 0.000127274 0.000153027 0.00011196 3.34036e-05 2.60617e-06 6.17299e-08 2.04299e-09 8.78407e-10 9.66772e-09 4.97585e-07 1.36685e-05 8.44169e-05 0.00015297 0.000137021 8.60482e-05 4.40616e-05 1.88306e-05 6.19401e-06 1.12605e-06 0 
0 0.000217545 0.000851576 0.00173727 0.00247001 0.00259033 0.00205828 0.0013072 0.000719661 0.000374922 0.000199783 0.00011582 7.63781e-05 5.88877e-05 5.36494e-05 5.74383e-05 7.08025e-05 9.7139e-05 0.000141691 0.000207503 0.000283899 0.000327623 0.000265666 0.00010272 8.76979e-06 6.17299e-08 4.01364e-11 4.4718e-14 7.38723e-15 7.24544e-13 1.38408e-09 7.33326e-07 2.30747e-05 8.26731e-05 9.39382e-05 6.3532e-05 3.32454e-05 1.42956e-05 4.71036e-06 8.56734e-07 0 
0 0.000163588 0.000654989 0.00140718 0.00221555 0.00275098 0.00275888 0.00229797 0.00166852 0.00112406 0.000747914 0.000518093 0.000388442 0.000322921 0.000300597 0.000312157 0.000355771 0.000432753 0.000540338 0.000658319 0.000731166 0.000664708 0.000396556 9.16306e-05 2.63724e-06 2.04299e-09 4.4718e-14 1.84981e-17 9.26756e-18 1.11933e-16 6.22172e-12 5.24819e-08 7.22243e-06 4.66683e-05 6.44059e-05 4.61208e-05 2.45201e-05 1.0589e-05 3.49306e-06 6.35524e-07 0 
0 0.000119101 0.000483126 0.00106953 0.00178913 0.0024694 0.0028992 0.00295104 0.00267352 0.00223768 0.00180592 0.00146316 0.00122885 0.00109268 0.00103854 0.00105332 0.00112621 0.00124194 0.00136916 0.00144757 0.00138438 0.0010827 0.00055292 0.000104958 2.1473e-06 8.78407e-10 7.38723e-15 9.26762e-18 3.1772e-19 3.59367e-17 1.266e-12 2.16329e-08 4.29433e-06 3.18697e-05 4.58541e-05 3.31955e-05 1.76951e-05 7.64642e-06 2.52274e-06 4.59001e-07 0 
0 8.39584e-05 0.000342965 0.000771458 0.00133329 0.00195163 0.00251331 0.0029035 0.00306052 0.00300595 0.00282131 0.00259742 0.00239967 0.00226146 0.00219231 0.00218636 0.00222553 0.00227753 0.00229245 0.00220295 0.00193387 0.00142949 0.000737095 0.00016641 6.0845e-06 9.66772e-09 7.24544e-13 1.11933e-16 3.59367e-17 2.54899e-15 3.25067e-11 7.96921e-08 5.60813e-06 2.73564e-05 3.41658e-05 2.36963e-05 1.24775e-05 5.37335e-06 1.77113e-06 3.22165e-07 0 
0 5.72464e-05 0.000234669 0.000532028 0.000934354 0.00140835 0.00190205 0.00235285 0.0027053 0.00293077 0.00303547 0.00305158 0.00301935 0.00297198 0.00292818 0.00289073 0.00284784 0.00277568 0.00264205 0.00241147 0.00205044 0.0015355 0.000890523 0.000296171 3.1127e-05 4.97585e-07 1.38408e-09 6.22172e-12 1.266e-12 3.25067e-11 8.31998e-09 8.66627e-07 1.09625e-05 2.63469e-05 2.58077e-05 1.66117e-05 8.55982e-06 3.66386e-06 1.20562e-06 2.19197e-07 0 
0 3.76639e-05 0.000154649 0.000351881 0.000622495 0.000950853 0.00131261 0.00167698 0.00201206 0.00229197 0.00250267 0.0026432 0.00272207 0.002751 0.00273945 0.00269146 0.00260521 0.00247466 0.002292 0.00204981 0.00174122 0.00135946 0.00090755 0.000443767 0.000120759 1.36685e-05 7.33326e-07 5.24819e-08 2.16329e-08 7.96921e-08 8.66627e-07 6.59614e-06 1.90868e-05 2.4244e-05 1.88611e-05 1.12694e-05 5.67749e-06 2.41416e-06 7.92894e-07 1.44082e-07 0 
0 2.38146e-05 9.78544e-05 0.000223002 0.000395721 0.000607845 0.000846845 0.00109682 0.00134037 0.00156107 0.001746 0.00188711 0.0019812 0.00202865 0.00203158 0.00199255 0.00191395 0.00179818 0.00164805 0.00146683 0.00125746 0.00102133 0.000759675 0.000484631 0.000239634 8.44169e-05 2.30747e-05 7.22243e-06 4.29433e-06 5.60813e-06 1.09625e-05 1.90868e-05 2.29537e-05 1.94309e-05 1.29125e-05 7.30495e-06 3.61586e-06 1.52917e-06 5.01414e-07 9.10713e-08 0 
0 1.43815e-05 5.91118e-05 0.000134797 0.000239495 0.000368684 0.000515491 0.000671217 0.000826163 0.000970663 0.00109613 0.0011959 0.00126559 0.00130312 0.00130833 0.00128263 0.00122862 0.00114986 0.00105061 0.000935497 0.000808883 0.000674319 0.000534554 0.000393532 0.000260828 0.00015297 8.26731e-05 4.66683e-05 3.18697e-05 2.73564e-05 2.63469e-05 2.4244e-05 1.94309e-05 1.34249e-05 8.18699e-06 4.48429e-06 2.19487e-06 9.248e-07 3.02886e-07 5.4993e-08 0 
0 8.21668e-06 3.3777e-05 7.70432e-05 0.000136948 0.000210994 0.000295397 0.00038538 0.000475579 0.000560539 0.000635219 0.000695431 0.000738146 0.000761634 0.000765465 0.000750394 0.000718185 0.000671391 0.000613092 0.000546604 0.000475159 0.000401634 0.000328458 0.000257915 0.000192843 0.000137021 9.39382e-05 6.44059e-05 4.58541e-05 3.41658e-05 2.58077e-05 1.88611e-05 1.29125e-05 8.18699e-06 4.79843e-06 2.58584e-06 1.25794e-06 5.28886e-07 1.73092e-07 3.14199e-08 0 
0 4.37564e-06 1.79882e-05 4.10337e-05 7.29519e-05 0.000112429 0.000157476 0.000205584 0.000253927 0.000299615 0.000339939 0.000372601 0.000395892 0.00040879 0.000411002 0.000402922 0.000385544 0.000360332 0.000329058 0.000293635 0.000255948 0.000217722 0.000180438 0.000145349 0.000113557 8.60482e-05 6.3532e-05 4.61208e-05 3.31955e-05 2.36963e-05 1.66117e-05 1.12694e-05 7.30495e-06 4.48429e-06 2.58584e-06 1.38342e-06 6.71017e-07 2.81807e-07 9.21922e-08 1.67325e-08 0 
0 2.11791e-06 8.70685e-06 1.98623e-05 3.53144e-05 5.44297e-05 7.62503e-05 9.95662e-05 0.000123015 0.0001452 0.000164806 0.000180711 0.00019207 0.000198377 0.000199477 0.00019556 0.000187119 0.000174877 0.000159717 0.00014259 0.000124439 0.000106131 8.84109e-05 7.18787e-05 5.69912e-05 4.40616e-05 3.32454e-05 2.45201e-05 1.76951e-05 1.24775e-05 8.55982e-06 5.67749e-06 3.61586e-06 2.19487e-06 1.25794e-06 6.71017e-07 3.25053e-07 1.36441e-07 4.46274e-08 8.09909e-09 0 
0 8.88669e-07 3.65339e-06 8.33432e-06 1.48184e-05 2.28402e-05 3.19984e-05 4.17859e-05 5.16319e-05 6.09501e-05 6.91884e-05 7.58745e-05 8.06525e-05 8.3307e-05 8.37727e-05 8.21293e-05 7.85839e-05 7.34435e-05 6.70813e-05 5.99006e-05 5.23014e-05 4.46514e-05 3.72651e-05 3.03917e-05 2.42104e-05 1.88306e-05 1.42956e-05 1.0589e-05 7.64642e-06 5.37335e-06 3.66386e-06 2.41416e-06 1.52917e-06 9.248e-07 5.28886e-07 2.81807e-07 1.36441e-07 5.72583e-08 1.87264e-08 3.3984e-09 0 
0 2.90623e-07 1.19478e-06 2.7256e-06 4.84615e-06 7.46965e-06 1.04649e-05 1.36662e-05 1.68868e-05 1.99351e-05 2.26305e-05 2.48183e-05 2.63821e-05 2.7251e-05 2.74038e-05 2.68664e-05 2.57067e-05 2.40254e-05 2.19449e-05 1.95975e-05 1.71145e-05 1.46164e-05 1.22063e-05 9.96501e-06 7.94967e-06 6.19401e-06 4.71036e-06 3.49306e-06 2.52274e-06 1.77113e-06 1.20562e-06 7.92894e-07 5.01414e-07 3.02886e-07 1.73092e-07 9.21922e-08 4.46274e-08 1.87264e-08 6.12428e-09 1.11139e-09 0 
0 5.27398e-08 2.16818e-07 4.9462e-07 8.79441e-07 1.35554e-06 1.89911e-06 2.48007e-06 3.06456e-06 3.6178e-06 4.107e-06 4.5041e-06 4.78793e-06 4.94568e-06 4.97342e-06 4.8759e-06 4.66544e-06 4.36034e-06 3.98281e-06 3.5569e-06 3.10644e-06 2.65335e-06 2.2163e-06 1.80992e-06 1.4445e-06 1.12605e-06 8.56734e-07 6.35524e-07 4.59001e-07 3.22165e-07 2.19197e-07 1.44082e-07 9.10713e-08 5.4993e-08 3.14199e-08 1.67325e-08 8.09909e-09 3.3984e-09 1.11139e-09 2.01687e-10 0 
0 0 0 0 0 0 0 0 0 0 0 0 0 0 0 0 0 0 0 0 0 0 0 0 0 0 0 0 0 0 0 0 0 0 0 0 0 0 0 0 0 
