0 0 0 0 0 0 0 0 0 0 0 0 0 0 0 0 0 0 0 0 0 0 0 0 0 0 0 0 0 0 0 0 0 0 0 0 0 0 0 0 0 
0 1.35983e-05 5.49373e-05 0.000121214 0.000203602 0.000287926 0.000359121 0.00040733 0.000430989 0.000435168 0.000427604 0.00041548 0.000403996 0.000396252 0.000393652 0.000396325 0.000403389 0.000413045 0.000422627 0.000428753 0.000427726 0.00041625 0.000392353 0.000356178 0.000310229 0.000258817 0.000206877 0.000158688 0.00011706 8.31868e-05 5.69809e-05 3.75805e-05 2.37907e-05 1.43752e-05 8.2152e-06 4.37533e-06 2.11785e-06 8.8866e-07 2.90622e-07 5.27397e-08 0 
0 5.49373e-05 0.000216448 0.000453634 0.000695329 0.000854221 0.000882502 0.000800817 0.000667751 0.000534244 0.000425821 0.000348428 0.000299165 0.000273298 0.000267267 0.000279519 0.000310397 0.000361548 0.000434766 0.000530003 0.000642516 0.000760014 0.000861952 0.000923592 0.000925214 0.000861974 0.000747118 0.000605479 0.000462299 0.000335134 0.000232017 0.000153836 9.7628e-05 5.90544e-05 3.37638e-05 1.79854e-05 8.70635e-06 3.65331e-06 1.19477e-06 2.16817e-07 0 
0 0.000121214 0.000453634 0.000853662 0.00108191 0.00100303 0.00072647 0.000444351 0.000248656 0.000136725 7.83853e-05 4.91094e-05 3.48033e-05 2.85103e-05 2.72331e-05 3.02244e-05 3.8417e-05 5.4648e-05 8.44971e-05 0.000137456 0.000227454 0.000370392 0.000575273 0.00082823 0.0010791 0.00125131 0.00128354 0.00117122 0.000964939 0.000731287 0.000518432 0.00034777 0.000221881 0.00013452 7.69814e-05 4.10213e-05 1.98601e-05 8.33399e-06 2.72557e-06 4.94618e-07 0 
0 0.000203602 0.000695329 0.00108191 0.000995968 0.000596733 0.000260263 9.34484e-05 3.09127e-05 1.03888e-05 3.8579e-06 1.6969e-06 9.31679e-07 6.60065e-07 6.11211e-07 7.34643e-07 1.11849e-06 2.07582e-06 4.47661e-06 1.06418e-05 2.64416e-05 6.531e-05 0.000153271 0.0003284 0.000620101 0.00100097 0.00135192 0.00151958 0.00144249 0.00119133 0.000885024 0.000607549 0.000391696 0.000238521 0.000136735 7.29103e-05 3.53072e-05 1.48174e-05 4.84603e-06 8.79434e-07 0 
0 0.000287926 0.000854221 0.00100303 0.000596733 0.000206899 4.92124e-05 9.38644e-06 1.6529e-06 3.0586e-07 6.68515e-08 1.90616e-08 7.64962e-09 4.53354e-09 4.0407e-09 5.35716e-09 1.01822e-08 2.61923e-08 8.48866e-08 3.20432e-07 1.30231e-06 5.29761e-06 2.02462e-05 6.90113e-05 0.00020118 0.000484101 0.00093203 0.00140469 0.00165751 0.00157696 0.0012698 0.000907877 0.000596264 0.000365914 0.0002104 0.000112315 5.44105e-05 2.28375e-05 7.46936e-06 1.35552e-06 0 
0 0.000359121 0.000882502 0.00072647 0.000260263 4.92124e-05 5.98002e-06 5.60483e-07 4.82644e-08 4.52229e-09 5.39298e-10 9.36421e-11 2.62486e-11 1.26792e-11 1.08152e-11 1.60383e-11 3.92854e-11 1.4679e-10 7.57915e-10 4.85219e-09 3.45587e-08 2.47689e-07 1.63907e-06 9.35272e-06 4.37513e-05 0.000161766 0.000458914 0.000971969 0.00151165 0.00175079 0.00158967 0.00121084 0.000818989 0.000508846 0.00029399 0.000157211 7.62064e-05 3.19922e-05 1.04642e-05 1.89907e-06 0 
0 0.00040733 0.000800817 0.000444351 9.34484e-05 9.38644e-06 5.60483e-07 2.4596e-08 9.83562e-10 4.43831e-11 2.76101e-12 2.8138e-13 5.36344e-14 2.07922e-14 1.69111e-14 2.82711e-14 9.08939e-14 5.06933e-13 4.31474e-12 4.87034e-11 6.33464e-10 8.33571e-09 9.92654e-08 9.79847e-07 7.53152e-06 4.33176e-05 0.000181825 0.000545345 0.00114429 0.0016734 0.00177418 0.00147394 0.00103948 0.000657447 0.000382482 0.000205044 9.94781e-05 4.17737e-05 1.36649e-05 2.47999e-06 0 
0 0.000430989 0.000667751 0.000248656 3.09127e-05 1.6529e-06 4.82644e-08 9.83562e-10 1.80989e-11 3.8987e-13 1.2552e-14 7.45871e-16 9.62005e-17 2.98376e-17 2.31134e-17 4.35921e-17 1.84434e-16 1.54181e-15 2.17527e-14 4.35751e-13 1.04245e-11 2.53723e-10 5.47581e-09 9.40445e-08 1.19096e-06 1.06222e-05 6.52522e-05 0.000272922 0.000766408 0.00142775 0.00180332 0.00166437 0.00123768 0.000801124 0.000470309 0.000252953 0.000122858 5.16105e-05 1.68846e-05 3.06444e-06 0 
0 0.000435168 0.000534244 0.000136725 1.03888e-05 3.0586e-07 4.52229e-09 4.43831e-11 3.8987e-13 4.15153e-15 7.1354e-17 2.5359e-18 2.25802e-19 5.68798e-20 4.21052e-20 8.86097e-20 4.8473e-19 5.94894e-18 1.35756e-16 4.69542e-15 2.0072e-13 8.7787e-12 3.3398e-10 9.72609e-09 1.98145e-07 2.67776e-06 2.34799e-05 0.000133126 0.000486897 0.0011379 0.00171327 0.00177116 0.00139875 0.000930212 0.000551987 0.000298041 0.000144948 6.09161e-05 1.99316e-05 3.6176e-06 0 
0 0.000427604 0.000425821 7.83853e-05 3.8579e-06 6.68515e-08 5.39298e-10 2.76101e-12 1.2552e-14 7.1354e-17 7.01284e-19 1.58584e-20 1.04278e-21 2.27777e-22 1.63888e-22 3.67387e-22 2.42769e-21 4.12487e-20 1.44009e-18 8.09811e-17 5.80535e-15 4.28038e-13 2.69949e-11 1.25912e-09 3.92014e-08 7.67014e-07 9.21345e-06 6.80836e-05 0.00031221 0.000887344 0.00156628 0.00180632 0.00151637 0.00103746 0.000622719 0.00033764 0.00016444 6.91394e-05 2.26255e-05 4.10672e-06 0 
0 0.00041548 0.000348428 4.91094e-05 1.6969e-06 1.90616e-08 9.36421e-11 2.8138e-13 7.45871e-16 2.5359e-18 1.58584e-20 2.5381e-22 1.34268e-23 2.64621e-24 1.86089e-24 4.34747e-24 3.26106e-23 7.01507e-22 3.42338e-20 2.86005e-18 3.13083e-16 3.54142e-14 3.38044e-12 2.32067e-10 1.02343e-08 2.71312e-07 4.21654e-06 3.86255e-05 0.000212189 0.000704641 0.00141671 0.0017952 0.00159247 0.00111873 0.000678844 0.000369547 0.000180226 7.58098e-05 2.48118e-05 4.50373e-06 0 
0 0.000403996 0.000299165 3.48033e-05 9.31679e-07 7.64962e-09 2.62486e-11 5.36344e-14 9.62005e-17 2.25802e-19 1.04278e-21 1.34268e-23 5.79749e-25 9.67671e-26 6.50289e-26 1.65359e-25 1.45077e-24 3.72359e-23 2.26628e-21 2.50224e-19 3.71926e-17 5.73647e-15 7.39596e-13 6.72205e-11 3.81795e-09 1.26225e-07 2.36539e-06 2.53098e-05 0.000158237 0.000587049 0.00129697 0.00176424 0.00163412 0.00117276 0.000718022 0.000392179 0.000191481 8.05742e-05 2.63741e-05 4.78749e-06 0 
0 0.000396252 0.000273298 2.85103e-05 6.60065e-07 4.53354e-09 1.26792e-11 2.07922e-14 2.98376e-17 5.68798e-20 2.27777e-22 2.64622e-24 9.67675e-26 1.33222e-26 8.41829e-27 2.38345e-26 2.44471e-25 7.04798e-24 4.77845e-22 6.12122e-20 1.08201e-17 1.99233e-15 3.0513e-13 3.25793e-11 2.14026e-09 8.03592e-08 1.67751e-06 1.96308e-05 0.000132204 0.000522758 0.00122048 0.00173306 0.00164941 0.00120019 0.000739174 0.000404636 0.000197717 8.32195e-05 2.72422e-05 4.94519e-06 0 
0 0.000393652 0.000267267 2.72331e-05 6.11211e-07 4.0407e-09 1.08152e-11 1.69111e-14 2.31134e-17 4.21052e-20 1.63888e-22 1.8609e-24 6.50293e-26 8.41831e-27 5.18985e-27 1.51545e-26 1.62143e-25 4.79879e-24 3.31775e-22 4.37558e-20 8.02357e-18 1.53544e-15 2.44297e-13 2.70472e-11 1.83689e-09 7.103e-08 1.52078e-06 1.81813e-05 0.000124707 0.000501422 0.00118931 0.00171176 0.00164425 0.00120247 0.000742272 0.000406702 0.000198793 8.36818e-05 2.73946e-05 4.97291e-06 0 
0 0.000396325 0.000279519 3.02244e-05 7.34643e-07 5.35716e-09 1.60383e-11 2.82711e-14 4.35921e-17 8.86097e-20 3.67387e-22 4.34749e-24 1.65359e-25 2.38345e-26 1.51545e-26 4.12532e-26 4.02152e-25 1.11601e-23 7.29488e-22 8.87677e-20 1.47941e-17 2.57035e-15 3.72772e-13 3.78852e-11 2.3836e-09 8.62775e-08 1.74782e-06 1.99767e-05 0.000132203 0.000516767 0.0011995 0.00170119 0.00162084 0.00118108 0.00072811 0.000398781 0.0001949 8.20412e-05 2.68574e-05 4.8754e-06 0 
0 0.000403389 0.000310397 3.8417e-05 1.11849e-06 1.01822e-08 3.92854e-11 9.08939e-14 1.84434e-16 4.8473e-19 2.42769e-21 3.26106e-23 1.45077e-24 2.4447e-25 1.62143e-25 4.02151e-25 3.38728e-24 8.23162e-23 4.64698e-21 4.65815e-19 6.24395e-17 8.70483e-15 1.02094e-12 8.51841e-11 4.48987e-09 1.39357e-07 2.48059e-06 2.55046e-05 0.000154983 0.00056539 0.00124217 0.00169403 0.00157758 0.00113727 0.000698136 0.000381807 0.00018652 7.85036e-05 2.56985e-05 4.66499e-06 0 
0 0.000413045 0.000361548 5.4648e-05 2.07582e-06 2.61923e-08 1.4679e-10 5.06933e-13 1.54181e-15 5.94894e-18 4.12487e-20 7.01507e-22 3.72359e-23 7.04797e-24 4.79878e-24 1.11601e-23 8.23162e-23 1.66382e-21 7.34482e-20 5.45947e-18 5.30107e-16 5.33706e-14 4.56953e-12 2.84418e-10 1.15172e-08 2.84195e-07 4.16937e-06 3.65827e-05 0.000195548 0.000642974 0.00130134 0.00167572 0.00151018 0.00107226 0.000654345 0.000357138 0.000174362 7.33739e-05 2.40182e-05 4.35993e-06 0 
0 0.000422627 0.000434766 8.44971e-05 4.47661e-06 8.48866e-08 7.57915e-10 4.31474e-12 2.17527e-14 1.35756e-16 1.44009e-18 3.42338e-20 2.26628e-21 4.77845e-22 3.31775e-22 7.29488e-22 4.64698e-21 7.34482e-20 2.33608e-18 1.18856e-16 7.70583e-15 5.15744e-13 2.97276e-11 1.27879e-09 3.71064e-08 6.84536e-07 7.85382e-06 5.63028e-05 0.000255593 0.000737222 0.00134983 0.00162597 0.00141331 0.000987644 0.00059919 0.000326429 0.000159288 6.70227e-05 2.19388e-05 3.98246e-06 0 
0 0.000428753 0.000530003 0.000137456 1.06418e-05 3.20432e-07 4.85219e-09 4.87034e-11 4.35751e-13 4.69542e-15 8.09811e-17 2.86005e-18 2.50224e-19 6.12122e-20 4.37558e-20 8.87677e-20 4.65815e-19 5.45947e-18 1.18856e-16 3.92612e-15 1.60642e-13 6.74331e-12 2.46951e-10 6.94279e-09 1.36977e-07 1.80079e-06 1.54894e-05 8.75654e-05 0.000328497 0.000817129 0.0013461 0.00152127 0.00128225 0.000885629 0.000535438 0.000291488 0.000142234 5.98512e-05 1.95923e-05 3.55659e-06 0 
0 0.000427726 0.000642516 0.000227454 2.64416e-05 1.30231e-06 3.45587e-08 6.33464e-10 1.04245e-11 2.0072e-13 5.80535e-15 3.13083e-16 3.71926e-17 1.08201e-17 8.02357e-18 1.47941e-17 6.24395e-17 5.30107e-16 7.70583e-15 1.60642e-13 4.01944e-12 1.02304e-10 2.29706e-09 4.06639e-08 5.24741e-07 4.72511e-06 2.93284e-05 0.000126596 0.000384621 0.000822814 0.00123636 0.00133848 0.00111375 0.00076891 0.000465952 0.000254134 0.000124132 5.2258e-05 1.71098e-05 3.10617e-06 0 
0 0.00041625 0.000760014 0.000370392 6.531e-05 5.29761e-06 2.47689e-07 8.33571e-09 2.53723e-10 8.7787e-12 4.28038e-13 3.54142e-14 5.73647e-15 1.99233e-15 1.53544e-15 2.57035e-15 8.70483e-15 5.33706e-14 5.15744e-13 6.74331e-12 1.02304e-10 1.56029e-09 2.11223e-08 2.29755e-07 1.87217e-06 1.10204e-05 4.68471e-05 0.000147918 0.00035855 0.000674228 0.000969827 0.00105998 0.000906168 0.000640263 0.000393438 0.000216057 0.000105844 4.46101e-05 1.4612e-05 2.65309e-06 0 
0 0.000392353 0.000861952 0.000575273 0.000153271 2.02462e-05 1.63907e-06 9.92654e-08 5.47581e-09 3.3398e-10 2.69949e-11 3.38044e-12 7.39596e-13 3.0513e-13 2.44297e-13 3.72772e-13 1.02094e-12 4.56953e-12 2.97276e-11 2.46951e-10 2.29706e-09 2.11223e-08 1.71663e-07 1.12048e-06 5.45664e-06 1.91222e-05 4.94899e-05 0.000103921 0.00019753 0.000352316 0.000552083 0.000690334 0.000662002 0.000502633 0.00032035 0.000178749 8.81161e-05 3.72227e-05 1.22017e-05 2.21603e-06 0 
0 0.000356178 0.000923592 0.00082823 0.0003284 6.90113e-05 9.35272e-06 9.79847e-07 9.40445e-08 9.72609e-09 1.25912e-09 2.32067e-10 6.72205e-11 3.25793e-11 2.70472e-11 3.78852e-11 8.51841e-11 2.84418e-10 1.27879e-09 6.94279e-09 4.06639e-08 2.29755e-07 1.12048e-06 4.20502e-06 1.08369e-05 1.79076e-05 2.05159e-05 2.18263e-05 3.08874e-05 6.47728e-05 0.000156495 0.000305325 0.000400665 0.0003614 0.000249212 0.000143507 7.15583e-05 3.03462e-05 9.96016e-06 1.80964e-06 0 
0 0.000310229 0.000925214 0.0010791 0.000620101 0.00020118 4.37513e-05 7.53152e-06 1.19096e-06 1.98145e-07 3.92014e-08 1.02343e-08 3.81795e-09 2.14026e-09 1.83689e-09 2.3836e-09 4.48987e-09 1.15172e-08 3.71064e-08 1.36977e-07 5.24741e-07 1.87217e-06 5.45664e-06 1.08369e-05 1.14757e-05 5.25973e-06 1.21017e-06 3.15403e-07 2.79799e-07 1.17671e-06 1.03786e-05 6.50096e-05 0.00017724 0.000229134 0.000183389 0.000111525 5.66425e-05 2.41619e-05 7.94461e-06 1.44422e-06 0 
0 0.000258817 0.000861974 0.00125131 0.00100097 0.000484101 0.000161766 4.33176e-05 1.06222e-05 2.67776e-06 7.67014e-07 2.71312e-07 1.26225e-07 8.03592e-08 7.103e-08 8.62775e-08 1.39357e-07 2.84195e-07 6.84536e-07 1.80079e-06 4.72511e-06 1.10204e-05 1.91222e-05 1.79076e-05 5.25973e-06 2.68528e-07 2.87808e-09 4.51257e-11 1.74751e-11 3.98845e-10 6.33886e-08 4.59442e-06 5.1522e-05 0.000125414 0.000127383 8.39192e-05 4.37014e-05 1.87816e-05 6.18901e-06 1.12578e-06 0 
0 0.000206877 0.000747118 0.00128354 0.00135192 0.00093203 0.000458914 0.000181825 6.52522e-05 2.34799e-05 9.21345e-06 4.21654e-06 2.36539e-06 1.67751e-06 1.52078e-06 1.74782e-06 2.48059e-06 4.16937e-06 7.85382e-06 1.54894e-05 2.93284e-05 4.68471e-05 4.94899e-05 2.05159e-05 1.21017e-06 2.87808e-09 3.241e-13 8.62269e-17 2.31076e-16 2.83365e-15 4.22851e-11 1.2639e-07 1.09286e-05 6.23403e-05 8.51495e-05 6.15119e-05 3.2907e-05 1.42505e-05 4.70585e-06 8.56488e-07 0 
0 0.000158688 0.000605479 0.00117122 0.00151958 0.00140469 0.000971969 0.000545345 0.000272922 0.000133126 6.80836e-05 3.86255e-05 2.53098e-05 1.96308e-05 1.81813e-05 1.99767e-05 2.55046e-05 3.65827e-05 5.63028e-05 8.75654e-05 0.000126596 0.000147918 0.000103921 2.18263e-05 3.15403e-07 4.51257e-11 8.62268e-17 2.16345e-18 3.42268e-18 4.1954e-17 5.1202e-14 4.98564e-09 2.7564e-06 3.29237e-05 5.73009e-05 4.44327e-05 2.42389e-05 1.05521e-05 3.48941e-06 6.35327e-07 0 
0 0.00011706 0.000462299 0.000964939 0.00144249 0.00165751 0.00151165 0.00114429 0.000766408 0.000486897 0.00031221 0.000212189 0.000158237 0.000132204 0.000124707 0.000132203 0.000154983 0.000195548 0.000255593 0.000328497 0.000384621 0.00035855 0.00019753 3.08874e-05 2.79799e-07 1.74751e-11 2.31076e-16 3.4227e-18 2.25971e-18 3.81296e-17 7.46516e-15 1.78459e-09 1.56464e-06 2.22247e-05 4.07066e-05 3.19719e-05 1.74925e-05 7.61992e-06 2.52013e-06 4.5886e-07 0 
0 8.31868e-05 0.000335134 0.000731287 0.00119133 0.00157696 0.00175079 0.0016734 0.00142775 0.0011379 0.000887344 0.000704641 0.000587049 0.000522758 0.000501422 0.000516767 0.00056539 0.000642974 0.000737222 0.000817129 0.000822814 0.000674228 0.000352316 6.47728e-05 1.17671e-06 3.98845e-10 2.83365e-15 4.1954e-17 3.81295e-17 9.84279e-18 4.92603e-13 1.01127e-08 2.40395e-06 2.01363e-05 3.08409e-05 2.29359e-05 1.23521e-05 5.35689e-06 1.7695e-06 3.22077e-07 0 
0 5.69809e-05 0.000232017 0.000518432 0.000885024 0.0012698 0.00158967 0.00177418 0.00180332 0.00171327 0.00156628 0.00141671 0.00129697 0.00122048 0.00118931 0.0011995 0.00124217 0.00130134 0.00134983 0.0013461 0.00123636 0.000969827 0.000552083 0.000156495 1.03786e-05 6.33886e-08 4.22851e-11 5.1202e-14 7.46516e-15 4.92603e-13 5.84315e-10 2.25271e-07 6.18e-06 2.12465e-05 2.39577e-05 1.62111e-05 8.49374e-06 3.65505e-06 1.20473e-06 2.19149e-07 0 
0 3.75805e-05 0.000153836 0.00034777 0.000607549 0.000907877 0.00121084 0.00147394 0.00166437 0.00177116 0.00180632 0.0017952 0.00176424 0.00173306 0.00171176 0.00170119 0.00169403 0.00167572 0.00162597 0.00152127 0.00133848 0.00105998 0.000690334 0.000305325 6.50096e-05 4.59442e-06 1.2639e-07 4.98564e-09 1.78459e-09 1.01127e-08 2.25271e-07 3.22942e-06 1.38542e-05 2.13512e-05 1.80087e-05 1.10919e-05 5.64781e-06 2.4101e-06 7.92475e-07 1.44058e-07 0 
0 2.37907e-05 9.7628e-05 0.000221881 0.000391696 0.000596264 0.000818989 0.00103948 0.00123768 0.00139875 0.00151637 0.00159247 0.00163412 0.00164941 0.00164425 0.00162084 0.00157758 0.00151018 0.00141331 0.00128225 0.00111375 0.000906168 0.000662002 0.000400665 0.00017724 5.1522e-05 1.09286e-05 2.7564e-06 1.56464e-06 2.40395e-06 6.18e-06 1.38542e-05 1.96957e-05 1.82117e-05 1.25926e-05 7.23872e-06 3.60447e-06 1.52756e-06 5.01241e-07 9.10613e-08 0 
0 1.43752e-05 5.90544e-05 0.00013452 0.000238521 0.000365914 0.000508846 0.000657447 0.000801124 0.000930212 0.00103746 0.00111873 0.00117276 0.00120019 0.00120247 0.00118108 0.00113727 0.00107226 0.000987644 0.000885629 0.00076891 0.000640263 0.000502633 0.0003614 0.000229134 0.000125414 6.23403e-05 3.29237e-05 2.22247e-05 2.01363e-05 2.12465e-05 2.13512e-05 1.82117e-05 1.30363e-05 8.08814e-06 4.46334e-06 2.19111e-06 9.24244e-07 3.02824e-07 5.49893e-08 0 
0 8.2152e-06 3.37638e-05 7.69814e-05 0.000136735 0.0002104 0.00029399 0.000382482 0.000470309 0.000551987 0.000622719 0.000678844 0.000718022 0.000739174 0.000742272 0.00072811 0.000698136 0.000654345 0.00059919 0.000535438 0.000465952 0.000393438 0.00032035 0.000249212 0.000183389 0.000127383 8.51495e-05 5.73009e-05 4.07066e-05 3.08409e-05 2.39577e-05 1.80087e-05 1.25926e-05 8.08814e-06 4.77277e-06 2.58016e-06 1.25687e-06 5.2872e-07 1.73073e-07 3.14186e-08 0 
0 4.37533e-06 1.79854e-05 4.10213e-05 7.29103e-05 0.000112315 0.000157211 0.000205044 0.000252953 0.000298041 0.00033764 0.000369547 0.000392179 0.000404636 0.000406702 0.000398781 0.000381807 0.000357138 0.000326429 0.000291488 0.000254134 0.000216057 0.000178749 0.000143507 0.000111525 8.39192e-05 6.15119e-05 4.44327e-05 3.19719e-05 2.29359e-05 1.62111e-05 1.10919e-05 7.23872e-06 4.46334e-06 2.58016e-06 1.3821e-06 6.70755e-07 2.81764e-07 9.2187e-08 1.67322e-08 0 
0 2.11785e-06 8.70635e-06 1.98601e-05 3.53072e-05 5.44105e-05 7.62064e-05 9.94781e-05 0.000122858 0.000144948 0.00016444 0.000180226 0.000191481 0.000197717 0.000198793 0.0001949 0.00018652 0.000174362 0.000159288 0.000142234 0.000124132 0.000105844 8.81161e-05 7.15583e-05 5.66425e-05 4.37014e-05 3.2907e-05 2.42389e-05 1.74925e-05 1.23521e-05 8.49374e-06 5.64781e-06 3.60447e-06 2.19111e-06 1.25687e-06 6.70755e-07 3.24998e-07 1.36432e-07 4.46262e-08 8.09901e-09 0 
0 8.8866e-07 3.65331e-06 8.33399e-06 1.48174e-05 2.28375e-05 3.19922e-05 4.17737e-05 5.16105e-05 6.09161e-05 6.91394e-05 7.58098e-05 8.05742e-05 8.32195e-05 8.36818e-05 8.20412e-05 7.85036e-05 7.33739e-05 6.70227e-05 5.98512e-05 5.2258e-05 4.46101e-05 3.72227e-05 3.03462e-05 2.41619e-05 1.87816e-05 1.42505e-05 1.05521e-05 7.61992e-06 5.35689e-06 3.65505e-06 2.4101e-06 1.52756e-06 9.24244e-07 5.2872e-07 2.81764e-07 1.36432e-07 5.72566e-08 1.87262e-08 3.39839e-09 0 
0 2.90622e-07 1.19477e-06 2.72557e-06 4.84603e-06 7.46936e-06 1.04642e-05 1.36649e-05 1.68846e-05 1.99316e-05 2.26255e-05 2.48118e-05 2.63741e-05 2.72422e-05 2.73946e-05 2.68574e-05 2.56985e-05 2.40182e-05 2.19388e-05 1.95923e-05 1.71098e-05 1.4612e-05 1.22017e-05 9.96016e-06 7.94461e-06 6.18901e-06 4.70585e-06 3.48941e-06 2.52013e-06 1.7695e-06 1.20473e-06 7.92475e-07 5.01241e-07 3.02824e-07 1.73073e-07 9.2187e-08 4.46262e-08 1.87262e-08 6.12424e-09 1.11139e-09 0 
0 5.27397e-08 2.16817e-07 4.94618e-07 8.79434e-07 1.35552e-06 1.89907e-06 2.47999e-06 3.06444e-06 3.6176e-06 4.10672e-06 4.50373e-06 4.78749e-06 4.94519e-06 4.97291e-06 4.8754e-06 4.66499e-06 4.35993e-06 3.98246e-06 3.55659e-06 3.10617e-06 2.65309e-06 2.21603e-06 1.80964e-06 1.44422e-06 1.12578e-06 8.56488e-07 6.35327e-07 4.5886e-07 3.22077e-07 2.19149e-07 1.44058e-07 9.10613e-08 5.49893e-08 3.14186e-08 1.67322e-08 8.09901e-09 3.39839e-09 1.11139e-09 2.01687e-10 0 
0 0 0 0 0 0 0 0 0 0 0 0 0 0 0 0 0 0 0 0 0 0 0 0 0 0 0 0 0 0 0 0 0 0 0 0 0 0 0 0 0 
