0 0 0 0 0 0 0 0 0 0 0 0 0 0 0 0 0 0 0 0 0 0 0 0 0 0 0 0 0 0 0 0 0 0 0 0 0 0 0 0 0 
0 1.33217e-05 5.25148e-05 0.000110918 0.000174302 0.000225854 0.000254784 0.000260569 0.000249921 0.000231271 0.000211279 0.000193989 0.000181361 0.000174091 0.000172249 0.000175625 0.000183825 0.000196205 0.00021169 0.000228579 0.000244437 0.000256232 0.000260784 0.000255544 0.000239452 0.000213512 0.000180691 0.000145091 0.000110732 8.05465e-05 5.59911e-05 3.72464e-05 2.36889e-05 1.43473e-05 8.20828e-06 4.3738e-06 2.11756e-06 8.88613e-07 2.90616e-07 5.27393e-08 0 
0 5.25148e-05 0.000195015 0.000366579 0.000475798 0.000472751 0.000387129 0.000279796 0.000189635 0.000126773 8.70906e-05 6.35034e-05 5.03292e-05 4.40059e-05 4.27016e-05 4.58653e-05 5.39785e-05 6.84921e-05 9.18172e-05 0.000127137 0.000177682 0.000245091 0.000326816 0.000413488 0.000488455 0.000531969 0.000529877 0.000481692 0.000401239 0.000308917 0.000222134 0.000150534 9.66428e-05 5.87908e-05 3.37006e-05 1.79719e-05 8.70383e-06 3.65292e-06 1.19472e-06 2.16814e-07 0 
0 0.000110918 0.000366579 0.000549091 0.000499445 0.000313943 0.000153708 6.51749e-05 2.6138e-05 1.06908e-05 4.76216e-06 2.44084e-06 1.50088e-06 1.13672e-06 1.07088e-06 1.24717e-06 1.75945e-06 2.91321e-06 5.44364e-06 1.09976e-05 2.30132e-05 4.79318e-05 9.59647e-05 0.000179353 0.000305276 0.000463186 0.000615162 0.000706567 0.000700916 0.000607459 0.000469597 0.000331228 0.000216978 0.000133232 7.668e-05 4.09587e-05 1.98488e-05 8.33226e-06 2.72537e-06 4.94605e-07 0 
0 0.000174302 0.000475798 0.000499445 0.000273123 9.36148e-05 2.36041e-05 4.99624e-06 9.99471e-07 2.11408e-07 5.24371e-08 1.66642e-08 7.25982e-09 4.52367e-09 4.09422e-09 5.32365e-09 9.60955e-09 2.28397e-08 6.69508e-08 2.25336e-07 8.10766e-07 2.91967e-06 9.94758e-06 3.06771e-05 8.29023e-05 0.000191789 0.000372553 0.000596467 0.000776074 0.000821438 0.00072338 0.000549932 0.000374345 0.000233987 0.000135692 7.26984e-05 3.52697e-05 1.48118e-05 4.8454e-06 8.79396e-07 0 
0 0.000225854 0.000472751 0.000313943 9.36148e-05 1.57578e-05 1.79504e-06 1.6288e-07 1.38613e-08 1.30138e-09 1.56891e-10 2.76687e-11 7.88444e-12 3.86336e-12 3.32821e-12 4.95662e-12 1.21204e-11 4.4966e-11 2.29545e-10 1.44903e-09 1.01657e-08 7.18035e-08 4.69235e-07 2.65553e-06 1.24287e-05 4.6807e-05 0.000139827 0.000327839 0.000594756 0.000824699 0.00088154 0.000755431 0.000548255 0.00035322 0.000207497 0.000111735 5.43098e-05 2.28229e-05 7.46774e-06 1.35543e-06 0 
0 0.000254784 0.000387129 0.000153708 2.36041e-05 1.79504e-06 8.28999e-08 2.85917e-09 9.16433e-11 3.40346e-12 1.80113e-13 1.6223e-14 2.8481e-15 1.06077e-15 8.63724e-16 1.50167e-15 5.19162e-15 3.20075e-14 3.07648e-13 3.98043e-12 5.98521e-11 9.12799e-10 1.2561e-08 1.42243e-07 1.24287e-06 8.07591e-06 3.85092e-05 0.000134888 0.000347332 0.000651539 0.000884804 0.000892231 0.000710755 0.000479323 0.000287206 0.000155866 7.59763e-05 3.19594e-05 1.04607e-05 1.89886e-06 0 
0 0.000260569 0.000279796 6.51749e-05 4.99624e-06 1.6288e-07 2.85917e-09 3.49816e-11 3.94214e-13 5.42773e-15 1.19043e-16 5.23236e-18 5.59376e-19 1.65421e-19 1.29562e-19 2.51158e-19 1.2042e-18 1.26798e-17 2.39762e-16 6.68354e-15 2.27157e-13 7.89599e-12 2.41279e-10 5.74989e-09 9.81956e-08 1.14413e-06 8.94439e-06 4.73007e-05 0.000172337 0.000436488 0.00076405 0.00093172 0.000835395 0.000598964 0.000368819 0.000202337 9.90197e-05 4.17091e-05 1.3658e-05 2.47959e-06 0 
0 0.000249921 0.000189635 2.6138e-05 9.99471e-07 1.38613e-08 9.16433e-11 3.94214e-13 1.54877e-15 7.84489e-18 7.42225e-20 3.11322e-21 7.63742e-22 3.99288e-22 3.45206e-22 4.74309e-22 1.08165e-21 6.29296e-21 1.70931e-19 1.01612e-17 7.8556e-16 6.2644e-14 4.2793e-12 2.16113e-10 7.26622e-09 1.5289e-07 1.96929e-06 1.57019e-05 7.99932e-05 0.00026842 0.000598584 0.000887286 0.000908173 0.000700535 0.000446191 0.00024815 0.000122049 5.14975e-05 1.68727e-05 3.06375e-06 0 
0 0.000231271 0.000126773 1.06908e-05 2.11408e-07 1.30138e-09 3.40346e-12 5.42773e-15 7.84489e-18 1.66245e-20 2.00215e-22 2.29008e-23 1.09845e-23 8.50907e-24 7.88605e-24 8.55747e-24 1.14667e-23 3.15367e-23 3.26671e-22 2.15699e-20 3.51977e-18 6.17171e-16 9.04723e-14 9.3231e-12 5.96829e-10 2.20446e-08 4.57014e-07 5.38246e-06 3.75016e-05 0.000162266 0.000448952 0.000797656 0.000932027 0.000777361 0.000514142 0.000290427 0.000143666 6.07383e-05 1.9913e-05 3.61654e-06 0 
0 0.000211279 8.70906e-05 4.76216e-06 5.24371e-08 1.56891e-10 1.80113e-13 1.19043e-16 7.42225e-20 2.00215e-22 4.57541e-24 8.29798e-25 5.53796e-25 5.24368e-25 5.05564e-25 4.83021e-25 4.8738e-25 8.00788e-25 4.13608e-24 1.42782e-22 2.89801e-20 1.00387e-17 2.89838e-15 5.62568e-13 6.38091e-11 3.88737e-09 1.23133e-07 2.05282e-06 1.88675e-05 0.000101714 0.000337521 0.000700027 0.000921887 0.000828803 0.00056927 0.00032675 0.000162603 6.88854e-05 2.25991e-05 4.10522e-06 0 
0 0.000193989 6.35034e-05 2.44084e-06 1.66642e-08 2.76687e-11 1.6223e-14 5.23236e-18 3.11322e-21 2.29008e-23 8.29799e-25 1.045e-25 5.51849e-26 5.40948e-26 5.29253e-26 4.73236e-26 4.15698e-26 5.6077e-26 2.66259e-25 6.37167e-24 7.15779e-22 3.45328e-19 1.7291e-16 5.6274e-14 1.01825e-11 9.33684e-10 4.1833e-08 9.27046e-07 1.06849e-05 6.87795e-05 0.000263391 0.000616923 0.000895725 0.000858841 0.00061014 0.000355368 0.000177827 7.54787e-05 2.47774e-05 4.5018e-06 0 
0 0.000181361 5.03292e-05 1.50088e-06 7.25982e-09 7.88444e-12 2.8481e-15 5.59376e-19 7.63743e-22 1.09845e-23 5.53798e-25 5.51851e-26 1.19369e-26 7.65867e-27 7.00369e-27 6.02783e-27 5.31261e-27 9.75262e-27 6.79922e-26 1.30084e-24 8.4694e-23 3.08752e-20 2.24818e-17 1.0623e-14 2.69236e-12 3.31629e-10 1.90882e-08 5.19675e-07 7.05436e-06 5.15756e-05 0.000218542 0.000557449 0.00086812 0.00087339 0.000636861 0.000375243 0.000188606 8.01773e-05 2.6333e-05 4.78519e-06 0 
0 0.000174091 4.40059e-05 1.13672e-06 4.52367e-09 3.86336e-12 1.06077e-15 1.65421e-19 3.99289e-22 8.50909e-24 5.2437e-25 5.4095e-26 7.6587e-27 1.94472e-27 1.14139e-27 9.32403e-28 1.15918e-27 4.55198e-27 4.01639e-26 6.70348e-25 3.2153e-23 8.13097e-21 7.02898e-18 4.10333e-15 1.25911e-12 1.83382e-10 1.21697e-08 3.72442e-07 5.54849e-06 4.35998e-05 0.000195551 0.000523219 0.000848113 0.000877859 0.000650359 0.000385961 0.000194537 8.27803e-05 2.71967e-05 4.94264e-06 0 
0 0.000172249 4.27016e-05 1.07088e-06 4.09422e-09 3.32821e-12 8.63724e-16 1.29562e-19 3.45206e-22 7.88606e-24 5.05566e-25 5.29255e-26 7.00372e-27 1.14139e-27 3.14439e-28 2.31541e-28 6.10707e-28 3.8047e-27 3.55182e-26 5.78644e-25 2.62111e-23 6.14611e-21 5.47008e-18 3.33709e-15 1.06578e-12 1.6078e-10 1.09938e-08 3.44837e-07 5.23844e-06 4.1789e-05 0.000189696 0.000512992 0.000839673 0.000875693 0.000651689 0.00038759 0.000195532 8.3231e-05 2.73479e-05 4.9703e-06 0 
0 0.000175625 4.58653e-05 1.24717e-06 5.32365e-09 4.95662e-12 1.50167e-15 2.51158e-19 4.74309e-22 8.55749e-24 4.83023e-25 4.73238e-26 6.02786e-27 9.32406e-28 2.31541e-28 1.96672e-28 6.53089e-28 4.27381e-27 4.21135e-26 7.66306e-25 4.20872e-23 1.25574e-20 1.03066e-17 5.58618e-15 1.60345e-12 2.2033e-10 1.39184e-08 4.09033e-07 5.89941e-06 4.52068e-05 0.000198928 0.000524819 0.000842734 0.000867873 0.000641637 0.000380551 0.000191787 8.16102e-05 2.68127e-05 4.87289e-06 0 
0 0.000183825 5.39785e-05 1.75945e-06 9.60955e-09 1.21204e-11 5.19162e-15 1.2042e-18 1.08166e-21 1.14667e-23 4.87381e-25 4.157e-26 5.31262e-27 1.15918e-27 6.10704e-28 6.53087e-28 1.40566e-27 7.21768e-27 7.62265e-26 1.81095e-24 1.51408e-22 6.72474e-20 4.32844e-17 1.79792e-14 4.0585e-12 4.51895e-10 2.38786e-08 6.05909e-07 7.7753e-06 5.4424e-05 0.000223193 0.000556208 0.000853777 0.00085307 0.000620633 0.000365535 0.000183741 7.8118e-05 2.56584e-05 4.66273e-06 0 
0 0.000196205 6.84921e-05 2.91321e-06 2.28397e-08 4.4966e-11 3.20075e-14 1.26798e-17 6.29296e-21 3.15368e-23 8.0079e-25 5.60771e-26 9.75261e-27 4.55196e-27 3.80468e-27 4.27379e-27 7.21766e-27 2.68484e-26 2.97994e-25 1.11159e-23 1.766e-21 8.33776e-19 3.56833e-16 1.00208e-13 1.58808e-11 1.29708e-09 5.26816e-08 1.07673e-06 1.16333e-05 7.12546e-05 0.00026324 0.00060271 0.000865822 0.000828205 0.000588948 0.000343487 0.000172029 7.30492e-05 2.39843e-05 4.35801e-06 0 
0 0.00021169 9.18172e-05 5.44364e-06 6.69508e-08 2.29545e-10 3.07648e-13 2.39762e-16 1.70931e-19 3.26671e-22 4.13608e-24 2.66259e-25 6.7992e-26 4.01637e-26 3.55181e-26 4.21134e-26 7.62263e-26 2.97993e-25 4.17994e-24 2.70424e-22 6.34188e-20 1.94453e-17 4.93419e-15 8.49343e-13 8.64326e-11 4.78667e-09 1.3974e-07 2.17709e-06 1.89573e-05 9.81993e-05 0.000318066 0.000655022 0.00086823 0.000789311 0.000547003 0.000315587 0.000157432 6.67629e-05 2.19115e-05 3.9809e-06 0 
0 0.000228579 0.000127137 1.09976e-05 2.25336e-07 1.44903e-09 3.98043e-12 6.68354e-15 1.01612e-17 2.15699e-20 1.42782e-22 6.37167e-24 1.30084e-24 6.70347e-25 5.78642e-25 7.66305e-25 1.81095e-24 1.11159e-23 2.70424e-22 2.59457e-20 4.12228e-18 6.88624e-16 9.62873e-14 9.48111e-12 5.81075e-10 2.05939e-08 4.10953e-07 4.68193e-06 3.18078e-05 0.000135969 0.000379245 0.000694876 0.000846975 0.000732573 0.000495672 0.000283231 0.000140813 5.96508e-05 1.9571e-05 3.55537e-06 0 
0 0.000244437 0.000177682 2.30132e-05 8.10766e-07 1.01657e-08 5.98521e-11 2.27157e-13 7.8556e-16 3.51977e-18 2.89801e-20 7.15779e-22 8.4694e-23 3.2153e-23 2.62111e-23 4.20872e-23 1.51408e-22 1.766e-21 6.34188e-20 4.12228e-18 3.47051e-16 3.01282e-14 2.22654e-12 1.20202e-10 4.24937e-09 9.2301e-08 1.20856e-06 9.72908e-06 5.03476e-05 0.000175391 0.000420583 0.000691446 0.00078613 0.000655327 0.00043642 0.000247954 0.000123058 5.21049e-05 1.70934e-05 3.10522e-06 0 
0 0.000256232 0.000245091 4.79318e-05 2.91967e-06 7.18035e-08 9.12799e-10 7.89599e-12 6.2644e-14 6.17171e-16 1.00387e-17 3.45328e-19 3.08752e-20 8.13097e-21 6.14611e-21 1.25574e-20 6.72474e-20 8.33776e-19 1.94453e-17 6.88624e-16 3.01282e-14 1.34394e-12 5.16707e-11 1.49368e-09 2.93954e-08 3.72575e-07 3.02535e-06 1.64045e-05 6.32835e-05 0.000181783 0.000389462 0.000604368 0.000671407 0.000556827 0.000371249 0.000211331 0.000105011 4.44901e-05 1.4599e-05 2.65233e-06 0 
0 0.000260784 0.000326816 9.59647e-05 9.94758e-06 4.69235e-07 1.2561e-08 2.41279e-10 4.2793e-12 9.04723e-14 2.89838e-15 1.7291e-16 2.24818e-17 7.02898e-18 5.47008e-18 1.03066e-17 4.32844e-17 3.56833e-16 4.93419e-15 9.62873e-14 2.22654e-12 5.16707e-11 1.03491e-09 1.56812e-08 1.61738e-07 1.0711e-06 4.66575e-06 1.50671e-05 4.19688e-05 0.000107875 0.0002401 0.000409833 0.000498242 0.000439197 0.000302625 0.000174876 8.7425e-05 3.71226e-05 1.21909e-05 2.21539e-06 0 
0 0.000255544 0.000413488 0.000179353 3.06771e-05 2.65553e-06 1.42243e-07 5.74989e-09 2.16113e-10 9.3231e-12 5.62568e-13 5.6274e-14 1.0623e-14 4.10333e-15 3.33709e-15 5.58618e-15 1.79792e-14 1.00208e-13 8.49343e-13 9.48111e-12 1.20202e-10 1.49368e-09 1.56812e-08 1.18823e-07 5.52618e-07 1.41593e-06 2.17294e-06 2.89626e-06 5.38179e-06 1.63188e-05 5.95144e-05 0.00016789 0.000289856 0.000310094 0.0002337 0.000140026 7.0935e-05 3.02564e-05 9.95049e-06 1.80908e-06 0 
0 0.000239452 0.000488455 0.000305276 8.29023e-05 1.24287e-05 1.24287e-06 9.81956e-08 7.26622e-09 5.96829e-10 6.38091e-11 1.01825e-11 2.69236e-12 1.25911e-12 1.06578e-12 1.60345e-12 4.0585e-12 1.58808e-11 8.64326e-11 5.81075e-10 4.24937e-09 2.93954e-08 1.61738e-07 5.52618e-07 8.3243e-07 4.08989e-07 7.78341e-08 1.64451e-08 1.62524e-08 1.17669e-07 2.19775e-06 2.65971e-05 0.000112773 0.000187 0.000168945 0.000108189 5.60487e-05 2.40776e-05 7.93571e-06 1.44371e-06 0 
0 0.000213512 0.000531969 0.000463186 0.000191789 4.6807e-05 8.07591e-06 1.14413e-06 1.5289e-07 2.20446e-08 3.88737e-09 9.33684e-10 3.31629e-10 1.83382e-10 1.6078e-10 2.2033e-10 4.51895e-10 1.29708e-09 4.78667e-09 2.05939e-08 9.2301e-08 3.72575e-07 1.0711e-06 1.41593e-06 4.08989e-07 1.1622e-08 4.12862e-11 2.21391e-13 6.91174e-14 4.74547e-12 3.61803e-09 1.00199e-06 2.5566e-05 9.38234e-05 0.000114111 8.07235e-05 4.31378e-05 1.87033e-05 6.18091e-06 1.12532e-06 0 
0 0.000180691 0.000529877 0.000615162 0.000372553 0.000139827 3.85092e-05 8.94439e-06 1.96929e-06 4.57014e-07 1.23133e-07 4.1833e-08 1.90882e-08 1.21697e-08 1.09938e-08 1.39184e-08 2.38786e-08 5.26816e-08 1.3974e-07 4.10953e-07 1.20856e-06 3.02535e-06 4.66575e-06 2.17294e-06 7.78341e-08 4.12862e-11 4.38141e-16 2.39907e-15 2.35547e-15 5.59912e-16 3.36834e-13 1.09866e-08 3.84858e-06 4.17749e-05 7.38446e-05 5.86365e-05 3.24032e-05 1.41819e-05 4.69889e-06 8.56105e-07 0 
0 0.000145091 0.000481692 0.000706567 0.000596467 0.000327839 0.000134888 4.73007e-05 1.57019e-05 5.38246e-06 2.05282e-06 9.27046e-07 5.19675e-07 3.72442e-07 3.44837e-07 4.09033e-07 6.05909e-07 1.07673e-06 2.17709e-06 4.68193e-06 9.72908e-06 1.64045e-05 1.50671e-05 2.89626e-06 1.64451e-08 2.21391e-13 2.39907e-15 2.86828e-16 2.14701e-16 4.68794e-17 1.75392e-16 1.87951e-10 7.20678e-07 2.01822e-05 4.85173e-05 4.20995e-05 2.38323e-05 1.04975e-05 3.48395e-06 6.3503e-07 0 
0 0.000110732 0.000401239 0.000700916 0.000776074 0.000594756 0.000347332 0.000172337 7.99932e-05 3.75016e-05 1.88675e-05 1.06849e-05 7.05436e-06 5.54849e-06 5.23844e-06 5.89941e-06 7.7753e-06 1.16333e-05 1.89573e-05 3.18078e-05 5.03476e-05 6.32835e-05 4.19688e-05 5.38179e-06 1.62524e-08 6.91174e-14 2.35547e-15 2.14701e-16 6.56147e-17 1.63163e-16 5.79144e-15 5.49294e-11 3.83793e-07 1.34309e-05 3.44092e-05 3.03022e-05 1.72039e-05 7.58147e-06 2.51631e-06 4.58653e-07 0 
0 8.05465e-05 0.000308917 0.000607459 0.000821438 0.000824699 0.000651539 0.000436488 0.00026842 0.000162266 0.000101714 6.87795e-05 5.15756e-05 4.35998e-05 4.1789e-05 4.52068e-05 5.4424e-05 7.12546e-05 9.81993e-05 0.000135969 0.000175391 0.000181783 0.000107875 1.63188e-05 1.17669e-07 4.74547e-12 5.59912e-16 4.68794e-17 1.63162e-16 7.87548e-17 1.42329e-15 5.74691e-10 7.40971e-07 1.31334e-05 2.67069e-05 2.18989e-05 1.2175e-05 5.33327e-06 1.76714e-06 3.21948e-07 0 
0 5.59911e-05 0.000222134 0.000469597 0.00072338 0.00088154 0.000884804 0.00076405 0.000598584 0.000448952 0.000337521 0.000263391 0.000218542 0.000195551 0.000189696 0.000198928 0.000223193 0.00026324 0.000318066 0.000379245 0.000420583 0.000389462 0.0002401 5.95144e-05 2.19775e-06 3.61803e-09 3.36834e-13 1.75392e-16 5.79144e-15 1.42329e-15 1.47944e-11 3.48656e-08 2.79045e-06 1.5742e-05 2.15833e-05 1.56613e-05 8.4006e-06 3.64249e-06 1.20346e-06 2.19078e-07 0 
0 3.72464e-05 0.000150534 0.000331228 0.000549932 0.000755431 0.000892231 0.00093172 0.000887286 0.000797656 0.000700027 0.000616923 0.000557449 0.000523219 0.000512992 0.000524819 0.000556208 0.00060271 0.000655022 0.000694876 0.000691446 0.000604368 0.000409833 0.00016789 2.65971e-05 1.00199e-06 1.09866e-08 1.87951e-10 5.49294e-11 5.74691e-10 3.48656e-08 1.20137e-06 8.88025e-06 1.78839e-05 1.68777e-05 1.08462e-05 5.60599e-06 2.40433e-06 7.91876e-07 1.44024e-07 0 
0 2.36889e-05 9.66428e-05 0.000216978 0.000374345 0.000548255 0.000710755 0.000835395 0.000908173 0.000932027 0.000921887 0.000895725 0.00086812 0.000848113 0.000839673 0.000842734 0.000853777 0.000865822 0.00086823 0.000846975 0.00078613 0.000671407 0.000498242 0.000289856 0.000112773 2.5566e-05 3.84858e-06 7.20678e-07 3.83793e-07 7.40971e-07 2.79045e-06 8.88025e-06 1.59161e-05 1.66351e-05 1.21568e-05 7.14636e-06 3.5884e-06 1.52527e-06 5.00996e-07 9.1047e-08 0 
0 1.43473e-05 5.87908e-05 0.000133232 0.000233987 0.00035322 0.000479323 0.000598964 0.000700535 0.000777361 0.000828803 0.000858841 0.00087339 0.000877859 0.000875693 0.000867873 0.00085307 0.000828205 0.000789311 0.000732573 0.000655327 0.000556827 0.000439197 0.000310094 0.000187 9.38234e-05 4.17749e-05 2.01822e-05 1.34309e-05 1.31334e-05 1.5742e-05 1.78839e-05 1.66351e-05 1.25106e-05 7.9512e-06 4.43395e-06 2.18581e-06 9.23457e-07 3.02736e-07 5.4984e-08 0 
0 8.20828e-06 3.37006e-05 7.668e-05 0.000135692 0.000207497 0.000287206 0.000368819 0.000446191 0.000514142 0.00056927 0.00061014 0.000636861 0.000650359 0.000651689 0.000641637 0.000620633 0.000588948 0.000547003 0.000495672 0.00043642 0.000371249 0.000302625 0.0002337 0.000168945 0.000114111 7.38446e-05 4.85173e-05 3.44092e-05 2.67069e-05 2.15833e-05 1.68777e-05 1.21568e-05 7.9512e-06 4.73687e-06 2.57217e-06 1.25536e-06 5.28485e-07 1.73046e-07 3.14169e-08 0 
0 4.3738e-06 1.79719e-05 4.09587e-05 7.26984e-05 0.000111735 0.000155866 0.000202337 0.00024815 0.000290427 0.00032675 0.000355368 0.000375243 0.000385961 0.00038759 0.000380551 0.000365535 0.000343487 0.000315587 0.000283231 0.000247954 0.000211331 0.000174876 0.000140026 0.000108189 8.07235e-05 5.86365e-05 4.20995e-05 3.03022e-05 2.18989e-05 1.56613e-05 1.08462e-05 7.14636e-06 4.43395e-06 2.57217e-06 1.38023e-06 6.70385e-07 2.81704e-07 9.21797e-08 1.67317e-08 0 
0 2.11756e-06 8.70383e-06 1.98488e-05 3.52697e-05 5.43098e-05 7.59763e-05 9.90197e-05 0.000122049 0.000143666 0.000162603 0.000177827 0.000188606 0.000194537 0.000195532 0.000191787 0.000183741 0.000172029 0.000157432 0.000140813 0.000123058 0.000105011 8.7425e-05 7.0935e-05 5.60487e-05 4.31378e-05 3.24032e-05 2.38323e-05 1.72039e-05 1.2175e-05 8.4006e-06 5.60599e-06 3.5884e-06 2.18581e-06 1.25536e-06 6.70385e-07 3.24921e-07 1.36418e-07 4.46245e-08 8.0989e-09 0 
0 8.88613e-07 3.65292e-06 8.33226e-06 1.48118e-05 2.28229e-05 3.19594e-05 4.17091e-05 5.14975e-05 6.07383e-05 6.88854e-05 7.54787e-05 8.01773e-05 8.27803e-05 8.3231e-05 8.16102e-05 7.8118e-05 7.30492e-05 6.67629e-05 5.96508e-05 5.21049e-05 4.44901e-05 3.71226e-05 3.02564e-05 2.40776e-05 1.87033e-05 1.41819e-05 1.04975e-05 7.58147e-06 5.33327e-06 3.64249e-06 2.40433e-06 1.52527e-06 9.23457e-07 5.28485e-07 2.81704e-07 1.36418e-07 5.72542e-08 1.87259e-08 3.39836e-09 0 
0 2.90616e-07 1.19472e-06 2.72537e-06 4.8454e-06 7.46774e-06 1.04607e-05 1.3658e-05 1.68727e-05 1.9913e-05 2.25991e-05 2.47774e-05 2.6333e-05 2.71967e-05 2.73479e-05 2.68127e-05 2.56584e-05 2.39843e-05 2.19115e-05 1.9571e-05 1.70934e-05 1.4599e-05 1.21909e-05 9.95049e-06 7.93571e-06 6.18091e-06 4.69889e-06 3.48395e-06 2.51631e-06 1.76714e-06 1.20346e-06 7.91876e-07 5.00996e-07 3.02736e-07 1.73046e-07 9.21797e-08 4.46245e-08 1.87259e-08 6.1242e-09 1.11139e-09 0 
0 5.27393e-08 2.16814e-07 4.94605e-07 8.79396e-07 1.35543e-06 1.89886e-06 2.47959e-06 3.06375e-06 3.61654e-06 4.10522e-06 4.5018e-06 4.78519e-06 4.94264e-06 4.9703e-06 4.87289e-06 4.66273e-06 4.35801e-06 3.9809e-06 3.55537e-06 3.10522e-06 2.65233e-06 2.21539e-06 1.80908e-06 1.44371e-06 1.12532e-06 8.56105e-07 6.3503e-07 4.58653e-07 3.21948e-07 2.19078e-07 1.44024e-07 9.1047e-08 5.4984e-08 3.14169e-08 1.67317e-08 8.0989e-09 3.39836e-09 1.11139e-09 2.01686e-10 0 
0 0 0 0 0 0 0 0 0 0 0 0 0 0 0 0 0 0 0 0 0 0 0 0 0 0 0 0 0 0 0 0 0 0 0 0 0 0 0 0 0 
