0 0 0 0 0 0 0 0 0 0 0 0 0 0 0 0 0 0 0 0 0 0 0 0 0 0 0 0 0 0 0 0 0 0 0 0 0 0 0 0 0 
0 1.37817e-05 5.66082e-05 0.000128907 0.000228423 0.000350024 0.000485864 0.000626145 0.00076054 0.000879968 0.000978047 0.00105162 0.00110025 0.00112519 0.00112821 0.00111092 0.00107457 0.00102027 0.000949513 0.000864659 0.000769196 0.000667609 0.000564876 0.000465781 0.000374267 0.00029306 0.000223583 0.000166114 0.000120068 8.42987e-05 5.73564e-05 3.76966e-05 2.38235e-05 1.43837e-05 8.2172e-06 4.37575e-06 2.11793e-06 8.88673e-07 2.90623e-07 5.27398e-08 0 
0 5.66082e-05 0.000232221 0.000527327 0.000929164 0.00140926 0.0019236 0.00241869 0.00284438 0.00316845 0.00338417 0.00350684 0.00356269 0.00357736 0.00356846 0.00354268 0.0034963 0.00341795 0.00329304 0.00310935 0.00286255 0.00255949 0.00221768 0.00186093 0.00151325 0.00119386 0.000914855 0.000681344 0.000493088 0.000346398 0.000235751 0.000154962 9.79377e-05 5.91322e-05 3.37815e-05 1.79891e-05 8.70701e-06 3.65342e-06 1.19478e-06 2.16818e-07 0 
0 0.000128907 0.000527327 0.00118978 0.00206863 0.00306055 0.00400946 0.00474709 0.00516368 0.00525794 0.00512257 0.00488412 0.00464981 0.00448709 0.00442717 0.00447492 0.00461497 0.00481243 0.00501199 0.00514204 0.00512948 0.00492393 0.00451956 0.00395906 0.00331553 0.00266468 0.00206403 0.00154613 0.00112219 0.00078942 0.000537587 0.000353452 0.000223409 0.000134893 7.70642e-05 4.10378e-05 1.9863e-05 8.33442e-06 2.72561e-06 4.94621e-07 0 
0 0.000228423 0.000929164 0.00206863 0.00349623 0.00490514 0.00589017 0.00615881 0.00573764 0.00492785 0.00406557 0.00335506 0.00286421 0.00258968 0.00251068 0.00261403 0.00289912 0.00337 0.00401583 0.00478147 0.00554195 0.00611093 0.00630688 0.00604787 0.00539703 0.00451734 0.00358299 0.00271823 0.00198534 0.00140067 0.000955042 0.000628243 0.000397177 0.000239832 0.000137019 7.29656e-05 3.53167e-05 1.48187e-05 4.84618e-06 8.79443e-07 0 
0 0.000350024 0.00140926 0.00306055 0.00490514 0.00623703 0.00640955 0.00543147 0.00396128 0.00264616 0.00173151 0.00117815 0.000872959 0.000726282 0.000688744 0.000744737 0.000906624 0.00121367 0.00173045 0.0025309 0.00364698 0.00497831 0.00622834 0.00699379 0.00701362 0.00634318 0.00526933 0.00409881 0.00303092 0.00215044 0.0014698 0.000967795 0.000612069 0.000369643 0.000211192 0.000112466 5.44359e-05 2.28411e-05 7.46975e-06 1.35555e-06 0 
0 0.000485864 0.0019236 0.00400946 0.00589017 0.00640955 0.00522529 0.00331793 0.00177318 0.00087694 0.000439272 0.000240261 0.000151849 0.000115092 0.000106466 0.000120073 0.000162189 0.000254246 0.000443597 0.000820609 0.00152754 0.00271324 0.00437388 0.00614664 0.00737019 0.00756269 0.0067977 0.00552431 0.00417541 0.00299219 0.00205377 0.00135457 0.000857215 0.000517809 0.000295868 0.000157563 7.62643e-05 3.20003e-05 1.04651e-05 1.89912e-06 0 
0 0.000626145 0.00241869 0.00474709 0.00615881 0.00543147 0.00331793 0.00151174 0.000576299 0.000207402 7.84677e-05 3.41011e-05 1.82121e-05 1.24985e-05 1.12543e-05 1.32646e-05 1.99902e-05 3.69903e-05 7.97159e-05 0.00018838 0.00045818 0.00107627 0.00229525 0.00420045 0.00632627 0.00772884 0.0078036 0.00678467 0.00530857 0.00386537 0.00267099 0.00176632 0.00111887 0.000676099 0.000386358 0.00020576 9.95943e-05 4.17897e-05 1.36666e-05 2.48009e-06 0 
0 0.00076054 0.00284438 0.00516368 0.00573764 0.00396128 0.00177318 0.000576299 0.000157001 4.11909e-05 1.17629e-05 4.05154e-06 1.82268e-06 1.12956e-06 9.8852e-07 1.21728e-06 2.04846e-06 4.48026e-06 1.19354e-05 3.60014e-05 0.000114042 0.000352528 0.000991718 0.0023778 0.00459019 0.0068894 0.00806713 0.00768449 0.00631222 0.0047024 0.00328105 0.00217799 0.00138157 0.000835243 0.000477378 0.000254248 0.000123066 5.16386e-05 1.68875e-05 3.0646e-06 0 
0 0.000879968 0.00316845 0.00525794 0.00492785 0.00264616 0.00087694 0.000207402 4.11909e-05 8.00495e-06 1.74571e-06 4.80364e-07 1.82912e-07 1.02566e-07 8.71835e-08 1.11842e-07 2.09105e-07 5.36799e-07 1.75199e-06 6.67006e-06 2.71346e-05 0.000108493 0.000394791 0.00121831 0.00298902 0.00554409 0.00765281 0.00812527 0.00709136 0.0054399 0.00384376 0.00256416 0.00162947 0.000985731 0.000563506 0.000300138 0.000145282 6.09609e-05 1.99362e-05 3.61786e-06 0 
0 0.000978047 0.00338417 0.00512257 0.00406557 0.00173151 0.000439272 7.84677e-05 1.17629e-05 1.74571e-06 2.98272e-07 6.69035e-08 2.18669e-08 1.11771e-08 9.23469e-09 1.22707e-08 2.51973e-08 7.46876e-08 2.92641e-07 1.37381e-06 6.99474e-06 3.51698e-05 0.000160572 0.000617991 0.00187402 0.00422293 0.00684894 0.00814732 0.00760297 0.00603099 0.00432439 0.00290158 0.00184781 0.00111863 0.000639634 0.000340713 0.000164926 6.92041e-05 2.26321e-05 4.10708e-06 0 
0 0.00105162 0.00350684 0.00488412 0.00335506 0.00117815 0.000240261 3.41011e-05 4.05154e-06 4.80364e-07 6.69035e-08 1.26333e-08 3.62713e-09 1.71187e-09 1.37771e-09 1.88059e-09 4.16718e-09 1.39031e-08 6.33704e-08 3.5401e-07 2.17176e-06 1.32031e-05 7.26622e-05 0.000334935 0.0012073 0.00319924 0.0059727 0.00789384 0.00786381 0.00645302 0.00469784 0.00317138 0.00202416 0.00122634 0.0007014 0.000373644 0.000180871 7.58954e-05 2.48204e-05 4.50421e-06 0 
0 0.00110025 0.00356269 0.00464981 0.00286421 0.000872959 0.000151849 1.82121e-05 1.82268e-06 1.82912e-07 2.18669e-08 3.62713e-09 9.43507e-10 4.18465e-10 3.29219e-10 4.56986e-10 1.0683e-09 3.88135e-09 1.97544e-08 1.25398e-07 8.82761e-07 6.17629e-06 3.90266e-05 0.000205469 0.000841077 0.0025147 0.00523254 0.00753144 0.00793163 0.0067066 0.00495017 0.00336054 0.00214938 0.00130316 0.000745517 0.000397177 0.000192268 8.06782e-05 2.63846e-05 4.78807e-06 0 
0 0.00112519 0.00357736 0.00448709 0.00258968 0.000726282 0.000115092 1.24985e-05 1.12956e-06 1.02566e-07 1.11771e-08 1.71187e-09 4.18465e-10 1.78137e-10 1.37658e-10 1.92137e-10 4.61745e-10 1.7585e-09 9.53e-09 6.51504e-08 4.97319e-07 3.78298e-06 2.59714e-05 0.000148186 0.000655552 0.00211269 0.00471383 0.00718713 0.00787353 0.00680675 0.0050774 0.0034622 0.00221816 0.00134567 0.000770002 0.00041025 0.000198601 8.33362e-05 2.7254e-05 4.94584e-06 0 
0 0.00112821 0.00356846 0.00442717 0.00251068 0.000688744 0.000106466 1.12543e-05 9.8852e-07 8.71835e-08 9.23469e-09 1.37771e-09 3.29219e-10 1.37658e-10 1.05087e-10 1.45811e-10 3.50593e-10 1.34413e-09 7.3739e-09 5.12671e-08 3.99406e-07 3.10833e-06 2.18649e-05 0.000127953 0.000581225 0.00192646 0.00442434 0.00692594 0.00773889 0.00677147 0.00508236 0.00347523 0.00222905 0.00135288 0.000774252 0.000412539 0.000199713 8.38036e-05 2.74069e-05 4.97359e-06 0 
0 0.00111092 0.00354268 0.00447492 0.00261403 0.000744737 0.000120073 1.32646e-05 1.21728e-06 1.11842e-07 1.22707e-08 1.88059e-09 4.56986e-10 1.92137e-10 1.45811e-10 1.98982e-10 4.66234e-10 1.72947e-09 9.13644e-09 6.1029e-08 4.56828e-07 3.42294e-06 2.32663e-05 0.000132189 0.000586217 0.00190868 0.0043352 0.00675469 0.00754577 0.00661292 0.00497148 0.00340318 0.00218417 0.00132604 0.000758996 0.000404434 0.000195794 8.216e-05 2.68695e-05 4.87607e-06 0 
0 0.00107457 0.0034963 0.00461497 0.00289912 0.000906624 0.000162189 1.99902e-05 2.04846e-06 2.09105e-07 2.51973e-08 4.16718e-09 1.0683e-09 4.61745e-10 3.50593e-10 4.66234e-10 1.03962e-09 3.59866e-09 1.74845e-08 1.06452e-07 7.23725e-07 4.93182e-06 3.06502e-05 0.000160517 0.000662584 0.00203028 0.00439664 0.00663216 0.0072797 0.00633407 0.00475264 0.0032532 0.00208863 0.0012684 0.000726127 0.000386953 0.000187338 7.8613e-05 2.57096e-05 4.66561e-06 0 
0 0.00102027 0.00341795 0.00481243 0.00337 0.00121367 0.000254246 3.69903e-05 4.48026e-06 5.36799e-07 7.46876e-08 1.39031e-08 3.88135e-09 1.7585e-09 1.34413e-09 1.72947e-09 3.59866e-09 1.12755e-08 4.84498e-08 2.56942e-07 1.51069e-06 8.90414e-06 4.81602e-05 0.000221836 0.000816246 0.00226535 0.00453354 0.00647787 0.00690102 0.00593018 0.00443423 0.00303491 0.00194973 0.0011847 0.000678436 0.000361599 0.000175078 7.34706e-05 2.40282e-05 4.36049e-06 0 
0 0.000949513 0.00329304 0.00501199 0.00401583 0.00173045 0.000443597 7.97159e-05 1.19354e-05 1.75199e-06 2.92641e-07 6.33704e-08 1.97544e-08 9.53e-09 7.3739e-09 9.13644e-09 1.74845e-08 4.84498e-08 1.78601e-07 7.95954e-07 3.89035e-06 1.90286e-05 8.59107e-05 0.000334193 0.00105535 0.00256751 0.00463417 0.00618325 0.00635694 0.0053922 0.00402425 0.00275894 0.00177595 0.00108058 0.000619286 0.000330198 0.000159901 6.71067e-05 2.19476e-05 3.98296e-06 0 
0 0.000864659 0.00310935 0.00514204 0.00478147 0.0025309 0.000820609 0.00018838 3.60014e-05 6.67006e-06 1.37381e-06 3.5401e-07 1.25398e-07 6.51504e-08 5.12671e-08 6.1029e-08 1.06452e-07 2.56942e-07 7.95954e-07 2.90665e-06 1.14736e-05 4.51183e-05 0.000164427 0.000522062 0.00136991 0.00284442 0.00455102 0.00563194 0.00559411 0.00470808 0.00352793 0.00243475 0.00157565 0.000961912 0.000552257 0.00029471 0.000142769 5.9926e-05 1.96002e-05 3.55706e-06 0 
0 0.000769196 0.00286255 0.00512948 0.00554195 0.00364698 0.00152754 0.00045818 0.000114042 2.71346e-05 6.99474e-06 2.17176e-06 8.82761e-07 4.97319e-07 3.99406e-07 4.56828e-07 7.23725e-07 1.51069e-06 3.89035e-06 1.14736e-05 3.59159e-05 0.000111072 0.000318477 0.000802524 0.00170246 0.00295053 0.00413095 0.00472958 0.00456748 0.00385941 0.00294246 0.00206735 0.00135553 0.00083405 0.0004808 0.000257061 0.00012463 5.2329e-05 1.71175e-05 3.10662e-06 0 
0 0.000667609 0.00255949 0.00492393 0.00611093 0.00497831 0.00271324 0.00107627 0.000352528 0.000108493 3.51698e-05 1.32031e-05 6.17629e-06 3.78298e-06 3.10833e-06 3.42294e-06 4.93182e-06 8.90414e-06 1.90286e-05 4.51183e-05 0.000111072 0.000266613 0.00059049 0.00115405 0.00192978 0.00272538 0.0032774 0.00344297 0.00325481 0.00282141 0.00225233 0.00165376 0.00111898 0.000701225 0.000407952 0.000219004 0.000106355 4.4684e-05 1.462e-05 2.65357e-06 0 
0 0.000564876 0.00221768 0.00451956 0.00630688 0.00622834 0.00437388 0.00229525 0.000991718 0.000394791 0.000160572 7.26622e-05 3.90266e-05 2.59714e-05 2.18649e-05 2.32663e-05 3.06502e-05 4.81602e-05 8.59107e-05 0.000164427 0.000318477 0.00059049 0.000998447 0.00148318 0.00189484 0.00208612 0.00204473 0.0018918 0.0017446 0.00161889 0.00144939 0.0011867 0.000866252 0.000566384 0.000336216 0.000182031 8.86887e-05 3.73052e-05 1.22107e-05 2.21655e-06 0 
0 0.000465781 0.00186093 0.00395906 0.00604787 0.00699379 0.00614664 0.00420045 0.0023778 0.00121831 0.000617991 0.000334935 0.000205469 0.000148186 0.000127953 0.000132189 0.000160517 0.000221836 0.000334193 0.000522062 0.000802524 0.00115405 0.00148318 0.00163838 0.00151136 0.00116202 0.000793372 0.000560547 0.000485764 0.000533788 0.000639795 0.000687615 0.000601486 0.000432459 0.000267737 0.000147363 7.22241e-05 3.04405e-05 9.97021e-06 1.81022e-06 0 
0 0.000374267 0.00151325 0.00331553 0.00539703 0.00701362 0.00737019 0.00632627 0.00459019 0.00298902 0.00187402 0.0012073 0.000841077 0.000655552 0.000581225 0.000586217 0.000662584 0.000816246 0.00105535 0.00136991 0.00170246 0.00192978 0.00189484 0.00151136 0.000899707 0.000373739 0.000118986 4.36727e-05 3.17947e-05 5.31387e-05 0.00013105 0.000267997 0.000349934 0.00030561 0.000204806 0.000116002 5.74014e-05 2.42668e-05 7.95553e-06 1.44483e-06 0 
0 0.00029306 0.00119386 0.00266468 0.00451734 0.00634318 0.00756269 0.00772884 0.0068894 0.00554409 0.00422293 0.00319924 0.0025147 0.00211269 0.00192646 0.00190868 0.00203028 0.00226535 0.00256751 0.00284442 0.00295053 0.00272538 0.00208612 0.00116202 0.000373739 5.32477e-05 3.7132e-06 3.36759e-07 1.66671e-07 6.90475e-07 7.81845e-06 5.8252e-05 0.000161377 0.000197521 0.000150236 8.87704e-05 4.45086e-05 1.88905e-05 6.20007e-06 1.12639e-06 0 
0 0.000223583 0.000914855 0.00206403 0.00358299 0.00526933 0.0067977 0.0078036 0.00806713 0.00765281 0.00684894 0.0059727 0.00523254 0.00471383 0.00442434 0.0043352 0.00439664 0.00453354 0.00463417 0.00455102 0.00413095 0.0032774 0.00204473 0.000793372 0.000118986 3.7132e-06 2.58157e-08 2.63119e-10 7.10398e-11 1.23895e-09 1.4954e-07 7.7395e-06 6.24895e-05 0.000119902 0.00010671 6.62164e-05 3.36795e-05 1.43525e-05 4.716e-06 8.5704e-07 0 
0 0.000166114 0.000681344 0.00154613 0.00271823 0.00409881 0.00552431 0.00678467 0.00768449 0.00812527 0.00814732 0.00789384 0.00753144 0.00718713 0.00692594 0.00675469 0.00663216 0.00647787 0.00618325 0.00563194 0.00472958 0.00344297 0.0018918 0.000560547 4.36727e-05 3.36759e-07 2.63119e-10 3.27625e-13 4.90984e-14 3.40903e-12 3.91678e-09 1.23716e-06 2.6244e-05 7.42171e-05 7.51138e-05 4.84155e-05 2.48878e-05 1.06366e-05 3.49772e-06 6.35774e-07 0 
0 0.000120068 0.000493088 0.00112219 0.00198534 0.00303092 0.00417541 0.00530857 0.00631222 0.00709136 0.00760297 0.00786381 0.00793163 0.00787353 0.00773889 0.00754577 0.0072797 0.00690102 0.00635694 0.00559411 0.00456748 0.00325481 0.0017446 0.000485764 3.17947e-05 1.66671e-07 7.10398e-11 4.90984e-14 6.12242e-15 6.00456e-13 1.23139e-09 6.16934e-07 1.66347e-05 5.1561e-05 5.36875e-05 3.48746e-05 1.79631e-05 7.68094e-06 2.52611e-06 4.59181e-07 0 
0 8.42987e-05 0.000346398 0.00078942 0.00140067 0.00215044 0.00299219 0.00386537 0.0047024 0.0054399 0.00603099 0.00645302 0.0067066 0.00680675 0.00677147 0.00661292 0.00633407 0.00593018 0.0053922 0.00470808 0.00385941 0.00282141 0.00161889 0.000533788 5.31387e-05 6.90475e-07 1.23895e-09 3.40903e-12 6.00456e-13 2.15998e-11 9.04159e-09 1.27541e-06 1.74733e-05 4.11995e-05 3.91436e-05 2.4739e-05 1.26439e-05 5.39493e-06 1.77325e-06 3.2228e-07 0 
0 5.73564e-05 0.000235751 0.000537587 0.000955042 0.0014698 0.00205377 0.00267099 0.00328105 0.00384376 0.00432439 0.00469784 0.00495017 0.0050774 0.00508236 0.00497148 0.00475264 0.00443423 0.00402425 0.00352793 0.00294246 0.00225233 0.00144939 0.000639795 0.00013105 7.81845e-06 1.4954e-07 3.91678e-09 1.23139e-09 9.04159e-09 2.95064e-07 5.2933e-06 2.36422e-05 3.51215e-05 2.84911e-05 1.71572e-05 8.64769e-06 3.67545e-06 1.20678e-06 2.19261e-07 0 
0 3.76966e-05 0.000154962 0.000353452 0.000628243 0.000967795 0.00135457 0.00176632 0.00217799 0.00256416 0.00290158 0.00317138 0.00336054 0.0034622 0.00347523 0.00340318 0.0032532 0.00303491 0.00275894 0.00243475 0.00206735 0.00165376 0.0011867 0.000687615 0.000267997 5.8252e-05 7.7395e-06 1.23716e-06 6.16934e-07 1.27541e-06 5.2933e-06 1.71997e-05 2.93132e-05 2.87246e-05 2.00573e-05 1.15091e-05 5.71692e-06 2.41951e-06 7.93445e-07 1.44113e-07 0 
0 2.38235e-05 9.79377e-05 0.000223409 0.000397177 0.000612069 0.000857215 0.00111887 0.00138157 0.00162947 0.00184781 0.00202416 0.00214938 0.00221816 0.00222905 0.00218417 0.00208863 0.00194973 0.00177595 0.00157565 0.00135553 0.00111898 0.000866252 0.000601486 0.000349934 0.000161377 6.24895e-05 2.6244e-05 1.66347e-05 1.74733e-05 2.36422e-05 2.93132e-05 2.81631e-05 2.11834e-05 1.33503e-05 7.39366e-06 3.63097e-06 1.5313e-06 5.01641e-07 9.10845e-08 0 
0 1.43837e-05 5.91322e-05 0.000134893 0.000239832 0.000369643 0.000517809 0.000676099 0.000835243 0.000985731 0.00111863 0.00122634 0.00130316 0.00134567 0.00135288 0.00132604 0.0012684 0.0011847 0.00108058 0.000961912 0.00083405 0.000701225 0.000566384 0.000432459 0.00030561 0.000197521 0.000119902 7.42171e-05 5.1561e-05 4.11995e-05 3.51215e-05 2.87246e-05 2.11834e-05 1.39597e-05 8.32008e-06 4.51221e-06 2.19984e-06 9.25533e-07 3.02968e-07 5.49979e-08 0 
0 8.2172e-06 3.37815e-05 7.70642e-05 0.000137019 0.000211192 0.000295868 0.000386358 0.000477378 0.000563506 0.000639634 0.0007014 0.000745517 0.000770002 0.000774252 0.000758996 0.000726127 0.000678436 0.000619286 0.000552257 0.0004808 0.000407952 0.000336216 0.000267737 0.000204806 0.000150236 0.00010671 7.51138e-05 5.36875e-05 3.91436e-05 2.84911e-05 2.00573e-05 1.33503e-05 8.32008e-06 4.83266e-06 2.59337e-06 1.25935e-06 5.29105e-07 1.73118e-07 3.14214e-08 0 
0 4.37575e-06 1.79891e-05 4.10378e-05 7.29656e-05 0.000112466 0.000157563 0.00020576 0.000254248 0.000300138 0.000340713 0.000373644 0.000397177 0.00041025 0.000412539 0.000404434 0.000386953 0.000361599 0.000330198 0.00029471 0.000257061 0.000219004 0.000182031 0.000147363 0.000116002 8.87704e-05 6.62164e-05 4.84155e-05 3.48746e-05 2.4739e-05 1.71572e-05 1.15091e-05 7.39366e-06 4.51221e-06 2.59337e-06 1.38517e-06 6.71363e-07 2.81863e-07 9.21991e-08 1.67329e-08 0 
0 2.11793e-06 8.70701e-06 1.9863e-05 3.53167e-05 5.44359e-05 7.62643e-05 9.95943e-05 0.000123066 0.000145282 0.000164926 0.000180871 0.000192268 0.000198601 0.000199713 0.000195794 0.000187338 0.000175078 0.000159901 0.000142769 0.00012463 0.000106355 8.86887e-05 7.22241e-05 5.74014e-05 4.45086e-05 3.36795e-05 2.48878e-05 1.79631e-05 1.26439e-05 8.64769e-06 5.71692e-06 3.63097e-06 2.19984e-06 1.25935e-06 6.71363e-07 3.25125e-07 1.36453e-07 4.4629e-08 8.0992e-09 0 
0 8.88673e-07 3.65342e-06 8.33442e-06 1.48187e-05 2.28411e-05 3.20003e-05 4.17897e-05 5.16386e-05 6.09609e-05 6.92041e-05 7.58954e-05 8.06782e-05 8.33362e-05 8.38036e-05 8.216e-05 7.8613e-05 7.34706e-05 6.71067e-05 5.9926e-05 5.2329e-05 4.4684e-05 3.73052e-05 3.04405e-05 2.42668e-05 1.88905e-05 1.43525e-05 1.06366e-05 7.68094e-06 5.39493e-06 3.67545e-06 2.41951e-06 1.5313e-06 9.25533e-07 5.29105e-07 2.81863e-07 1.36453e-07 5.72605e-08 1.87267e-08 3.39842e-09 0 
0 2.90623e-07 1.19478e-06 2.72561e-06 4.84618e-06 7.46975e-06 1.04651e-05 1.36666e-05 1.68875e-05 1.99362e-05 2.26321e-05 2.48204e-05 2.63846e-05 2.7254e-05 2.74069e-05 2.68695e-05 2.57096e-05 2.40282e-05 2.19476e-05 1.96002e-05 1.71175e-05 1.462e-05 1.22107e-05 9.97021e-06 7.95553e-06 6.20007e-06 4.716e-06 3.49772e-06 2.52611e-06 1.77325e-06 1.20678e-06 7.93445e-07 5.01641e-07 3.02968e-07 1.73118e-07 9.21991e-08 4.4629e-08 1.87267e-08 6.12432e-09 1.1114e-09 0 
0 5.27398e-08 2.16818e-07 4.94621e-07 8.79443e-07 1.35555e-06 1.89912e-06 2.48009e-06 3.0646e-06 3.61786e-06 4.10708e-06 4.50421e-06 4.78807e-06 4.94584e-06 4.97359e-06 4.87607e-06 4.66561e-06 4.36049e-06 3.98296e-06 3.55706e-06 3.10662e-06 2.65357e-06 2.21655e-06 1.81022e-06 1.44483e-06 1.12639e-06 8.5704e-07 6.35774e-07 4.59181e-07 3.2228e-07 2.19261e-07 1.44113e-07 9.10845e-08 5.49979e-08 3.14214e-08 1.67329e-08 8.0992e-09 3.39842e-09 1.1114e-09 2.01687e-10 0 
0 0 0 0 0 0 0 0 0 0 0 0 0 0 0 0 0 0 0 0 0 0 0 0 0 0 0 0 0 0 0 0 0 0 0 0 0 0 0 0 0 
