0 0 0 0 0 0 0 0 0 0 0 0 0 0 0 0 0 0 0 0 0 0 0 0 0 0 0 0 0 0 0 0 0 0 0 0 0 0 0 0 0 
0 1.32729e-05 5.20984e-05 0.000109236 0.00016987 0.000217338 0.000241928 0.000244296 0.000231673 0.000212322 0.000192442 0.000175626 0.000163508 0.000156598 0.000154881 0.000158136 0.000166023 0.000177999 0.000193145 0.000209956 0.000226218 0.000239079 0.000245449 0.000242702 0.000229518 0.000206505 0.000176237 0.000142563 0.000109456 7.99746e-05 5.57633e-05 3.71654e-05 2.36632e-05 1.43399e-05 8.20642e-06 4.37338e-06 2.11748e-06 8.88599e-07 2.90614e-07 5.27392e-08 0 
0 5.20984e-05 0.000191491 0.000353545 0.000447445 0.000431943 0.000343886 0.000242362 0.000160727 0.000105472 7.13491e-05 5.13995e-05 4.03918e-05 3.51527e-05 3.40841e-05 3.67169e-05 4.34846e-05 5.56838e-05 7.55049e-05 0.000105934 0.000150206 0.000210427 0.00028526 0.000367299 0.000442018 0.000490728 0.000498168 0.000460874 0.000389631 0.000303401 0.000219879 0.000149731 9.63915e-05 5.87211e-05 3.36833e-05 1.79682e-05 8.70311e-06 3.65281e-06 1.19471e-06 2.16814e-07 0 
0 0.000109236 0.000353545 0.000511029 0.000444116 0.000266585 0.000125169 5.10947e-05 1.9783e-05 7.83526e-06 3.39344e-06 1.70021e-06 1.02865e-06 7.72085e-07 7.26225e-07 8.50526e-07 1.2144e-06 2.04603e-06 3.90611e-06 8.08403e-06 1.73526e-05 3.70843e-05 7.61603e-05 0.000145978 0.000254969 0.000397636 0.000543957 0.000644117 0.000657505 0.000583514 0.000458923 0.000327277 0.000215731 0.00013289 7.65973e-05 4.09411e-05 1.98455e-05 8.33176e-06 2.72531e-06 4.94602e-07 0 
0 0.00016987 0.000447445 0.000444116 0.000228036 7.35921e-05 1.75087e-05 3.49788e-06 6.61096e-07 1.32568e-07 3.13702e-08 9.59599e-09 4.06807e-09 2.49671e-09 2.25362e-09 2.95779e-09 5.44762e-09 1.33311e-08 4.05129e-08 1.42001e-07 5.33234e-07 2.00403e-06 7.11285e-06 2.27837e-05 6.37649e-05 0.000152543 0.000306772 0.000510207 0.000691409 0.000760699 0.00069117 0.000536792 0.000370016 0.000232788 0.000135405 7.26386e-05 3.52589e-05 1.48102e-05 4.84522e-06 8.79384e-07 0 
0 0.000217338 0.000431943 0.000266585 7.35921e-05 1.14568e-05 1.2023e-06 1.00175e-07 7.83087e-09 6.78699e-10 7.6254e-11 1.27013e-11 3.47462e-12 1.66431e-12 1.42795e-12 2.15638e-12 5.43412e-12 2.10598e-11 1.13474e-10 7.61338e-10 5.69664e-09 4.29248e-08 2.98464e-07 1.78836e-06 8.80618e-06 3.46742e-05 0.000107858 0.000263405 0.000500003 0.000728249 0.000815057 0.000723424 0.000536756 0.000349921 0.000206705 0.000111571 5.42809e-05 2.28186e-05 7.46727e-06 1.3554e-06 0 
0 0.000241928 0.000343886 0.000125169 1.75087e-05 1.2023e-06 4.96603e-08 1.52319e-09 4.34353e-11 1.44511e-12 6.94127e-14 5.77935e-15 9.59042e-16 3.46133e-16 2.80245e-16 4.96709e-16 1.79022e-15 1.17222e-14 1.21374e-13 1.70786e-12 2.80671e-11 4.68124e-10 7.02247e-09 8.61406e-08 8.08176e-07 5.58226e-06 2.8029e-05 0.000102767 0.000277137 0.000547744 0.000786532 0.000832898 0.000686407 0.000471882 0.000285379 0.000155489 7.59104e-05 3.19498e-05 1.04596e-05 1.8988e-06 0 
0 0.000244296 0.000242362 5.10947e-05 3.49788e-06 1.00175e-07 1.52319e-09 1.6021e-11 1.55296e-13 1.85557e-15 3.59102e-17 1.43753e-18 1.55661e-19 5.30119e-20 4.33938e-20 7.45474e-20 3.266e-19 3.58909e-18 7.45796e-17 2.31729e-15 8.83358e-14 3.44703e-12 1.17797e-10 3.1152e-09 5.84029e-08 7.37464e-07 6.16398e-06 3.44449e-05 0.000131817 0.000351625 0.000653018 0.00084479 0.000793126 0.000584831 0.000365215 0.000201588 9.88891e-05 4.16904e-05 1.3656e-05 2.47948e-06 0 
0 0.000231673 0.000160727 1.9783e-05 6.61096e-07 7.83087e-09 4.34353e-11 1.55296e-13 5.07385e-16 2.16335e-18 2.02295e-20 1.59501e-21 5.12745e-22 2.99206e-22 2.66482e-22 3.3723e-22 6.74096e-22 2.51632e-21 4.44003e-20 2.85141e-18 2.53611e-16 2.33049e-14 1.8261e-12 1.04818e-10 3.9549e-09 9.19705e-08 1.2877e-06 1.09831e-05 5.91397e-05 0.000209088 0.000494461 0.000781617 0.000846177 0.000677428 0.000439993 0.000246838 0.00012182 5.14649e-05 1.68692e-05 3.06355e-06 0 
0 0.000212322 0.000105472 7.83526e-06 1.32568e-07 6.78699e-10 1.44511e-12 1.85557e-15 2.16335e-18 4.54615e-21 1.05057e-22 2.3157e-23 1.54897e-23 1.25981e-23 1.18057e-23 1.24924e-23 1.49995e-23 2.42022e-23 1.41552e-22 5.43407e-21 9.55196e-19 1.97644e-16 3.40353e-14 4.07646e-12 2.98912e-10 1.24282e-08 2.84559e-07 3.63098e-06 2.69593e-05 0.000123208 0.000361056 0.000685056 0.000852573 0.000744118 0.000504692 0.00028838 0.000143308 6.06874e-05 1.99076e-05 3.61624e-06 0 
0 0.000192442 7.13491e-05 3.39344e-06 3.13702e-08 7.6254e-11 6.94127e-14 3.59102e-17 2.02295e-20 1.05057e-22 4.69766e-24 1.42976e-24 1.26335e-24 1.22919e-24 1.18912e-24 1.1338e-24 1.04562e-24 1.11319e-24 3.10554e-24 5.3378e-23 7.11959e-21 2.81957e-18 9.76447e-16 2.24642e-13 2.97118e-11 2.0704e-09 7.34461e-08 1.34209e-06 1.32554e-05 7.57643e-05 0.000266145 0.000589184 0.00082977 0.000785779 0.0005563 0.000323869 0.000162095 6.88133e-05 2.25915e-05 4.10479e-06 0 
0 0.000175626 5.13995e-05 1.70021e-06 9.59599e-09 1.27013e-11 5.77935e-15 1.43753e-18 1.59501e-21 2.3157e-23 1.42976e-24 2.67354e-25 1.76784e-25 1.76147e-25 1.72068e-25 1.54635e-25 1.25765e-25 1.16929e-25 3.02483e-25 3.7698e-24 2.30107e-22 8.81714e-20 5.3311e-17 2.0894e-14 4.47228e-12 4.75094e-10 2.41071e-08 5.91102e-07 7.3742e-06 5.05284e-05 0.000204886 0.000511692 0.000796014 0.0008077 0.000593893 0.000351671 0.000177168 7.53853e-05 2.47676e-05 4.50124e-06 0 
0 0.000163508 4.03918e-05 1.02865e-06 4.06807e-09 3.47462e-12 9.59042e-16 1.55661e-19 5.12745e-22 1.54897e-23 1.26335e-24 1.76784e-25 4.91777e-26 3.29923e-26 2.97626e-26 2.5552e-26 2.03186e-26 2.39777e-26 9.85592e-26 1.13664e-24 3.9559e-23 7.84814e-21 6.51308e-18 3.74792e-15 1.13513e-12 1.63448e-10 1.07387e-08 3.25653e-07 4.81008e-06 3.75539e-05 0.00016858 0.000458057 0.000764765 0.000816564 0.00061806 0.000370881 0.000187823 8.00661e-05 2.63214e-05 4.78453e-06 0 
0 0.000156598 3.51527e-05 7.72085e-07 2.49671e-09 1.66431e-12 3.46133e-16 5.3012e-20 2.99206e-22 1.25981e-23 1.22919e-24 1.76148e-25 3.29924e-26 1.02978e-26 6.23128e-27 4.89125e-27 4.67125e-27 1.09281e-26 6.49608e-26 6.8773e-25 1.75543e-23 2.24471e-21 1.97059e-18 1.409e-15 5.19541e-13 8.8889e-11 6.76207e-09 2.31352e-07 3.76113e-06 3.16178e-05 0.000150278 0.000427992 0.000743706 0.000818041 0.000630067 0.000381194 0.000193678 8.26579e-05 2.71839e-05 4.94191e-06 0 
0 0.000154881 3.40841e-05 7.26225e-07 2.25362e-09 1.42795e-12 2.80245e-16 4.33938e-20 2.66483e-22 1.18057e-23 1.18912e-24 1.72068e-25 2.97626e-26 6.23129e-27 2.02472e-27 1.29768e-27 2.07514e-27 8.73774e-27 5.83908e-26 6.09061e-25 1.47451e-23 1.74705e-21 1.52855e-18 1.14306e-15 4.39049e-13 7.78609e-11 6.10674e-09 2.14245e-07 3.55305e-06 3.03275e-05 0.000145855 0.000419597 0.000735895 0.000815546 0.000631126 0.000382739 0.000194655 8.3106e-05 2.73347e-05 4.96955e-06 0 
0 0.000158136 3.67169e-05 8.50526e-07 2.95779e-09 2.15638e-12 4.96709e-16 7.45474e-20 3.3723e-22 1.24924e-23 1.1338e-24 1.54635e-25 2.5552e-26 4.89126e-27 1.29768e-27 8.30945e-28 1.88679e-27 9.17282e-27 6.4809e-26 7.45894e-25 2.17586e-23 3.3454e-21 2.95235e-18 1.95457e-15 6.72277e-13 1.08241e-10 7.82053e-09 2.56433e-07 4.02948e-06 3.29897e-05 0.00015367 0.00043106 0.000741021 0.000809913 0.000622 0.000375933 0.000190953 8.14912e-05 2.68002e-05 4.87218e-06 0 
0 0.000166023 4.34846e-05 1.2144e-06 5.44762e-09 5.43412e-12 1.79022e-15 3.266e-19 6.74097e-22 1.49995e-23 1.04562e-24 1.25765e-25 2.03187e-26 4.67125e-27 2.07514e-27 1.88679e-27 3.38508e-27 1.31912e-26 9.54023e-26 1.36216e-24 6.23103e-23 1.71329e-20 1.30472e-17 6.56592e-15 1.76251e-12 2.28391e-10 1.37212e-08 3.86496e-07 5.38116e-06 4.01254e-05 0.00017395 0.000460654 0.000755938 0.000799608 0.00060294 0.000361417 0.000182999 7.80121e-05 2.56472e-05 4.66209e-06 0 
0 0.000177999 5.56838e-05 2.04603e-06 1.33311e-08 2.10598e-11 1.17222e-14 3.58909e-18 2.51632e-21 2.42022e-23 1.1132e-24 1.1693e-25 2.39777e-26 1.09281e-26 8.73771e-27 9.17279e-27 1.31911e-26 3.67446e-26 2.60311e-25 5.45245e-24 4.9336e-22 2.23684e-19 1.1572e-16 3.89011e-14 7.25204e-12 6.82706e-10 3.12602e-08 7.04124e-07 8.20594e-06 5.33319e-05 0.000207909 0.000505439 0.000774437 0.000781229 0.000573915 0.000340037 0.00017141 7.29608e-05 2.39749e-05 4.35748e-06 0 
0 0.000193145 7.55049e-05 3.90611e-06 4.05129e-08 1.13474e-10 1.21374e-13 7.45796e-17 4.44003e-20 1.41552e-22 3.10554e-24 3.02482e-25 9.8559e-26 6.49607e-26 5.83907e-26 6.48088e-26 9.54022e-26 2.60311e-25 2.13469e-24 8.21083e-23 1.60123e-20 5.7798e-18 1.75103e-15 3.55588e-13 4.201e-11 2.6503e-09 8.6336e-08 1.46949e-06 1.37071e-05 7.50003e-05 0.000255819 0.000558514 0.000786636 0.000750261 0.00053497 0.000312868 0.000156945 6.66933e-05 2.1904e-05 3.98047e-06 0 
0 0.000209956 0.000105934 8.08403e-06 1.42001e-07 7.61338e-10 1.70786e-12 2.31729e-15 2.85141e-18 5.43407e-21 5.3378e-23 3.7698e-24 1.13663e-24 6.87729e-25 6.0906e-25 7.45893e-25 1.36216e-24 5.45244e-24 8.21082e-23 6.44558e-21 1.17034e-18 2.30604e-16 3.78345e-14 4.32509e-12 3.03297e-10 1.2088e-08 2.6616e-07 3.28171e-06 2.37104e-05 0.000106569 0.000312237 0.000604639 0.000778658 0.000702071 0.000486586 0.000281202 0.00014045 5.95987e-05 1.95654e-05 3.55505e-06 0 
0 0.000226218 0.000150206 1.73526e-05 5.33234e-07 5.69664e-09 2.80671e-11 8.83358e-14 2.53611e-16 9.55196e-19 7.11959e-21 2.30107e-22 3.9559e-23 1.75543e-23 1.47451e-23 2.17586e-23 6.23102e-23 4.9336e-22 1.60123e-20 1.17034e-18 1.13911e-16 1.1449e-14 9.7513e-13 6.01112e-11 2.39522e-09 5.77325e-08 8.2458e-07 7.11688e-06 3.88994e-05 0.000141855 0.000356061 0.00061534 0.000733538 0.000632987 0.000429896 0.000246503 0.000122797 5.20672e-05 1.70894e-05 3.10498e-06 0 
0 0.000239079 0.000210427 3.70843e-05 2.00403e-06 4.29248e-08 4.68124e-10 3.44703e-12 2.33049e-14 1.97644e-16 2.81957e-18 8.81714e-20 7.84814e-21 2.24471e-21 1.74705e-21 3.3454e-21 1.71329e-20 2.23684e-19 5.7798e-18 2.30604e-16 1.1449e-14 5.80379e-13 2.52657e-11 8.20384e-10 1.79258e-08 2.48723e-07 2.17729e-06 1.25407e-05 5.07755e-05 0.00015204 0.00033934 0.000549511 0.000634702 0.000541328 0.000366697 0.000210309 0.000104826 4.44631e-05 1.4596e-05 2.65216e-06 0 
0 0.000245449 0.00028526 7.61603e-05 7.11285e-06 2.98464e-07 7.02247e-09 1.17797e-10 1.8261e-12 3.40353e-14 9.76447e-16 5.3311e-17 6.51308e-18 1.97059e-18 1.52855e-18 2.95235e-18 1.30472e-17 1.1572e-16 1.75103e-15 3.78345e-14 9.7513e-13 2.52657e-11 5.63355e-10 9.43458e-09 1.06364e-07 7.59243e-07 3.51329e-06 1.19092e-05 3.4572e-05 9.23462e-05 0.000213467 0.000378153 0.000475016 0.000428688 0.000299405 0.000174136 8.72894e-05 3.71026e-05 1.21887e-05 2.21526e-06 0 
0 0.000242702 0.000367299 0.000145978 2.27837e-05 1.78836e-06 8.61406e-08 3.1152e-09 1.04818e-10 4.07646e-12 2.24642e-13 2.0894e-14 3.74792e-15 1.409e-15 1.14306e-15 1.95457e-15 6.56592e-15 3.89011e-14 3.55588e-13 4.32509e-12 6.01112e-11 8.20384e-10 9.43458e-09 7.77099e-08 3.87567e-07 1.04549e-06 1.65919e-06 2.2675e-06 4.34344e-06 1.37361e-05 5.25265e-05 0.00015474 0.000276491 0.00030282 0.000231273 0.00013945 7.08286e-05 3.02407e-05 9.94879e-06 1.80898e-06 0 
0 0.000229518 0.000442018 0.000254969 6.37649e-05 8.80618e-06 8.08176e-07 5.84029e-08 3.9549e-09 2.98912e-10 2.97118e-11 4.47228e-12 1.13513e-12 5.19541e-13 4.39049e-13 6.72277e-13 1.76251e-12 7.25204e-12 4.201e-11 3.03297e-10 2.39522e-09 1.79258e-08 1.06364e-07 3.87567e-07 6.0853e-07 3.01178e-07 5.59311e-08 1.1492e-08 1.1481e-08 8.87964e-08 1.81579e-06 2.37772e-05 0.000106315 0.000181862 0.00016697 0.000107703 5.5959e-05 2.40646e-05 7.93431e-06 1.44363e-06 0 
0 0.000206505 0.000490728 0.000397636 0.000152543 3.46742e-05 5.58226e-06 7.37464e-07 9.19705e-08 1.24282e-08 2.0704e-09 4.75094e-10 1.63448e-10 8.8889e-11 7.78609e-11 1.08241e-10 2.28391e-10 6.82706e-10 2.6503e-09 1.2088e-08 5.77325e-08 2.48723e-07 7.59243e-07 1.04549e-06 3.01178e-07 7.96764e-09 2.47365e-11 1.13631e-13 3.37459e-14 2.76703e-12 2.55449e-09 8.31953e-07 2.34384e-05 9.04062e-05 0.00011246 8.02967e-05 4.30596e-05 1.86922e-05 6.17975e-06 1.12526e-06 0 
0 0.000176237 0.000498168 0.000543957 0.000306772 0.000107858 2.8029e-05 6.16398e-06 1.2877e-06 2.84559e-07 7.34461e-08 2.41071e-08 1.07387e-08 6.76207e-09 6.10674e-09 7.82053e-09 1.37212e-08 3.12602e-08 8.6336e-08 2.6616e-07 8.2458e-07 2.17729e-06 3.51329e-06 1.65919e-06 5.59311e-08 2.47365e-11 2.70966e-16 2.67377e-15 1.81138e-15 1.75676e-15 1.87356e-13 8.15701e-09 3.38702e-06 3.97489e-05 7.25189e-05 5.82721e-05 3.23368e-05 1.41727e-05 4.69794e-06 8.56052e-07 0 
0 0.000142563 0.000460874 0.000644117 0.000510207 0.000263405 0.000102767 3.44449e-05 1.09831e-05 3.63098e-06 1.34209e-06 5.91102e-07 3.25653e-07 2.31352e-07 2.14245e-07 2.56433e-07 3.86496e-07 7.04124e-07 1.46949e-06 3.28171e-06 7.11688e-06 1.25407e-05 1.19092e-05 2.2675e-06 1.1492e-08 1.13631e-13 2.67377e-15 4.20352e-16 2.3943e-16 1.43308e-16 1.04659e-15 1.2573e-10 6.11608e-07 1.90033e-05 4.75201e-05 4.18121e-05 2.37804e-05 1.04904e-05 3.48323e-06 6.3499e-07 0 
0 0.000109456 0.000389631 0.000657505 0.000691409 0.000500003 0.000277137 0.000131817 5.91397e-05 2.69593e-05 1.32554e-05 7.3742e-06 4.81008e-06 3.76113e-06 3.55305e-06 4.02948e-06 5.38116e-06 8.20594e-06 1.37071e-05 2.37104e-05 3.88994e-05 5.07755e-05 3.4572e-05 4.34344e-06 1.1481e-08 3.37459e-14 1.81138e-15 2.3943e-16 1.64283e-16 7.5504e-16 2.17507e-14 3.58024e-11 3.23199e-07 1.26271e-05 3.37009e-05 3.00992e-05 1.71677e-05 7.57656e-06 2.51581e-06 4.58626e-07 0 
0 7.99746e-05 0.000303401 0.000583514 0.000760699 0.000728249 0.000547744 0.000351625 0.000209088 0.000123208 7.57643e-05 5.05284e-05 3.75539e-05 3.16178e-05 3.03275e-05 3.29897e-05 4.01254e-05 5.33319e-05 7.50003e-05 0.000106569 0.000141855 0.00015204 9.23462e-05 1.37361e-05 8.87964e-08 2.76703e-12 1.75676e-15 1.43308e-16 7.5504e-16 1.27279e-16 6.86873e-16 4.05007e-10 6.4193e-07 1.24648e-05 2.62374e-05 2.17732e-05 1.2153e-05 5.33029e-06 1.76684e-06 3.21932e-07 0 
0 5.57633e-05 0.000219879 0.000458923 0.00069117 0.000815057 0.000786532 0.000653018 0.000494461 0.000361056 0.000266145 0.000204886 0.00016858 0.000150278 0.000145855 0.00015367 0.00017395 0.000207909 0.000255819 0.000312237 0.000356061 0.00033934 0.000213467 5.25265e-05 1.81579e-06 2.55449e-09 1.87356e-13 1.04659e-15 2.17507e-14 6.86873e-16 9.47751e-12 2.77997e-08 2.53337e-06 1.51761e-05 2.13081e-05 1.55945e-05 8.38905e-06 3.64091e-06 1.2033e-06 2.19069e-07 0 
0 3.71654e-05 0.000149731 0.000327277 0.000536792 0.000723424 0.000832898 0.00084479 0.000781617 0.000685056 0.000589184 0.000511692 0.000458057 0.000427992 0.000419597 0.00043106 0.000460654 0.000505439 0.000558514 0.000604639 0.00061534 0.000549511 0.000378153 0.00015474 2.37772e-05 8.31953e-07 8.15701e-09 1.2573e-10 3.58024e-11 4.05007e-10 2.77997e-08 1.06564e-06 8.41306e-06 1.75011e-05 1.67437e-05 1.08162e-05 5.60081e-06 2.40361e-06 7.91801e-07 1.4402e-07 0 
0 2.36632e-05 9.63915e-05 0.000215731 0.000370016 0.000536756 0.000686407 0.000793126 0.000846177 0.000852573 0.00082977 0.000796014 0.000764765 0.000743706 0.000735895 0.000741021 0.000755938 0.000774437 0.000786636 0.000778658 0.000733538 0.000634702 0.000475016 0.000276491 0.000106315 2.34384e-05 3.38702e-06 6.11608e-07 3.23199e-07 6.4193e-07 2.53337e-06 8.41306e-06 1.55083e-05 1.64518e-05 1.21043e-05 7.13503e-06 3.58641e-06 1.52498e-06 5.00965e-07 9.10452e-08 0 
0 1.43399e-05 5.87211e-05 0.00013289 0.000232788 0.000349921 0.000471882 0.000584831 0.000677428 0.000744118 0.000785779 0.0008077 0.000816564 0.000818041 0.000815546 0.000809913 0.000799608 0.000781229 0.000750261 0.000702071 0.000632987 0.000541328 0.000428688 0.00030282 0.000181862 9.04062e-05 3.97489e-05 1.90033e-05 1.26271e-05 1.24648e-05 1.51761e-05 1.75011e-05 1.64518e-05 1.24476e-05 7.9345e-06 4.43033e-06 2.18516e-06 9.23359e-07 3.02725e-07 5.49834e-08 0 
0 8.20642e-06 3.36833e-05 7.65973e-05 0.000135405 0.000206705 0.000285379 0.000365215 0.000439993 0.000504692 0.0005563 0.000593893 0.00061806 0.000630067 0.000631126 0.000622 0.00060294 0.000573915 0.00053497 0.000486586 0.000429896 0.000366697 0.000299405 0.000231273 0.00016697 0.00011246 7.25189e-05 4.75201e-05 3.37009e-05 2.62374e-05 2.13081e-05 1.67437e-05 1.21043e-05 7.9345e-06 4.73246e-06 2.57118e-06 1.25518e-06 5.28456e-07 1.73042e-07 3.14167e-08 0 
0 4.37338e-06 1.79682e-05 4.09411e-05 7.26386e-05 0.000111571 0.000155489 0.000201588 0.000246838 0.00028838 0.000323869 0.000351671 0.000370881 0.000381194 0.000382739 0.000375933 0.000361417 0.000340037 0.000312868 0.000281202 0.000246503 0.000210309 0.000174136 0.00013945 0.000107703 8.02967e-05 5.82721e-05 4.18121e-05 3.00992e-05 2.17732e-05 1.55945e-05 1.08162e-05 7.13503e-06 4.43033e-06 2.57118e-06 1.38e-06 6.70339e-07 2.81696e-07 9.21788e-08 1.67316e-08 0 
0 2.11748e-06 8.70311e-06 1.98455e-05 3.52589e-05 5.42809e-05 7.59104e-05 9.88891e-05 0.00012182 0.000143308 0.000162095 0.000177168 0.000187823 0.000193678 0.000194655 0.000190953 0.000182999 0.00017141 0.000156945 0.00014045 0.000122797 0.000104826 8.72894e-05 7.08286e-05 5.5959e-05 4.30596e-05 3.23368e-05 2.37804e-05 1.71677e-05 1.2153e-05 8.38905e-06 5.60081e-06 3.58641e-06 2.18516e-06 1.25518e-06 6.70339e-07 3.24911e-07 1.36417e-07 4.46243e-08 8.09888e-09 0 
0 8.88599e-07 3.65281e-06 8.33176e-06 1.48102e-05 2.28186e-05 3.19498e-05 4.16904e-05 5.14649e-05 6.06874e-05 6.88133e-05 7.53853e-05 8.00661e-05 8.26579e-05 8.3106e-05 8.14912e-05 7.80121e-05 7.29608e-05 6.66933e-05 5.95987e-05 5.20672e-05 4.44631e-05 3.71026e-05 3.02407e-05 2.40646e-05 1.86922e-05 1.41727e-05 1.04904e-05 7.57656e-06 5.33029e-06 3.64091e-06 2.40361e-06 1.52498e-06 9.23359e-07 5.28456e-07 2.81696e-07 1.36417e-07 5.72539e-08 1.87259e-08 3.39836e-09 0 
0 2.90614e-07 1.19471e-06 2.72531e-06 4.84522e-06 7.46727e-06 1.04596e-05 1.3656e-05 1.68692e-05 1.99076e-05 2.25915e-05 2.47676e-05 2.63214e-05 2.71839e-05 2.73347e-05 2.68002e-05 2.56472e-05 2.39749e-05 2.1904e-05 1.95654e-05 1.70894e-05 1.4596e-05 1.21887e-05 9.94879e-06 7.93431e-06 6.17975e-06 4.69794e-06 3.48323e-06 2.51581e-06 1.76684e-06 1.2033e-06 7.91801e-07 5.00965e-07 3.02725e-07 1.73042e-07 9.21788e-08 4.46243e-08 1.87259e-08 6.12419e-09 1.11139e-09 0 
0 5.27392e-08 2.16814e-07 4.94602e-07 8.79384e-07 1.3554e-06 1.8988e-06 2.47948e-06 3.06355e-06 3.61624e-06 4.10479e-06 4.50124e-06 4.78453e-06 4.94191e-06 4.96955e-06 4.87218e-06 4.66209e-06 4.35748e-06 3.98047e-06 3.55505e-06 3.10498e-06 2.65216e-06 2.21526e-06 1.80898e-06 1.44363e-06 1.12526e-06 8.56052e-07 6.3499e-07 4.58626e-07 3.21932e-07 2.19069e-07 1.4402e-07 9.10452e-08 5.49834e-08 3.14167e-08 1.67316e-08 8.09888e-09 3.39836e-09 1.11139e-09 2.01686e-10 0 
0 0 0 0 0 0 0 0 0 0 0 0 0 0 0 0 0 0 0 0 0 0 0 0 0 0 0 0 0 0 0 0 0 0 0 0 0 0 0 0 0 
