0 0 0 0 0 0 0 0 0 0 0 0 0 0 0 0 0 0 0 0 0 0 0 0 0 0 0 0 0 0 0 0 0 0 0 0 0 0 0 0 0 
0 1.37757e-05 5.65521e-05 0.000128636 0.000227476 0.000347386 0.000479746 0.000614012 0.000739579 0.000847898 0.000933911 0.000996192 0.00103595 0.0010556 0.00105746 0.00104311 0.00101321 0.000967938 0.000907578 0.000833224 0.00074726 0.000653425 0.000556413 0.000461133 0.000371922 0.000291973 0.00022312 0.000165932 0.000120003 8.42768e-05 5.73496e-05 3.76947e-05 2.3823e-05 1.43836e-05 8.21717e-06 4.37574e-06 2.11793e-06 8.88672e-07 2.90623e-07 5.27398e-08 0 
0 5.65521e-05 0.000231675 0.000524583 0.000919315 0.00138143 0.00185912 0.00229318 0.00263491 0.00286228 0.0029835 0.00302707 0.00302697 0.0030113 0.00299706 0.00298937 0.0029827 0.00296317 0.0029119 0.0028099 0.00264415 0.00241293 0.00212781 0.00181077 0.00148781 0.00118213 0.000909918 0.000679443 0.000492417 0.00034618 0.000235686 0.000154944 9.79331e-05 5.91311e-05 3.37813e-05 1.7989e-05 8.707e-06 3.65341e-06 1.19478e-06 2.16818e-07 0 
0 0.000128636 0.000524583 0.0011756 0.00201711 0.00291668 0.00369 0.0041702 0.00429486 0.00413093 0.00381606 0.00348048 0.00320829 0.00303938 0.00298624 0.00304763 0.00321378 0.00346416 0.00376096 0.00404429 0.00423672 0.00426311 0.00408045 0.00369915 0.00317872 0.00260043 0.00203695 0.0015358 0.0011186 0.000788279 0.000537253 0.000353362 0.000223386 0.000134888 7.70631e-05 4.10376e-05 1.9863e-05 8.33442e-06 2.72561e-06 4.94621e-07 0 
0 0.000227476 0.000919315 0.00201711 0.0033121 0.00442127 0.00493204 0.00469585 0.00394502 0.00306289 0.00231228 0.00177802 0.0014444 0.00127038 0.00122452 0.0012943 0.00148569 0.00181853 0.00231568 0.0029802 0.00376032 0.00452085 0.00506208 0.00520837 0.00491204 0.00427602 0.00347826 0.002678 0.00197146 0.00139633 0.000953796 0.000627914 0.000397097 0.000239814 0.000137016 7.29649e-05 3.53166e-05 1.48187e-05 4.84618e-06 8.79443e-07 0 
0 0.000347386 0.00138143 0.00291668 0.00442127 0.00512177 0.0046213 0.00336097 0.00209839 0.00121632 0.000706319 0.000437996 0.000304289 0.000244342 0.000230124 0.000253952 0.000323538 0.000463535 0.000721242 0.00117024 0.00189528 0.00293219 0.00416267 0.00525897 0.00582546 0.00567854 0.00496003 0.00397589 0.00298813 0.00213712 0.00146604 0.00096682 0.000611837 0.000369592 0.000211182 0.000112464 5.44356e-05 2.2841e-05 7.46974e-06 1.35555e-06 0 
0 0.000479746 0.00185912 0.00369 0.00493204 0.0046213 0.00310775 0.00160368 0.000703219 0.0002919 0.000126275 6.1585e-05 3.59246e-05 2.60517e-05 2.39033e-05 2.76764e-05 3.96067e-05 6.76064e-05 0.000131426 0.000276011 0.000592241 0.00122747 0.00232745 0.00384661 0.00535286 0.00620358 0.00608316 0.00522022 0.00406625 0.00295797 0.00204416 0.00135212 0.000856642 0.000517686 0.000295844 0.000157558 7.62636e-05 3.20002e-05 1.04651e-05 1.89912e-06 0 
0 0.000614012 0.00229318 0.0041702 0.00469585 0.00336097 0.00160368 0.000568941 0.000171782 5.02408e-05 1.59384e-05 6.02458e-06 2.916e-06 1.89525e-06 1.68997e-06 2.05866e-06 3.33351e-06 6.8518e-06 1.68474e-05 4.63608e-05 0.000133292 0.000374378 0.000963573 0.00214075 0.00389972 0.00564351 0.00649824 0.00616628 0.00507394 0.00379019 0.00264985 0.00176096 0.00111764 0.000675837 0.000386307 0.000205751 9.95929e-05 4.17895e-05 1.36665e-05 2.48009e-06 0 
0 0.000739579 0.00263491 0.00429486 0.00394502 0.00209839 0.000703219 0.000171782 3.58131e-05 7.37802e-06 1.71113e-06 4.9908e-07 1.99571e-07 1.15875e-07 1.00244e-07 1.28481e-07 2.35779e-07 5.8508e-07 1.82456e-06 6.58972e-06 2.53667e-05 9.61587e-05 0.000333836 0.000993437 0.00238583 0.00440733 0.0061469 0.00663665 0.00588166 0.00455926 0.00324032 0.0021677 0.00137921 0.00083475 0.000477284 0.000254231 0.000123063 5.16383e-05 1.68875e-05 3.0646e-06 0 
0 0.000847898 0.00286228 0.00413093 0.00306289 0.00121632 0.0002919 5.02408e-05 7.37802e-06 1.08762e-06 1.86618e-07 4.23619e-08 1.40713e-08 7.31629e-09 6.1377e-09 8.2507e-09 1.70648e-08 5.07354e-08 1.98775e-07 9.31652e-07 4.73753e-06 2.38467e-05 0.000109507 0.000427201 0.00132831 0.00311189 0.00530022 0.00661637 0.00640752 0.00520101 0.00377443 0.00254659 0.00162547 0.000984901 0.000563348 0.000300111 0.000145278 6.09603e-05 1.99362e-05 3.61786e-06 0 
0 0.000933911 0.0029835 0.00381606 0.00231228 0.000706319 0.000126275 1.59384e-05 1.71113e-06 1.86618e-07 2.43803e-08 4.40719e-09 1.23587e-09 5.80445e-10 4.72665e-10 6.62157e-10 1.52351e-09 5.32689e-09 2.56263e-08 1.51878e-07 9.92038e-07 6.43726e-06 3.7897e-05 0.000187521 0.00073051 0.00211278 0.00433341 0.00624889 0.00664691 0.00567741 0.00421915 0.0028747 0.0018417 0.00111737 0.000639397 0.000340672 0.00016492 6.92033e-05 2.2632e-05 4.10708e-06 0 
0 0.000996192 0.00302707 0.00348048 0.00177802 0.000437996 6.1585e-05 6.02458e-06 4.9908e-07 4.23619e-08 4.40719e-09 6.58131e-10 1.59965e-10 6.88718e-11 5.45777e-11 7.8943e-11 1.98063e-10 7.91241e-10 4.51026e-09 3.24713e-08 2.61101e-07 2.09173e-06 1.51218e-05 9.09405e-05 0.000425564 0.00146148 0.00350305 0.00573822 0.00666375 0.00598304 0.00455407 0.00313428 0.0020157 0.0012246 0.000701074 0.000373589 0.000180863 7.58943e-05 2.48203e-05 4.5042e-06 0 
0 0.00103595 0.00302697 0.00320829 0.0014444 0.000304289 3.59246e-05 2.916e-06 1.99571e-07 1.40713e-08 1.23587e-09 1.59965e-10 3.48987e-11 1.40499e-11 1.08785e-11 1.60615e-11 4.28371e-11 1.8838e-10 1.21499e-09 1.00876e-08 9.45291e-08 8.84805e-07 7.44504e-06 5.16992e-05 0.000276781 0.00107823 0.00290343 0.00525139 0.00655177 0.00613834 0.00477184 0.00331401 0.00213874 0.00130097 0.000745109 0.000397108 0.000192257 8.06769e-05 2.63845e-05 4.78806e-06 0 
0 0.0010556 0.0030113 0.00303938 0.00127038 0.000244342 2.60517e-05 1.89525e-06 1.15875e-07 7.31629e-09 5.80445e-10 6.88718e-11 1.40499e-11 5.41533e-12 4.11842e-12 6.12851e-12 1.68777e-11 7.82796e-11 5.41614e-10 4.88311e-09 5.0046e-08 5.13574e-07 4.73054e-06 3.58094e-05 0.000207923 0.000874572 0.00253174 0.00488192 0.0063942 0.0061743 0.0048748 0.00340881 0.00220589 0.00134315 0.00076953 0.00041017 0.000198589 8.33347e-05 2.72538e-05 4.94583e-06 0 
0 0.00105746 0.00299706 0.00298624 0.00122452 0.000230124 2.39033e-05 1.68997e-06 1.00244e-07 6.1377e-09 4.72665e-10 5.45777e-11 1.08785e-11 4.11842e-12 3.09545e-12 4.58288e-12 1.26421e-11 5.91091e-11 4.14634e-10 3.80776e-09 3.9889e-08 4.19339e-07 3.96123e-06 3.07611e-05 0.000183248 0.000791247 0.00235354 0.00466036 0.00624077 0.00611705 0.00486982 0.00341872 0.00221599 0.00135018 0.000773744 0.000412453 0.0001997 8.38019e-05 2.74067e-05 4.97358e-06 0 
0 0.00104311 0.00298937 0.00304763 0.0012943 0.000253952 2.76764e-05 2.05866e-06 1.28481e-07 8.2507e-09 6.62157e-10 7.8943e-11 1.60615e-11 6.12851e-12 4.58288e-12 6.66885e-12 1.78909e-11 8.06773e-11 5.42702e-10 4.76508e-09 4.77075e-08 4.80217e-07 4.35926e-06 3.26896e-05 0.000189111 0.000797825 0.00233376 0.00457527 0.0061019 0.00597849 0.00476389 0.00334755 0.00217122 0.00132334 0.000758484 0.000404346 0.000195781 8.21582e-05 2.68693e-05 4.87606e-06 0 
0 0.00101321 0.0029827 0.00321378 0.00148569 0.000323538 3.96067e-05 3.33351e-06 2.35779e-07 1.70648e-08 1.52351e-09 1.98063e-10 4.28371e-11 1.68777e-11 1.26421e-11 1.78909e-11 4.54534e-11 1.89866e-10 1.16378e-09 9.21506e-09 8.28427e-08 7.49627e-07 6.15211e-06 4.20829e-05 0.000224487 0.000883461 0.00244077 0.00458473 0.00595204 0.00575413 0.00456209 0.00320166 0.00207648 0.00126583 0.000725633 0.000386866 0.000187325 7.86112e-05 2.57095e-05 4.6656e-06 0 
0 0.000967938 0.00296317 0.00346416 0.00181853 0.000463535 6.76064e-05 6.8518e-06 5.8508e-07 5.07354e-08 5.32689e-09 7.91241e-10 1.8838e-10 7.82796e-11 5.91091e-11 8.06773e-11 1.89866e-10 7.10127e-10 3.79747e-09 2.57889e-08 1.97217e-07 1.51806e-06 1.0671e-05 6.32741e-05 0.00029702 0.00104594 0.0026347 0.00461686 0.00573695 0.00542677 0.00426766 0.00298911 0.0019387 0.00118231 0.000677965 0.000361515 0.000175064 7.34687e-05 2.4028e-05 4.36048e-06 0 
0 0.000907578 0.0029119 0.00376096 0.00231568 0.000721242 0.000131426 1.68474e-05 1.82456e-06 1.98775e-07 2.56263e-08 4.51026e-09 1.21499e-09 5.41614e-10 4.14634e-10 5.42702e-10 1.16378e-09 3.79747e-09 1.7129e-08 9.58965e-08 5.97383e-07 3.73904e-06 2.15191e-05 0.000105886 0.000419932 0.00127626 0.002848 0.00456837 0.00538453 0.00497275 0.00388267 0.00271876 0.00176591 0.00107832 0.000618822 0.000330112 0.000159887 6.71047e-05 2.19473e-05 3.98295e-06 0 
0 0.000833224 0.0028099 0.00404429 0.0029802 0.00117024 0.000276011 4.63608e-05 6.58972e-06 9.31652e-07 1.51878e-07 3.24713e-08 1.00876e-08 4.88311e-09 3.80776e-09 4.76508e-09 9.21506e-09 2.57889e-08 9.58965e-08 4.30516e-07 2.11725e-06 1.04161e-05 4.73684e-05 0.000186577 0.000603743 0.00153587 0.00296973 0.00431388 0.0048193 0.00436685 0.00340719 0.00239842 0.00156601 0.000959611 0.00055176 0.000294613 0.000142753 5.99236e-05 1.96e-05 3.55704e-06 0 
0 0.00074726 0.00264415 0.00423672 0.00376032 0.00189528 0.000592241 0.000133292 2.53667e-05 4.73753e-06 9.92038e-07 2.61101e-07 9.45291e-08 5.0046e-08 3.9889e-08 4.77075e-08 8.28427e-08 1.97217e-07 5.97383e-07 2.11725e-06 8.06365e-06 3.04769e-05 0.000106664 0.000326594 0.000836603 0.00173424 0.0028543 0.00373461 0.0039781 0.00358288 0.00283528 0.00203188 0.00134529 0.000831434 0.000480205 0.000256941 0.000124609 5.23259e-05 1.71172e-05 3.1066e-06 0 
0 0.000653425 0.00241293 0.00426311 0.00452085 0.00293219 0.00122747 0.000374378 9.61587e-05 2.38467e-05 6.43726e-06 2.09173e-06 8.84805e-07 5.13574e-07 4.19339e-07 4.80217e-07 7.49627e-07 1.51806e-06 3.73904e-06 1.04161e-05 3.04769e-05 8.7373e-05 0.000231012 0.000536483 0.00105668 0.00173338 0.00237301 0.00276869 0.00283327 0.00259753 0.00215162 0.00161564 0.0011068 0.000697903 0.000407168 0.000218843 0.000106327 4.46798e-05 1.46196e-05 2.65354e-06 0 
0 0.000556413 0.00212781 0.00408045 0.00506208 0.00416267 0.00232745 0.000963573 0.000333836 0.000109507 3.7897e-05 1.51218e-05 7.44504e-06 4.73054e-06 3.96123e-06 4.35926e-06 6.15211e-06 1.0671e-05 2.15191e-05 4.73684e-05 0.000106664 0.000231012 0.000455776 0.000784335 0.00114502 0.00141289 0.00151919 0.00151363 0.00148403 0.00145067 0.00135484 0.00114362 0.000850737 0.000561887 0.000335132 0.000181808 8.86498e-05 3.72995e-05 1.221e-05 2.21652e-06 0 
0 0.000461133 0.00181077 0.00369915 0.00520837 0.00525897 0.00384661 0.00214075 0.000993437 0.000427201 0.000187521 9.09405e-05 5.16992e-05 3.58094e-05 3.07611e-05 3.26896e-05 4.20829e-05 6.32741e-05 0.000105886 0.000186577 0.000326594 0.000536483 0.000784335 0.000973246 0.000987272 0.000812633 0.000579935 0.000424054 0.000383329 0.000445877 0.000568479 0.000643342 0.000582248 0.00042641 0.000266254 0.000147062 7.21728e-05 3.04333e-05 9.96943e-06 1.81018e-06 0 
0 0.000371922 0.00148781 0.00317872 0.00491204 0.00582546 0.00535286 0.00389972 0.00238583 0.00132831 0.00073051 0.000425564 0.000276781 0.000207923 0.000183248 0.000189111 0.000224487 0.00029702 0.000419932 0.000603743 0.000836603 0.00105668 0.00114502 0.000987272 0.000614431 0.000255507 7.84972e-05 2.78206e-05 2.05952e-05 3.74781e-05 0.000104037 0.000236019 0.000329645 0.000298141 0.000202905 0.000115622 5.73382e-05 2.42581e-05 7.95464e-06 1.44478e-06 0 
0 0.000291973 0.00118213 0.00260043 0.00427602 0.00567854 0.00620358 0.00564351 0.00440733 0.00311189 0.00211278 0.00146148 0.00107823 0.000874572 0.000791247 0.000797825 0.000883461 0.00104594 0.00127626 0.00153587 0.00173424 0.00173338 0.00141289 0.000812633 0.000255507 3.27892e-05 1.9114e-06 1.46853e-07 7.09808e-08 3.44729e-07 4.99615e-06 4.60518e-05 0.000145381 0.000189618 0.000148059 8.83357e-05 4.44381e-05 1.88811e-05 6.19912e-06 1.12634e-06 0 
0 0.00022312 0.000909918 0.00203695 0.00347826 0.00496003 0.00608316 0.00649824 0.0061469 0.00530022 0.00433341 0.00350305 0.00290343 0.00253174 0.00235354 0.00233376 0.00244077 0.0026347 0.002848 0.00296973 0.0028543 0.00237301 0.00151919 0.000579935 7.84972e-05 1.9114e-06 9.00912e-09 6.39403e-11 1.59323e-11 3.68103e-10 6.97103e-08 5.27297e-06 5.31563e-05 0.000112916 0.000104549 6.57805e-05 3.36101e-05 1.43435e-05 4.71511e-06 8.56992e-07 0 
0 0.000165932 0.000679443 0.0015358 0.002678 0.00397589 0.00522022 0.00616628 0.00663665 0.00661637 0.00624889 0.00573822 0.00525139 0.00488192 0.00466036 0.00457527 0.00458473 0.00461686 0.00456837 0.00431388 0.00373461 0.00276869 0.00151363 0.000424054 2.78206e-05 1.46853e-07 6.39403e-11 4.60228e-14 6.03817e-15 6.25104e-13 1.36922e-09 7.39081e-07 2.1272e-05 6.88366e-05 7.32714e-05 4.8039e-05 2.48286e-05 1.0629e-05 3.49697e-06 6.35734e-07 0 
0 0.000120003 0.000492417 0.0011186 0.00197146 0.00298813 0.00406625 0.00507394 0.00588166 0.00640752 0.00664691 0.00666375 0.00655177 0.0063942 0.00624077 0.0061019 0.00595204 0.00573695 0.00538453 0.0048193 0.0039781 0.00283327 0.00148403 0.000383329 2.05952e-05 7.09808e-08 1.59323e-11 6.03817e-15 6.48265e-16 9.755e-14 4.00938e-10 3.57238e-07 1.33412e-05 4.76829e-05 5.23334e-05 3.45979e-05 1.79197e-05 7.67538e-06 2.52557e-06 4.59152e-07 0 
0 8.42768e-05 0.00034618 0.000788279 0.00139633 0.00213712 0.00295797 0.00379019 0.00455926 0.00520101 0.00567741 0.00598304 0.00613834 0.0061743 0.00611705 0.00597849 0.00575413 0.00542677 0.00497275 0.00436685 0.00358288 0.00259753 0.00145067 0.000445877 3.74781e-05 3.44729e-07 3.68103e-10 6.25104e-13 9.755e-14 4.94039e-12 3.61067e-09 8.11474e-07 1.45196e-05 3.85453e-05 3.82895e-05 2.45672e-05 1.26169e-05 5.39144e-06 1.77291e-06 3.22261e-07 0 
0 5.73496e-05 0.000235686 0.000537253 0.000953796 0.00146604 0.00204416 0.00264985 0.00324032 0.00377443 0.00421915 0.00455407 0.00477184 0.0048748 0.00486982 0.00476389 0.00456209 0.00426766 0.00388267 0.00340719 0.00283528 0.00215162 0.00135484 0.000568479 0.000104037 4.99615e-06 6.97103e-08 1.36922e-09 4.00938e-10 3.61067e-09 1.64877e-07 3.94085e-06 2.08602e-05 3.35174e-05 2.80374e-05 1.70677e-05 8.63342e-06 3.67358e-06 1.20659e-06 2.19251e-07 0 
0 3.76947e-05 0.000154944 0.000353362 0.000627914 0.00096682 0.00135212 0.00176096 0.0021677 0.00254659 0.0028747 0.00313428 0.00331401 0.00340881 0.00341872 0.00334755 0.00320166 0.00298911 0.00271876 0.00239842 0.00203188 0.00161564 0.00114362 0.000643342 0.000236019 4.60518e-05 5.27297e-06 7.39081e-07 3.57238e-07 8.11474e-07 3.94085e-06 1.47127e-05 2.73357e-05 2.79436e-05 1.98581e-05 1.14699e-05 5.71052e-06 2.41864e-06 7.93356e-07 1.44108e-07 0 
0 2.3823e-05 9.79331e-05 0.000223386 0.000397097 0.000611837 0.000856642 0.00111764 0.00137921 0.00162547 0.0018417 0.0020157 0.00213874 0.00220589 0.00221599 0.00217122 0.00207648 0.0019387 0.00176591 0.00156601 0.00134529 0.0011068 0.000850737 0.000582248 0.000329645 0.000145381 5.31563e-05 2.1272e-05 1.33412e-05 1.45196e-05 2.08602e-05 2.73357e-05 2.72417e-05 2.08883e-05 1.32783e-05 7.37921e-06 3.62852e-06 1.53096e-06 5.01604e-07 9.10824e-08 0 
0 1.43836e-05 5.91311e-05 0.000134888 0.000239814 0.000369592 0.000517686 0.000675837 0.00083475 0.000984901 0.00111737 0.0012246 0.00130097 0.00134315 0.00135018 0.00132334 0.00126583 0.00118231 0.00107832 0.000959611 0.000831434 0.000697903 0.000561887 0.00042641 0.000298141 0.000189618 0.000112916 6.88366e-05 4.76829e-05 3.85453e-05 3.35174e-05 2.79436e-05 2.08883e-05 1.38715e-05 8.29835e-06 4.50767e-06 2.19904e-06 9.25414e-07 3.02954e-07 5.49971e-08 0 
0 8.21717e-06 3.37813e-05 7.70631e-05 0.000137016 0.000211182 0.000295844 0.000386307 0.000477284 0.000563348 0.000639397 0.000701074 0.000745109 0.00076953 0.000773744 0.000758484 0.000725633 0.000677965 0.000618822 0.00055176 0.000480205 0.000407168 0.000335132 0.000266254 0.000202905 0.000148059 0.000104549 7.32714e-05 5.23334e-05 3.82895e-05 2.80374e-05 1.98581e-05 1.32783e-05 8.29835e-06 4.82709e-06 2.59215e-06 1.25912e-06 5.29069e-07 1.73114e-07 3.14212e-08 0 
0 4.37574e-06 1.7989e-05 4.10376e-05 7.29649e-05 0.000112464 0.000157558 0.000205751 0.000254231 0.000300111 0.000340672 0.000373589 0.000397108 0.00041017 0.000412453 0.000404346 0.000386866 0.000361515 0.000330112 0.000294613 0.000256941 0.000218843 0.000181808 0.000147062 0.000115622 8.83357e-05 6.57805e-05 4.8039e-05 3.45979e-05 2.45672e-05 1.70677e-05 1.14699e-05 7.37921e-06 4.50767e-06 2.59215e-06 1.38489e-06 6.71307e-07 2.81854e-07 9.2198e-08 1.67329e-08 0 
0 2.11793e-06 8.707e-06 1.9863e-05 3.53166e-05 5.44356e-05 7.62636e-05 9.95929e-05 0.000123063 0.000145278 0.00016492 0.000180863 0.000192257 0.000198589 0.0001997 0.000195781 0.000187325 0.000175064 0.000159887 0.000142753 0.000124609 0.000106327 8.86498e-05 7.21728e-05 5.73382e-05 4.44381e-05 3.36101e-05 2.48286e-05 1.79197e-05 1.26169e-05 8.63342e-06 5.71052e-06 3.62852e-06 2.19904e-06 1.25912e-06 6.71307e-07 3.25113e-07 1.36451e-07 4.46287e-08 8.09918e-09 0 
0 8.88672e-07 3.65341e-06 8.33442e-06 1.48187e-05 2.2841e-05 3.20002e-05 4.17895e-05 5.16383e-05 6.09603e-05 6.92033e-05 7.58943e-05 8.06769e-05 8.33347e-05 8.38019e-05 8.21582e-05 7.86112e-05 7.34687e-05 6.71047e-05 5.99236e-05 5.23259e-05 4.46798e-05 3.72995e-05 3.04333e-05 2.42581e-05 1.88811e-05 1.43435e-05 1.0629e-05 7.67538e-06 5.39144e-06 3.67358e-06 2.41864e-06 1.53096e-06 9.25414e-07 5.29069e-07 2.81854e-07 1.36451e-07 5.72601e-08 1.87267e-08 3.39842e-09 0 
0 2.90623e-07 1.19478e-06 2.72561e-06 4.84618e-06 7.46974e-06 1.04651e-05 1.36665e-05 1.68875e-05 1.99362e-05 2.2632e-05 2.48203e-05 2.63845e-05 2.72538e-05 2.74067e-05 2.68693e-05 2.57095e-05 2.4028e-05 2.19473e-05 1.96e-05 1.71172e-05 1.46196e-05 1.221e-05 9.96943e-06 7.95464e-06 6.19912e-06 4.71511e-06 3.49697e-06 2.52557e-06 1.77291e-06 1.20659e-06 7.93356e-07 5.01604e-07 3.02954e-07 1.73114e-07 9.2198e-08 4.46287e-08 1.87267e-08 6.12431e-09 1.1114e-09 0 
0 5.27398e-08 2.16818e-07 4.94621e-07 8.79443e-07 1.35555e-06 1.89912e-06 2.48009e-06 3.0646e-06 3.61786e-06 4.10708e-06 4.5042e-06 4.78806e-06 4.94583e-06 4.97358e-06 4.87606e-06 4.6656e-06 4.36048e-06 3.98295e-06 3.55704e-06 3.1066e-06 2.65354e-06 2.21652e-06 1.81018e-06 1.44478e-06 1.12634e-06 8.56992e-07 6.35734e-07 4.59152e-07 3.22261e-07 2.19251e-07 1.44108e-07 9.10824e-08 5.49971e-08 3.14212e-08 1.67329e-08 8.09918e-09 3.39842e-09 1.1114e-09 2.01687e-10 0 
0 0 0 0 0 0 0 0 0 0 0 0 0 0 0 0 0 0 0 0 0 0 0 0 0 0 0 0 0 0 0 0 0 0 0 0 0 0 0 0 0 
