0 0 0 0 0 0 0 0 0 0 0 0 0 0 0 0 0 0 0 0 0 0 0 0 0 0 0 0 0 0 0 0 0 0 0 0 0 0 0 0 0 
0 1.32501e-05 5.19045e-05 0.000108461 0.000167863 0.000213562 0.000236344 0.000237364 0.000224024 0.000204482 0.000184728 0.000168161 0.000156286 0.00014954 0.000147876 0.000151073 0.000158809 0.000170583 0.000185538 0.000202251 0.000218599 0.000231816 0.00023886 0.000237092 0.000225097 0.000203325 0.000174174 0.000141367 0.000108841 7.96939e-05 5.56496e-05 3.71245e-05 2.365e-05 1.43362e-05 8.20546e-06 4.37316e-06 2.11743e-06 8.88592e-07 2.90613e-07 5.27391e-08 0 
0 5.19045e-05 0.000189866 0.000347656 0.00043502 0.00041468 0.000326209 0.000227503 0.000149524 9.73713e-05 6.54488e-05 4.69116e-05 3.67343e-05 3.19071e-05 3.09272e-05 3.33574e-05 3.96106e-05 5.09178e-05 6.93723e-05 9.78629e-05 0.000139589 0.000196799 0.000268589 0.000348332 0.000422438 0.000472824 0.000483975 0.000451269 0.00038412 0.000300716 0.000218758 0.000149326 9.62629e-05 5.8685e-05 3.36744e-05 1.79662e-05 8.70274e-06 3.65275e-06 1.1947e-06 2.16813e-07 0 
0 0.000108461 0.000347656 0.000494461 0.000421214 0.000247953 0.000114418 4.59767e-05 1.75418e-05 6.85406e-06 2.93334e-06 1.45556e-06 8.74566e-07 6.53919e-07 6.14669e-07 7.21599e-07 1.03562e-06 1.7578e-06 3.38658e-06 7.0808e-06 1.5363e-05 3.31872e-05 6.88754e-05 0.000133375 0.00023539 0.000371205 0.000514056 0.000616724 0.000637631 0.000572126 0.000453686 0.000325291 0.000215093 0.000132712 7.65541e-05 4.09319e-05 1.98438e-05 8.3315e-06 2.72528e-06 4.946e-07 0 
0 0.000167863 0.00043502 0.000421214 0.000210555 6.62674e-05 1.53883e-05 3.00025e-06 5.53529e-07 1.085e-07 2.51635e-08 7.57263e-09 3.17299e-09 1.93475e-09 1.74436e-09 2.29858e-09 4.27023e-09 1.05814e-08 3.2657e-08 1.16469e-07 4.45407e-07 1.70463e-06 6.1556e-06 2.00325e-05 5.68757e-05 0.000137904 0.000281184 0.000474937 0.000654817 0.000732979 0.000675768 0.000530283 0.000367818 0.000232169 0.000135256 7.26072e-05 3.52532e-05 1.48093e-05 4.84512e-06 8.79378e-07 0 
0 0.000213562 0.00041468 0.000247953 6.62674e-05 9.98394e-06 1.01196e-06 8.13067e-08 6.12921e-09 5.13329e-10 5.59566e-11 9.09465e-12 2.44467e-12 1.15957e-12 9.9315e-13 1.50879e-12 3.85176e-12 1.52102e-11 8.38789e-11 5.77681e-10 4.44343e-09 3.4421e-08 2.45757e-07 1.50871e-06 7.58963e-06 3.04384e-05 9.6232e-05 0.000238825 0.00046169 0.000686607 0.000784487 0.000707936 0.000530987 0.000348228 0.000206292 0.000111485 5.42656e-05 2.28163e-05 7.46702e-06 1.35538e-06 0 
0 0.000236344 0.000326209 0.000114418 1.53883e-05 1.01196e-06 3.9855e-08 1.1626e-09 3.15324e-11 1.00073e-12 4.61059e-14 3.71089e-15 6.00978e-16 2.13963e-16 1.72809e-16 3.08855e-16 1.13342e-15 7.61713e-15 8.14387e-14 1.18804e-12 2.02836e-11 3.5154e-10 5.47214e-09 6.94565e-08 6.71688e-07 4.76066e-06 2.44194e-05 9.11846e-05 0.000250406 0.000505475 0.000743449 0.000805094 0.000674418 0.000468098 0.000284431 0.000155291 7.58756e-05 3.19448e-05 1.04591e-05 1.89876e-06 0 
0 0.000237364 0.000227503 4.59767e-05 3.00025e-06 8.13067e-08 1.1626e-09 1.14609e-11 1.04137e-13 1.17067e-15 2.14675e-17 8.31568e-19 9.59409e-20 3.73645e-20 3.15621e-20 4.92499e-20 1.92084e-19 2.09164e-18 4.51767e-17 1.47097e-15 5.89111e-14 2.41587e-12 8.66155e-11 2.39506e-09 4.67295e-08 6.10618e-07 5.24959e-06 3.00078e-05 0.000117095 0.000318785 0.000606637 0.000805529 0.000772786 0.000577734 0.000363359 0.000201196 9.88203e-05 4.16805e-05 1.36549e-05 2.47941e-06 0 
0 0.000224024 0.000149524 1.75418e-05 5.53529e-07 6.12921e-09 3.15324e-11 1.04137e-13 3.14299e-16 1.24598e-18 1.25227e-20 1.34516e-21 4.76594e-22 3.07486e-22 2.81197e-22 3.29963e-22 6.01123e-22 1.95692e-21 2.58362e-20 1.65361e-18 1.56133e-16 1.52497e-14 1.26741e-12 7.68558e-11 3.04668e-09 7.39451e-08 1.07271e-06 9.41121e-06 5.18263e-05 0.000187023 0.00045277 0.000735616 0.000817088 0.000665993 0.000436825 0.000246155 0.0001217 5.14477e-05 1.68673e-05 3.06345e-06 0 
0 0.000204482 9.73713e-05 6.85406e-06 1.085e-07 5.13329e-10 1.00073e-12 1.17067e-15 1.24598e-18 2.84837e-21 9.02976e-23 2.80126e-23 1.99036e-23 1.67959e-23 1.59483e-23 1.6347e-23 1.9119e-23 2.6313e-23 1.11424e-22 3.16029e-21 5.46185e-19 1.21262e-16 2.23787e-14 2.85902e-12 2.22209e-10 9.71935e-09 2.32175e-07 3.06469e-06 2.33603e-05 0.000109103 0.000327023 0.000637613 0.000816204 0.000727915 0.000499902 0.000287319 0.00014312 6.06606e-05 1.99048e-05 3.61607e-06 0 
0 0.000184728 6.54488e-05 2.93334e-06 2.51635e-08 5.59566e-11 4.61059e-14 2.14675e-17 1.25227e-20 9.02976e-23 5.60926e-24 2.16987e-24 2.00331e-24 1.96205e-24 1.90727e-24 1.8047e-24 1.66163e-24 1.55418e-24 3.30238e-24 3.95386e-23 4.02283e-21 1.63535e-18 6.12306e-16 1.51537e-13 2.14084e-11 1.58021e-09 5.88391e-08 1.11793e-06 1.13786e-05 6.65876e-05 0.000239182 0.000543695 0.000788516 0.000765108 0.000549781 0.000322383 0.000161829 6.87754e-05 2.25874e-05 4.10456e-06 0 
0 0.000168161 4.69116e-05 1.45556e-06 7.57263e-09 9.09465e-12 3.71089e-15 8.31568e-19 1.34516e-21 2.80126e-23 2.16988e-24 4.75518e-25 3.26479e-25 3.21651e-25 3.13706e-25 2.82822e-25 2.3152e-25 1.9275e-25 3.84385e-25 3.54071e-24 1.59302e-22 4.94516e-20 3.21792e-17 1.36611e-14 3.14272e-12 3.55591e-10 1.90306e-08 4.8719e-07 6.2838e-06 4.41675e-05 0.000183158 0.000469337 0.000752129 0.000783424 0.000585786 0.000349773 0.000176825 7.53362e-05 2.47624e-05 4.50095e-06 0 
0 0.000156286 3.67343e-05 8.74566e-07 3.17299e-09 2.44467e-12 6.00978e-16 9.59409e-20 4.76594e-22 1.99036e-23 2.00332e-24 3.26479e-25 1.00863e-25 6.80622e-26 6.08053e-26 5.24244e-26 4.15853e-26 4.22899e-26 1.35991e-25 1.24516e-24 3.18163e-23 4.56644e-21 3.82785e-18 2.39733e-15 7.83795e-13 1.20674e-10 8.39068e-09 2.66436e-07 4.07834e-06 3.27115e-05 0.000150221 0.00041856 0.00071983 0.000789829 0.00060873 0.000368649 0.000187416 8.00078e-05 2.63152e-05 4.78418e-06 0 
0 0.00014954 3.19071e-05 6.53919e-07 1.93475e-09 1.15957e-12 2.13963e-16 3.73645e-20 3.07486e-22 1.67959e-23 1.96205e-24 3.21652e-25 6.80623e-26 2.31729e-26 1.42198e-26 1.11064e-26 9.98036e-27 1.8654e-26 9.14184e-26 7.92136e-25 1.5256e-23 1.41511e-21 1.14243e-18 8.90817e-16 3.55436e-13 6.51604e-11 5.25559e-09 1.8858e-07 3.18123e-06 2.74976e-05 0.000133729 0.0003904 0.000698624 0.000790049 0.000620032 0.000378761 0.000193231 8.25938e-05 2.71771e-05 4.94153e-06 0 
0 0.000147876 3.09272e-05 6.14669e-07 1.74436e-09 9.9315e-13 1.72809e-16 3.15621e-20 2.81197e-22 1.59483e-23 1.90727e-24 3.13707e-25 6.08054e-26 1.42198e-26 4.98706e-27 3.12634e-27 4.16732e-27 1.43362e-26 8.22575e-26 7.08495e-25 1.30463e-23 1.12469e-21 8.8507e-19 7.21906e-16 3.00157e-13 5.70536e-11 4.74564e-09 1.74653e-07 3.00608e-06 2.63856e-05 0.000129835 0.000382769 0.000691157 0.000787446 0.000620972 0.000380265 0.0001942 8.30406e-05 2.73278e-05 4.96916e-06 0 
0 0.000151073 3.33574e-05 7.21599e-07 2.29858e-09 1.50879e-12 3.08855e-16 4.92499e-20 3.29963e-22 1.63471e-23 1.80471e-24 2.82823e-25 5.24245e-26 1.11064e-26 3.12634e-27 1.84614e-27 3.487e-27 1.46609e-26 8.96343e-26 8.4384e-25 1.83186e-23 2.03652e-21 1.72703e-18 1.24576e-15 4.63091e-13 7.98045e-11 6.10742e-09 2.09853e-07 3.41936e-06 2.87689e-05 0.000137062 0.000393936 0.000697029 0.000782785 0.000612297 0.000373579 0.000190521 8.1429e-05 2.67936e-05 4.87181e-06 0 
0 0.000158809 3.96106e-05 1.03562e-06 4.27023e-09 3.85176e-12 1.13342e-15 1.92084e-19 6.01123e-22 1.91191e-23 1.66163e-24 2.3152e-25 4.15854e-26 9.98037e-27 4.16732e-27 3.487e-27 5.76266e-27 1.99783e-26 1.23745e-25 1.42017e-24 4.77105e-23 9.75778e-21 7.79917e-18 4.26251e-15 1.23255e-12 1.7045e-10 1.0819e-08 3.1864e-07 4.59195e-06 3.51419e-05 0.00015572 0.000422478 0.000713296 0.000774463 0.000594179 0.000359316 0.000182615 7.79568e-05 2.56413e-05 4.66175e-06 0 
0 0.000170583 5.09178e-05 1.7578e-06 1.05814e-08 1.52102e-11 7.61713e-15 2.09164e-18 1.95692e-21 2.63131e-23 1.55418e-24 1.92751e-25 4.22899e-26 1.8654e-26 1.43361e-26 1.46609e-26 1.99782e-26 4.93975e-26 2.88669e-25 4.59974e-24 3.13215e-22 1.27505e-19 7.13834e-17 2.59256e-14 5.18194e-12 5.18452e-10 2.49896e-08 5.86702e-07 7.0591e-06 4.70025e-05 0.00018715 0.000466046 0.000734155 0.00075898 0.000566448 0.000338277 0.00017109 7.29146e-05 2.397e-05 4.35719e-06 0 
0 0.000185538 6.93723e-05 3.38658e-06 3.2657e-08 8.38789e-11 8.14387e-14 4.51767e-17 2.58362e-20 1.11424e-22 3.30238e-24 3.84385e-25 1.35991e-25 9.14182e-26 8.22573e-26 8.96342e-26 1.23745e-25 2.88669e-25 1.86461e-24 5.48359e-23 8.98474e-21 3.43427e-18 1.12283e-15 2.44791e-13 3.0832e-11 2.05683e-09 7.02214e-08 1.24109e-06 1.19156e-05 6.6661e-05 0.000232042 0.00051874 0.00075018 0.000731627 0.000528976 0.00031148 0.000156694 6.66571e-05 2.19002e-05 3.98025e-06 0 
0 0.000202251 9.78629e-05 7.0808e-06 1.16469e-07 5.77681e-10 1.18804e-12 1.47097e-15 1.65361e-18 3.16029e-21 3.95386e-23 3.54071e-24 1.24516e-24 7.92135e-25 7.08494e-25 8.43839e-25 1.42016e-24 4.59973e-24 5.48359e-23 3.61108e-21 6.81953e-19 1.4423e-16 2.53462e-14 3.08912e-12 2.29506e-10 9.61887e-09 2.20897e-07 2.81667e-06 2.088e-05 9.57624e-05 0.000286072 0.000566713 0.000747722 0.000687427 0.000482058 0.000280169 0.000140264 5.95717e-05 1.95625e-05 3.55488e-06 0 
0 0.000218599 0.000139589 1.5363e-05 4.45407e-07 4.44343e-09 2.02836e-11 5.89111e-14 1.56133e-16 5.46185e-19 4.02283e-21 1.59302e-22 3.18163e-23 1.5256e-23 1.30463e-23 1.83186e-23 4.77104e-23 3.13215e-22 8.98474e-21 6.81953e-19 7.06327e-17 7.56057e-15 6.84398e-13 4.46594e-11 1.87321e-09 4.72084e-08 6.99784e-07 6.22092e-06 3.47842e-05 0.000129205 0.000330264 0.000582765 0.000709493 0.000622248 0.000426659 0.00024577 0.000122665 5.20479e-05 1.70873e-05 3.10486e-06 0 
0 0.000231816 0.000196799 3.31872e-05 1.70463e-06 3.4421e-08 3.5154e-10 2.41587e-12 1.52497e-14 1.21262e-16 1.63535e-18 4.94516e-20 4.56644e-21 1.41511e-21 1.12469e-21 2.03652e-21 9.75778e-21 1.27505e-19 3.43427e-18 1.4423e-16 7.56057e-15 4.04892e-13 1.85911e-11 6.34502e-10 1.45001e-08 2.09141e-07 1.8905e-06 1.1171e-05 4.61501e-05 0.000140541 0.000318917 0.000525792 0.000617918 0.000533936 0.000364467 0.0002098 0.000104733 4.44495e-05 1.45946e-05 2.65207e-06 0 
0 0.00023886 0.000268589 6.88754e-05 6.1556e-06 2.45757e-07 5.47214e-09 8.66155e-11 1.26741e-12 2.23787e-14 6.12306e-16 3.21792e-17 3.82785e-18 1.14243e-18 8.8507e-19 1.72703e-18 7.79917e-18 7.13834e-17 1.12283e-15 2.53462e-14 6.84398e-13 1.85911e-11 4.34046e-10 7.58768e-09 8.88658e-08 6.5503e-07 3.11024e-06 1.07619e-05 3.17879e-05 8.62741e-05 0.00020258 0.000364545 0.000464558 0.00042378 0.000297866 0.000173778 8.72231e-05 3.70928e-05 1.21876e-05 2.2152e-06 0 
0 0.000237092 0.000348332 0.000133375 2.00325e-05 1.50871e-06 6.94565e-08 2.39506e-09 7.68558e-11 2.85902e-12 1.51537e-13 1.36611e-14 2.39733e-15 8.90817e-16 7.21906e-16 1.24576e-15 4.26251e-15 2.59256e-14 2.44791e-13 3.08912e-12 4.46594e-11 6.34502e-10 7.58768e-09 6.47724e-08 3.32854e-07 9.17864e-07 1.47753e-06 2.04059e-06 3.9593e-06 1.27471e-05 4.97355e-05 0.000149245 0.00027066 0.000299535 0.000230151 0.000139181 7.07784e-05 3.02333e-05 9.94798e-06 1.80893e-06 0 
0 0.000225097 0.000422438 0.00023539 5.68757e-05 7.58963e-06 6.71688e-07 4.67295e-08 3.04668e-09 2.22209e-10 2.14084e-11 3.14272e-12 7.83795e-13 3.55436e-13 3.00157e-13 4.63091e-13 1.23255e-12 5.18194e-12 3.0832e-11 2.29506e-10 1.87321e-09 1.45001e-08 8.88658e-08 3.32854e-07 5.31963e-07 2.64071e-07 4.85143e-08 9.84521e-09 9.87944e-09 7.86284e-08 1.67192e-06 2.26472e-05 0.000103597 0.00017962 0.000166087 0.000107482 5.59179e-05 2.40586e-05 7.93367e-06 1.44359e-06 0 
0 0.000203325 0.000472824 0.000371205 0.000137904 3.04384e-05 4.76066e-06 6.10618e-07 7.39451e-08 9.71935e-09 1.58021e-09 3.55591e-10 1.20674e-10 6.51604e-11 5.70536e-11 7.98045e-11 1.7045e-10 5.18452e-10 2.05683e-09 9.61887e-09 4.72084e-08 2.09141e-07 6.5503e-07 9.17864e-07 2.64071e-07 6.77303e-09 1.98388e-11 8.4718e-14 2.46049e-14 2.1917e-12 2.19859e-09 7.67795e-07 2.25725e-05 8.89525e-05 0.000111739 8.01074e-05 4.30245e-05 1.86872e-05 6.17922e-06 1.12523e-06 0 
0 0.000174174 0.000483975 0.000514056 0.000281184 9.6232e-05 2.44194e-05 5.24959e-06 1.07271e-06 2.32175e-07 5.88391e-08 1.90306e-08 8.39068e-09 5.25559e-09 4.74564e-09 6.10742e-09 1.0819e-08 2.49896e-08 7.02214e-08 2.20897e-07 6.99784e-07 1.8905e-06 3.11024e-06 1.47753e-06 4.85143e-08 1.98388e-11 2.55876e-16 2.65616e-15 1.6126e-15 2.84016e-15 1.45449e-13 7.17388e-09 3.20527e-06 3.89016e-05 7.1948e-05 5.81128e-05 3.23076e-05 1.41686e-05 4.69752e-06 8.56029e-07 0 
0 0.000141367 0.000451269 0.000616724 0.000474937 0.000238825 9.11846e-05 3.00078e-05 9.41121e-06 3.06469e-06 1.11793e-06 4.8719e-07 2.66436e-07 1.8858e-07 1.74653e-07 2.09853e-07 3.1864e-07 5.86702e-07 1.24109e-06 2.81667e-06 6.22092e-06 1.1171e-05 1.07619e-05 2.04059e-06 9.84521e-09 8.4718e-14 2.65616e-15 4.77024e-16 2.63804e-16 2.71882e-16 2.47501e-15 1.05692e-10 5.6979e-07 1.85153e-05 4.70936e-05 4.16874e-05 2.37576e-05 1.04872e-05 3.48291e-06 6.34973e-07 0 
0 0.000108841 0.00038412 0.000637631 0.000654817 0.00046169 0.000250406 0.000117095 5.18263e-05 2.33603e-05 1.13786e-05 6.2838e-06 4.07834e-06 3.18123e-06 3.00608e-06 3.41936e-06 4.59195e-06 7.0591e-06 1.19156e-05 2.088e-05 3.47842e-05 4.61501e-05 3.17879e-05 3.9593e-06 9.87944e-09 2.46049e-14 1.6126e-15 2.63804e-16 2.84799e-16 1.43325e-15 3.67834e-14 2.97427e-11 3.00097e-07 1.22949e-05 3.33988e-05 3.00114e-05 1.71519e-05 7.57441e-06 2.5156e-06 4.58614e-07 0 
0 7.96939e-05 0.000300716 0.000572126 0.000732979 0.000686607 0.000505475 0.000318785 0.000187023 0.000109103 6.65876e-05 4.41675e-05 3.27115e-05 2.74976e-05 2.63856e-05 2.87689e-05 3.51419e-05 4.70025e-05 6.6661e-05 9.57624e-05 0.000129205 0.000140541 8.62741e-05 1.27471e-05 7.86284e-08 2.1917e-12 2.84016e-15 2.71882e-16 1.43325e-15 2.06865e-16 5.20331e-16 3.48222e-10 6.03391e-07 1.21868e-05 2.60369e-05 2.17189e-05 1.21434e-05 5.32899e-06 1.76671e-06 3.21925e-07 0 
0 5.56496e-05 0.000218758 0.000453686 0.000675768 0.000784487 0.000743449 0.000606637 0.00045277 0.000327023 0.000239182 0.000183158 0.000150221 0.000133729 0.000129835 0.000137062 0.00015572 0.00018715 0.000232042 0.000286072 0.000330264 0.000318917 0.00020258 4.97355e-05 1.67192e-06 2.19859e-09 1.45449e-13 2.47501e-15 3.67834e-14 5.20331e-16 7.82237e-12 2.52127e-08 2.42992e-06 1.49381e-05 2.11902e-05 1.55657e-05 8.38404e-06 3.64023e-06 1.20323e-06 2.19065e-07 0 
0 3.71245e-05 0.000149326 0.000325291 0.000530283 0.000707936 0.000805094 0.000805529 0.000735616 0.000637613 0.000543695 0.000469337 0.00041856 0.0003904 0.000382769 0.000393936 0.000422478 0.000466046 0.00051874 0.000566713 0.000582765 0.000525792 0.000364545 0.000149245 2.26472e-05 7.67795e-07 7.17388e-09 1.05692e-10 2.97427e-11 3.48222e-10 2.52127e-08 1.01196e-06 8.21919e-06 1.73383e-05 1.66861e-05 1.08032e-05 5.59856e-06 2.4033e-06 7.91768e-07 1.44018e-07 0 
0 2.365e-05 9.62629e-05 0.000215093 0.000367818 0.000530987 0.000674418 0.000772786 0.000817088 0.000816204 0.000788516 0.000752129 0.00071983 0.000698624 0.000691157 0.000697029 0.000713296 0.000734155 0.00075018 0.000747722 0.000709493 0.000617918 0.000464558 0.00027066 0.000103597 2.25725e-05 3.20527e-06 5.6979e-07 3.00097e-07 6.03391e-07 2.42992e-06 8.21919e-06 1.53355e-05 1.63732e-05 1.20816e-05 7.13012e-06 3.58555e-06 1.52486e-06 5.00952e-07 9.10445e-08 0 
0 1.43362e-05 5.8685e-05 0.000132712 0.000232169 0.000348228 0.000468098 0.000577734 0.000665993 0.000727915 0.000765108 0.000783424 0.000789829 0.000790049 0.000787446 0.000782785 0.000774463 0.00075898 0.000731627 0.000687427 0.000622248 0.000533936 0.00042378 0.000299535 0.00017962 8.89525e-05 3.89016e-05 1.85153e-05 1.22949e-05 1.21868e-05 1.49381e-05 1.73383e-05 1.63732e-05 1.24205e-05 7.92728e-06 4.42876e-06 2.18487e-06 9.23317e-07 3.02721e-07 5.49831e-08 0 
0 8.20546e-06 3.36744e-05 7.65541e-05 0.000135256 0.000206292 0.000284431 0.000363359 0.000436825 0.000499902 0.000549781 0.000585786 0.00060873 0.000620032 0.000620972 0.000612297 0.000594179 0.000566448 0.000528976 0.000482058 0.000426659 0.000364467 0.000297866 0.000230151 0.000166087 0.000111739 7.1948e-05 4.70936e-05 3.33988e-05 2.60369e-05 2.11902e-05 1.66861e-05 1.20816e-05 7.92728e-06 4.73055e-06 2.57076e-06 1.25509e-06 5.28444e-07 1.73041e-07 3.14166e-08 0 
0 4.37316e-06 1.79662e-05 4.09319e-05 7.26072e-05 0.000111485 0.000155291 0.000201196 0.000246155 0.000287319 0.000322383 0.000349773 0.000368649 0.000378761 0.000380265 0.000373579 0.000359316 0.000338277 0.00031148 0.000280169 0.00024577 0.0002098 0.000173778 0.000139181 0.000107482 8.01074e-05 5.81128e-05 4.16874e-05 3.00114e-05 2.17189e-05 1.55657e-05 1.08032e-05 7.13012e-06 4.42876e-06 2.57076e-06 1.3799e-06 6.70319e-07 2.81693e-07 9.21784e-08 1.67316e-08 0 
0 2.11743e-06 8.70274e-06 1.98438e-05 3.52532e-05 5.42656e-05 7.58756e-05 9.88203e-05 0.0001217 0.00014312 0.000161829 0.000176825 0.000187416 0.000193231 0.0001942 0.000190521 0.000182615 0.00017109 0.000156694 0.000140264 0.000122665 0.000104733 8.72231e-05 7.07784e-05 5.59179e-05 4.30245e-05 3.23076e-05 2.37576e-05 1.71519e-05 1.21434e-05 8.38404e-06 5.59856e-06 3.58555e-06 2.18487e-06 1.25509e-06 6.70319e-07 3.24907e-07 1.36416e-07 4.46242e-08 8.09888e-09 0 
0 8.88592e-07 3.65275e-06 8.3315e-06 1.48093e-05 2.28163e-05 3.19448e-05 4.16805e-05 5.14477e-05 6.06606e-05 6.87754e-05 7.53362e-05 8.00078e-05 8.25938e-05 8.30406e-05 8.1429e-05 7.79568e-05 7.29146e-05 6.66571e-05 5.95717e-05 5.20479e-05 4.44495e-05 3.70928e-05 3.02333e-05 2.40586e-05 1.86872e-05 1.41686e-05 1.04872e-05 7.57441e-06 5.32899e-06 3.64023e-06 2.4033e-06 1.52486e-06 9.23317e-07 5.28444e-07 2.81693e-07 1.36416e-07 5.72538e-08 1.87258e-08 3.39836e-09 0 
0 2.90613e-07 1.1947e-06 2.72528e-06 4.84512e-06 7.46702e-06 1.04591e-05 1.36549e-05 1.68673e-05 1.99048e-05 2.25874e-05 2.47624e-05 2.63152e-05 2.71771e-05 2.73278e-05 2.67936e-05 2.56413e-05 2.397e-05 2.19002e-05 1.95625e-05 1.70873e-05 1.45946e-05 1.21876e-05 9.94798e-06 7.93367e-06 6.17922e-06 4.69752e-06 3.48291e-06 2.5156e-06 1.76671e-06 1.20323e-06 7.91768e-07 5.00952e-07 3.02721e-07 1.73041e-07 9.21784e-08 4.46242e-08 1.87258e-08 6.12419e-09 1.11139e-09 0 
0 5.27391e-08 2.16813e-07 4.946e-07 8.79378e-07 1.35538e-06 1.89876e-06 2.47941e-06 3.06345e-06 3.61607e-06 4.10456e-06 4.50095e-06 4.78418e-06 4.94153e-06 4.96916e-06 4.87181e-06 4.66175e-06 4.35719e-06 3.98025e-06 3.55488e-06 3.10486e-06 2.65207e-06 2.2152e-06 1.80893e-06 1.44359e-06 1.12523e-06 8.56029e-07 6.34973e-07 4.58614e-07 3.21925e-07 2.19065e-07 1.44018e-07 9.10445e-08 5.49831e-08 3.14166e-08 1.67316e-08 8.09888e-09 3.39836e-09 1.11139e-09 2.01686e-10 0 
0 0 0 0 0 0 0 0 0 0 0 0 0 0 0 0 0 0 0 0 0 0 0 0 0 0 0 0 0 0 0 0 0 0 0 0 0 0 0 0 0 
