0 0 0 0 0 0 0 0 0 0 0 0 0 0 0 0 0 0 0 0 0 0 0 0 0 0 0 0 0 0 0 0 0 0 0 0 0 0 0 0 0 
0 1.33338e-05 5.26183e-05 0.000111341 0.00017543 0.000228057 0.000258169 0.000264923 0.000254871 0.000236468 0.00021649 0.000199101 0.00018635 0.000178991 0.000177117 0.00018052 0.000188793 0.000201264 0.000216814 0.000233685 0.00024939 0.000260845 0.000264858 0.000258909 0.000242016 0.00021529 0.000181802 0.000145712 0.000111041 8.06826e-05 5.60446e-05 3.72652e-05 2.36948e-05 1.43489e-05 8.20871e-06 4.3739e-06 2.11758e-06 8.88616e-07 2.90616e-07 5.27393e-08 0 
0 5.26183e-05 0.000195898 0.000369901 0.000483211 0.000483741 0.000399113 0.000290431 0.000198015 0.000133047 9.17851e-05 6.71465e-05 5.3339e-05 4.66963e-05 4.5322e-05 4.86414e-05 5.71486e-05 7.23356e-05 9.66696e-05 0.000133377 0.000185668 0.000255019 0.000338515 0.000426238 0.000500991 0.000542834 0.00053802 0.000486905 0.000404079 0.000310239 0.000222665 0.00015072 9.67005e-05 5.88067e-05 3.37045e-05 1.79728e-05 8.70399e-06 3.65295e-06 1.19472e-06 2.16815e-07 0 
0 0.000111341 0.000369901 0.000559099 0.000514619 0.000327497 0.000162181 6.94834e-05 2.81327e-05 1.16067e-05 5.20927e-06 2.68627e-06 1.65897e-06 1.25947e-06 1.18701e-06 1.38037e-06 1.94112e-06 3.19914e-06 5.94374e-06 1.19306e-05 2.4795e-05 5.12838e-05 0.000101964 0.00018924 0.000319803 0.000481555 0.000634445 0.000722873 0.000711855 0.000613305 0.000472137 0.00033215 0.000217265 0.00013331 7.66987e-05 4.09627e-05 1.98495e-05 8.33237e-06 2.72538e-06 4.94606e-07 0 
0 0.00017543 0.000483211 0.000514619 0.000286186 9.9708e-05 2.55391e-05 5.49051e-06 1.11516e-06 2.39258e-07 6.0093e-08 1.92919e-08 8.46567e-09 5.29633e-09 4.79695e-09 6.22199e-09 1.11712e-08 2.63465e-08 7.64937e-08 2.5469e-07 9.06004e-07 3.22561e-06 1.08699e-05 3.31785e-05 8.88037e-05 0.000203531 0.000391547 0.000620345 0.000798445 0.000836777 0.000731208 0.000553033 0.000375346 0.000234261 0.000135757 7.27118e-05 3.52721e-05 1.48121e-05 4.84544e-06 8.79398e-07 0 
0 0.000228057 0.000483741 0.000327497 9.9708e-05 1.7141e-05 1.99603e-06 1.85286e-07 1.61285e-08 1.54675e-09 1.89994e-10 3.40181e-11 9.79917e-12 4.83054e-12 4.1659e-12 6.18138e-12 1.49953e-11 5.49919e-11 2.76732e-10 1.71887e-09 1.18542e-08 8.23023e-08 5.29029e-07 2.94854e-06 1.36124e-05 5.06452e-05 0.000149598 0.000346746 0.00062122 0.000850198 0.000898221 0.000763132 0.000550941 0.000353976 0.000207677 0.000111771 5.43163e-05 2.28238e-05 7.46785e-06 1.35543e-06 0 
0 0.000258169 0.000399113 0.000162181 2.55391e-05 1.99603e-06 9.49668e-08 3.37912e-09 1.11724e-10 4.27206e-12 2.31962e-13 2.13323e-14 3.80121e-15 1.42755e-15 1.1641e-15 2.01366e-15 6.88565e-15 4.17814e-14 3.93761e-13 4.98251e-12 7.31744e-11 1.08977e-09 1.46564e-08 1.62479e-07 1.39298e-06 8.90369e-06 4.18618e-05 0.000144772 0.000367952 0.000680347 0.000910448 0.000906884 0.000716528 0.000481042 0.000287621 0.00015595 7.59911e-05 3.19615e-05 1.04609e-05 1.89887e-06 0 
0 0.000264923 0.000290431 6.94834e-05 5.49051e-06 1.85286e-07 3.37912e-09 4.30366e-11 5.0476e-13 7.21578e-15 1.63586e-16 7.38129e-18 7.9805e-19 2.33673e-19 1.82135e-19 3.57144e-19 1.71332e-18 1.77267e-17 3.26816e-16 8.85246e-15 2.91864e-13 9.83873e-12 2.9185e-10 6.76533e-09 1.12705e-07 1.2853e-06 9.8687e-06 5.14054e-05 0.000184723 0.000461074 0.000794209 0.000953847 0.000845607 0.000602262 0.000369642 0.000202507 9.9049e-05 4.17133e-05 1.36584e-05 2.47962e-06 0 
0 0.000254871 0.000198015 2.81327e-05 1.11516e-06 1.61285e-08 1.11724e-10 5.0476e-13 2.08236e-15 1.10427e-17 1.07162e-19 3.98881e-21 8.82655e-22 4.51622e-22 3.89038e-22 5.40607e-22 1.28633e-21 8.59869e-21 2.46692e-19 1.42357e-17 1.06037e-15 8.1441e-14 5.36453e-12 2.61867e-10 8.539e-09 1.74952e-07 2.20375e-06 1.72539e-05 8.65615e-05 0.000286198 0.000627888 0.000915014 0.000923464 0.000705991 0.000447617 0.000248447 0.0001221 5.15048e-05 1.68734e-05 3.0638e-06 0 
0 0.000236468 0.000133047 1.16067e-05 2.39258e-07 1.54675e-09 4.27206e-12 7.21578e-15 1.10427e-17 2.41283e-20 2.51714e-22 2.50509e-23 1.06098e-23 8.00817e-24 7.40344e-24 8.10414e-24 1.15366e-23 3.65548e-23 4.34268e-22 3.15322e-20 4.97552e-18 8.34878e-16 1.17273e-13 1.16122e-11 7.17051e-10 2.56649e-08 5.18172e-07 5.9729e-06 4.08984e-05 0.000174265 0.000474399 0.000828017 0.000952027 0.00078531 0.00051633 0.000290893 0.000143747 6.07497e-05 1.99142e-05 3.61661e-06 0 
0 0.00021649 9.17851e-05 5.20927e-06 6.0093e-08 1.89994e-10 2.31962e-13 1.63586e-16 1.07162e-19 2.51714e-22 4.94185e-24 7.84816e-25 4.72974e-25 4.36322e-25 4.19614e-25 4.04079e-25 4.31262e-25 7.95517e-25 4.85393e-24 1.96659e-22 4.24131e-20 1.40606e-17 3.86851e-15 7.17777e-13 7.81605e-11 4.59476e-09 1.4122e-07 2.29734e-06 2.07072e-05 0.00010983 0.000358624 0.000730581 0.000945496 0.000839211 0.000572293 0.000327408 0.000162718 6.89016e-05 2.26008e-05 4.10532e-06 0 
0 0.000199101 6.71465e-05 2.68627e-06 1.92919e-08 3.40181e-11 2.13323e-14 7.38129e-18 3.98881e-21 2.50509e-23 7.84818e-25 8.84145e-26 4.31455e-26 4.12907e-26 4.02964e-26 3.63102e-26 3.34796e-26 5.00896e-26 2.7954e-25 7.83164e-24 1.0183e-21 4.96916e-19 2.36268e-16 7.31989e-14 1.26675e-11 1.11705e-09 4.84201e-08 1.04446e-06 1.1784e-05 7.45584e-05 0.000280941 0.000646408 0.000921653 0.000871335 0.00061395 0.000356215 0.000177976 7.54997e-05 2.47796e-05 4.50192e-06 0 
0 0.00018635 5.3339e-05 1.65897e-06 8.46567e-09 9.79917e-12 3.80121e-15 7.9805e-19 8.82655e-22 1.06098e-23 4.72976e-25 4.31457e-26 8.72138e-27 5.45299e-27 4.98304e-27 4.33006e-27 4.01948e-27 8.35366e-27 6.66578e-26 1.45541e-24 1.09685e-22 4.49667e-20 3.12309e-17 1.40063e-14 3.38599e-12 4.00134e-10 2.22357e-08 5.8822e-07 7.80574e-06 5.60499e-05 0.000233667 0.0005856 0.000895271 0.000887376 0.000641291 0.000376245 0.000188783 8.02024e-05 2.63357e-05 4.78534e-06 0 
0 0.000178991 4.66963e-05 1.25947e-06 5.29633e-09 4.83054e-12 1.42755e-15 2.33673e-19 4.51622e-22 8.00819e-24 4.36324e-25 4.12909e-26 5.45301e-27 1.31218e-27 7.63388e-28 6.36951e-28 8.70912e-28 3.88834e-27 3.78597e-26 7.10804e-25 3.97122e-23 1.17815e-20 9.85049e-18 5.44916e-15 1.59258e-12 2.22245e-10 1.42232e-08 4.22558e-07 6.14934e-06 4.74374e-05 0.000209317 0.000550345 0.000875698 0.000892648 0.000655154 0.000387058 0.000194732 8.28079e-05 2.71996e-05 4.9428e-06 0 
0 0.000177117 4.5322e-05 1.18701e-06 4.79695e-09 4.1659e-12 1.1641e-15 1.82135e-19 3.89038e-22 7.40346e-24 4.19615e-25 4.02966e-26 4.98306e-27 7.6339e-28 2.02291e-28 1.582e-28 4.78684e-28 3.26398e-27 3.32397e-26 6.08005e-25 3.21189e-23 8.87313e-21 7.6727e-18 4.43451e-15 1.34863e-12 1.94901e-10 1.28501e-08 3.91221e-07 5.8049e-06 4.54595e-05 0.000203032 0.000539621 0.000867131 0.000890584 0.000656554 0.000388709 0.000195732 8.32592e-05 2.73509e-05 4.97046e-06 0 
0 0.00018052 4.86414e-05 1.38037e-06 6.22199e-09 6.18138e-12 2.01366e-15 3.57144e-19 5.40607e-22 8.10416e-24 4.0408e-25 3.63103e-26 4.33008e-27 6.36953e-28 1.58199e-28 1.46243e-28 5.29862e-28 3.74142e-27 4.03574e-26 8.28015e-25 5.27883e-23 1.82207e-20 1.43608e-17 7.38148e-15 2.01953e-12 2.66074e-10 1.6219e-08 4.62941e-07 6.52514e-06 4.91046e-05 0.000212646 0.000551463 0.000869575 0.000882202 0.00064628 0.000381615 0.000191977 8.16371e-05 2.68155e-05 4.87305e-06 0 
0 0.000188793 5.71486e-05 1.94112e-06 1.11712e-08 1.49953e-11 6.88565e-15 1.71332e-18 1.28633e-21 1.15366e-23 4.31264e-25 3.34797e-26 4.01949e-27 8.70911e-28 4.78681e-28 5.2986e-28 1.19423e-27 6.6171e-27 7.75175e-26 2.1082e-24 2.03442e-22 9.72395e-20 5.94991e-17 2.34894e-14 5.06418e-12 5.4162e-10 2.76602e-08 6.8261e-07 8.56973e-06 5.89525e-05 0.000238009 0.000583159 0.000879433 0.000866236 0.00062481 0.000366484 0.00018391 7.8142e-05 2.56609e-05 4.66287e-06 0 
0 0.000201264 7.23356e-05 3.19914e-06 2.63465e-08 5.49919e-11 4.17814e-14 1.77267e-17 8.59869e-21 3.65548e-23 7.95519e-25 5.00897e-26 8.35365e-27 3.88832e-27 3.26397e-27 3.7414e-27 6.61708e-27 2.67383e-26 3.33686e-25 1.42431e-23 2.55906e-21 1.18271e-18 4.81098e-16 1.28815e-13 1.95534e-11 1.53796e-09 6.05062e-08 1.20503e-06 1.27567e-05 7.68689e-05 0.000279703 0.000629837 0.000889567 0.00083971 0.000592489 0.000344281 0.00017217 7.30692e-05 2.39864e-05 4.35813e-06 0 
0 0.000216814 9.66696e-05 5.94374e-06 7.64937e-08 2.76732e-10 3.93761e-13 3.26816e-16 2.46692e-19 4.34268e-22 4.85393e-24 2.7954e-25 6.66576e-26 3.78596e-26 3.32395e-26 4.03572e-26 7.75173e-26 3.33686e-25 5.32986e-24 3.87859e-22 9.16629e-20 2.68292e-17 6.49555e-15 1.07015e-12 1.04675e-10 5.5998e-09 1.58781e-07 2.41603e-06 2.06506e-05 0.000105359 0.000336311 0.000681551 0.0008892 0.000798817 0.000549832 0.000316213 0.000157542 6.67787e-05 2.19131e-05 3.981e-06 0 
0 0.000233685 0.000133377 1.19306e-05 2.5469e-07 1.71887e-09 4.98251e-12 8.85246e-15 1.42357e-17 3.15322e-20 1.96659e-22 7.83163e-24 1.45541e-24 7.10802e-25 6.08003e-25 8.28014e-25 2.10819e-24 1.4243e-23 3.87859e-22 3.77212e-20 5.75739e-18 9.20574e-16 1.23378e-13 1.1677e-11 6.90522e-10 2.37216e-08 4.61139e-07 5.14384e-06 3.43676e-05 0.000144874 0.000398529 0.000719284 0.000864345 0.000739964 0.000497808 0.000283699 0.000140896 5.96627e-05 1.95723e-05 3.55544e-06 0 
0 0.00024939 0.000185668 2.4795e-05 9.06004e-07 1.18542e-08 7.31744e-11 2.91864e-13 1.06037e-15 4.97552e-18 4.24131e-20 1.0183e-21 1.09685e-22 3.97122e-23 3.21188e-23 5.27883e-23 2.03442e-22 2.55906e-21 9.16629e-20 5.75739e-18 4.6642e-16 3.89489e-14 2.77205e-12 1.44475e-10 4.94776e-09 1.04541e-07 1.33752e-06 1.05682e-05 5.38832e-05 0.000185333 0.000438793 0.000711733 0.000799405 0.000660738 0.00043796 0.000248292 0.000123118 5.21136e-05 1.70944e-05 3.10527e-06 0 
0 0.000260845 0.000255019 5.12838e-05 3.22561e-06 8.23023e-08 1.08977e-09 9.83873e-12 8.1441e-14 8.34878e-16 1.40606e-17 4.96916e-19 4.49667e-20 1.17815e-20 8.87313e-21 1.82207e-20 9.72395e-20 1.18271e-18 2.68292e-17 9.20574e-16 3.89489e-14 1.67946e-12 6.24765e-11 1.75119e-09 3.35189e-08 4.14746e-07 3.30105e-06 1.76122e-05 6.7056e-05 0.000190422 0.000403391 0.000618876 0.000680679 0.000560609 0.000372336 0.000211572 0.000105054 4.44964e-05 1.45997e-05 2.65237e-06 0 
0 0.000264858 0.000338515 0.000101964 1.08699e-05 5.29029e-07 1.46564e-08 2.9185e-10 5.36453e-12 1.17273e-13 3.86851e-15 2.36268e-16 3.12309e-17 9.85049e-18 7.6727e-18 1.43608e-17 5.94991e-17 4.81098e-16 6.49555e-15 1.23378e-13 2.77205e-12 6.24765e-11 1.2162e-09 1.79451e-08 1.80766e-07 1.17349e-06 5.03012e-06 1.60343e-05 4.41673e-05 0.000112344 0.000247484 0.000418263 0.000504188 0.000441809 0.00030341 0.000175054 8.74575e-05 3.71273e-05 1.21914e-05 2.21542e-06 0 
0 0.000258909 0.000426238 0.00018924 3.31785e-05 2.94854e-06 1.62479e-07 6.76533e-09 2.61867e-10 1.16122e-11 7.17777e-13 7.31989e-14 1.40063e-14 5.44916e-15 4.43451e-15 7.38148e-15 2.34894e-14 1.28815e-13 1.07015e-12 1.1677e-11 1.44475e-10 1.75119e-09 1.79451e-08 1.32999e-07 6.07169e-07 1.53453e-06 2.33391e-06 3.08994e-06 5.69499e-06 1.70754e-05 6.14899e-05 0.00017147 0.000293366 0.000311952 0.000234308 0.000140169 7.09612e-05 3.02602e-05 9.95091e-06 1.8091e-06 0 
0 0.000242016 0.000500991 0.000319803 8.88037e-05 1.36124e-05 1.39298e-06 1.12705e-07 8.539e-09 7.17051e-10 7.81605e-11 1.26675e-11 3.38599e-12 1.59258e-12 1.34863e-12 2.01953e-12 5.06418e-12 1.95534e-11 1.04675e-10 6.90522e-10 4.94776e-09 3.35189e-08 1.80766e-07 6.07169e-07 9.04559e-07 4.43537e-07 8.49483e-08 1.8078e-08 1.7813e-08 1.26743e-07 2.31123e-06 2.7392e-05 0.00011452 0.000188348 0.000169453 0.000108312 5.60714e-05 2.40809e-05 7.93606e-06 1.44373e-06 0 
0 0.00021529 0.000542834 0.000481555 0.000203531 5.06452e-05 8.90369e-06 1.2853e-06 1.74952e-07 2.56649e-08 4.59476e-09 1.11705e-09 4.00134e-10 2.22245e-10 1.94901e-10 2.66074e-10 5.4162e-10 1.53796e-09 5.5998e-09 2.37216e-08 1.04541e-07 4.14746e-07 1.17349e-06 1.53453e-06 4.43537e-07 1.28437e-08 4.72784e-11 2.6342e-13 8.32712e-14 5.47189e-12 3.96666e-09 1.05243e-06 2.61576e-05 9.47385e-05 0.000114543 8.0834e-05 4.31579e-05 1.87062e-05 6.18121e-06 1.12534e-06 0 
0 0.000181802 0.00053802 0.000634445 0.000391547 0.000149598 4.18618e-05 9.8687e-06 2.20375e-06 5.18172e-07 1.4122e-07 4.84201e-08 2.22357e-08 1.42232e-08 1.28501e-08 1.6219e-08 2.76602e-08 6.05062e-08 1.58781e-07 4.61139e-07 1.33752e-06 3.30105e-06 5.03012e-06 2.33391e-06 8.49483e-08 4.72784e-11 5.26693e-16 2.26826e-15 2.4937e-15 4.13655e-16 3.93309e-13 1.18858e-08 3.98057e-06 4.23251e-05 7.41957e-05 5.87319e-05 3.24204e-05 1.41843e-05 4.69913e-06 8.56119e-07 0 
0 0.000145712 0.000486905 0.000722873 0.000620345 0.000346746 0.000144772 5.14054e-05 1.72539e-05 5.9729e-06 2.29734e-06 1.04446e-06 5.8822e-07 4.22558e-07 3.91221e-07 4.62941e-07 6.8261e-07 1.20503e-06 2.41603e-06 5.14384e-06 1.05682e-05 1.76122e-05 1.60343e-05 3.08994e-06 1.8078e-08 2.6342e-13 2.26826e-15 2.54276e-16 2.08832e-16 3.8487e-17 1.34996e-16 2.08988e-10 7.52588e-07 2.05051e-05 4.87829e-05 4.21751e-05 2.38459e-05 1.04993e-05 3.48414e-06 6.3504e-07 0 
0 0.000111041 0.000404079 0.000711855 0.000798445 0.00062122 0.000367952 0.000184723 8.65615e-05 4.08984e-05 2.07072e-05 1.1784e-05 7.80574e-06 6.14934e-06 5.8049e-06 6.52514e-06 8.56973e-06 1.27567e-05 2.06506e-05 3.43676e-05 5.38832e-05 6.7056e-05 4.41673e-05 5.69499e-06 1.7813e-08 8.32712e-14 2.4937e-15 2.08832e-16 5.56471e-17 1.07928e-16 3.96986e-15 6.14895e-11 4.01605e-07 1.36514e-05 3.45982e-05 3.03557e-05 1.72134e-05 7.58276e-06 2.51644e-06 4.5866e-07 0 
0 8.06826e-05 0.000310239 0.000613305 0.000836777 0.000850198 0.000680347 0.000461074 0.000286198 0.000174265 0.00010983 7.45584e-05 5.60499e-05 4.74374e-05 4.54595e-05 4.91046e-05 5.89525e-05 7.68689e-05 0.000105359 0.000144874 0.000185333 0.000190422 0.000112344 1.70754e-05 1.26743e-07 5.47189e-12 4.13655e-16 3.8487e-17 1.07928e-16 7.64987e-17 1.72655e-15 6.30312e-10 7.69587e-07 1.33158e-05 2.6832e-05 2.19321e-05 1.21808e-05 5.33405e-06 1.76722e-06 3.21953e-07 0 
0 5.60446e-05 0.000222665 0.000472137 0.000731208 0.000898221 0.000910448 0.000794209 0.000627888 0.000474399 0.000358624 0.000280941 0.000233667 0.000209317 0.000203032 0.000212646 0.000238009 0.000279703 0.000336311 0.000398529 0.000438793 0.000403391 0.000247484 6.14899e-05 2.31123e-06 3.96666e-09 3.93309e-13 1.34996e-16 3.96986e-15 1.72655e-15 1.66428e-11 3.70156e-08 2.86262e-06 1.58949e-05 2.16564e-05 1.5679e-05 8.40364e-06 3.6429e-06 1.2035e-06 2.19081e-07 0 
0 3.72652e-05 0.00015072 0.00033215 0.000553033 0.000763132 0.000906884 0.000953847 0.000915014 0.000828017 0.000730581 0.000646408 0.0005856 0.000550345 0.000539621 0.000551463 0.000583159 0.000629837 0.000681551 0.000719284 0.000711733 0.000618876 0.000418263 0.00017147 2.7392e-05 1.05243e-06 1.18858e-08 2.08988e-10 6.14895e-11 6.30312e-10 3.70156e-08 1.24004e-06 9.00795e-06 1.79864e-05 1.69132e-05 1.08541e-05 5.60735e-06 2.40452e-06 7.91896e-07 1.44026e-07 0 
0 2.36948e-05 9.67005e-05 0.000217265 0.000375346 0.000550941 0.000716528 0.000845607 0.000923464 0.000952027 0.000945496 0.000921653 0.000895271 0.000875698 0.000867131 0.000869575 0.000879433 0.000889567 0.0008892 0.000864345 0.000799405 0.000680679 0.000504188 0.000293366 0.00011452 2.61576e-05 3.98057e-06 7.52588e-07 4.01605e-07 7.69587e-07 2.86262e-06 9.00795e-06 1.60255e-05 1.66838e-05 1.21707e-05 7.14934e-06 3.58893e-06 1.52534e-06 5.01004e-07 9.10475e-08 0 
0 1.43489e-05 5.88067e-05 0.00013331 0.000234261 0.000353976 0.000481042 0.000602262 0.000705991 0.00078531 0.000839211 0.000871335 0.000887376 0.000892648 0.000890584 0.000882202 0.000866236 0.00083971 0.000798817 0.000739964 0.000660738 0.000560609 0.000441809 0.000311952 0.000188348 9.47385e-05 4.23251e-05 2.05051e-05 1.36514e-05 1.33158e-05 1.58949e-05 1.79864e-05 1.66838e-05 1.25273e-05 7.9556e-06 4.4349e-06 2.18599e-06 9.23483e-07 3.02739e-07 5.49842e-08 0 
0 8.20871e-06 3.37045e-05 7.66987e-05 0.000135757 0.000207677 0.000287621 0.000369642 0.000447617 0.00051633 0.000572293 0.00061395 0.000641291 0.000655154 0.000656554 0.00064628 0.00062481 0.000592489 0.000549832 0.000497808 0.00043796 0.000372336 0.00030341 0.000234308 0.000169453 0.000114543 7.41957e-05 4.87829e-05 3.45982e-05 2.6832e-05 2.16564e-05 1.69132e-05 1.21707e-05 7.9556e-06 4.73803e-06 2.57243e-06 1.25541e-06 5.28493e-07 1.73047e-07 3.1417e-08 0 
0 4.3739e-06 1.79728e-05 4.09627e-05 7.27118e-05 0.000111771 0.00015595 0.000202507 0.000248447 0.000290893 0.000327408 0.000356215 0.000376245 0.000387058 0.000388709 0.000381615 0.000366484 0.000344281 0.000316213 0.000283699 0.000248292 0.000211572 0.000175054 0.000140169 0.000108312 8.0834e-05 5.87319e-05 4.21751e-05 3.03557e-05 2.19321e-05 1.5679e-05 1.08541e-05 7.14934e-06 4.4349e-06 2.57243e-06 1.3803e-06 6.70397e-07 2.81706e-07 9.21799e-08 1.67317e-08 0 
0 2.11758e-06 8.70399e-06 1.98495e-05 3.52721e-05 5.43163e-05 7.59911e-05 9.9049e-05 0.0001221 0.000143747 0.000162718 0.000177976 0.000188783 0.000194732 0.000195732 0.000191977 0.00018391 0.00017217 0.000157542 0.000140896 0.000123118 0.000105054 8.74575e-05 7.09612e-05 5.60714e-05 4.31579e-05 3.24204e-05 2.38459e-05 1.72134e-05 1.21808e-05 8.40364e-06 5.60735e-06 3.58893e-06 2.18599e-06 1.25541e-06 6.70397e-07 3.24923e-07 1.36419e-07 4.46246e-08 8.0989e-09 0 
0 8.88616e-07 3.65295e-06 8.33237e-06 1.48121e-05 2.28238e-05 3.19615e-05 4.17133e-05 5.15048e-05 6.07497e-05 6.89016e-05 7.54997e-05 8.02024e-05 8.28079e-05 8.32592e-05 8.16371e-05 7.8142e-05 7.30692e-05 6.67787e-05 5.96627e-05 5.21136e-05 4.44964e-05 3.71273e-05 3.02602e-05 2.40809e-05 1.87062e-05 1.41843e-05 1.04993e-05 7.58276e-06 5.33405e-06 3.6429e-06 2.40452e-06 1.52534e-06 9.23483e-07 5.28493e-07 2.81706e-07 1.36419e-07 5.72543e-08 1.87259e-08 3.39836e-09 0 
0 2.90616e-07 1.19472e-06 2.72538e-06 4.84544e-06 7.46785e-06 1.04609e-05 1.36584e-05 1.68734e-05 1.99142e-05 2.26008e-05 2.47796e-05 2.63357e-05 2.71996e-05 2.73509e-05 2.68155e-05 2.56609e-05 2.39864e-05 2.19131e-05 1.95723e-05 1.70944e-05 1.45997e-05 1.21914e-05 9.95091e-06 7.93606e-06 6.18121e-06 4.69913e-06 3.48414e-06 2.51644e-06 1.76722e-06 1.2035e-06 7.91896e-07 5.01004e-07 3.02739e-07 1.73047e-07 9.21799e-08 4.46246e-08 1.87259e-08 6.1242e-09 1.11139e-09 0 
0 5.27393e-08 2.16815e-07 4.94606e-07 8.79398e-07 1.35543e-06 1.89887e-06 2.47962e-06 3.0638e-06 3.61661e-06 4.10532e-06 4.50192e-06 4.78534e-06 4.9428e-06 4.97046e-06 4.87305e-06 4.66287e-06 4.35813e-06 3.981e-06 3.55544e-06 3.10527e-06 2.65237e-06 2.21542e-06 1.8091e-06 1.44373e-06 1.12534e-06 8.56119e-07 6.3504e-07 4.5866e-07 3.21953e-07 2.19081e-07 1.44026e-07 9.10475e-08 5.49842e-08 3.1417e-08 1.67317e-08 8.0989e-09 3.39836e-09 1.11139e-09 2.01686e-10 0 
0 0 0 0 0 0 0 0 0 0 0 0 0 0 0 0 0 0 0 0 0 0 0 0 0 0 0 0 0 0 0 0 0 0 0 0 0 0 0 0 0 
