0 0 0 0 0 0 0 0 0 0 0 0 0 0 0 0 0 0 0 0 0 0 0 0 0 0 0 0 0 0 0 0 0 0 0 0 0 0 0 0 0 
0 1.31475e-05 5.10431e-05 0.000105096 0.000159421 0.000198256 0.000214549 0.000211193 0.000195936 0.000176313 0.000157455 0.000142076 0.000131244 0.000125167 0.00012371 0.00012665 0.000133734 0.000144596 0.000158587 0.000174565 0.000190742 0.000204693 0.00021363 0.000214969 0.00020707 0.000189865 0.000165089 0.000135884 0.000105905 7.83041e-05 5.50682e-05 3.69091e-05 2.35791e-05 1.43154e-05 8.20004e-06 4.37192e-06 2.11719e-06 8.88551e-07 2.90608e-07 5.27388e-08 0 
0 5.10431e-05 0.000182776 0.000322909 0.000385572 0.000350032 0.000263622 0.000177267 0.000112979 7.16587e-05 4.71038e-05 3.31668e-05 2.56448e-05 2.212e-05 2.14163e-05 2.32032e-05 2.78166e-05 3.62498e-05 5.02265e-05 7.2212e-05 0.000105119 0.000151393 0.000211295 0.000280682 0.000349485 0.000402711 0.000425276 0.000409232 0.000358637 0.000287658 0.000213065 0.000147191 9.55656e-05 5.84849e-05 3.36237e-05 1.79549e-05 8.70056e-06 3.6524e-06 1.19466e-06 2.1681e-07 0 
0 0.000105096 0.000322909 0.000429249 0.00033837 0.000185708 8.07165e-05 3.07133e-05 1.11242e-05 4.13909e-06 1.69601e-06 8.12185e-07 4.75691e-07 3.50656e-07 3.28801e-07 3.89448e-07 5.69679e-07 9.93811e-07 1.98006e-06 4.29744e-06 9.69207e-06 2.17489e-05 4.67936e-05 9.37397e-05 0.000171031 0.000279484 0.000403289 0.000507413 0.000551917 0.000519268 0.000427792 0.00031497 0.00021165 0.000131728 7.63095e-05 4.08788e-05 1.98339e-05 8.32995e-06 2.72509e-06 4.94588e-07 0 
0 0.000159421 0.000385572 0.00033837 0.000153393 4.42258e-05 9.42669e-06 1.68288e-06 2.84164e-07 5.11977e-08 1.10169e-08 3.11906e-09 1.25092e-09 7.44361e-10 6.68206e-10 8.93847e-10 1.71529e-09 4.45431e-09 1.45637e-08 5.54088e-08 2.2672e-07 9.27665e-07 3.56683e-06 1.22786e-05 3.66016e-05 9.26497e-05 0.000197127 0.000349838 0.000512587 0.000614214 0.000603572 0.000497462 0.000356127 0.000228752 0.000134409 7.24265e-05 3.52202e-05 1.48043e-05 4.84455e-06 8.79343e-07 0 
0 0.000198256 0.000350032 0.000185708 4.42258e-05 5.9272e-06 5.2929e-07 3.71806e-08 2.44849e-09 1.80422e-10 1.75588e-11 2.60202e-12 6.54503e-13 2.99123e-13 2.54481e-13 3.95503e-13 1.06052e-12 4.49573e-12 2.70553e-11 2.05537e-10 1.75292e-09 1.5054e-08 1.18573e-07 7.95799e-07 4.32363e-06 1.84772e-05 6.15539e-05 0.000160393 0.000328249 0.000525174 0.000651776 0.000633638 0.000501151 0.00033901 0.00020397 0.000110992 5.41768e-05 2.28031e-05 7.46554e-06 1.35529e-06 0 
0 0.000214549 0.000263622 8.07165e-05 9.42669e-06 5.2929e-07 1.74766e-08 4.22825e-10 9.50711e-12 2.52683e-13 9.94579e-15 7.03547e-16 1.03742e-16 3.50407e-17 2.80335e-17 5.17311e-17 2.03536e-16 1.51157e-15 1.82574e-14 3.05243e-13 6.01503e-12 1.20364e-10 2.15093e-09 3.1001e-08 3.3526e-07 2.60872e-06 1.44091e-05 5.7043e-05 0.000165366 0.000356698 0.000572058 0.000680033 0.000614814 0.000447938 0.000279161 0.000154164 7.56739e-05 3.19152e-05 1.04558e-05 1.89857e-06 0 
0 0.000211193 0.000177267 3.07133e-05 1.68288e-06 3.71806e-08 4.22825e-10 3.27048e-12 2.33049e-14 2.08006e-16 3.13064e-18 1.42737e-19 5.03138e-20 4.17399e-20 3.97677e-20 4.10537e-20 5.71996e-20 3.03488e-19 6.89107e-18 2.67719e-16 1.2924e-14 6.3882e-13 2.74132e-11 8.95473e-10 2.02685e-08 3.00538e-07 2.86062e-06 1.76716e-05 7.32632e-05 0.000211877 0.000436673 0.000640864 0.000676395 0.000540964 0.000353184 0.000198976 9.84232e-05 4.16228e-05 1.36486e-05 2.47904e-06 0 
0 0.000195936 0.000112979 1.11242e-05 2.84164e-07 2.44849e-09 9.50711e-12 2.33049e-14 5.21226e-17 1.6663e-19 5.82926e-21 2.12324e-21 1.86412e-21 2.1102e-21 2.12016e-21 1.85409e-21 1.55754e-21 2.19048e-21 7.08522e-21 2.20529e-19 2.53361e-17 3.11642e-15 3.23193e-13 2.40731e-11 1.14762e-09 3.26551e-08 5.39756e-07 5.23722e-06 3.10668e-05 0.000119191 0.000309942 0.000554979 0.000686009 0.00060859 0.000419768 0.000242325 0.00012101 5.13478e-05 1.68566e-05 3.06282e-06 0 
0 0.000176313 7.16587e-05 4.13909e-06 5.11977e-08 1.80422e-10 2.52683e-13 2.08006e-16 1.6663e-19 1.37287e-21 2.75588e-22 2.02621e-22 2.31376e-22 2.85577e-22 2.92692e-22 2.43589e-22 1.78802e-22 1.63377e-22 1.89495e-22 8.98531e-22 6.94574e-20 1.94376e-17 4.6584e-15 7.58291e-13 7.32809e-11 3.87262e-09 1.0826e-07 1.61686e-06 1.3498e-05 6.74618e-05 0.000216175 0.000461357 0.000659888 0.000649135 0.000474595 0.000281435 0.000142048 6.05053e-05 1.98881e-05 3.61511e-06 0 
0 0.000157455 4.71038e-05 1.69601e-06 1.10169e-08 1.75588e-11 9.94579e-15 3.13064e-18 5.82926e-21 2.75588e-22 5.87791e-23 4.13909e-23 4.79379e-23 5.87365e-23 6.02763e-23 5.00462e-23 3.58287e-23 2.6807e-23 2.16686e-23 4.99952e-23 8.63782e-22 2.14545e-19 1.06618e-16 3.47348e-14 6.28218e-12 5.75032e-10 2.56424e-08 5.62403e-07 6.37037e-06 4.02536e-05 0.000154453 0.000381771 0.000618192 0.000667486 0.000515947 0.000314227 0.000160323 6.85568e-05 2.25641e-05 4.10322e-06 0 
0 0.000142076 3.31668e-05 8.12185e-07 3.11906e-09 2.60202e-12 7.03547e-16 1.42737e-19 2.12324e-21 2.02621e-22 4.13909e-23 1.65939e-23 1.36324e-23 1.49209e-23 1.49495e-23 1.24634e-23 8.94715e-24 6.27583e-24 5.23028e-24 1.25068e-23 1.14915e-22 7.13501e-21 4.85255e-18 2.78457e-15 8.39672e-13 1.20296e-10 7.85291e-09 2.35813e-07 3.43001e-06 2.62608e-05 0.000116506 0.000323084 0.000576482 0.000671503 0.000544352 0.000339451 0.000174894 7.50549e-05 2.47324e-05 4.49923e-06 0 
0 0.000131244 2.56448e-05 4.75691e-07 1.25092e-09 6.54503e-13 1.03742e-16 5.03138e-20 1.86412e-21 2.31376e-22 4.79379e-23 1.36324e-23 6.19483e-24 4.73039e-24 4.23577e-24 3.46844e-24 2.52619e-24 1.87175e-24 2.17403e-24 6.92303e-24 5.12874e-23 1.31078e-21 5.25536e-19 4.49888e-16 1.96088e-13 3.87916e-11 3.3326e-09 1.25529e-07 2.18753e-06 1.92414e-05 9.4729e-05 0.000284806 0.00054376 0.00066871 0.000561604 0.000356602 0.000185138 7.96747e-05 2.62796e-05 4.78214e-06 0 
0 0.000125167 2.212e-05 3.50656e-07 7.44361e-10 2.99123e-13 3.50407e-17 4.17399e-20 2.1102e-21 2.85577e-22 5.87366e-23 1.49209e-23 4.7304e-24 2.17695e-24 1.44377e-24 1.07693e-24 8.07712e-25 7.54298e-25 1.44317e-24 5.65296e-24 3.82724e-23 6.85021e-22 1.51993e-19 1.59966e-16 8.58901e-14 2.03946e-11 2.04665e-09 8.76438e-08 1.692e-06 1.61005e-05 8.40584e-05 0.000264364 0.000524028 0.000664526 0.000569718 0.00036569 0.000190741 8.22288e-05 2.71381e-05 4.9393e-06 0 
0 0.00012371 2.14163e-05 3.28801e-07 6.68206e-10 2.54481e-13 2.80335e-17 3.97677e-20 2.12016e-21 2.92692e-22 6.02763e-23 1.49495e-23 4.23577e-24 1.44377e-24 6.60157e-25 4.0327e-25 3.22055e-25 4.45627e-25 1.24105e-24 5.308e-24 3.54785e-23 5.98293e-22 1.17997e-19 1.291e-16 7.23392e-14 1.78309e-11 1.84721e-09 8.12078e-08 1.60087e-06 1.54783e-05 8.17674e-05 0.000259479 0.000518345 0.000661811 0.000570195 0.000367007 0.000191668 8.26688e-05 2.72881e-05 4.96689e-06 0 
0 0.00012665 2.32032e-05 3.89448e-07 8.93847e-10 3.95503e-13 5.17311e-17 4.10537e-20 1.85409e-21 2.43589e-22 5.00462e-23 1.24634e-23 3.46844e-24 1.07693e-24 4.0327e-25 2.10105e-25 1.90361e-25 3.6644e-25 1.2e-24 5.40417e-24 3.91305e-23 8.0591e-22 2.34927e-19 2.30596e-16 1.14815e-13 2.5522e-11 2.42138e-09 9.89886e-08 1.84116e-06 1.70199e-05 8.69296e-05 0.000268863 0.0005261 0.000661016 0.000563697 0.000360965 0.000188115 8.10758e-05 2.67558e-05 4.86964e-06 0 
0 0.000133734 2.78166e-05 5.69679e-07 1.71529e-09 1.06052e-12 2.03536e-16 5.71996e-20 1.55754e-21 1.78802e-22 3.58287e-23 8.94715e-24 2.52619e-24 8.07712e-25 3.22055e-25 1.90361e-25 2.00303e-25 4.04291e-25 1.32903e-24 6.35378e-24 5.57628e-23 2.01097e-21 1.13543e-18 8.45667e-16 3.23374e-13 5.70496e-11 4.44597e-09 1.54495e-07 2.52357e-06 2.1107e-05 0.00010001 0.000292044 0.000545335 0.00066048 0.000550066 0.000348039 0.000180477 7.76432e-05 2.56077e-05 4.65983e-06 0 
0 0.000144596 3.62498e-05 9.93811e-07 4.45431e-09 4.49573e-12 1.51157e-15 3.03488e-19 2.19048e-21 1.63377e-22 2.6807e-23 6.27584e-24 1.87175e-24 7.54298e-25 4.45627e-25 3.6644e-25 4.04291e-25 6.79688e-25 1.98591e-24 1.08245e-23 1.49279e-22 1.69996e-20 1.16773e-17 5.67746e-15 1.47393e-12 1.85193e-10 1.08103e-08 2.95903e-07 3.99516e-06 2.8861e-05 0.000122494 0.000328534 0.000572236 0.000656679 0.00052858 0.000328804 0.000169308 7.26537e-05 2.3942e-05 4.35558e-06 0 
0 0.000158587 5.02265e-05 1.98006e-06 1.45637e-08 2.70553e-11 1.82574e-14 6.89107e-18 7.08522e-21 1.89495e-22 2.16686e-23 5.23028e-24 2.17403e-24 1.44317e-24 1.24105e-24 1.2e-24 1.32903e-24 1.98591e-24 5.113e-24 3.57427e-23 1.42089e-21 4.89231e-19 2.12652e-16 6.05493e-14 9.6937e-12 7.96828e-10 3.2402e-08 6.58122e-07 7.00644e-06 4.21772e-05 0.000156023 0.000375918 0.000599929 0.00064455 0.000498367 0.000304007 0.0001553 6.64531e-05 2.18782e-05 3.97898e-06 0 
0 0.000174565 7.2212e-05 4.29744e-06 5.54088e-08 2.05537e-10 3.05243e-13 2.67719e-16 2.20529e-19 8.98531e-22 4.99952e-23 1.25068e-23 6.92303e-24 5.65296e-24 5.308e-24 5.40417e-24 6.35378e-24 1.08244e-23 3.57427e-23 6.15061e-22 9.10633e-20 2.486e-17 5.66009e-15 8.77215e-13 8.09038e-11 4.0918e-09 1.09903e-07 1.58565e-06 1.28739e-05 6.30364e-05 0.000199617 0.000425961 0.000616875 0.00061804 0.000458857 0.000274627 0.000139236 5.94212e-05 1.95463e-05 3.55394e-06 0 
0 0.000190742 0.000105119 9.69207e-06 2.2672e-07 1.75292e-09 6.01503e-12 1.2924e-14 2.53361e-17 6.94574e-20 8.63782e-22 1.14915e-22 5.12874e-23 3.82723e-23 3.54785e-23 3.91305e-23 5.57628e-23 1.49279e-22 1.42089e-21 9.10633e-20 1.17839e-17 1.5996e-15 1.8202e-13 1.46989e-11 7.46969e-10 2.22341e-08 3.78375e-07 3.74819e-06 2.2699e-05 8.9464e-05 0.000241851 0.000457962 0.000605748 0.000571088 0.000410171 0.000241884 0.000121945 5.19421e-05 1.70757e-05 3.10418e-06 0 
0 0.000204693 0.000151393 2.17489e-05 9.27665e-07 1.5054e-08 1.20364e-10 6.3882e-13 3.11642e-15 1.94376e-17 2.14545e-19 7.13501e-21 1.31078e-21 6.85021e-22 5.98293e-22 8.0591e-22 2.01097e-21 1.69996e-20 4.89231e-19 2.486e-17 1.5996e-15 1.05277e-13 5.9023e-12 2.42735e-10 6.55954e-09 1.09329e-07 1.11329e-06 7.22334e-06 3.20301e-05 0.000103112 0.000246776 0.000433173 0.000545284 0.000499146 0.000353362 0.000207181 0.000104245 4.43772e-05 1.45866e-05 2.6516e-06 0 
0 0.00021363 0.000211295 4.67936e-05 3.56683e-06 1.18573e-07 2.15093e-09 2.74132e-11 3.23193e-13 4.6584e-15 1.06618e-16 4.85255e-18 5.25536e-19 1.51993e-19 1.17997e-19 2.34927e-19 1.13543e-18 1.16773e-17 2.12652e-16 5.66009e-15 1.8202e-13 5.9023e-12 1.6369e-10 3.35942e-09 4.53659e-08 3.76877e-07 1.96892e-06 7.34479e-06 2.30802e-05 6.61933e-05 0.000163961 0.000312004 0.000420513 0.000401575 0.000290549 0.00017202 8.68925e-05 3.70435e-05 1.21822e-05 2.21488e-06 0 
0 0.000214969 0.000280682 9.37397e-05 1.22786e-05 7.95799e-07 3.1001e-08 8.95473e-10 2.40731e-11 7.58291e-13 3.47348e-14 2.78457e-15 4.49888e-16 1.59966e-16 1.291e-16 2.30596e-16 8.45667e-16 5.67746e-15 6.05493e-14 8.77215e-13 1.46989e-11 2.42735e-10 3.35942e-09 3.2776e-08 1.88312e-07 5.63435e-07 9.55526e-07 1.3705e-06 2.78589e-06 9.57646e-06 4.02101e-05 0.000129062 0.00024754 0.000285623 0.000225172 0.000137946 7.05438e-05 3.01982e-05 9.94411e-06 1.8087e-06 0 
0 0.00020707 0.000349485 0.000171031 3.66016e-05 4.32363e-06 3.3526e-07 2.02685e-08 1.14762e-09 7.32809e-11 6.28218e-12 8.39672e-13 1.96088e-13 8.58901e-14 7.23392e-14 1.14815e-13 3.23374e-13 1.47393e-12 9.6937e-12 8.09038e-11 7.46969e-10 6.55954e-09 4.53659e-08 1.88312e-07 3.21377e-07 1.61136e-07 2.83686e-08 5.47737e-09 5.58206e-09 4.956e-08 1.22142e-06 1.87796e-05 9.35496e-05 0.000170778 0.000162435 0.00010654 5.57389e-05 2.40321e-05 7.93078e-06 1.44342e-06 0 
0 0.000189865 0.000402711 0.000279484 9.26497e-05 1.84772e-05 2.60872e-06 3.00538e-07 3.26551e-08 3.87262e-09 5.75032e-10 1.20296e-10 3.87916e-11 2.03946e-11 1.78309e-11 2.5522e-11 5.70496e-11 1.85193e-10 7.96828e-10 4.0918e-09 2.22341e-08 1.09329e-07 3.76877e-07 5.63435e-07 1.61136e-07 3.67262e-09 8.62453e-12 2.63949e-14 7.28209e-15 8.91602e-13 1.24765e-09 5.66574e-07 1.95483e-05 8.35087e-05 0.000108909 7.93416e-05 4.288e-05 1.86662e-05 6.17698e-06 1.1251e-06 0 
0 0.000165089 0.000425276 0.000403289 0.000197127 6.15539e-05 1.44091e-05 2.86062e-06 5.39756e-07 1.0826e-07 2.56424e-08 7.85291e-09 3.3326e-09 2.04665e-09 1.84721e-09 2.42138e-09 4.44597e-09 1.08103e-08 3.2402e-08 1.09903e-07 3.78375e-07 1.11329e-06 1.96892e-06 9.55526e-07 2.83686e-08 8.62453e-12 5.93759e-16 2.13605e-15 1.84377e-15 1.56678e-14 5.51142e-14 4.41556e-09 2.60086e-06 3.58253e-05 6.97735e-05 5.74884e-05 3.21909e-05 1.41521e-05 4.69579e-06 8.55931e-07 0 
0 0.000135884 0.000409232 0.000507413 0.000349838 0.000160393 5.7043e-05 1.76716e-05 5.23722e-06 1.61686e-06 5.62403e-07 2.35813e-07 1.25529e-07 8.76438e-08 8.12078e-08 9.89886e-08 1.54495e-07 2.95903e-07 6.58122e-07 1.58565e-06 3.74819e-06 7.22334e-06 7.34479e-06 1.3705e-06 5.47737e-09 2.63949e-14 2.13605e-15 8.91873e-16 1.45999e-15 6.09743e-15 7.29936e-14 5.47122e-11 4.35809e-07 1.67726e-05 4.54927e-05 4.12069e-05 2.36688e-05 1.04749e-05 3.48165e-06 6.34903e-07 0 
0 0.000105905 0.000358637 0.000551917 0.000512587 0.000328249 0.000165366 7.32632e-05 3.10668e-05 1.3498e-05 6.37037e-06 3.43001e-06 2.18753e-06 1.692e-06 1.60087e-06 1.84116e-06 2.52357e-06 3.99516e-06 7.00644e-06 1.28739e-05 2.2699e-05 3.20301e-05 2.30802e-05 2.78589e-06 5.58206e-09 7.28209e-15 1.84377e-15 1.45999e-15 4.24182e-15 1.70778e-14 2.27536e-13 1.44657e-11 2.26615e-07 1.11125e-05 3.22699e-05 2.96759e-05 1.70908e-05 7.56604e-06 2.51475e-06 4.58567e-07 0 
0 7.83041e-05 0.000287658 0.000519268 0.000614214 0.000525174 0.000356698 0.000211877 0.000119191 6.74618e-05 4.02536e-05 2.62608e-05 1.92414e-05 1.61005e-05 1.54783e-05 1.70199e-05 2.1107e-05 2.8861e-05 4.21772e-05 6.30364e-05 8.9464e-05 0.000103112 6.61933e-05 9.57646e-06 4.956e-08 8.91602e-13 1.56678e-14 6.09743e-15 1.70778e-14 3.52936e-15 2.66782e-15 1.96529e-10 4.77331e-07 1.11877e-05 2.52868e-05 2.15121e-05 1.21066e-05 5.32395e-06 1.76619e-06 3.21896e-07 0 
0 5.50682e-05 0.000213065 0.000427792 0.000603572 0.000651776 0.000572058 0.000436673 0.000309942 0.000216175 0.000154453 0.000116506 9.4729e-05 8.40584e-05 8.17674e-05 8.69296e-05 0.00010001 0.000122494 0.000156023 0.000199617 0.000241851 0.000246776 0.000163961 4.02101e-05 1.22142e-06 1.24765e-09 5.51142e-14 7.29936e-14 2.27536e-13 2.66782e-15 3.78906e-12 1.74258e-08 2.07537e-06 1.40691e-05 2.07471e-05 1.54557e-05 8.36481e-06 3.63759e-06 1.20295e-06 2.1905e-07 0 
0 3.69091e-05 0.000147191 0.00031497 0.000497462 0.000633638 0.000680033 0.000640864 0.000554979 0.000461357 0.000381771 0.000323084 0.000284806 0.000264364 0.000259479 0.000268863 0.000292044 0.000328534 0.000375918 0.000425961 0.000457962 0.000433173 0.000312004 0.000129062 1.87796e-05 5.66574e-07 4.41556e-09 5.47122e-11 1.44657e-11 1.96529e-10 1.74258e-08 8.32363e-07 7.52519e-06 1.67342e-05 1.64685e-05 1.07537e-05 5.58996e-06 2.4021e-06 7.91642e-07 1.44011e-07 0 
0 2.35791e-05 9.55656e-05 0.00021165 0.000356127 0.000501151 0.000614814 0.000676395 0.000686009 0.000659888 0.000618192 0.000576482 0.00054376 0.000524028 0.000518345 0.0005261 0.000545335 0.000572236 0.000599929 0.000616875 0.000605748 0.000545284 0.000420513 0.00024754 9.35496e-05 1.95483e-05 2.60086e-06 4.35809e-07 2.26615e-07 4.77331e-07 2.07537e-06 7.52519e-06 1.46979e-05 1.60781e-05 1.19957e-05 7.11142e-06 3.58225e-06 1.52438e-06 5.009e-07 9.10414e-08 0 
0 1.43154e-05 5.84849e-05 0.000131728 0.000228752 0.00033901 0.000447938 0.000540964 0.00060859 0.000649135 0.000667486 0.000671503 0.00066871 0.000664526 0.000661811 0.000661016 0.00066048 0.000656679 0.00064455 0.00061804 0.000571088 0.000499146 0.000401575 0.000285623 0.000170778 8.35087e-05 3.58253e-05 1.67726e-05 1.11125e-05 1.11877e-05 1.40691e-05 1.67342e-05 1.60781e-05 1.23176e-05 7.8998e-06 4.42278e-06 2.18378e-06 9.23154e-07 3.02702e-07 5.4982e-08 0 
0 8.20004e-06 3.36237e-05 7.63095e-05 0.000134409 0.00020397 0.000279161 0.000353184 0.000419768 0.000474595 0.000515947 0.000544352 0.000561604 0.000569718 0.000570195 0.000563697 0.000550066 0.00052858 0.000498367 0.000458857 0.000410171 0.000353362 0.000290549 0.000225172 0.000162435 0.000108909 6.97735e-05 4.54927e-05 3.22699e-05 2.52868e-05 2.07471e-05 1.64685e-05 1.19957e-05 7.8998e-06 4.72326e-06 2.56912e-06 1.25478e-06 5.28395e-07 1.73035e-07 3.14163e-08 0 
0 4.37192e-06 1.79549e-05 4.08788e-05 7.24265e-05 0.000110992 0.000154164 0.000198976 0.000242325 0.000281435 0.000314227 0.000339451 0.000356602 0.00036569 0.000367007 0.000360965 0.000348039 0.000328804 0.000304007 0.000274627 0.000241884 0.000207181 0.00017202 0.000137946 0.00010654 7.93416e-05 5.74884e-05 4.12069e-05 2.96759e-05 2.15121e-05 1.54557e-05 1.07537e-05 7.11142e-06 4.42278e-06 2.56912e-06 1.37952e-06 6.70243e-07 2.8168e-07 9.21768e-08 1.67315e-08 0 
0 2.11719e-06 8.70056e-06 1.98339e-05 3.52202e-05 5.41768e-05 7.56739e-05 9.84232e-05 0.00012101 0.000142048 0.000160323 0.000174894 0.000185138 0.000190741 0.000191668 0.000188115 0.000180477 0.000169308 0.0001553 0.000139236 0.000121945 0.000104245 8.68925e-05 7.05438e-05 5.57389e-05 4.288e-05 3.21909e-05 2.36688e-05 1.70908e-05 1.21066e-05 8.36481e-06 5.58996e-06 3.58225e-06 2.18378e-06 1.25478e-06 6.70243e-07 3.24891e-07 1.36413e-07 4.46238e-08 8.09885e-09 0 
0 8.88551e-07 3.6524e-06 8.32995e-06 1.48043e-05 2.28031e-05 3.19152e-05 4.16228e-05 5.13478e-05 6.05053e-05 6.85568e-05 7.50549e-05 7.96747e-05 8.22288e-05 8.26688e-05 8.10758e-05 7.76432e-05 7.26537e-05 6.64531e-05 5.94212e-05 5.19421e-05 4.43772e-05 3.70435e-05 3.01982e-05 2.40321e-05 1.86662e-05 1.41521e-05 1.04749e-05 7.56604e-06 5.32395e-06 3.63759e-06 2.4021e-06 1.52438e-06 9.23154e-07 5.28395e-07 2.8168e-07 1.36413e-07 5.72533e-08 1.87258e-08 3.39835e-09 0 
0 2.90608e-07 1.19466e-06 2.72509e-06 4.84455e-06 7.46554e-06 1.04558e-05 1.36486e-05 1.68566e-05 1.98881e-05 2.25641e-05 2.47324e-05 2.62796e-05 2.71381e-05 2.72881e-05 2.67558e-05 2.56077e-05 2.3942e-05 2.18782e-05 1.95463e-05 1.70757e-05 1.45866e-05 1.21822e-05 9.94411e-06 7.93078e-06 6.17698e-06 4.69579e-06 3.48165e-06 2.51475e-06 1.76619e-06 1.20295e-06 7.91642e-07 5.009e-07 3.02702e-07 1.73035e-07 9.21768e-08 4.46238e-08 1.87258e-08 6.12418e-09 1.11139e-09 0 
0 5.27388e-08 2.1681e-07 4.94588e-07 8.79343e-07 1.35529e-06 1.89857e-06 2.47904e-06 3.06282e-06 3.61511e-06 4.10322e-06 4.49923e-06 4.78214e-06 4.9393e-06 4.96689e-06 4.86964e-06 4.65983e-06 4.35558e-06 3.97898e-06 3.55394e-06 3.10418e-06 2.6516e-06 2.21488e-06 1.8087e-06 1.44342e-06 1.1251e-06 8.55931e-07 6.34903e-07 4.58567e-07 3.21896e-07 2.1905e-07 1.44011e-07 9.10414e-08 5.4982e-08 3.14163e-08 1.67315e-08 8.09885e-09 3.39835e-09 1.11139e-09 2.01686e-10 0 
0 0 0 0 0 0 0 0 0 0 0 0 0 0 0 0 0 0 0 0 0 0 0 0 0 0 0 0 0 0 0 0 0 0 0 0 0 0 0 0 0 
