0 0 0 0 0 0 0 0 0 0 0 0 0 0 0 0 0 0 0 0 0 0 0 0 0 0 0 0 0 0 0 0 0 0 0 0 0 0 0 0 0 
0 1.34959e-05 5.40279e-05 0.000117246 0.000191858 0.000261818 0.000312944 0.000339182 0.000343338 0.000333057 0.000316378 0.000299383 0.000285793 0.000277483 0.000275121 0.000278613 0.000287297 0.000299929 0.000314578 0.000328548 0.000338498 0.000340873 0.000332687 0.000312451 0.000280883 0.000240942 0.000197054 0.000153834 0.000114904 8.23244e-05 5.66694e-05 3.74787e-05 2.37605e-05 1.43671e-05 8.21324e-06 4.3749e-06 2.11777e-06 8.88647e-07 2.9062e-07 5.27396e-08 0 
0 5.40279e-05 0.000208215 0.00041858 0.000600463 0.000674951 0.000629543 0.000514794 0.000389515 0.000286206 0.00021258 0.000164697 0.000136159 0.000121836 0.000118701 0.000125693 0.000143432 0.000173942 0.000220212 0.000285225 0.000370057 0.000470996 0.000576645 0.00066743 0.000720235 0.000718067 0.000659291 0.00055898 0.000440854 0.000326446 0.000228897 0.000152833 9.73381e-05 5.89788e-05 3.3746e-05 1.79817e-05 8.70566e-06 3.65321e-06 1.19476e-06 2.16817e-07 0 
0 0.000117246 0.00041858 0.000720166 0.00079508 0.00062046 0.000374612 0.000192612 9.20649e-05 4.4066e-05 2.247e-05 1.28327e-05 8.5204e-06 6.73315e-06 6.39053e-06 7.24993e-06 9.66508e-06 1.47404e-05 2.48718e-05 4.47453e-05 8.26712e-05 0.00015135 0.000265678 0.00043411 0.000643155 0.000845511 0.000972734 0.00097696 0.000865173 0.000688416 0.000502669 0.000342708 0.000220438 0.000134152 7.68971e-05 4.10041e-05 1.9857e-05 8.33353e-06 2.72551e-06 4.94614e-07 0 
0 0.000191858 0.000600463 0.00079508 0.000581977 0.000269027 9.06125e-05 2.54123e-05 6.66464e-06 1.81234e-06 5.60155e-07 2.12624e-07 1.05136e-07 7.02836e-08 6.44111e-08 8.02164e-08 1.31895e-07 2.73771e-07 6.78535e-07 1.88931e-06 5.56016e-06 1.63424e-05 4.56629e-05 0.000116413 0.000261744 0.000504003 0.000810219 0.00106911 0.00115821 0.00105224 0.000830237 0.000589474 0.000386539 0.000237222 0.000136444 7.28522e-05 3.5297e-05 1.48159e-05 4.84586e-06 8.79424e-07 0 
0 0.000261818 0.000674951 0.00062046 0.000269027 6.65051e-05 1.12412e-05 1.52559e-06 1.93054e-07 2.62801e-08 4.39108e-09 1.0082e-09 3.4677e-10 1.88644e-10 1.6558e-10 2.31319e-10 4.92468e-10 1.49398e-09 5.9423e-09 2.82899e-08 1.47168e-07 7.69e-07 3.75519e-06 1.6184e-05 5.90097e-05 0.000176503 0.000422164 0.000788393 0.00113175 0.00125899 0.00112754 0.00085787 0.000581674 0.000362243 0.000209587 0.000112156 5.43833e-05 2.28336e-05 7.46893e-06 1.3555e-06 0 
0 0.000312944 0.000629543 0.000374612 9.06125e-05 1.12412e-05 8.77877e-07 5.22936e-08 2.88191e-09 1.77932e-10 1.47183e-11 1.90225e-12 4.3208e-13 1.8571e-13 1.55136e-13 2.4709e-13 7.06568e-13 3.30661e-12 2.25792e-11 1.98418e-10 1.97891e-09 1.99409e-08 1.83773e-07 1.43237e-06 8.93393e-06 4.30779e-05 0.000157304 0.000427651 0.000849279 0.00122137 0.00130426 0.00109948 0.000784928 0.00050016 0.000292075 0.000156841 7.6144e-05 3.19834e-05 1.04633e-05 1.89901e-06 0 
0 0.000339182 0.000514794 0.000192612 2.54123e-05 1.52559e-06 5.22936e-08 1.28927e-09 2.91382e-11 7.70678e-13 3.00038e-14 2.0946e-15 3.04959e-16 1.01804e-16 8.06306e-17 1.47741e-16 5.79357e-16 4.31286e-15 5.25423e-14 8.90475e-13 1.78437e-11 3.6364e-10 6.62273e-09 9.73621e-08 1.07571e-06 8.56384e-06 4.8231e-05 0.000190983 0.000527266 0.0010018 0.00131899 0.00126939 0.000972272 0.000639818 0.000378576 0.000204294 9.93534e-05 4.17564e-05 1.3663e-05 2.47989e-06 0 
0 0.000343338 0.000389515 9.20649e-05 6.66464e-06 1.93054e-07 2.88191e-09 2.91382e-11 2.67628e-13 3.00708e-15 5.46973e-17 2.05213e-18 1.92652e-19 5.11425e-20 3.87177e-20 7.98254e-20 4.22202e-19 4.99797e-18 1.0917e-16 3.59015e-15 1.45522e-13 6.04098e-12 2.19028e-10 6.11703e-09 1.20445e-07 1.58776e-06 1.37417e-05 7.82576e-05 0.000295239 0.000735058 0.0012041 0.0013469 0.00112342 0.000769908 0.000463306 0.000251611 0.000122637 5.158e-05 1.68814e-05 3.06425e-06 0 
0 0.000333057 0.000286206 4.4066e-05 1.81234e-06 2.62801e-08 1.77932e-10 7.70678e-13 3.00708e-15 1.49741e-17 1.32819e-19 3.00996e-21 2.63432e-22 8.34463e-23 6.61933e-23 1.17522e-22 5.47468e-22 8.12306e-21 2.98061e-19 1.83693e-17 1.45447e-15 1.18763e-13 8.29002e-12 4.26492e-10 1.45613e-08 3.10227e-07 4.03258e-06 3.22151e-05 0.000161376 0.000512664 0.00103118 0.00134288 0.00122821 0.00088128 0.000540806 0.000295891 0.000144595 6.08679e-05 1.99266e-05 3.61732e-06 0 
0 0.000316378 0.00021258 2.247e-05 5.60155e-07 4.39108e-09 1.47183e-11 3.00038e-14 5.46973e-17 1.32819e-19 6.88383e-22 1.46159e-23 1.65356e-24 6.41411e-25 5.29492e-25 8.18455e-25 2.92353e-24 3.51822e-23 1.59767e-21 1.65486e-19 2.37213e-17 3.53448e-15 4.41803e-13 3.91476e-11 2.18215e-09 7.13074e-08 1.3311e-06 1.43362e-05 9.17976e-05 0.000358744 0.000861393 0.00128843 0.00128851 0.000968628 0.000606653 0.000334534 0.000163931 6.90701e-05 2.26184e-05 4.10632e-06 0 
0 0.000299383 0.000164697 1.28327e-05 2.12624e-07 1.0082e-09 1.90225e-12 2.0946e-15 2.05213e-18 3.00996e-21 1.46159e-23 3.00065e-25 3.17599e-26 1.32653e-26 1.11841e-26 1.57815e-26 4.96698e-26 5.76317e-25 2.63883e-23 3.54728e-21 8.08433e-19 1.96882e-16 3.96335e-14 5.47973e-12 4.56315e-10 2.11709e-08 5.31629e-07 7.30798e-06 5.70504e-05 0.000262745 0.000725998 0.00121684 0.00131468 0.00103074 0.000657869 0.000365464 0.000179556 7.57191e-05 2.48025e-05 4.50321e-06 0 
0 0.000285793 0.000136159 8.5204e-06 1.05136e-07 3.4677e-10 4.3208e-13 3.04959e-16 1.92652e-19 2.63433e-22 1.65357e-24 3.17602e-26 1.81936e-27 5.16713e-28 4.16858e-28 5.93733e-28 2.4047e-27 3.92991e-26 1.85195e-24 2.37979e-22 6.97793e-20 2.41533e-17 6.86225e-15 1.30906e-12 1.45774e-10 8.71873e-09 2.7145e-07 4.45257e-06 4.00873e-05 0.000207477 0.000633184 0.00115247 0.00131984 0.00106935 0.000692932 0.000387262 0.000190675 8.04649e-05 2.63629e-05 4.78687e-06 0 
0 0.000277483 0.000121836 6.73315e-06 7.02836e-08 1.88644e-10 1.8571e-13 1.01804e-16 5.11425e-20 8.34465e-23 6.41417e-25 1.32655e-26 5.16723e-28 4.64947e-29 2.32e-29 4.88767e-29 4.65663e-28 1.0733e-26 4.93881e-25 5.58151e-23 1.72152e-20 7.22943e-18 2.49932e-15 5.72869e-13 7.53116e-11 5.2084e-09 1.83393e-07 3.32838e-06 3.25094e-05 0.000179797 0.000580636 0.00110869 0.00131499 0.00108742 0.000711478 0.000399181 0.000196821 8.30981e-05 2.72298e-05 4.9445e-06 0 
0 0.000275121 0.000118701 6.39053e-06 6.44111e-08 1.6558e-10 1.55136e-13 8.06306e-17 3.87177e-20 6.61935e-23 5.29497e-25 1.11843e-26 4.16868e-28 2.32005e-29 4.87739e-30 2.17611e-29 3.2885e-28 8.14052e-27 3.71236e-25 4.07067e-23 1.25415e-20 5.47956e-18 1.97568e-15 4.71204e-13 6.42329e-11 4.58651e-09 1.65959e-07 3.08066e-06 3.06469e-05 0.00017212 0.000563653 0.00109029 0.00130662 0.00108755 0.000713895 0.000401096 0.00019787 8.35567e-05 2.73818e-05 4.9722e-06 0 
0 0.000278613 0.000125693 7.24993e-06 8.02164e-08 2.31319e-10 2.4709e-13 1.47741e-16 7.98254e-20 1.17523e-22 8.18462e-25 1.57817e-26 5.93743e-28 4.88768e-29 2.17607e-29 5.8155e-29 6.14401e-28 1.44935e-26 7.01479e-25 8.4623e-23 2.60237e-20 1.0241e-17 3.31461e-15 7.15113e-13 8.90869e-11 5.88193e-09 1.99233e-07 3.50406e-06 3.33949e-05 0.000181337 0.000578242 0.00109602 0.00129602 0.00107112 0.000700994 0.00039342 0.000194016 8.19211e-05 2.68451e-05 4.87472e-06 0 
0 0.000287297 0.000143432 9.66508e-06 1.31895e-07 4.92468e-10 7.06568e-13 5.79357e-16 4.22202e-19 5.47468e-22 2.92354e-24 4.96702e-26 2.40471e-27 4.65657e-28 3.28844e-28 6.14394e-28 3.69227e-27 7.16671e-26 3.72704e-24 5.14859e-22 1.41165e-19 4.3418e-17 1.10015e-14 1.88947e-12 1.91676e-10 1.05798e-08 3.08044e-07 4.78666e-06 4.13255e-05 0.000207464 0.000620909 0.00111963 0.00127975 0.00103822 0.000673868 0.000377011 0.000185727 7.83956e-05 2.56874e-05 4.66436e-06 0 
0 0.000299929 0.000173942 1.47404e-05 2.73771e-07 1.49398e-09 3.30661e-12 4.31286e-15 4.99797e-18 8.12306e-21 3.51823e-23 5.76317e-25 3.92989e-26 1.07328e-26 8.14041e-27 1.44933e-26 7.16668e-26 1.20483e-24 6.51903e-23 8.61172e-21 1.7302e-18 3.67055e-16 6.48028e-14 7.94447e-12 5.9461e-10 2.5168e-08 5.85484e-07 7.56994e-06 5.64246e-05 0.000251973 0.000686016 0.00114918 0.00125051 0.00098805 0.000633897 0.0003531 0.000173692 7.32822e-05 2.40087e-05 4.3594e-06 0 
0 0.000314578 0.000220212 2.48718e-05 6.78535e-07 5.9423e-09 2.25792e-11 5.25423e-14 1.0917e-16 2.98061e-19 1.59767e-21 2.63883e-23 1.85195e-24 4.93878e-25 3.71234e-25 7.01475e-25 3.72703e-24 6.51903e-23 3.25943e-21 3.10041e-19 3.96359e-17 5.27194e-15 5.91792e-13 4.75124e-11 2.42573e-09 7.34732e-08 1.28744e-06 1.31936e-05 8.16535e-05 0.000314452 0.000760663 0.00116579 0.00119863 0.000919792 0.000582834 0.000323193 0.000158748 6.69482e-05 2.1931e-05 3.98202e-06 0 
0 0.000328548 0.000285225 4.47453e-05 1.88931e-06 2.82899e-08 1.98418e-10 8.90475e-13 3.59015e-15 1.83693e-17 1.65486e-19 3.54728e-21 2.37979e-22 5.58151e-23 4.07067e-23 8.46229e-23 5.14859e-22 8.61172e-21 3.10041e-19 1.82635e-17 1.38124e-15 1.07891e-13 7.21918e-12 3.56798e-10 1.17289e-08 2.41255e-07 3.04164e-06 2.37777e-05 0.000118533 0.000385091 0.000817483 0.00114317 0.00111388 0.00083329 0.000522824 0.000288974 0.00014181 5.97921e-05 1.9586e-05 3.55624e-06 0 
0 0.000338498 0.000370057 8.26712e-05 5.56016e-06 1.47168e-07 1.97891e-09 1.78437e-11 1.45522e-13 1.45447e-15 2.37213e-17 8.08433e-19 6.97793e-20 1.72152e-20 1.25415e-20 2.60237e-20 1.41165e-19 1.7302e-18 3.96359e-17 1.38124e-15 5.96343e-14 2.63584e-12 1.01162e-10 2.95831e-09 6.01143e-08 8.05751e-07 7.02555e-06 4.05001e-05 0.000158836 0.000431305 0.000808674 0.00104986 0.000987382 0.000729413 0.000456299 0.00025218 0.000123798 5.22107e-05 1.71048e-05 3.10588e-06 0 
0 0.000340873 0.000470996 0.00015135 1.63424e-05 7.69e-07 1.99409e-08 3.6364e-10 6.04098e-12 1.18763e-13 3.53448e-15 1.96882e-16 2.41533e-17 7.22943e-18 5.47956e-18 1.0241e-17 4.3418e-17 3.67055e-16 5.27194e-15 1.07891e-13 2.63584e-12 6.51569e-11 1.411e-09 2.38327e-08 2.88968e-07 2.40594e-06 1.37368e-05 5.57416e-05 0.000168537 0.000388556 0.000673132 0.000856843 0.000813361 0.000609965 0.000385777 0.000214468 0.000105567 4.45705e-05 1.46077e-05 2.65284e-06 0 
0 0.000332687 0.000576645 0.000265678 4.56629e-05 3.75519e-06 1.83773e-07 6.62273e-09 2.19028e-10 8.29002e-12 4.41803e-13 3.96335e-14 6.86225e-15 2.49932e-15 1.97568e-15 3.31461e-15 1.10015e-14 6.48028e-14 5.91792e-13 7.21918e-12 1.01162e-10 1.411e-09 1.72103e-08 1.64145e-07 1.12123e-06 5.23982e-06 1.71903e-05 4.40235e-05 0.00010006 0.000211908 0.000390514 0.00056043 0.000593398 0.000477922 0.000313744 0.00017734 8.78677e-05 3.7187e-05 1.21979e-05 2.2158e-06 0 
0 0.000312451 0.00066743 0.00043411 0.000116413 1.6184e-05 1.43237e-06 9.73621e-08 6.11703e-09 4.26492e-10 3.91476e-11 5.47973e-12 1.30906e-12 5.72869e-13 4.71204e-13 7.15113e-13 1.88947e-12 7.94447e-12 4.75124e-11 3.56798e-10 2.95831e-09 2.38327e-08 1.64145e-07 8.45382e-07 2.84338e-06 5.7302e-06 7.50142e-06 8.85579e-06 1.42095e-05 3.5278e-05 0.000102807 0.000236796 0.00035046 0.000339765 0.000242959 0.000142139 7.13168e-05 3.03117e-05 9.95646e-06 1.80943e-06 0 
0 0.000280883 0.000720235 0.000643155 0.000261744 5.90097e-05 8.93393e-06 1.07571e-06 1.20445e-07 1.45613e-08 2.18215e-09 4.56315e-10 1.45774e-10 7.53116e-11 6.42329e-11 8.90869e-11 1.91676e-10 5.9461e-10 2.42573e-09 1.17289e-08 6.01143e-08 2.88968e-07 1.12123e-06 2.84338e-06 3.53029e-06 1.67136e-06 3.53874e-07 8.41873e-08 7.8574e-08 4.21594e-07 5.20596e-06 4.38361e-05 0.000145651 0.000210144 0.000177202 0.000110136 5.63991e-05 2.41277e-05 7.94102e-06 1.44401e-06 0 
0 0.000240942 0.000718067 0.000845511 0.000504003 0.000176503 4.30779e-05 8.56384e-06 1.58776e-06 3.10227e-07 7.13074e-08 2.11709e-08 8.71873e-09 5.2084e-09 4.58651e-09 5.88193e-09 1.05798e-08 2.5168e-08 7.34732e-08 2.41255e-07 8.05751e-07 2.40594e-06 5.23982e-06 5.7302e-06 1.67136e-06 6.56947e-08 4.30365e-10 4.22733e-12 1.52687e-12 5.51069e-11 1.76392e-08 2.32988e-06 3.77675e-05 0.000110446 0.000121469 8.25395e-05 4.3462e-05 1.87487e-05 6.18563e-06 1.12559e-06 0 
0 0.000197054 0.000659291 0.000972734 0.000810219 0.000422164 0.000157304 4.8231e-05 1.37417e-05 4.03258e-06 1.3311e-06 5.31629e-07 2.7145e-07 1.83393e-07 1.65959e-07 1.99233e-07 3.08044e-07 5.85484e-07 1.28744e-06 3.04164e-06 7.02555e-06 1.37368e-05 1.71903e-05 7.50142e-06 3.53874e-07 4.30365e-10 1.63875e-14 2.99031e-16 1.71739e-15 9.28127e-17 4.87235e-12 4.24831e-08 6.86461e-06 5.22103e-05 7.99882e-05 6.02442e-05 3.26885e-05 1.4221e-05 4.70287e-06 8.56325e-07 0 
0 0.000153834 0.00055898 0.00097696 0.00106911 0.000788393 0.000427651 0.000190983 7.82576e-05 3.22151e-05 1.43362e-05 7.30798e-06 4.45257e-06 3.32838e-06 3.08066e-06 3.50406e-06 4.78666e-06 7.56994e-06 1.31936e-05 2.37777e-05 4.05001e-05 5.57416e-05 4.40235e-05 8.85579e-06 8.41873e-08 4.22733e-12 2.99031e-16 1.45906e-17 4.83074e-17 3.33406e-17 2.55938e-15 1.15791e-09 1.51596e-06 2.64848e-05 5.32365e-05 4.33923e-05 2.40605e-05 1.05283e-05 3.48704e-06 6.35199e-07 0 
0 0.000114904 0.000440854 0.000865173 0.00115821 0.00113175 0.000849279 0.000527266 0.000295239 0.000161376 9.17976e-05 5.70504e-05 4.00873e-05 3.25094e-05 3.06469e-05 3.33949e-05 4.13255e-05 5.64246e-05 8.16535e-05 0.000118533 0.000158836 0.000168537 0.00010006 1.42095e-05 7.8574e-08 1.52687e-12 1.71739e-15 4.83075e-17 6.46786e-18 1.09665e-17 2.89565e-16 3.79251e-10 8.36344e-07 1.77596e-05 3.77819e-05 3.12237e-05 1.7365e-05 7.60306e-06 2.51846e-06 4.5877e-07 0 
0 8.23244e-05 0.000326446 0.000688416 0.00105224 0.00125899 0.00122137 0.0010018 0.000735058 0.000512664 0.000358744 0.000262745 0.000207477 0.000179797 0.00017212 0.000181337 0.000207464 0.000251973 0.000314452 0.000385091 0.000431305 0.000388556 0.000211908 3.5278e-05 4.21594e-07 5.51069e-11 9.28127e-17 3.33406e-17 1.09665e-17 3.12197e-17 3.67424e-14 2.81278e-09 1.42175e-06 1.66437e-05 2.89301e-05 2.24708e-05 1.22737e-05 5.34649e-06 1.76846e-06 3.22021e-07 0 
0 5.66694e-05 0.000228897 0.000502669 0.000830237 0.00112754 0.00130426 0.00131899 0.0012041 0.00103118 0.000861393 0.000725998 0.000633184 0.000580636 0.000563653 0.000578242 0.000620909 0.000686016 0.000760663 0.000817483 0.000808674 0.000673132 0.000390514 0.000102807 5.20596e-06 1.76392e-08 4.87235e-12 2.55938e-15 2.89565e-16 3.67424e-14 1.12842e-10 9.78108e-08 4.33206e-06 1.85868e-05 2.28709e-05 1.59649e-05 8.45242e-06 3.6495e-06 1.20417e-06 2.19118e-07 0 
0 3.74787e-05 0.000152833 0.000342708 0.000589474 0.00085787 0.00109948 0.00126939 0.0013469 0.00134288 0.00128843 0.00121684 0.00115247 0.00110869 0.00109029 0.00109602 0.00111963 0.00114918 0.00116579 0.00114317 0.00104986 0.000856843 0.00056043 0.000236796 4.38361e-05 2.32988e-06 4.24831e-08 1.15791e-09 3.79251e-10 2.81278e-09 9.78108e-08 2.07508e-06 1.13571e-05 1.97287e-05 1.74964e-05 1.09821e-05 5.62925e-06 2.40755e-06 7.92211e-07 1.44043e-07 0 
0 2.37605e-05 9.73381e-05 0.000220438 0.000386539 0.000581674 0.000784928 0.000972272 0.00112342 0.00122821 0.00128851 0.00131468 0.00131984 0.00131499 0.00130662 0.00129602 0.00127975 0.00125051 0.00119863 0.00111388 0.000987382 0.000813361 0.000593398 0.00035046 0.000145651 3.77675e-05 6.86461e-06 1.51596e-06 8.36344e-07 1.42175e-06 4.33206e-06 1.13571e-05 1.79086e-05 1.74914e-05 1.23968e-05 7.19756e-06 3.59734e-06 1.52654e-06 5.01133e-07 9.1055e-08 0 
0 1.43671e-05 5.89788e-05 0.000134152 0.000237222 0.000362243 0.00050016 0.000639818 0.000769908 0.00088128 0.000968628 0.00103074 0.00106935 0.00108742 0.00108755 0.00107112 0.00103822 0.00098805 0.000919792 0.00083329 0.000729413 0.000609965 0.000477922 0.000339765 0.000210144 0.000110446 5.22103e-05 2.64848e-05 1.77596e-05 1.66437e-05 1.85868e-05 1.97287e-05 1.74914e-05 1.27996e-05 8.02697e-06 4.45026e-06 2.18876e-06 9.23896e-07 3.02785e-07 5.4987e-08 0 
0 8.21324e-06 3.3746e-05 7.68971e-05 0.000136444 0.000209587 0.000292075 0.000378576 0.000463306 0.000540806 0.000606653 0.000657869 0.000692932 0.000711478 0.000713895 0.000700994 0.000673868 0.000633897 0.000582834 0.000522824 0.000456299 0.000385777 0.000313744 0.000242959 0.000177202 0.000121469 7.99882e-05 5.32365e-05 3.77819e-05 2.89301e-05 2.28709e-05 1.74964e-05 1.23968e-05 8.02697e-06 4.75679e-06 2.57661e-06 1.2562e-06 5.28616e-07 1.73061e-07 3.14179e-08 0 
0 4.3749e-06 1.79817e-05 4.10041e-05 7.28522e-05 0.000112156 0.000156841 0.000204294 0.000251611 0.000295891 0.000334534 0.000365464 0.000387262 0.000399181 0.000401096 0.00039342 0.000377011 0.0003531 0.000323193 0.000288974 0.00025218 0.000214468 0.00017734 0.000142139 0.000110136 8.25395e-05 6.02442e-05 4.33923e-05 3.12237e-05 2.24708e-05 1.59649e-05 1.09821e-05 7.19756e-06 4.45026e-06 2.57661e-06 1.38127e-06 6.70591e-07 2.81737e-07 9.21838e-08 1.67319e-08 0 
0 2.11777e-06 8.70566e-06 1.9857e-05 3.5297e-05 5.43833e-05 7.6144e-05 9.93534e-05 0.000122637 0.000144595 0.000163931 0.000179556 0.000190675 0.000196821 0.00019787 0.000194016 0.000185727 0.000173692 0.000158748 0.00014181 0.000123798 0.000105567 8.78677e-05 7.13168e-05 5.63991e-05 4.3462e-05 3.26885e-05 2.40605e-05 1.7365e-05 1.22737e-05 8.45242e-06 5.62925e-06 3.59734e-06 2.18876e-06 1.2562e-06 6.70591e-07 3.24964e-07 1.36426e-07 4.46254e-08 8.09896e-09 0 
0 8.88647e-07 3.65321e-06 8.33353e-06 1.48159e-05 2.28336e-05 3.19834e-05 4.17564e-05 5.158e-05 6.08679e-05 6.90701e-05 7.57191e-05 8.04649e-05 8.30981e-05 8.35567e-05 8.19211e-05 7.83956e-05 7.32822e-05 6.69482e-05 5.97921e-05 5.22107e-05 4.45705e-05 3.7187e-05 3.03117e-05 2.41277e-05 1.87487e-05 1.4221e-05 1.05283e-05 7.60306e-06 5.34649e-06 3.6495e-06 2.40755e-06 1.52654e-06 9.23896e-07 5.28616e-07 2.81737e-07 1.36426e-07 5.72556e-08 1.87261e-08 3.39838e-09 0 
0 2.9062e-07 1.19476e-06 2.72551e-06 4.84586e-06 7.46893e-06 1.04633e-05 1.3663e-05 1.68814e-05 1.99266e-05 2.26184e-05 2.48025e-05 2.63629e-05 2.72298e-05 2.73818e-05 2.68451e-05 2.56874e-05 2.40087e-05 2.1931e-05 1.9586e-05 1.71048e-05 1.46077e-05 1.21979e-05 9.95646e-06 7.94102e-06 6.18563e-06 4.70287e-06 3.48704e-06 2.51846e-06 1.76846e-06 1.20417e-06 7.92211e-07 5.01133e-07 3.02785e-07 1.73061e-07 9.21838e-08 4.46254e-08 1.87261e-08 6.12422e-09 1.11139e-09 0 
0 5.27396e-08 2.16817e-07 4.94614e-07 8.79424e-07 1.3555e-06 1.89901e-06 2.47989e-06 3.06425e-06 3.61732e-06 4.10632e-06 4.50321e-06 4.78687e-06 4.9445e-06 4.9722e-06 4.87472e-06 4.66436e-06 4.3594e-06 3.98202e-06 3.55624e-06 3.10588e-06 2.65284e-06 2.2158e-06 1.80943e-06 1.44401e-06 1.12559e-06 8.56325e-07 6.35199e-07 4.5877e-07 3.22021e-07 2.19118e-07 1.44043e-07 9.1055e-08 5.4987e-08 3.14179e-08 1.67319e-08 8.09896e-09 3.39838e-09 1.11139e-09 2.01686e-10 0 
0 0 0 0 0 0 0 0 0 0 0 0 0 0 0 0 0 0 0 0 0 0 0 0 0 0 0 0 0 0 0 0 0 0 0 0 0 0 0 0 0 
