0 0 0 0 0 0 0 0 0 0 0 0 0 0 0 0 0 0 0 0 0 0 0 0 0 0 0 0 0 0 0 0 0 0 0 0 0 0 0 0 0 
0 1.33879e-05 5.3085e-05 0.000113264 0.000180647 0.000238441 0.000274436 0.000286234 0.00027949 0.000262657 0.000243016 0.000225319 0.000212076 0.000204324 0.000202295 0.000205802 0.000214367 0.000227165 0.000242857 0.000259415 0.000274076 0.00028356 0.000284638 0.000274989 0.000254056 0.000223492 0.000186833 0.00014847 0.000112388 8.12686e-05 5.62721e-05 3.73442e-05 2.37195e-05 1.43558e-05 8.21044e-06 4.37428e-06 2.11765e-06 8.88628e-07 2.90618e-07 5.27394e-08 0 
0 5.3085e-05 0.000199917 0.000385303 0.000518551 0.000537928 0.000460246 0.000346352 0.000243207 0.000167579 0.000118041 8.77679e-05 7.0515e-05 6.21181e-05 6.0354e-05 6.45245e-05 7.51802e-05 9.40066e-05 0.00012372 0.000167689 0.000228873 0.000307739 0.00039934 0.000490955 0.000562959 0.000595048 0.000576045 0.000510583 0.000416657 0.00031597 0.000224927 0.000151503 9.69405e-05 5.88723e-05 3.37204e-05 1.79762e-05 8.70464e-06 3.65305e-06 1.19474e-06 2.16815e-07 0 
0 0.000113264 0.000385303 0.000607117 0.000591043 0.000399393 0.000209262 9.43849e-05 4.00567e-05 1.72443e-05 8.02986e-06 4.26522e-06 2.69016e-06 2.06633e-06 1.95142e-06 2.25294e-06 3.1192e-06 5.02598e-06 9.0806e-06 1.76602e-05 3.54877e-05 7.09101e-05 0.000136171 0.000244004 0.000397659 0.000576398 0.000730017 0.000800373 0.000761843 0.000639139 0.000483069 0.000336041 0.000218459 0.000133631 7.67752e-05 4.09788e-05 1.98524e-05 8.33283e-06 2.72543e-06 4.94609e-07 0 
0 0.000180647 0.000518551 0.000591043 0.000356532 0.000134655 3.72783e-05 8.64931e-06 1.8918e-06 4.34937e-07 1.16081e-07 3.91427e-08 1.77895e-08 1.13484e-08 1.0314e-08 1.32189e-08 2.3128e-08 5.25374e-08 1.45617e-07 4.6011e-07 1.54865e-06 5.21536e-06 1.66545e-05 4.83135e-05 0.000123225 0.000269335 0.000493213 0.000741677 0.000906116 0.000906994 0.000765612 0.000566265 0.00037953 0.000235389 0.000136022 7.27664e-05 3.52819e-05 1.48136e-05 4.84561e-06 8.79408e-07 0 
0 0.000238441 0.000537928 0.000399393 0.000134655 2.56797e-05 3.3298e-06 3.45261e-07 3.35341e-08 3.56438e-09 4.79295e-10 9.23351e-11 2.80243e-11 1.42218e-11 1.23289e-11 1.79714e-11 4.19507e-11 1.45484e-10 6.83126e-10 3.92382e-09 2.49094e-08 1.59118e-07 9.43922e-07 4.88336e-06 2.10773e-05 7.37981e-05 0.000205851 0.000449942 0.00075704 0.000972893 0.000974005 0.000796619 0.000562282 0.000357108 0.000208412 0.000111921 5.43425e-05 2.28276e-05 7.46827e-06 1.35546e-06 0 
0 0.000274436 0.000460246 0.000209262 3.72783e-05 3.3298e-06 1.8307e-07 7.57664e-09 2.91106e-10 1.28173e-11 7.87857e-13 8.01057e-14 1.53349e-14 5.99347e-15 4.92244e-15 8.30943e-15 2.69511e-14 1.51462e-13 1.29803e-12 1.47516e-11 1.93314e-10 2.56645e-09 3.08896e-08 3.08883e-07 2.41428e-06 1.42359e-05 6.23848e-05 0.000202163 0.000480584 0.000826977 0.00103199 0.000972329 0.00074126 0.000488215 0.000289328 0.000156296 7.60509e-05 3.19701e-05 1.04619e-05 1.89893e-06 0 
0 0.000286234 0.000346352 9.43849e-05 8.64931e-06 3.45261e-07 7.57664e-09 1.17182e-10 1.66721e-12 2.85729e-14 7.59874e-16 3.89865e-17 4.56369e-18 1.35573e-18 1.05285e-18 2.06847e-18 9.50608e-18 8.95026e-17 1.46004e-15 3.44363e-14 9.80351e-13 2.84945e-11 7.32206e-10 1.48471e-08 2.19306e-07 2.2529e-06 1.58334e-05 7.64569e-05 0.000255972 0.000592952 0.000943791 0.00105588 0.000890186 0.000616163 0.000373044 0.000203198 9.91678e-05 4.17302e-05 1.36603e-05 2.47973e-06 0 
0 0.00027949 0.000243207 4.00567e-05 1.8918e-06 3.35341e-08 2.91106e-10 1.66721e-12 8.70802e-15 5.76309e-17 6.61329e-19 1.91355e-20 2.37163e-21 9.93695e-22 8.35576e-22 1.26871e-21 4.31489e-21 4.93793e-20 1.47675e-18 7.26209e-17 4.52008e-15 2.89572e-13 1.59981e-11 6.62589e-10 1.86292e-08 3.35465e-07 3.79029e-06 2.71206e-05 0.000125899 0.000385762 0.000779481 0.00104719 0.000991646 0.000729263 0.000453541 0.000249666 0.000122309 5.15342e-05 1.68766e-05 3.06398e-06 0 
0 0.000262657 0.000167579 1.72443e-05 4.34937e-07 3.56438e-09 1.28173e-11 2.85729e-14 5.76309e-17 1.55924e-19 1.07484e-21 5.65146e-23 1.36358e-23 7.90793e-24 7.05961e-24 8.74706e-24 1.88597e-23 1.01584e-22 2.33806e-21 2.03388e-19 2.65081e-17 3.59649e-15 4.1109e-13 3.35666e-11 1.74109e-09 5.35128e-08 9.50123e-07 9.85728e-06 6.18851e-05 0.000243716 0.00061073 0.000977281 0.00104313 0.000819634 0.000525487 0.000292808 0.000144076 6.07959e-05 1.99191e-05 3.61689e-06 0 
0 0.000243016 0.000118041 8.02986e-06 1.16081e-07 4.79295e-10 7.87857e-13 7.59874e-16 6.61329e-19 1.07484e-21 1.10349e-23 8.87998e-25 3.36529e-25 2.44683e-25 2.26849e-25 2.4575e-25 3.71764e-25 1.14494e-24 1.53341e-23 1.18961e-21 2.71735e-19 7.16461e-17 1.56195e-14 2.33099e-12 2.08409e-10 1.03088e-08 2.73783e-07 3.95222e-06 3.2349e-05 0.000157957 0.000474747 0.000884729 0.00105516 0.000884695 0.000585028 0.000330124 0.000163187 6.89673e-05 2.26077e-05 4.10571e-06 0 
0 0.000225319 8.77679e-05 4.26522e-06 3.91427e-08 9.23351e-11 8.01057e-14 3.89865e-17 1.91355e-20 5.65146e-23 8.88001e-25 5.76246e-26 1.94638e-26 1.53979e-26 1.45433e-26 1.44805e-26 1.77358e-26 4.49346e-26 5.35073e-25 2.91628e-23 6.61857e-21 2.89301e-18 1.06847e-15 2.60956e-13 3.64075e-11 2.65774e-09 9.81499e-08 1.85688e-06 1.88634e-05 0.000109415 0.00037937 0.000798118 0.00104401 0.0009265 0.000630092 0.000359724 0.000178585 7.5585e-05 2.47885e-05 4.50243e-06 0 
0 0.000212076 7.0515e-05 2.69016e-06 1.77895e-08 2.80243e-11 1.53349e-14 4.56369e-18 2.37163e-21 1.36358e-23 3.3653e-25 1.94639e-26 2.77073e-27 1.46271e-27 1.3102e-27 1.24616e-27 1.55341e-27 6.0233e-27 8.89618e-26 3.64223e-24 5.29995e-22 2.8374e-19 1.52943e-16 5.33072e-14 1.0256e-11 9.91863e-10 4.64934e-08 1.06977e-06 1.27021e-05 8.33293e-05 0.000319528 0.000732379 0.00102487 0.000949608 0.000660144 0.000380408 0.000189511 8.03043e-05 2.63463e-05 4.78594e-06 0 
0 0.000204324 6.21181e-05 2.06633e-06 1.13484e-08 1.42218e-11 5.99347e-15 1.35573e-18 9.93696e-22 7.90796e-24 2.44685e-25 1.5398e-26 1.46272e-27 2.69745e-28 1.49796e-28 1.44833e-28 3.32136e-28 2.64194e-27 4.15103e-26 1.38313e-24 1.49192e-22 7.5743e-20 5.03314e-17 2.1471e-14 4.95902e-12 5.62826e-10 3.02195e-08 7.77357e-07 1.00872e-05 7.09565e-05 0.000287942 0.000692784 0.00100824 0.00095876 0.000675624 0.000391625 0.000195534 8.29203e-05 2.72114e-05 4.94346e-06 0 
0 0.000202295 6.0354e-05 1.95142e-06 1.0314e-08 1.23289e-11 4.92244e-15 1.05285e-18 8.35577e-22 7.05964e-24 2.2685e-25 1.45434e-26 1.31021e-27 1.49797e-28 3.32528e-29 3.84797e-29 2.15212e-28 2.21394e-27 3.50286e-26 1.12415e-24 1.14891e-22 5.67721e-20 3.93751e-17 1.75281e-14 4.20824e-12 4.94173e-10 2.73142e-08 7.19585e-07 9.51664e-06 6.7954e-05 0.00027924 0.000679645 0.000999289 0.000957258 0.000677349 0.000393367 0.000196551 8.33743e-05 2.73629e-05 4.97114e-06 0 
0 0.000205802 6.45245e-05 2.25294e-06 1.32189e-08 1.79714e-11 8.30943e-15 2.06847e-18 1.26871e-21 8.74709e-24 2.45752e-25 1.44806e-26 1.24617e-27 1.44834e-28 3.84795e-29 5.19998e-29 2.72915e-28 2.80221e-27 4.7936e-26 1.77201e-24 2.16725e-22 1.1537e-19 7.13585e-17 2.83926e-14 6.16096e-12 6.62326e-10 3.39706e-08 8.41669e-07 1.06008e-05 7.2873e-05 0.000290683 0.000690997 0.000998392 0.000946268 0.000666124 0.000386051 0.000192757 8.17468e-05 2.6827e-05 4.8737e-06 0 
0 0.000214367 7.51802e-05 3.1192e-06 2.3128e-08 4.19507e-11 2.69511e-14 9.50608e-18 4.31489e-21 1.88597e-23 3.71766e-25 1.77359e-26 1.55342e-27 3.32135e-28 2.1521e-28 2.72913e-28 7.8062e-28 6.3432e-27 1.22154e-25 6.16172e-24 1.12444e-21 5.84487e-19 2.76923e-16 8.55324e-14 1.47679e-11 1.30001e-09 5.62882e-08 1.2136e-06 1.36848e-05 8.62958e-05 0.000321499 0.000723039 0.00100172 0.000924873 0.000642633 0.000370439 0.000184605 7.82398e-05 2.56711e-05 4.66345e-06 0 
0 0.000227165 9.40066e-05 5.02598e-06 5.25374e-08 1.45484e-10 1.51462e-13 8.95026e-17 4.93793e-20 1.01584e-22 1.14494e-24 4.49347e-26 6.02328e-27 2.64192e-27 2.21392e-27 2.80218e-27 6.34317e-27 3.97457e-26 8.56252e-25 6.44566e-23 1.67323e-20 6.4119e-18 2.03936e-15 4.33739e-13 5.34611e-11 3.50402e-09 1.18148e-07 2.07462e-06 1.98692e-05 0.000110272 0.000371147 0.000768754 0.00100162 0.00089067 0.000607565 0.000347592 0.000172751 7.31511e-05 2.3995e-05 4.35862e-06 0 
0 0.000242857 0.00012372 9.0806e-06 1.45617e-07 6.83126e-10 1.29803e-12 1.46004e-15 1.47675e-18 2.33806e-21 1.53341e-23 5.35072e-25 8.89614e-26 4.15101e-26 3.50284e-26 4.79357e-26 1.22154e-25 8.56251e-25 2.36864e-23 2.55596e-21 5.46881e-19 1.27131e-16 2.45365e-14 3.27081e-12 2.64181e-10 1.19551e-08 2.94351e-07 3.99269e-06 3.11388e-05 0.000147132 0.000435752 0.000815137 0.000987014 0.000840685 0.000561858 0.000318827 0.000158 6.68435e-05 2.192e-05 3.98139e-06 0 
0 0.000259415 0.000167689 1.76602e-05 4.6011e-07 3.92382e-09 1.47516e-11 3.44363e-14 7.26209e-17 2.03388e-19 1.18961e-21 2.91628e-23 3.64223e-24 1.38313e-24 1.12415e-24 1.772e-24 6.16171e-24 6.44566e-23 2.55596e-21 2.32317e-19 2.89362e-17 3.74539e-15 4.09038e-13 3.197e-11 1.5904e-09 4.69861e-08 8.04557e-07 8.09614e-06 4.98042e-05 0.000195586 0.000501298 0.000839979 0.000944485 0.000772389 0.000506896 0.000285661 0.00014124 5.97117e-05 1.95775e-05 3.55575e-06 0 
0 0.000274076 0.000228873 3.54877e-05 1.54865e-06 2.49094e-08 1.93314e-10 9.80351e-13 4.52008e-15 2.65081e-17 2.71735e-19 6.61857e-21 5.29994e-22 1.49192e-22 1.14891e-22 2.16724e-22 1.12444e-21 1.67323e-20 5.46881e-19 2.89362e-17 1.94697e-15 1.34783e-13 7.99689e-12 3.51561e-10 1.0325e-08 1.9084e-07 2.1825e-06 1.57433e-05 7.45608e-05 0.00024042 0.000533619 0.00081047 0.000860237 0.000684494 0.000444548 0.000249717 0.000123369 5.21497e-05 1.70982e-05 3.1055e-06 0 
0 0.00028356 0.000307739 7.09101e-05 5.21536e-06 1.59118e-07 2.56645e-09 2.84945e-11 2.89572e-13 3.59649e-15 7.16461e-17 2.89301e-18 2.8374e-19 7.5743e-20 5.67721e-20 1.1537e-19 5.84487e-19 6.4119e-18 1.27131e-16 3.74539e-15 1.34783e-13 4.93307e-12 1.56477e-10 3.77828e-09 6.32261e-08 6.96367e-07 5.02957e-06 2.47953e-05 8.84571e-05 0.000237106 0.000474663 0.000688963 0.000723258 0.000577365 0.000377048 0.000212605 0.000105239 4.45232e-05 1.46026e-05 2.65254e-06 0 
0 0.000284638 0.00039934 0.000136171 1.66545e-05 9.43922e-07 3.08896e-08 7.32206e-10 1.59981e-11 4.1109e-13 1.56195e-14 1.06847e-15 1.52943e-16 5.03314e-17 3.93751e-17 7.13585e-17 2.76923e-16 2.03936e-15 2.45365e-14 4.09038e-13 7.99689e-12 1.56477e-10 2.65429e-09 3.44426e-08 3.09478e-07 1.82421e-06 7.23147e-06 2.16357e-05 5.64124e-05 0.000136236 0.000285204 0.000459315 0.000531932 0.000453621 0.000306892 0.000175837 8.75992e-05 3.7148e-05 1.21936e-05 2.21556e-06 0 
0 0.000274989 0.000490955 0.000244004 4.83135e-05 4.88336e-06 3.08883e-07 1.48471e-08 6.62589e-10 3.35666e-11 2.33099e-12 2.60956e-13 5.33072e-14 2.1471e-14 1.75281e-14 2.83926e-14 8.55324e-14 4.33739e-13 3.27081e-12 3.197e-11 3.51561e-10 3.77828e-09 3.44426e-08 2.29333e-07 9.56995e-07 2.26325e-06 3.29506e-06 4.22067e-06 7.47413e-06 2.12146e-05 7.18276e-05 0.00018937 0.000310224 0.000320605 0.000237086 0.000140813 7.10786e-05 3.02773e-05 9.95276e-06 1.80921e-06 0 
0 0.000254056 0.000562959 0.000397659 0.000123225 2.10773e-05 2.41428e-06 2.19306e-07 1.86292e-08 1.74109e-09 2.08409e-10 3.64075e-11 1.0256e-11 4.95902e-12 4.20824e-12 6.16096e-12 1.47679e-11 5.34611e-11 2.64181e-10 1.5904e-09 1.0325e-08 6.32261e-08 3.09478e-07 9.56995e-07 1.35145e-06 6.56087e-07 1.29517e-07 2.85147e-08 2.76759e-08 1.81133e-07 2.94326e-06 3.15351e-05 0.000123184 0.000194811 0.000171838 0.000108885 5.61755e-05 2.40959e-05 7.93765e-06 1.44382e-06 0 
0 0.000223492 0.000595048 0.000576398 0.000269335 7.37981e-05 1.42359e-05 2.2529e-06 3.35465e-07 5.35128e-08 1.03088e-08 2.65774e-09 9.91863e-10 5.62826e-10 4.94173e-10 6.62326e-10 1.30001e-09 3.50402e-09 1.19551e-08 4.69861e-08 1.9084e-07 6.96367e-07 1.82421e-06 2.26325e-06 6.56087e-07 2.0802e-08 9.08621e-11 6.03129e-13 2.0102e-13 1.08575e-11 6.17563e-09 1.33271e-06 2.9189e-05 9.9222e-05 0.000116611 8.1355e-05 4.32519e-05 1.87194e-05 6.18259e-06 1.12542e-06 0 
0 0.000186833 0.000576045 0.000730017 0.000493213 0.000205851 6.23848e-05 1.58334e-05 3.79029e-06 9.50123e-07 2.73783e-07 9.81499e-08 4.64934e-08 3.02195e-08 2.73142e-08 3.39706e-08 5.62882e-08 1.18148e-07 2.94351e-07 8.04557e-07 2.1825e-06 5.02957e-06 7.23147e-06 3.29506e-06 1.29517e-07 9.08621e-11 1.42167e-15 1.51506e-15 2.90802e-15 1.03225e-16 8.29432e-13 1.73513e-08 4.68086e-06 4.50638e-05 7.58933e-05 5.91863e-05 3.25019e-05 1.41955e-05 4.70028e-06 8.56182e-07 0 
0 0.00014847 0.000510583 0.000800373 0.000741677 0.000449942 0.000202163 7.64569e-05 2.71206e-05 9.85728e-06 3.95222e-06 1.85688e-06 1.06977e-06 7.77357e-07 7.19585e-07 8.41669e-07 1.2136e-06 2.07462e-06 3.99269e-06 8.09614e-06 1.57433e-05 2.47953e-05 2.16357e-05 4.22067e-06 2.85147e-08 6.03129e-13 1.51506e-15 1.29599e-16 1.67532e-16 2.361e-17 2.0639e-16 3.47889e-10 9.26806e-07 2.21288e-05 5.00748e-05 4.25376e-05 2.39105e-05 1.05081e-05 3.48502e-06 6.35088e-07 0 
0 0.000112388 0.000416657 0.000761843 0.000906116 0.00075704 0.000480584 0.000255972 0.000125899 6.18851e-05 3.2349e-05 1.88634e-05 1.27021e-05 1.00872e-05 9.51664e-06 1.06008e-05 1.36848e-05 1.98692e-05 3.11388e-05 4.98042e-05 7.45608e-05 8.84571e-05 5.64124e-05 7.47413e-06 2.76759e-08 2.0102e-13 2.90802e-15 1.67532e-16 3.04057e-17 1.69425e-17 5.47238e-16 1.05695e-10 4.99466e-07 1.47626e-05 3.55189e-05 3.06131e-05 1.72589e-05 7.58887e-06 2.51705e-06 4.58693e-07 0 
0 8.12686e-05 0.00031597 0.000639139 0.000906994 0.000972893 0.000826977 0.000592952 0.000385762 0.000243716 0.000157957 0.000109415 8.33293e-05 7.09565e-05 6.7954e-05 7.2873e-05 8.62958e-05 0.000110272 0.000147132 0.000195586 0.00024042 0.000237106 0.000136236 2.12146e-05 1.81133e-07 1.08575e-11 1.03224e-16 2.36101e-17 1.69425e-17 7.02551e-17 4.32588e-15 9.82786e-10 9.23429e-07 1.42285e-05 2.74406e-05 2.20917e-05 1.22086e-05 5.33778e-06 1.76759e-06 3.21973e-07 0 
0 5.62721e-05 0.000224927 0.000483069 0.000765612 0.000974005 0.00103199 0.000943791 0.000779481 0.00061073 0.000474747 0.00037937 0.000319528 0.000287942 0.00027924 0.000290683 0.000321499 0.000371147 0.000435752 0.000501298 0.000533619 0.000474663 0.000285204 7.18276e-05 2.94326e-06 6.17563e-09 8.29432e-13 2.0639e-16 5.47238e-16 4.32588e-15 2.93394e-11 4.93704e-08 3.23687e-06 1.66509e-05 2.2011e-05 1.57637e-05 8.4182e-06 3.64488e-06 1.2037e-06 2.19092e-07 0 
0 3.73442e-05 0.000151503 0.000336041 0.000566265 0.000796619 0.000972329 0.00105588 0.00104719 0.000977281 0.000884729 0.000798118 0.000732379 0.000692784 0.000679645 0.000690997 0.000723039 0.000768754 0.000815137 0.000839979 0.00081047 0.000688963 0.000459315 0.00018937 3.15351e-05 1.33271e-06 1.73513e-08 3.47889e-10 1.05695e-10 9.82786e-10 4.93704e-08 1.44439e-06 9.64865e-06 1.84871e-05 1.70847e-05 1.08921e-05 5.61388e-06 2.40543e-06 7.9199e-07 1.44031e-07 0 
0 2.37195e-05 9.69405e-05 0.000218459 0.00037953 0.000562282 0.00074126 0.000890186 0.000991646 0.00104313 0.00105516 0.00104401 0.00102487 0.00100824 0.000999289 0.000998392 0.00100172 0.00100162 0.000987014 0.000944485 0.000860237 0.000723258 0.000531932 0.000310224 0.000123184 2.9189e-05 4.68086e-06 9.26806e-07 4.99466e-07 9.23429e-07 3.23687e-06 9.64865e-06 1.65626e-05 1.69198e-05 1.22375e-05 7.16368e-06 3.59143e-06 1.5257e-06 5.01042e-07 9.10498e-08 0 
0 1.43558e-05 5.88723e-05 0.000133631 0.000235389 0.000357108 0.000488215 0.000616163 0.000729263 0.000819634 0.000884695 0.0009265 0.000949608 0.00095876 0.000957258 0.000946268 0.000924873 0.00089067 0.000840685 0.000772389 0.000684494 0.000577365 0.000453621 0.000320605 0.000194811 9.9222e-05 4.50638e-05 2.21288e-05 1.47626e-05 1.42285e-05 1.66509e-05 1.84871e-05 1.69198e-05 1.26077e-05 7.97679e-06 4.43948e-06 2.18681e-06 9.23606e-07 3.02753e-07 5.4985e-08 0 
0 8.21044e-06 3.37204e-05 7.67752e-05 0.000136022 0.000208412 0.000289328 0.000373044 0.000453541 0.000525487 0.000585028 0.000630092 0.000660144 0.000675624 0.000677349 0.000666124 0.000642633 0.000607565 0.000561858 0.000506896 0.000444548 0.000377048 0.000306892 0.000237086 0.000171838 0.000116611 7.58933e-05 5.00748e-05 3.55189e-05 2.74406e-05 2.2011e-05 1.70847e-05 1.22375e-05 7.97679e-06 4.74361e-06 2.57368e-06 1.25565e-06 5.2853e-07 1.73051e-07 3.14173e-08 0 
0 4.37428e-06 1.79762e-05 4.09788e-05 7.27664e-05 0.000111921 0.000156296 0.000203198 0.000249666 0.000292808 0.000330124 0.000359724 0.000380408 0.000391625 0.000393367 0.000386051 0.000370439 0.000347592 0.000318827 0.000285661 0.000249717 0.000212605 0.000175837 0.000140813 0.000108885 8.1355e-05 5.91863e-05 4.25376e-05 3.06131e-05 2.20917e-05 1.57637e-05 1.08921e-05 7.16368e-06 4.43948e-06 2.57368e-06 1.38059e-06 6.70455e-07 2.81715e-07 9.21811e-08 1.67318e-08 0 
0 2.11765e-06 8.70464e-06 1.98524e-05 3.52819e-05 5.43425e-05 7.60509e-05 9.91678e-05 0.000122309 0.000144076 0.000163187 0.000178585 0.000189511 0.000195534 0.000196551 0.000192757 0.000184605 0.000172751 0.000158 0.00014124 0.000123369 0.000105239 8.75992e-05 7.10786e-05 5.61755e-05 4.32519e-05 3.25019e-05 2.39105e-05 1.72589e-05 1.22086e-05 8.4182e-06 5.61388e-06 3.59143e-06 2.18681e-06 1.25565e-06 6.70455e-07 3.24935e-07 1.36421e-07 4.46248e-08 8.09892e-09 0 
0 8.88628e-07 3.65305e-06 8.33283e-06 1.48136e-05 2.28276e-05 3.19701e-05 4.17302e-05 5.15342e-05 6.07959e-05 6.89673e-05 7.5585e-05 8.03043e-05 8.29203e-05 8.33743e-05 8.17468e-05 7.82398e-05 7.31511e-05 6.68435e-05 5.97117e-05 5.21497e-05 4.45232e-05 3.7148e-05 3.02773e-05 2.40959e-05 1.87194e-05 1.41955e-05 1.05081e-05 7.58887e-06 5.33778e-06 3.64488e-06 2.40543e-06 1.5257e-06 9.23606e-07 5.2853e-07 2.81715e-07 1.36421e-07 5.72547e-08 1.8726e-08 3.39837e-09 0 
0 2.90618e-07 1.19474e-06 2.72543e-06 4.84561e-06 7.46827e-06 1.04619e-05 1.36603e-05 1.68766e-05 1.99191e-05 2.26077e-05 2.47885e-05 2.63463e-05 2.72114e-05 2.73629e-05 2.6827e-05 2.56711e-05 2.3995e-05 2.192e-05 1.95775e-05 1.70982e-05 1.46026e-05 1.21936e-05 9.95276e-06 7.93765e-06 6.18259e-06 4.70028e-06 3.48502e-06 2.51705e-06 1.76759e-06 1.2037e-06 7.9199e-07 5.01042e-07 3.02753e-07 1.73051e-07 9.21811e-08 4.46248e-08 1.8726e-08 6.12421e-09 1.11139e-09 0 
0 5.27394e-08 2.16815e-07 4.94609e-07 8.79408e-07 1.35546e-06 1.89893e-06 2.47973e-06 3.06398e-06 3.61689e-06 4.10571e-06 4.50243e-06 4.78594e-06 4.94346e-06 4.97114e-06 4.8737e-06 4.66345e-06 4.35862e-06 3.98139e-06 3.55575e-06 3.1055e-06 2.65254e-06 2.21556e-06 1.80921e-06 1.44382e-06 1.12542e-06 8.56182e-07 6.35088e-07 4.58693e-07 3.21973e-07 2.19092e-07 1.44031e-07 9.10498e-08 5.4985e-08 3.14173e-08 1.67318e-08 8.09892e-09 3.39837e-09 1.11139e-09 2.01686e-10 0 
0 0 0 0 0 0 0 0 0 0 0 0 0 0 0 0 0 0 0 0 0 0 0 0 0 0 0 0 0 0 0 0 0 0 0 0 0 0 0 0 0 
