0 0 0 0 0 0 0 0 0 0 0 0 0 0 0 0 0 0 0 0 0 0 0 0 0 0 0 0 0 0 0 0 0 0 0 0 0 0 0 0 0 
0 1.36948e-05 5.58081e-05 0.000125144 0.000215872 0.000317199 0.000415328 0.000497674 0.000557028 0.000592929 0.000609943 0.000614653 0.000613223 0.000610147 0.000607924 0.000607189 0.000606989 0.000605091 0.00059838 0.000583445 0.000557357 0.000518567 0.000467603 0.000407232 0.000341916 0.000276697 0.000216016 0.000162914 0.00011883 8.38592e-05 5.72132e-05 3.76537e-05 2.38117e-05 1.43807e-05 8.21651e-06 4.3756e-06 2.1179e-06 8.88668e-07 2.90623e-07 5.27397e-08 0 
0 5.58081e-05 0.000224555 0.000490292 0.000804936 0.00109143 0.00127442 0.00132191 0.00125746 0.00113383 0.000999772 0.00088516 0.000802836 0.000755864 0.000743455 0.000764049 0.000816068 0.000897058 0.00100166 0.00111909 0.00123133 0.00131423 0.00134303 0.00130152 0.00118986 0.00102555 0.000836018 0.000648032 0.00048034 0.000341959 0.000234339 0.00015455 9.78276e-05 5.91052e-05 3.37755e-05 1.79879e-05 8.70679e-06 3.65338e-06 1.19478e-06 2.16818e-07 0 
0 0.000125144 0.000490292 0.00101047 0.00148913 0.00169861 0.00156432 0.00122142 0.000858086 0.000576359 0.000390592 0.000278872 0.000216516 0.000186498 0.00017978 0.000193608 0.000230378 0.000297358 0.000406469 0.00057247 0.000806876 0.00110553 0.00143309 0.00171804 0.00187539 0.00185286 0.0016633 0.00137208 0.00105508 0.000766222 0.000530331 0.000351384 0.00022287 0.000134765 7.70362e-05 4.10323e-05 1.98621e-05 8.33428e-06 2.7256e-06 4.9462e-07 0 
0 0.000215872 0.000804936 0.00148913 0.00180079 0.00152215 0.000957483 0.000489993 0.000224996 0.000101407 4.83952e-05 2.59905e-05 1.64332e-05 1.25883e-05 1.18215e-05 1.35501e-05 1.86073e-05 2.97035e-05 5.30563e-05 0.000101606 0.000199612 0.000385235 0.000700957 0.00115801 0.00168257 0.00210531 0.0022574 0.00210041 0.00173802 0.00131411 0.000928092 0.000620679 0.000395247 0.000239383 0.000136924 7.29473e-05 3.53136e-05 1.48183e-05 4.84613e-06 8.7944e-07 0 
0 0.000317199 0.00109143 0.00169861 0.00152215 0.000847791 0.000327278 0.000100178 2.76753e-05 7.74177e-06 2.42312e-06 9.21994e-07 4.54223e-07 3.01633e-07 2.74385e-07 3.39399e-07 5.5493e-07 1.14654e-06 2.82899e-06 7.83176e-06 2.28382e-05 6.60802e-05 0.000179703 0.000437662 0.000914321 0.00157968 0.00220584 0.00249103 0.00233643 0.00189773 0.00139017 0.000945548 0.000606472 0.000368365 0.000210926 0.000112416 5.44276e-05 2.28399e-05 7.46962e-06 1.35554e-06 0 
0 0.000415328 0.00127442 0.00156432 0.000957483 0.000327278 7.32291e-05 1.26776e-05 1.98376e-06 3.2378e-07 6.27322e-08 1.61072e-08 5.96455e-09 3.36265e-09 2.94865e-09 3.97858e-09 7.94075e-09 2.2026e-08 7.85346e-08 3.3034e-07 1.50387e-06 6.83834e-06 2.89546e-05 0.000107654 0.000334688 0.000833761 0.00160566 0.00234638 0.00263854 0.00239328 0.00185889 0.00129971 0.0008435 0.000514719 0.000295238 0.000157447 7.62454e-05 3.19977e-05 1.04648e-05 1.8991e-06 0 
0 0.000497674 0.00132191 0.00122142 0.000489993 0.000100178 1.26776e-05 1.20216e-06 1.02591e-07 9.39559e-09 1.08676e-09 1.82658e-10 4.97123e-11 2.3482e-11 1.97814e-11 2.92953e-11 7.24455e-11 2.75846e-10 1.46129e-09 9.63441e-09 7.07038e-08 5.20784e-07 3.52183e-06 2.03536e-05 9.51442e-05 0.000344507 0.000930472 0.0018183 0.00255695 0.00268755 0.00226732 0.00165028 0.00108981 0.000669603 0.00038505 0.000205523 9.95564e-05 4.17845e-05 1.3666e-05 2.48006e-06 0 
0 0.000557028 0.00125746 0.000858086 0.000224996 2.76753e-05 1.98376e-06 1.02591e-07 4.73928e-09 2.41489e-10 1.65395e-11 1.80686e-12 3.5944e-13 1.41747e-13 1.14544e-13 1.86308e-13 5.72368e-13 3.00481e-12 2.37861e-11 2.47446e-10 2.94753e-09 3.53903e-08 3.83945e-07 3.45158e-06 2.41371e-05 0.000125633 0.000470446 0.00122856 0.00219513 0.00273898 0.00256125 0.00196424 0.0013275 0.000823193 0.000474973 0.000253817 0.000122998 5.16295e-05 1.68866e-05 3.06455e-06 0 
0 0.000592929 0.00113383 0.000576359 0.000101407 7.74177e-06 3.2378e-07 9.39559e-09 2.41489e-10 7.02405e-12 2.91352e-13 2.10671e-14 3.10277e-15 1.02854e-15 7.97856e-16 1.41792e-15 5.35537e-15 3.81934e-14 4.43689e-13 7.13703e-12 1.35086e-10 2.58773e-09 4.40934e-08 6.03703e-07 6.1769e-06 4.50756e-05 0.000227683 0.000776013 0.00174417 0.00259658 0.00272037 0.00221679 0.00154019 0.000965794 0.000559548 0.000299437 0.000145172 6.09463e-05 1.99347e-05 3.61778e-06 0 
0 0.000609943 0.000999772 0.000390592 4.83952e-05 2.42312e-06 6.27322e-08 1.08676e-09 1.65395e-11 2.91352e-13 7.71405e-15 3.85354e-16 4.33287e-17 1.22812e-17 9.17189e-18 1.76191e-17 7.99451e-17 7.49101e-16 1.22544e-14 2.90957e-13 8.33178e-12 2.42407e-10 6.18631e-09 1.23372e-07 1.77185e-06 1.74273e-05 0.00011422 0.000489622 0.00134551 0.00235775 0.00276257 0.00239729 0.00171564 0.00108896 0.000633758 0.000339677 0.000164765 6.91829e-05 2.26299e-05 4.10697e-06 0 
0 0.000614653 0.00088516 0.000278872 2.59905e-05 9.21994e-07 1.61072e-08 1.82658e-10 1.80686e-12 2.10671e-14 3.85354e-16 1.41876e-17 1.27596e-18 3.1747e-19 2.29414e-19 4.6899e-19 2.4705e-18 2.89377e-17 6.2672e-16 2.0486e-14 8.24513e-13 3.38359e-11 1.20438e-09 3.27433e-08 6.21644e-07 7.80894e-06 6.32284e-05 0.000325745 0.00105224 0.00211167 0.0027293 0.00250947 0.00184718 0.00118633 0.000693475 0.000372251 0.000180656 7.58672e-05 2.48176e-05 4.50405e-06 0 
0 0.000613223 0.000802836 0.000216516 1.64332e-05 4.54223e-07 5.96455e-09 4.97123e-11 3.5944e-13 3.10277e-15 4.33287e-17 1.27596e-18 9.73815e-20 2.19935e-20 1.54826e-20 3.30431e-20 1.9362e-19 2.66313e-18 7.06507e-17 2.91203e-15 1.50106e-13 7.91355e-12 3.59061e-10 1.22413e-08 2.84994e-07 4.28002e-06 4.04072e-05 0.000237658 0.000862436 0.00191237 0.00266481 0.00256613 0.00193321 0.00125394 0.000735754 0.000395463 0.000192004 8.06437e-05 2.63812e-05 4.78788e-06 0 
0 0.000610147 0.000755864 0.000186498 1.25883e-05 3.01633e-07 3.36265e-09 2.3482e-11 1.41747e-13 1.02854e-15 1.22812e-17 3.1747e-19 2.19935e-20 4.68416e-21 3.2381e-21 7.06351e-21 4.38841e-20 6.60436e-19 1.9654e-17 9.24626e-16 5.49291e-14 3.34548e-12 1.74679e-10 6.79166e-09 1.78067e-07 2.96804e-06 3.06509e-05 0.000194777 0.000756821 0.00178178 0.002602 0.00258185 0.00197548 0.00129008 0.000758946 0.000408308 0.000198301 8.32972e-05 2.725e-05 4.94562e-06 0 
0 0.000607924 0.000743455 0.00017978 1.18215e-05 2.74385e-07 2.94865e-09 1.97814e-11 1.14544e-13 7.97856e-16 9.17189e-18 2.29414e-19 1.54826e-20 3.2381e-21 2.21782e-21 4.83742e-21 3.0313e-20 4.63724e-19 1.41202e-17 6.83126e-16 4.18726e-14 2.63567e-12 1.42236e-10 5.70846e-09 1.54132e-07 2.63795e-06 2.78892e-05 0.000181024 0.000717673 0.00172257 0.00255762 0.0025672 0.00197687 0.00129484 0.000762672 0.0004105 0.000199398 8.37624e-05 2.74027e-05 4.97336e-06 0 
0 0.000607189 0.000764049 0.000193608 1.35501e-05 3.39399e-07 3.97858e-09 2.92953e-11 1.86308e-13 1.41792e-15 1.76191e-17 4.6899e-19 3.30431e-20 7.06351e-21 4.83742e-21 1.03297e-20 6.2198e-20 9.0036e-19 2.5646e-17 1.15232e-15 6.54001e-14 3.81442e-12 1.91469e-10 7.19203e-09 1.83161e-07 2.98218e-06 3.02534e-05 0.000189952 0.000733695 0.00172732 0.00253282 0.00252588 0.00193997 0.00126964 0.000747696 0.000402436 0.000195484 8.21192e-05 2.68653e-05 4.87584e-06 0 
0 0.000606989 0.000816068 0.000230378 1.86073e-05 5.5493e-07 7.94075e-09 7.24455e-11 5.72368e-13 5.35537e-15 7.99451e-17 2.4705e-18 1.9362e-19 4.38841e-20 3.0313e-20 6.2198e-20 3.4446e-19 4.42073e-18 1.08543e-16 4.12662e-15 1.96378e-13 9.60006e-12 4.06767e-10 1.30645e-08 2.89348e-07 4.17605e-06 3.82896e-05 0.000221186 0.00079811 0.00178074 0.00251487 0.00245453 0.00186649 0.00121689 0.000715741 0.000385102 0.000187049 7.85746e-05 2.57057e-05 4.66539e-06 0 
0 0.000605091 0.000897058 0.000297358 2.97035e-05 1.14654e-06 2.2026e-08 2.75846e-10 3.00481e-12 3.81934e-14 7.49101e-16 2.89377e-17 2.66313e-18 6.60436e-19 4.63724e-19 9.0036e-19 4.42073e-18 4.7605e-17 9.40041e-16 2.79349e-14 1.02404e-12 3.84989e-11 1.2664e-09 3.2159e-08 5.77111e-07 6.94081e-06 5.4573e-05 0.000277586 0.000902599 0.00185636 0.00247893 0.00234459 0.00175766 0.00113984 0.00066929 0.000359948 0.000174816 7.34353e-05 2.40245e-05 4.36029e-06 0 
0 0.00059838 0.00100166 0.000406469 5.30563e-05 2.82899e-06 7.85346e-08 1.46129e-09 2.37861e-11 4.43689e-13 1.22544e-14 6.2672e-16 7.06507e-17 1.9654e-17 1.41202e-17 2.5646e-17 1.08543e-16 9.40041e-16 1.41473e-14 3.08892e-13 8.1602e-12 2.20356e-10 5.26223e-09 9.9152e-08 1.3603e-06 1.29481e-05 8.35173e-05 0.000360543 0.00102678 0.00191053 0.00239052 0.00218509 0.00161495 0.00104237 0.000611343 0.000328734 0.000159664 6.70742e-05 2.19441e-05 3.98276e-06 0 
0 0.000583445 0.00111909 0.00057247 0.000101606 7.83176e-06 3.3034e-07 9.63441e-09 2.47446e-10 7.13703e-12 2.90957e-13 2.0486e-14 2.91203e-15 9.24626e-16 6.83126e-16 1.15232e-15 4.12662e-15 2.79349e-14 3.08892e-13 4.74818e-12 8.62694e-11 1.59365e-09 2.63043e-08 3.5052e-07 3.51235e-06 2.53675e-05 0.000129315 0.000459688 0.00112415 0.00187919 0.00220982 0.0019653 0.00144041 0.000928786 0.000545147 0.000293359 0.000142544 5.98943e-05 1.95968e-05 3.55686e-06 0 
0 0.000557357 0.00123133 0.000806876 0.000199612 2.28382e-05 1.50387e-06 7.07038e-08 2.94753e-09 1.35086e-10 8.33178e-12 8.24513e-13 1.50106e-13 5.49291e-14 4.18726e-14 6.54001e-14 1.96378e-13 1.02404e-12 8.1602e-12 8.62694e-11 1.04962e-09 1.28795e-08 1.42329e-07 1.29632e-06 9.15024e-06 4.83118e-05 0.000187926 0.000535613 0.00111284 0.00168444 0.00189788 0.00167566 0.00123609 0.000803222 0.000473884 0.000255699 0.000124397 5.22954e-05 1.71138e-05 3.10641e-06 0 
0 0.000518567 0.00131423 0.00110553 0.000385235 6.60802e-05 6.83834e-06 5.20784e-07 3.53903e-08 2.58773e-09 2.42407e-10 3.38359e-11 7.91355e-12 3.34548e-12 2.63567e-12 3.81442e-12 9.60006e-12 3.84989e-11 2.20356e-10 1.59365e-09 1.28795e-08 1.03736e-07 7.5434e-07 4.5802e-06 2.19955e-05 8.1227e-05 0.000230156 0.000508799 0.000894876 0.00126203 0.00142707 0.00130825 0.00100304 0.000669126 0.000400406 0.000217474 0.000106089 4.46452e-05 1.46158e-05 2.65331e-06 0 
0 0.000467603 0.00134303 0.00143309 0.000700957 0.000179703 2.89546e-05 3.52183e-06 3.83945e-07 4.40934e-08 6.18631e-09 1.20438e-09 3.59061e-10 1.74679e-10 1.42236e-10 1.91469e-10 4.06767e-10 1.2664e-09 5.26223e-09 2.63043e-08 1.42329e-07 7.5434e-07 3.58215e-06 1.41415e-05 4.38904e-05 0.00010448 0.000195649 0.000311685 0.000460908 0.000648634 0.000821279 0.000867309 0.000742811 0.000529267 0.000327143 0.000180166 8.83636e-05 3.72583e-05 1.22056e-05 2.21625e-06 0 
0 0.000407232 0.00130152 0.00171804 0.00115801 0.000437662 0.000107654 2.03536e-05 3.45158e-06 6.03703e-07 1.23372e-07 3.27433e-08 1.22413e-08 6.79166e-09 5.70846e-09 7.19203e-09 1.30645e-08 3.2159e-08 9.9152e-08 3.5052e-07 1.29632e-06 4.5802e-06 1.41415e-05 3.48788e-05 6.30819e-05 7.99414e-05 7.64611e-05 7.05073e-05 8.40285e-05 0.000140337 0.00026425 0.000415445 0.000468859 0.000387813 0.00025641 0.000145035 7.18244e-05 3.0384e-05 9.96419e-06 1.80987e-06 0 
0 0.000341916 0.00118986 0.00187539 0.00168257 0.000914321 0.000334688 9.51442e-05 2.41371e-05 6.1769e-06 1.77185e-06 6.21644e-07 2.84994e-07 1.78067e-07 1.54132e-07 1.83161e-07 2.89348e-07 5.77111e-07 1.3603e-06 3.51235e-06 9.15024e-06 2.19955e-05 4.38904e-05 6.30819e-05 5.41349e-05 2.37591e-05 6.08715e-06 1.78301e-06 1.47527e-06 4.49738e-06 2.5447e-05 0.000107867 0.000226936 0.000254863 0.000191135 0.000113197 5.693e-05 2.42019e-05 7.94879e-06 1.44445e-06 0 
0 0.000276697 0.00102555 0.00185286 0.00210531 0.00157968 0.000833761 0.000344507 0.000125633 4.50756e-05 1.74273e-05 7.80894e-06 4.28002e-06 2.96804e-06 2.63795e-06 2.98218e-06 4.17605e-06 6.94081e-06 1.29481e-05 2.53675e-05 4.83118e-05 8.1227e-05 0.00010448 7.99414e-05 2.37591e-05 1.71295e-06 3.50339e-08 1.01006e-09 4.26092e-10 5.36542e-09 3.40136e-07 1.11803e-05 7.71064e-05 0.000147537 0.000135227 8.5662e-05 4.3997e-05 1.88219e-05 6.19312e-06 1.126e-06 0 
0 0.000216016 0.000836018 0.0016633 0.0022574 0.00220584 0.00160566 0.000930472 0.000470446 0.000227683 0.00011422 6.32284e-05 4.04072e-05 3.06509e-05 2.78892e-05 3.02534e-05 3.82896e-05 5.4573e-05 8.35173e-05 0.000129315 0.000187926 0.000230156 0.000195649 7.64611e-05 6.08715e-06 3.50339e-08 1.64654e-11 1.35301e-14 2.08743e-15 2.60021e-13 7.26309e-10 5.29922e-07 2.01035e-05 7.84968e-05 9.22685e-05 6.31602e-05 3.3184e-05 1.42875e-05 4.70954e-06 8.5669e-07 0 
0 0.000162914 0.000648032 0.00137208 0.00210041 0.00249103 0.00234638 0.0018183 0.00122856 0.000776013 0.000489622 0.000325745 0.000237658 0.000194777 0.000181024 0.000189952 0.000221186 0.000277586 0.000360543 0.000459688 0.000535613 0.000508799 0.000311685 7.05073e-05 1.78301e-06 1.01006e-09 1.35301e-14 1.42876e-17 6.01219e-18 3.95228e-17 2.5625e-12 3.39663e-08 6.04511e-06 4.37627e-05 6.3039e-05 4.58076e-05 2.44686e-05 1.05823e-05 3.4924e-06 6.35488e-07 0 
0 0.00011883 0.00048034 0.00105508 0.00173802 0.00233643 0.00263854 0.00255695 0.00219513 0.00174417 0.00134551 0.00105224 0.000862436 0.000756821 0.000717673 0.000733695 0.00079811 0.000902599 0.00102678 0.00112415 0.00111284 0.000894876 0.000460908 8.40285e-05 1.47527e-06 4.26092e-10 2.08743e-15 6.01223e-18 4.70527e-19 3.85118e-17 4.91091e-13 1.36402e-08 3.56339e-06 2.98192e-05 4.48605e-05 3.29677e-05 1.76579e-05 7.64158e-06 2.52226e-06 4.58975e-07 0 
0 8.38592e-05 0.000341959 0.000766222 0.00131411 0.00189773 0.00239328 0.00268755 0.00273898 0.00259658 0.00235775 0.00211167 0.00191237 0.00178178 0.00172257 0.00172732 0.00178074 0.00185636 0.00191053 0.00187919 0.00168444 0.00126203 0.000648634 0.000140337 4.49738e-06 5.36542e-09 2.60021e-13 3.95228e-17 3.85118e-17 7.34351e-16 1.49829e-11 5.44083e-08 4.79539e-06 2.58522e-05 3.35276e-05 2.35547e-05 1.24544e-05 5.37033e-06 1.77083e-06 3.22149e-07 0 
0 5.72132e-05 0.000234339 0.000530331 0.000928092 0.00139017 0.00185889 0.00226732 0.00256125 0.00272037 0.00276257 0.0027293 0.00266481 0.002602 0.00255762 0.00253282 0.00251487 0.00247893 0.00239052 0.00220982 0.00189788 0.00142707 0.000821279 0.00026425 2.5447e-05 3.40136e-07 7.26309e-10 2.5625e-12 4.91091e-13 1.49829e-11 5.09144e-09 6.75533e-07 9.86077e-06 2.53212e-05 2.54565e-05 1.65373e-05 8.54765e-06 3.66224e-06 1.20545e-06 2.19188e-07 0 
0 3.76537e-05 0.00015455 0.000351384 0.000620679 0.000945548 0.00129971 0.00165028 0.00196424 0.00221679 0.00239729 0.00250947 0.00256613 0.00258185 0.0025672 0.00252588 0.00245453 0.00234459 0.00218509 0.0019653 0.00167566 0.00130825 0.000867309 0.000415445 0.000107867 1.11803e-05 5.29922e-07 3.39663e-08 1.36402e-08 5.44083e-08 6.75533e-07 5.78038e-06 1.799e-05 2.36823e-05 1.87011e-05 1.12366e-05 5.67203e-06 2.41341e-06 7.92818e-07 1.44078e-07 0 
0 2.38117e-05 9.78276e-05 0.00022287 0.000395247 0.000606472 0.0008435 0.00108981 0.0013275 0.00154019 0.00171564 0.00184718 0.00193321 0.00197548 0.00197687 0.00193997 0.00186649 0.00175766 0.00161495 0.00144041 0.00123609 0.00100304 0.000742811 0.000468859 0.000226936 7.71064e-05 2.01035e-05 6.04511e-06 3.56339e-06 4.79539e-06 9.86077e-06 1.799e-05 2.23143e-05 1.92002e-05 1.2853e-05 7.29272e-06 3.61376e-06 1.52887e-06 5.01382e-07 9.10695e-08 0 
0 1.43807e-05 5.91052e-05 0.000134765 0.000239383 0.000368365 0.000514719 0.000669603 0.000823193 0.000965794 0.00108896 0.00118633 0.00125394 0.00129008 0.00129484 0.00126964 0.00121689 0.00113984 0.00104237 0.000928786 0.000803222 0.000669126 0.000529267 0.000387813 0.000254863 0.000147537 7.84968e-05 4.37627e-05 2.98192e-05 2.58522e-05 2.53212e-05 2.36823e-05 1.92002e-05 1.33524e-05 8.1687e-06 4.48043e-06 2.19418e-06 9.24698e-07 3.02875e-07 5.49924e-08 0 
0 8.21651e-06 3.37755e-05 7.70362e-05 0.000136924 0.000210926 0.000295238 0.00038505 0.000474973 0.000559548 0.000633758 0.000693475 0.000735754 0.000758946 0.000762672 0.000747696 0.000715741 0.00066929 0.000611343 0.000545147 0.000473884 0.000400406 0.000327143 0.00025641 0.000191135 0.000135227 9.22685e-05 6.3039e-05 4.48605e-05 3.35276e-05 2.54565e-05 1.87011e-05 1.2853e-05 8.1687e-06 4.7937e-06 2.58479e-06 1.25774e-06 5.28855e-07 1.73089e-07 3.14196e-08 0 
0 4.3756e-06 1.79879e-05 4.10323e-05 7.29473e-05 0.000112416 0.000157447 0.000205523 0.000253817 0.000299437 0.000339677 0.000372251 0.000395463 0.000408308 0.0004105 0.000402436 0.000385102 0.000359948 0.000328734 0.000293359 0.000255699 0.000217474 0.000180166 0.000145035 0.000113197 8.5662e-05 6.31602e-05 4.58076e-05 3.29677e-05 2.35547e-05 1.65373e-05 1.12366e-05 7.29272e-06 4.48043e-06 2.58479e-06 1.38318e-06 6.70969e-07 2.81799e-07 9.21913e-08 1.67324e-08 0 
0 2.1179e-06 8.70679e-06 1.98621e-05 3.53136e-05 5.44276e-05 7.62454e-05 9.95564e-05 0.000122998 0.000145172 0.000164765 0.000180656 0.000192004 0.000198301 0.000199398 0.000195484 0.000187049 0.000174816 0.000159664 0.000142544 0.000124397 0.000106089 8.83636e-05 7.18244e-05 5.693e-05 4.3997e-05 3.3184e-05 2.44686e-05 1.76579e-05 1.24544e-05 8.54765e-06 5.67203e-06 3.61376e-06 2.19418e-06 1.25774e-06 6.70969e-07 3.25043e-07 1.36439e-07 4.46272e-08 8.09908e-09 0 
0 8.88668e-07 3.65338e-06 8.33428e-06 1.48183e-05 2.28399e-05 3.19977e-05 4.17845e-05 5.16295e-05 6.09463e-05 6.91829e-05 7.58672e-05 8.06437e-05 8.32972e-05 8.37624e-05 8.21192e-05 7.85746e-05 7.34353e-05 6.70742e-05 5.98943e-05 5.22954e-05 4.46452e-05 3.72583e-05 3.0384e-05 2.42019e-05 1.88219e-05 1.42875e-05 1.05823e-05 7.64158e-06 5.37033e-06 3.66224e-06 2.41341e-06 1.52887e-06 9.24698e-07 5.28855e-07 2.81799e-07 1.36439e-07 5.7258e-08 1.87264e-08 3.3984e-09 0 
0 2.90623e-07 1.19478e-06 2.7256e-06 4.84613e-06 7.46962e-06 1.04648e-05 1.3666e-05 1.68866e-05 1.99347e-05 2.26299e-05 2.48176e-05 2.63812e-05 2.725e-05 2.74027e-05 2.68653e-05 2.57057e-05 2.40245e-05 2.19441e-05 1.95968e-05 1.71138e-05 1.46158e-05 1.22056e-05 9.96419e-06 7.94879e-06 6.19312e-06 4.70954e-06 3.4924e-06 2.52226e-06 1.77083e-06 1.20545e-06 7.92818e-07 5.01382e-07 3.02875e-07 1.73089e-07 9.21913e-08 4.46272e-08 1.87264e-08 6.12427e-09 1.11139e-09 0 
0 5.27397e-08 2.16818e-07 4.9462e-07 8.7944e-07 1.35554e-06 1.8991e-06 2.48006e-06 3.06455e-06 3.61778e-06 4.10697e-06 4.50405e-06 4.78788e-06 4.94562e-06 4.97336e-06 4.87584e-06 4.66539e-06 4.36029e-06 3.98276e-06 3.55686e-06 3.10641e-06 2.65331e-06 2.21625e-06 1.80987e-06 1.44445e-06 1.126e-06 8.5669e-07 6.35488e-07 4.58975e-07 3.22149e-07 2.19188e-07 1.44078e-07 9.10695e-08 5.49924e-08 3.14196e-08 1.67324e-08 8.09908e-09 3.3984e-09 1.11139e-09 2.01687e-10 0 
0 0 0 0 0 0 0 0 0 0 0 0 0 0 0 0 0 0 0 0 0 0 0 0 0 0 0 0 0 0 0 0 0 0 0 0 0 0 0 0 0 
