0 0 0 0 0 0 0 0 0 0 0 0 0 0 0 0 0 0 0 0 0 0 0 0 0 0 0 0 0 0 0 0 0 0 0 0 0 0 0 0 0 
0 1.33633e-05 5.28727e-05 0.000112385 0.000178247 0.000233625 0.000266828 0.000276186 0.000267803 0.000250155 0.000230298 0.000212709 0.000199676 0.000192099 0.000190142 0.000193606 0.000202049 0.000214718 0.000230379 0.000247133 0.000262346 0.000272824 0.000275346 0.000267486 0.000248481 0.000219724 0.00018454 0.000147223 0.000111783 8.10075e-05 5.61713e-05 3.73094e-05 2.37087e-05 1.43528e-05 8.20969e-06 4.37411e-06 2.11762e-06 8.88623e-07 2.90617e-07 5.27394e-08 0 
0 5.28727e-05 0.000198082 0.000378211 0.000502077 0.000512299 0.000430913 0.000319178 0.000221015 0.00015048 0.000104955 7.74407e-05 6.18851e-05 5.43559e-05 5.27856e-05 5.6536e-05 6.61324e-05 8.31707e-05 0.000110256 0.000150706 0.000207629 0.000282014 0.000369922 0.00045997 0.000533622 0.000570627 0.000558482 0.000499778 0.000410981 0.000313408 0.000223924 0.000151158 9.68353e-05 5.88437e-05 3.37135e-05 1.79747e-05 8.70436e-06 3.653e-06 1.19473e-06 2.16815e-07 0 
0 0.000112385 0.000378211 0.000584672 0.000554572 0.000364332 0.000185862 8.18119e-05 3.3956e-05 1.43275e-05 6.5569e-06 3.43464e-06 2.14495e-06 1.63853e-06 1.54593e-06 1.79087e-06 2.49767e-06 4.06744e-06 7.446e-06 1.46983e-05 3.00089e-05 6.095e-05 0.000118992 0.000216823 0.000359533 0.000530669 0.000684729 0.000764304 0.000738974 0.000627495 0.0004782 0.000334323 0.000217935 0.000133491 7.67419e-05 4.09718e-05 1.98511e-05 8.33263e-06 2.72541e-06 4.94608e-07 0 
0 0.000178247 0.000502077 0.000554572 0.000322014 0.000117065 3.12384e-05 6.99184e-06 1.47689e-06 3.28695e-07 8.52597e-08 2.80945e-08 1.256e-08 7.93956e-09 7.20416e-09 9.28515e-09 1.64436e-08 3.80162e-08 1.07689e-07 3.48734e-07 1.20469e-06 4.16453e-06 1.36405e-05 4.05346e-05 0.000105786 0.000236525 0.000443464 0.00068358 0.000855742 0.000874851 0.000750143 0.000560395 0.000377691 0.000234896 0.000135907 7.27427e-05 3.52776e-05 1.4813e-05 4.84554e-06 8.79404e-07 0 
0 0.000233625 0.000512299 0.000364332 0.000117065 2.12573e-05 2.62023e-06 2.57919e-07 2.3795e-08 2.41005e-09 3.1061e-10 5.78195e-11 1.71241e-11 8.5727e-12 7.41361e-12 1.08969e-11 2.58996e-11 9.22025e-11 4.47227e-10 2.66483e-09 1.75872e-08 1.16825e-07 7.1965e-07 3.85589e-06 1.71801e-05 6.19137e-05 0.000177501 0.000399046 0.000691744 0.000915501 0.000939432 0.000781636 0.000557275 0.000355737 0.000208092 0.000111856 5.43312e-05 2.2826e-05 7.46809e-06 1.35545e-06 0 
0 0.000266828 0.000430913 0.000185862 3.12384e-05 2.62023e-06 1.34597e-07 5.18917e-09 1.85814e-10 7.65783e-12 4.44127e-13 4.30824e-14 7.97514e-15 3.05933e-15 2.50424e-15 4.27593e-15 1.42161e-14 8.2815e-14 7.42035e-13 8.86845e-12 1.22595e-10 1.71769e-09 2.17791e-08 2.28586e-07 1.86604e-06 1.143e-05 5.17913e-05 0.000173145 0.000425024 0.000756736 0.000975511 0.000942699 0.000730269 0.000485065 0.000288584 0.000156146 7.6025e-05 3.19664e-05 1.04615e-05 1.8989e-06 0 
0 0.000276186 0.000319178 8.18119e-05 6.99184e-06 2.57919e-07 5.18917e-09 7.32698e-11 9.52201e-13 1.49893e-14 3.6991e-16 1.7867e-17 2.00898e-18 5.87996e-19 4.56187e-19 9.01868e-19 4.25314e-18 4.19e-17 7.23845e-16 1.82159e-14 5.55511e-13 1.73082e-11 4.75727e-10 1.02713e-08 1.60531e-07 1.73214e-06 1.26927e-05 6.35415e-05 0.000220084 0.000528385 0.000872921 0.00100903 0.000870208 0.000610031 0.000371557 0.000202897 9.91163e-05 4.17229e-05 1.36595e-05 2.47968e-06 0 
0 0.000267803 0.000221015 3.3956e-05 1.47689e-06 2.3795e-08 1.85814e-10 9.52201e-13 4.45288e-15 2.65638e-17 2.80163e-19 8.59247e-21 1.3927e-21 6.57782e-22 5.61306e-22 8.0724e-22 2.25439e-21 2.09871e-20 6.36981e-19 3.38321e-17 2.29062e-15 1.59764e-13 9.58507e-12 4.28782e-10 1.29236e-08 2.47259e-07 2.94032e-06 2.19543e-05 0.000105767 0.000336151 0.000706373 0.000985623 0.000960801 0.000718942 0.000450944 0.000249135 0.000122218 5.15215e-05 1.68752e-05 3.0639e-06 0 
0 0.000250155 0.00015048 1.43275e-05 3.28695e-07 2.41005e-09 7.65783e-12 1.49893e-14 2.65638e-17 6.444e-20 5.07411e-22 3.60988e-23 1.1073e-23 7.4449e-24 6.79463e-24 7.80114e-24 1.37061e-23 5.92285e-23 1.00555e-21 8.45592e-20 1.21003e-17 1.81359e-15 2.28324e-13 2.04072e-11 1.14869e-09 3.79206e-08 7.1518e-07 7.79744e-06 5.10147e-05 0.000208648 0.00054402 0.000906829 0.00100153 0.000804326 0.000521461 0.000291973 0.000143933 6.07759e-05 1.9917e-05 3.61677e-06 0 
0 0.000230298 0.000104955 6.5569e-06 8.52597e-08 3.1061e-10 4.44127e-13 3.6991e-16 2.80163e-19 5.07412e-22 6.97566e-24 7.77603e-25 3.61779e-25 2.985e-25 2.82906e-25 2.85876e-25 3.66757e-25 8.89592e-25 8.32278e-24 4.90092e-22 1.13518e-19 3.33949e-17 8.11913e-15 1.34187e-12 1.31593e-10 7.05816e-09 2.00754e-07 3.06559e-06 2.6264e-05 0.000133422 0.000417297 0.000811169 0.00100465 0.000864301 0.000579412 0.000328938 0.000162983 6.89388e-05 2.26047e-05 4.10554e-06 0 
0 0.000212709 7.74407e-05 3.43464e-06 2.80945e-08 5.78195e-11 4.30824e-14 1.7867e-17 8.59247e-21 3.60989e-23 7.77605e-25 6.53187e-26 2.61233e-26 2.27548e-26 2.18945e-26 2.0613e-26 2.21101e-26 4.3194e-26 3.63381e-25 1.47684e-23 2.68259e-21 1.26638e-18 5.26662e-16 1.43796e-13 2.21939e-11 1.77025e-09 7.04785e-08 1.41817e-06 1.51386e-05 9.15269e-05 0.000330296 0.000725119 0.000987265 0.000901653 0.000622954 0.000358189 0.00017832 7.5548e-05 2.47847e-05 4.50221e-06 0 
0 0.000199676 6.18851e-05 2.14495e-06 1.256e-08 1.71241e-11 7.97514e-15 2.00898e-18 1.3927e-21 1.10731e-23 3.61781e-25 2.61234e-26 4.41231e-27 2.52921e-27 2.29031e-27 2.07719e-27 2.24789e-27 6.45818e-27 7.21279e-26 2.20852e-24 2.37753e-22 1.19254e-19 7.26266e-17 2.84875e-14 6.10006e-12 6.48072e-10 3.29027e-08 8.08336e-07 1.01147e-05 6.92713e-05 0.00027651 0.00066136 0.000964468 0.000921481 0.00065179 0.000378584 0.000189194 8.026e-05 2.63417e-05 4.78568e-06 0 
0 0.000192099 5.43559e-05 1.63853e-06 7.93956e-09 8.5727e-12 3.05933e-15 5.87996e-19 6.57783e-22 7.44492e-24 2.98501e-25 2.27549e-26 2.52922e-27 5.3032e-28 3.01043e-28 2.69882e-28 4.81618e-28 2.94486e-27 3.69096e-26 9.37406e-25 7.51593e-23 3.1365e-20 2.34296e-17 1.12892e-14 2.91155e-12 3.6407e-10 2.12258e-08 5.84217e-07 8.00189e-06 5.88118e-05 0.000248453 0.000623659 0.000946291 0.000928816 0.000666541 0.000389622 0.000195184 8.28715e-05 2.72063e-05 4.94318e-06 0 
0 0.000190142 5.27856e-05 1.54593e-06 7.20416e-09 7.41361e-12 2.50424e-15 4.56187e-19 5.61307e-22 6.79465e-24 2.82907e-25 2.18947e-26 2.29033e-27 3.01045e-28 7.26091e-29 6.86659e-29 2.91391e-28 2.4791e-27 3.17343e-26 7.80511e-25 5.934e-23 2.35177e-20 1.82919e-17 9.20249e-15 2.46832e-12 3.1948e-10 1.91811e-08 5.40838e-07 7.55119e-06 5.63384e-05 0.000240955 0.000611653 0.000937472 0.000927038 0.000668117 0.000391323 0.000196194 8.33243e-05 2.73577e-05 4.97085e-06 0 
0 0.000193606 5.6536e-05 1.79087e-06 9.28515e-09 1.08969e-11 4.27593e-15 9.01868e-19 8.07241e-22 7.80117e-24 2.85878e-25 2.06131e-26 2.07721e-27 2.69883e-28 6.86658e-29 7.82564e-29 3.47946e-28 2.99413e-27 4.10947e-26 1.15073e-24 1.04614e-22 4.82674e-20 3.36552e-17 1.5098e-14 3.65215e-12 4.31903e-10 2.4021e-08 6.36052e-07 8.44736e-06 6.0623e-05 0.00025155 0.000623354 0.00093821 0.000917247 0.000657315 0.000384104 0.000192417 8.16991e-05 2.6822e-05 4.87342e-06 0 
0 0.000202049 6.61324e-05 2.49767e-06 1.64436e-08 2.58996e-11 1.42161e-14 4.25314e-18 2.25439e-21 1.37062e-23 3.66759e-25 2.21102e-26 2.2479e-27 4.81617e-28 2.91389e-28 3.47944e-28 8.8453e-28 5.99208e-27 9.16196e-26 3.49665e-24 4.80147e-22 2.51779e-19 1.34673e-16 4.6666e-14 8.94131e-12 8.62337e-10 4.03438e-08 9.26804e-07 1.09937e-05 7.22566e-05 0.00027979 0.000655481 0.000944759 0.000898356 0.000634726 0.000368703 0.000184301 7.81972e-05 2.56667e-05 4.6632e-06 0 
0 0.000214718 8.31707e-05 4.06744e-06 3.80162e-08 9.22025e-11 8.2815e-14 4.19e-17 2.09871e-20 5.92286e-23 8.89594e-25 4.31941e-26 6.45816e-27 2.94485e-27 2.47909e-27 2.99411e-27 5.99206e-27 3.03973e-26 5.0972e-25 2.98465e-23 6.85507e-21 2.90283e-18 1.03617e-15 2.4549e-13 3.33615e-11 2.38181e-09 8.63372e-08 1.60845e-06 1.61505e-05 9.3219e-05 0.000325726 0.000702034 0.000949646 0.00086768 0.000600882 0.000346139 0.000172497 7.31154e-05 2.39913e-05 4.35841e-06 0 
0 0.000230379 0.000110256 7.446e-06 1.07689e-07 4.47227e-10 7.42035e-13 7.23845e-16 6.36981e-19 1.00555e-21 8.32279e-24 3.63381e-25 7.21276e-26 3.69095e-26 3.17342e-26 4.10945e-26 9.16193e-26 5.09719e-25 1.10581e-23 1.03317e-21 2.36562e-19 6.13085e-17 1.31587e-14 1.9372e-12 1.7116e-10 8.37796e-09 2.20405e-07 3.15561e-06 2.57e-05 0.000125969 0.000386735 0.000751425 0.000941869 0.000821843 0.000556531 0.000317679 0.0001578 6.68153e-05 2.1917e-05 3.98122e-06 0 
0 0.000247133 0.000150706 1.46983e-05 3.48734e-07 2.66483e-09 8.86845e-12 1.82159e-14 3.38321e-17 8.45592e-20 4.90092e-22 1.47684e-23 2.20851e-24 9.37404e-25 7.80509e-25 1.15072e-24 3.49665e-24 2.98465e-23 1.03317e-21 9.89605e-20 1.35746e-17 1.93993e-15 2.33199e-13 1.99374e-11 1.07556e-09 3.41051e-08 6.19824e-07 6.54693e-06 4.18807e-05 0.000170138 0.000451101 0.000782851 0.00090767 0.000757821 0.000502868 0.000284798 0.000141089 5.96903e-05 1.95752e-05 3.55561e-06 0 
0 0.000262346 0.000207629 3.00089e-05 1.20469e-06 1.75872e-08 1.22595e-10 5.55511e-13 2.29062e-15 1.21003e-17 1.13518e-19 2.68259e-21 2.37753e-22 7.51593e-23 5.93399e-23 1.04614e-22 4.80147e-22 6.85507e-21 2.36562e-19 1.35746e-17 9.96384e-16 7.53133e-14 4.86632e-12 2.31703e-10 7.31323e-09 1.43925e-07 1.73501e-06 1.30638e-05 6.40723e-05 0.000213076 0.000487739 0.000764043 0.000832369 0.000673815 0.00044162 0.000249088 0.000123259 5.21338e-05 1.70965e-05 3.1054e-06 0 
0 0.000272824 0.000282014 6.095e-05 4.16453e-06 1.16825e-07 1.71769e-09 1.73082e-11 1.59764e-13 1.81359e-15 3.33949e-17 1.26638e-18 1.19254e-19 3.1365e-20 2.35177e-20 4.82674e-20 2.51779e-19 2.90283e-18 6.13085e-17 1.93993e-15 7.53133e-14 2.97665e-12 1.01744e-10 2.63464e-09 4.69555e-08 5.46186e-07 4.12895e-06 2.11273e-05 7.77307e-05 0.000214164 0.000440424 0.000656106 0.000703728 0.0005698 0.000374941 0.000212145 0.000105157 4.45113e-05 1.46013e-05 2.65246e-06 0 
0 0.000275346 0.000369922 0.000118992 1.36405e-05 7.1965e-07 2.17791e-08 4.75727e-10 9.58507e-12 2.28324e-13 8.11913e-15 5.26662e-16 7.26266e-17 2.34296e-17 1.82919e-17 3.36552e-17 1.34673e-16 1.03617e-15 1.31587e-14 2.33199e-13 4.86632e-12 1.01744e-10 1.84094e-09 2.53715e-08 2.40524e-07 1.48344e-06 6.10047e-06 1.88047e-05 5.03193e-05 0.000124545 0.000267093 0.000439998 0.000519114 0.000448238 0.000305319 0.000175485 8.75356e-05 3.71388e-05 1.21926e-05 2.2155e-06 0 
0 0.000267486 0.00045997 0.000216823 4.05346e-05 3.85589e-06 2.28586e-07 1.02713e-08 4.28782e-10 2.04072e-11 1.34187e-12 1.43796e-13 2.84875e-14 1.12892e-14 9.20249e-15 1.5098e-14 4.6666e-14 2.4549e-13 1.9372e-12 1.99374e-11 2.31703e-10 2.63464e-09 2.53715e-08 1.77638e-07 7.73178e-07 1.88643e-06 2.80346e-06 3.64736e-06 6.58178e-06 1.91697e-05 6.68131e-05 0.000180851 0.000302339 0.000316611 0.000235814 0.000140519 7.10252e-05 3.02695e-05 9.95192e-06 1.80916e-06 0 
0 0.000248481 0.000533622 0.000359533 0.000105786 1.71801e-05 1.86604e-06 1.60531e-07 1.29236e-08 1.14869e-09 1.31593e-10 2.21939e-11 6.10006e-12 2.91155e-12 2.46832e-12 3.65215e-12 8.94131e-12 3.33615e-11 1.7116e-10 1.07556e-09 7.31323e-09 4.69555e-08 2.40524e-07 7.73178e-07 1.11963e-06 5.46121e-07 1.06301e-07 2.30376e-08 2.25215e-08 1.53275e-07 2.62875e-06 2.95286e-05 0.000119075 0.000191791 0.000170734 0.000108621 5.61277e-05 2.4089e-05 7.93692e-06 1.44378e-06 0 
0 0.000219724 0.000570627 0.000530669 0.000236525 6.19137e-05 1.143e-05 1.73214e-06 2.47259e-07 3.79206e-08 7.05816e-09 1.77025e-09 6.48072e-10 3.6407e-10 3.1948e-10 4.31903e-10 8.62337e-10 2.38181e-09 8.37796e-09 3.41051e-08 1.43925e-07 5.46186e-07 1.48344e-06 1.88643e-06 5.46121e-07 1.65962e-08 6.69147e-11 4.09848e-13 1.33475e-13 7.87933e-12 5.02021e-09 1.19336e-06 2.77314e-05 9.71072e-05 0.000115646 8.11132e-05 4.32084e-05 1.87133e-05 6.18196e-06 1.12538e-06 0 
0 0.00018454 0.000558482 0.000684729 0.000443464 0.000177501 5.17913e-05 1.26927e-05 2.94032e-06 7.1518e-07 2.00754e-07 7.04785e-08 3.29027e-08 2.12258e-08 1.91811e-08 2.4021e-08 4.03438e-08 8.63372e-08 2.20405e-07 6.19824e-07 1.73501e-06 4.12895e-06 6.10047e-06 2.80346e-06 1.06301e-07 6.69147e-11 8.8295e-16 1.87719e-15 2.7804e-15 1.93588e-16 5.84965e-13 1.4537e-08 4.33923e-06 4.37632e-05 7.50972e-05 5.89745e-05 3.2464e-05 1.41903e-05 4.69975e-06 8.56153e-07 0 
0 0.000147223 0.000499778 0.000764304 0.00068358 0.000399046 0.000173145 6.35415e-05 2.19543e-05 7.79744e-06 3.06559e-06 1.41817e-06 8.08336e-07 5.84217e-07 5.40838e-07 6.36052e-07 9.26804e-07 1.60845e-06 3.15561e-06 6.54693e-06 1.30638e-05 2.11273e-05 1.88047e-05 3.64736e-06 2.30376e-08 4.09848e-13 1.87719e-15 1.80949e-16 1.89722e-16 2.73568e-17 1.3568e-16 2.74136e-10 8.40809e-07 2.13544e-05 4.94674e-05 4.23682e-05 2.38804e-05 1.0504e-05 3.48461e-06 6.35066e-07 0 
0 0.000111783 0.000410981 0.000738974 0.000855742 0.000691744 0.000425024 0.000220084 0.000105767 5.10147e-05 2.6264e-05 1.51386e-05 1.01147e-05 8.00189e-06 7.55119e-06 8.44736e-06 1.09937e-05 1.61505e-05 2.57e-05 4.18807e-05 6.40723e-05 7.77307e-05 5.03193e-05 6.58178e-06 2.25215e-08 1.33475e-13 2.7804e-15 1.89722e-16 3.95917e-17 3.81272e-17 1.42562e-15 8.20494e-11 4.51037e-07 1.42321e-05 3.50857e-05 3.04927e-05 1.72377e-05 7.58602e-06 2.51676e-06 4.58678e-07 0 
0 8.10075e-05 0.000313408 0.000627495 0.000874851 0.000915501 0.000756736 0.000528385 0.000336151 0.000208648 0.000133422 9.15269e-05 6.92713e-05 5.88118e-05 5.63384e-05 6.0623e-05 7.22566e-05 9.3219e-05 0.000125969 0.000170138 0.000213076 0.000214164 0.000124545 1.91697e-05 1.53275e-07 7.87934e-12 1.93588e-16 2.73568e-17 3.81271e-17 7.37908e-17 2.82063e-15 7.98408e-10 8.47966e-07 1.37941e-05 2.71544e-05 2.2017e-05 1.21956e-05 5.33604e-06 1.76742e-06 3.21964e-07 0 
0 5.61713e-05 0.000223924 0.0004782 0.000750143 0.000939432 0.000975511 0.000872921 0.000706373 0.00054402 0.000417297 0.000330296 0.00027651 0.000248453 0.000240955 0.00025155 0.00027979 0.000325726 0.000386735 0.000451101 0.000487739 0.000440424 0.000267093 6.68131e-05 2.62875e-06 5.02021e-09 5.84965e-13 1.3568e-16 1.42562e-15 2.82063e-15 2.25008e-11 4.3145e-08 3.05602e-06 1.62929e-05 2.18445e-05 1.57241e-05 8.4114e-06 3.64396e-06 1.20361e-06 2.19087e-07 0 
0 3.73094e-05 0.000151158 0.000334323 0.000560395 0.000781636 0.000942699 0.00100903 0.000985623 0.000906829 0.000811169 0.000725119 0.00066136 0.000623659 0.000611653 0.000623354 0.000655481 0.000702034 0.000751425 0.000782851 0.000764043 0.000656106 0.000439998 0.000180851 2.95286e-05 1.19336e-06 1.4537e-08 2.74136e-10 8.20494e-11 7.98408e-10 4.3145e-08 1.34486e-06 9.34335e-06 1.82512e-05 1.70043e-05 1.08743e-05 5.61083e-06 2.405e-06 7.91946e-07 1.44028e-07 0 
0 2.37087e-05 9.68353e-05 0.000217935 0.000377691 0.000557275 0.000730269 0.000870208 0.000960801 0.00100153 0.00100465 0.000987265 0.000964468 0.000946291 0.000937472 0.00093821 0.000944759 0.000949646 0.000941869 0.00090767 0.000832369 0.000703728 0.000519114 0.000302339 0.000119075 2.77314e-05 4.33923e-06 8.40809e-07 4.51037e-07 8.47966e-07 3.05602e-06 9.34335e-06 1.63092e-05 1.6809e-05 1.22062e-05 7.15698e-06 3.59026e-06 1.52553e-06 5.01024e-07 9.10487e-08 0 
0 1.43528e-05 5.88437e-05 0.000133491 0.000234896 0.000355737 0.000485065 0.000610031 0.000718942 0.000804326 0.000864301 0.000901653 0.000921481 0.000928816 0.000927038 0.000917247 0.000898356 0.00086768 0.000821843 0.000757821 0.000673815 0.0005698 0.000448238 0.000316611 0.000191791 9.71072e-05 4.37632e-05 2.13544e-05 1.42321e-05 1.37941e-05 1.62929e-05 1.82512e-05 1.6809e-05 1.257e-05 7.96688e-06 4.43734e-06 2.18643e-06 9.23549e-07 3.02747e-07 5.49846e-08 0 
0 8.20969e-06 3.37135e-05 7.67419e-05 0.000135907 0.000208092 0.000288584 0.000371557 0.000450944 0.000521461 0.000579412 0.000622954 0.00065179 0.000666541 0.000668117 0.000657315 0.000634726 0.000600882 0.000556531 0.000502868 0.00044162 0.000374941 0.000305319 0.000235814 0.000170734 0.000115646 7.50972e-05 4.94674e-05 3.50857e-05 2.71544e-05 2.18445e-05 1.70043e-05 1.22062e-05 7.96688e-06 4.741e-06 2.57309e-06 1.25554e-06 5.28513e-07 1.73049e-07 3.14171e-08 0 
0 4.37411e-06 1.79747e-05 4.09718e-05 7.27427e-05 0.000111856 0.000156146 0.000202897 0.000249135 0.000291973 0.000328938 0.000358189 0.000378584 0.000389622 0.000391323 0.000384104 0.000368703 0.000346139 0.000317679 0.000284798 0.000249088 0.000212145 0.000175485 0.000140519 0.000108621 8.11132e-05 5.89745e-05 4.23682e-05 3.04927e-05 2.2017e-05 1.57241e-05 1.08743e-05 7.15698e-06 4.43734e-06 2.57309e-06 1.38045e-06 6.70428e-07 2.81711e-07 9.21805e-08 1.67317e-08 0 
0 2.11762e-06 8.70436e-06 1.98511e-05 3.52776e-05 5.43312e-05 7.6025e-05 9.91163e-05 0.000122218 0.000143933 0.000162983 0.00017832 0.000189194 0.000195184 0.000196194 0.000192417 0.000184301 0.000172497 0.0001578 0.000141089 0.000123259 0.000105157 8.75356e-05 7.10252e-05 5.61277e-05 4.32084e-05 3.2464e-05 2.38804e-05 1.72377e-05 1.21956e-05 8.4114e-06 5.61083e-06 3.59026e-06 2.18643e-06 1.25554e-06 6.70428e-07 3.2493e-07 1.3642e-07 4.46247e-08 8.09891e-09 0 
0 8.88623e-07 3.653e-06 8.33263e-06 1.4813e-05 2.2826e-05 3.19664e-05 4.17229e-05 5.15215e-05 6.07759e-05 6.89388e-05 7.5548e-05 8.026e-05 8.28715e-05 8.33243e-05 8.16991e-05 7.81972e-05 7.31154e-05 6.68153e-05 5.96903e-05 5.21338e-05 4.45113e-05 3.71388e-05 3.02695e-05 2.4089e-05 1.87133e-05 1.41903e-05 1.0504e-05 7.58602e-06 5.33604e-06 3.64396e-06 2.405e-06 1.52553e-06 9.23549e-07 5.28513e-07 2.81711e-07 1.3642e-07 5.72545e-08 1.87259e-08 3.39837e-09 0 
0 2.90617e-07 1.19473e-06 2.72541e-06 4.84554e-06 7.46809e-06 1.04615e-05 1.36595e-05 1.68752e-05 1.9917e-05 2.26047e-05 2.47847e-05 2.63417e-05 2.72063e-05 2.73577e-05 2.6822e-05 2.56667e-05 2.39913e-05 2.1917e-05 1.95752e-05 1.70965e-05 1.46013e-05 1.21926e-05 9.95192e-06 7.93692e-06 6.18196e-06 4.69975e-06 3.48461e-06 2.51676e-06 1.76742e-06 1.20361e-06 7.91946e-07 5.01024e-07 3.02747e-07 1.73049e-07 9.21805e-08 4.46247e-08 1.87259e-08 6.12421e-09 1.11139e-09 0 
0 5.27394e-08 2.16815e-07 4.94608e-07 8.79404e-07 1.35545e-06 1.8989e-06 2.47968e-06 3.0639e-06 3.61677e-06 4.10554e-06 4.50221e-06 4.78568e-06 4.94318e-06 4.97085e-06 4.87342e-06 4.6632e-06 4.35841e-06 3.98122e-06 3.55561e-06 3.1054e-06 2.65246e-06 2.2155e-06 1.80916e-06 1.44378e-06 1.12538e-06 8.56153e-07 6.35066e-07 4.58678e-07 3.21964e-07 2.19087e-07 1.44028e-07 9.10487e-08 5.49846e-08 3.14171e-08 1.67317e-08 8.09891e-09 3.39837e-09 1.11139e-09 2.01686e-10 0 
0 0 0 0 0 0 0 0 0 0 0 0 0 0 0 0 0 0 0 0 0 0 0 0 0 0 0 0 0 0 0 0 0 0 0 0 0 0 0 0 0 
