0 0 0 0 0 0 0 0 0 0 0 0 0 0 0 0 0 0 0 0 0 0 0 0 0 0 0 0 0 0 0 0 0 0 0 0 0 0 0 0 0 
0 1.32061e-05 5.15333e-05 0.000106995 0.000164128 0.000206666 0.000226349 0.000225172 0.000210771 0.000191059 0.000171636 0.000155573 0.00014416 0.000137717 0.000136149 0.000139233 0.00014668 0.000158058 0.000172613 0.000189058 0.00020543 0.000219118 0.000227185 0.000226996 0.000217001 0.000197388 0.000170244 0.000139042 0.00010762 7.91271e-05 5.54166e-05 3.70395e-05 2.36224e-05 1.43282e-05 8.20339e-06 4.37269e-06 2.11734e-06 8.88577e-07 2.90612e-07 5.2739e-08 0 
0 5.15333e-05 0.000186785 0.000336706 0.000412569 0.000384489 0.000296226 0.00020294 0.000131375 8.44524e-05 5.61518e-05 3.99025e-05 3.10559e-05 2.68845e-05 2.60444e-05 2.81512e-05 3.35814e-05 4.34527e-05 5.96859e-05 8.49813e-05 0.000122436 0.000174455 0.000240777 0.000316033 0.000388293 0.00044076 0.000457815 0.00043304 0.000373366 0.000295343 0.000216468 0.000148483 9.59916e-05 5.8608e-05 3.36551e-05 1.79619e-05 8.70192e-06 3.65262e-06 1.19468e-06 2.16812e-07 0 
0 0.000106995 0.000336706 0.000464706 0.000381926 0.000217377 9.74057e-05 3.81109e-05 1.41797e-05 5.41224e-06 2.26886e-06 1.10703e-06 6.57171e-07 4.88084e-07 4.58256e-07 5.40235e-07 7.82333e-07 1.34519e-06 2.6332e-06 5.60419e-06 1.23865e-05 2.7254e-05 5.75715e-05 0.000113396 0.000203557 0.000326905 0.000462109 0.000567196 0.000600207 0.000549864 0.000443121 0.000321187 0.000213751 0.000132334 7.64611e-05 4.09119e-05 1.98401e-05 8.33092e-06 2.72521e-06 4.94595e-07 0 
0 0.000164128 0.000412569 0.000381926 0.000182218 5.49524e-05 1.22426e-05 2.28845e-06 4.04833e-07 7.62564e-08 1.70723e-08 4.99234e-09 2.04928e-09 1.23534e-09 1.11151e-09 1.47502e-09 2.78222e-09 7.04755e-09 2.23487e-08 8.21686e-08 3.24424e-07 1.28156e-06 4.76842e-06 1.59449e-05 4.63731e-05 0.000114935 0.000239612 0.000415119 0.000589586 0.000680961 0.000645511 0.000517025 0.000363224 0.000230852 0.000134933 7.2539e-05 3.52408e-05 1.48074e-05 4.84491e-06 8.79365e-07 0 
0 0.000206666 0.000384489 0.000217377 5.49524e-05 7.82585e-06 7.46798e-07 5.63094e-08 3.98294e-09 3.14091e-10 3.24642e-11 5.05311e-12 1.31683e-12 6.13891e-13 5.24152e-13 8.04774e-13 2.10208e-12 8.58059e-12 4.92943e-11 3.55482e-10 2.87026e-09 2.33406e-08 1.74551e-07 1.11785e-06 5.83456e-06 2.41382e-05 7.83696e-05 0.000199553 0.000397369 0.000612477 0.000726726 0.000677155 0.000519092 0.000344649 0.000205406 0.000111299 5.42323e-05 2.28114e-05 7.46647e-06 1.35535e-06 0 
0 0.000226349 0.000296226 9.74057e-05 1.22426e-05 7.46798e-07 2.70617e-08 7.22855e-10 1.79522e-11 5.24285e-13 2.24418e-14 1.701e-15 2.63791e-16 9.16592e-17 7.37044e-17 1.33701e-16 5.06676e-16 3.56629e-15 4.03562e-14 6.27451e-13 1.14573e-11 2.12435e-10 3.52863e-09 4.75526e-08 4.84845e-07 3.59308e-06 1.91087e-05 7.35133e-05 0.000207772 0.000434095 0.000665682 0.000751593 0.000650164 0.000460182 0.000282408 0.000154864 7.57999e-05 3.19337e-05 1.04579e-05 1.89869e-06 0 
0 0.000225172 0.00020294 3.81109e-05 2.28845e-06 5.63094e-08 7.22855e-10 6.35845e-12 5.15543e-14 5.2036e-16 8.67966e-18 3.29073e-19 5.11144e-20 2.76218e-20 2.47154e-20 3.17178e-20 8.53654e-20 8.17028e-19 1.86893e-17 6.61075e-16 2.88882e-14 1.293e-12 5.04397e-11 1.50843e-09 3.15637e-08 4.37863e-07 3.95214e-06 2.34697e-05 9.45013e-05 0.000265713 0.000526547 0.000732653 0.000732601 0.000563085 0.000359422 0.000200352 9.86708e-05 4.16589e-05 1.36526e-05 2.47928e-06 0 
0 0.000210771 0.000131375 1.41797e-05 4.04833e-07 3.98294e-09 1.79522e-11 5.15543e-14 1.35264e-16 4.74842e-19 6.68984e-21 1.20872e-21 5.69592e-22 4.88321e-22 4.72579e-22 4.64799e-22 6.19723e-22 1.56045e-21 1.13788e-20 6.35714e-19 6.64877e-17 7.23259e-15 6.66832e-13 4.45369e-11 1.92554e-09 5.03721e-08 7.77352e-07 7.15858e-06 4.09154e-05 0.00015252 0.000383417 0.000653148 0.000761057 0.000642748 0.000430164 0.000244691 0.000121439 5.14103e-05 1.68633e-05 3.06321e-06 0 
0 0.000191059 8.44524e-05 5.41224e-06 7.62564e-08 3.14091e-10 5.24285e-13 5.2036e-16 4.74842e-19 1.55089e-21 9.65461e-23 5.13063e-23 4.01889e-23 3.98614e-23 3.9414e-23 3.6139e-23 3.66747e-23 4.41734e-23 9.35326e-23 1.41624e-21 2.05011e-19 5.13341e-17 1.07049e-14 1.5322e-12 1.31921e-10 6.30731e-09 1.62276e-07 2.27176e-06 1.81032e-05 8.75629e-05 0.000272004 0.000555068 0.000747827 0.000695492 0.000489922 0.000285057 0.000142713 6.06022e-05 1.98985e-05 3.61571e-06 0 
0 0.000171636 5.61518e-05 2.26886e-06 1.70723e-08 3.24642e-11 2.24418e-14 8.67966e-18 6.68984e-21 9.65461e-23 1.06889e-23 6.05885e-24 5.77538e-24 6.09084e-24 6.06171e-24 5.41723e-24 4.73858e-24 4.06109e-24 5.17062e-24 2.98821e-23 1.64e-21 6.27708e-19 2.69412e-16 7.58351e-14 1.2031e-11 9.82587e-10 3.9831e-08 8.10038e-07 8.68094e-06 5.28074e-05 0.000196481 0.00046639 0.000712564 0.000724337 0.000536313 0.00031923 0.000161256 6.8693e-05 2.25787e-05 4.10406e-06 0 
0 0.000155573 3.99025e-05 1.10703e-06 4.99234e-09 5.05311e-12 1.701e-15 3.29073e-19 1.20872e-21 5.13064e-23 6.05885e-24 1.74397e-24 1.23328e-24 1.23075e-24 1.20856e-24 1.06274e-24 8.61787e-25 6.64159e-25 8.48046e-25 4.43444e-24 1.03477e-22 1.84645e-20 1.32366e-17 6.47055e-15 1.69002e-12 2.1365e-10 1.2555e-08 3.46584e-07 4.73494e-06 3.47243e-05 0.000149226 0.000398566 0.00067265 0.000736118 0.000569161 0.000345763 0.000176089 7.52299e-05 2.47511e-05 4.5003e-06 0 
0 0.00014416 3.10559e-05 6.57171e-07 2.04928e-09 1.31683e-12 2.63791e-16 5.11144e-20 5.69593e-22 4.01889e-23 5.77538e-24 1.23328e-24 4.55012e-25 3.16768e-25 2.80572e-25 2.39164e-25 1.89163e-25 1.63208e-25 3.27399e-25 1.91512e-24 2.75998e-23 2.04244e-21 1.50317e-18 1.09241e-15 4.08679e-13 7.07845e-11 5.43676e-09 1.87128e-07 3.04704e-06 2.5574e-05 0.000121796 0.000353282 0.000639365 0.000738192 0.000589708 0.000363951 0.000186545 7.98817e-05 2.63018e-05 4.78341e-06 0 
0 0.000137717 2.68845e-05 4.88084e-07 1.23534e-09 6.13891e-13 9.16592e-17 2.76218e-20 4.88321e-22 3.98615e-23 6.09085e-24 1.23075e-24 3.16768e-25 1.24331e-25 7.86506e-26 6.0635e-26 5.07558e-26 6.6924e-26 2.21543e-25 1.35023e-24 1.61282e-23 7.81859e-22 4.38974e-19 3.97657e-16 1.82336e-13 3.77449e-11 3.37387e-09 1.31592e-07 2.36702e-06 2.1445e-05 0.000108211 0.000328621 0.000618402 0.000736267 0.000599647 0.00037365 0.000192277 8.24554e-05 2.71624e-05 4.94069e-06 0 
0 0.000136149 2.60444e-05 4.58256e-07 1.11151e-09 5.24152e-13 7.37044e-17 2.47154e-20 4.72579e-22 3.9414e-23 6.06171e-24 1.20856e-24 2.80572e-25 7.86507e-26 3.13709e-26 1.93873e-26 1.99556e-26 4.62116e-26 1.98061e-25 1.2365e-24 1.4383e-23 6.48749e-22 3.39623e-19 3.21642e-16 1.53787e-13 3.30259e-11 3.04582e-09 1.21897e-07 2.23793e-06 2.05938e-05 0.000105137 0.000322298 0.000611661 0.000733539 0.000600371 0.000375075 0.000193229 8.28995e-05 2.73128e-05 4.9683e-06 0 
0 0.000139233 2.81512e-05 5.40235e-07 1.47502e-09 8.04774e-13 1.33701e-16 3.17178e-20 4.64799e-22 3.6139e-23 5.41723e-24 1.06274e-24 2.39164e-25 6.0635e-26 1.93873e-26 1.05466e-26 1.42683e-26 4.42585e-26 2.07344e-25 1.37572e-24 1.78621e-23 1.03236e-21 6.73243e-19 5.64067e-16 2.40444e-13 4.66979e-11 3.95386e-09 1.4746e-07 2.55891e-06 2.2545e-05 0.000111366 0.000332761 0.000618615 0.00073064 0.000592597 0.000368642 0.000189597 8.12948e-05 2.67793e-05 4.87099e-06 0 
0 0.00014668 3.35814e-05 7.82333e-07 2.78222e-09 2.10208e-12 5.06676e-16 8.53654e-20 6.19724e-22 3.66747e-23 4.73858e-24 8.61788e-25 1.89163e-25 5.07558e-26 1.99556e-26 1.42683e-26 2.00544e-26 5.59133e-26 2.63257e-25 2.03071e-24 3.68932e-23 3.95831e-21 3.15378e-18 1.99366e-15 6.57178e-13 1.01896e-10 7.12323e-09 2.26826e-07 3.46996e-06 2.77416e-05 0.000127312 0.000359071 0.000636733 0.000725891 0.000576346 0.000354906 0.000181794 7.78376e-05 2.56286e-05 4.66103e-06 0 
0 0.000158058 4.34527e-05 1.34519e-06 7.04755e-09 8.58059e-12 3.56629e-15 8.17028e-19 1.56045e-21 4.41734e-23 4.0611e-24 6.6416e-25 1.63208e-25 6.6924e-26 4.62116e-26 4.42585e-26 5.59133e-26 1.13991e-25 4.80737e-25 4.70359e-24 1.72929e-22 4.7978e-20 3.05083e-17 1.26999e-14 2.86975e-12 3.1956e-10 1.68555e-08 4.25487e-07 5.40944e-06 3.75042e-05 0.000154443 0.00039983 0.00066105 0.000715696 0.000551198 0.000334578 0.000170406 7.28154e-05 2.39594e-05 4.35659e-06 0 
0 0.000172613 5.96859e-05 2.6332e-06 2.23487e-08 4.92943e-11 4.03562e-14 1.86893e-17 1.13788e-20 9.35326e-23 5.17062e-24 8.48046e-25 3.27398e-25 2.21543e-25 1.98061e-25 2.07344e-25 2.63257e-25 4.80736e-25 2.0571e-24 3.33092e-23 3.41602e-21 1.37424e-18 5.1388e-16 1.26961e-13 1.78973e-11 1.31709e-09 4.8825e-08 9.21615e-07 9.29863e-06 5.39665e-05 0.000194011 0.000450832 0.000683147 0.000695083 0.000516696 0.000308564 0.000156158 6.65794e-05 2.18918e-05 3.97977e-06 0 
0 0.000189058 8.49813e-05 5.60419e-06 8.21686e-08 3.55482e-10 6.27451e-13 6.61075e-16 6.35714e-19 1.41624e-21 2.98821e-23 4.43444e-24 1.91511e-24 1.35023e-24 1.2365e-24 1.37571e-24 2.03071e-24 4.70359e-24 3.33092e-23 1.39189e-21 2.63925e-19 6.31654e-17 1.25304e-14 1.70943e-12 1.40582e-10 6.43637e-09 1.59133e-07 2.15148e-06 1.66654e-05 7.90083e-05 0.000243427 0.000500783 0.000690073 0.000658516 0.000472768 0.000278003 0.000139867 5.95141e-05 1.95563e-05 3.55452e-06 0 
0 0.00020543 0.000122436 1.23865e-05 3.24424e-07 2.87026e-09 1.14573e-11 2.88882e-14 6.64877e-17 2.05011e-19 1.64e-21 1.03476e-22 2.75998e-23 1.61282e-23 1.4383e-23 1.78621e-23 3.68932e-23 1.72929e-22 3.41602e-21 2.63925e-19 3.04657e-17 3.64431e-15 3.6725e-13 2.64873e-11 1.21587e-09 3.3138e-08 5.24254e-07 4.90634e-06 2.85171e-05 0.000109167 0.000287341 0.00052516 0.000664234 0.000600997 0.00042004 0.000244242 0.000122385 5.2007e-05 1.70828e-05 3.1046e-06 0 
0 0.000219118 0.000174455 2.7254e-05 1.28156e-06 2.33406e-08 2.12435e-10 1.293e-12 7.23259e-15 5.13341e-17 6.27708e-19 1.84645e-20 2.04244e-21 7.81859e-22 6.48749e-22 1.03236e-21 3.95831e-21 4.7978e-20 1.37424e-18 6.31654e-17 3.64431e-15 2.14974e-13 1.08411e-11 4.03885e-10 9.98686e-09 1.54187e-07 1.47434e-06 9.10799e-06 3.89415e-05 0.000121947 0.000284353 0.000483419 0.000586287 0.000519404 0.00035996 0.000208756 0.00010454 4.44211e-05 1.45915e-05 2.65189e-06 0 
0 0.000227185 0.000240777 5.75715e-05 4.76842e-06 1.74551e-07 3.52863e-09 5.04397e-11 6.66832e-13 1.07049e-14 2.69412e-16 1.32366e-17 1.50317e-18 4.38974e-19 3.39623e-19 6.73243e-19 3.15378e-18 3.05083e-17 5.1388e-16 1.25304e-14 3.6725e-13 1.08411e-11 2.74436e-10 5.17328e-09 6.47858e-08 5.05205e-07 2.50955e-06 8.99938e-06 2.73857e-05 7.63612e-05 0.000184102 0.000340375 0.000445125 0.000414326 0.000294828 0.000173059 8.70893e-05 3.7073e-05 1.21854e-05 2.21507e-06 0 
0 0.000226996 0.000316033 0.000113396 1.59449e-05 1.11785e-06 4.75526e-08 1.50843e-09 4.45369e-11 1.5322e-12 7.58351e-14 6.47055e-15 1.09241e-15 3.97657e-16 3.21642e-16 5.64067e-16 1.99366e-15 1.26999e-14 1.26961e-13 1.70943e-12 2.64873e-11 4.03885e-10 5.17328e-09 4.70252e-08 2.54686e-07 7.29886e-07 1.2044e-06 1.69379e-06 3.36027e-06 1.11607e-05 4.50958e-05 0.000139733 0.000260151 0.000293412 0.000228011 0.000138658 7.06801e-05 3.02187e-05 9.94638e-06 1.80884e-06 0 
0 0.000217001 0.000388293 0.000203557 4.63731e-05 5.83456e-06 4.84845e-07 3.15637e-08 1.92554e-09 1.31921e-10 1.2031e-11 1.69002e-12 4.08679e-13 1.82336e-13 1.53787e-13 2.40444e-13 6.57178e-13 2.86975e-12 1.78973e-11 1.40582e-10 1.21587e-09 9.98686e-09 6.47858e-08 2.54686e-07 4.1985e-07 2.09456e-07 3.77373e-08 7.48682e-09 7.56947e-09 6.33904e-08 1.44429e-06 2.07644e-05 9.88713e-05 0.000175585 0.000164459 0.000107069 5.58402e-05 2.40472e-05 7.93243e-06 1.44352e-06 0 
0 0.000197388 0.00044076 0.000326905 0.000114935 2.41382e-05 3.59308e-06 4.37863e-07 5.03721e-08 6.30731e-09 9.82587e-10 2.1365e-10 7.07845e-11 3.77449e-11 3.30259e-11 4.66979e-11 1.01896e-10 3.1956e-10 1.31709e-09 6.43637e-09 3.3138e-08 1.54187e-07 5.05205e-07 7.29886e-07 2.09456e-07 5.0848e-09 1.34343e-11 4.97917e-14 1.38964e-14 1.4479e-12 1.6866e-09 6.66161e-07 2.1112e-05 8.64036e-05 0.000110443 7.9762e-05 4.296e-05 1.86779e-05 6.17823e-06 1.12517e-06 0 
0 0.000170244 0.000457815 0.000462109 0.000239612 7.83696e-05 1.91087e-05 3.95214e-06 7.77352e-07 1.62276e-07 3.9831e-08 1.2555e-08 5.43676e-09 3.37387e-09 3.04582e-09 3.95386e-09 7.12323e-09 1.68555e-08 4.8825e-08 1.59133e-07 5.24254e-07 1.47434e-06 2.50955e-06 1.2044e-06 3.77373e-08 1.34343e-11 2.84454e-16 2.44577e-15 1.41221e-15 6.43761e-15 9.27881e-14 5.71686e-09 2.90718e-06 3.74398e-05 7.09368e-05 5.78263e-05 3.22545e-05 1.41611e-05 4.69674e-06 8.55985e-07 0 
0 0.000139042 0.00043304 0.000567196 0.000415119 0.000199553 7.35133e-05 2.34697e-05 7.15858e-06 2.27176e-06 8.10038e-07 3.46584e-07 1.87128e-07 1.31592e-07 1.21897e-07 1.4746e-07 2.26826e-07 4.25487e-07 9.21615e-07 2.15148e-06 4.90634e-06 9.10799e-06 8.99938e-06 1.69379e-06 7.48682e-09 4.97917e-14 2.44577e-15 5.77167e-16 4.04575e-16 1.00009e-15 1.13491e-14 7.77315e-11 5.02691e-07 1.7681e-05 4.63438e-05 4.1465e-05 2.37168e-05 1.04816e-05 3.48234e-06 6.34941e-07 0 
0 0.00010762 0.000373366 0.000600207 0.000589586 0.000397369 0.000207772 9.45013e-05 4.09154e-05 1.81032e-05 8.68094e-06 4.73494e-06 3.04704e-06 2.36702e-06 2.23793e-06 2.55891e-06 3.46996e-06 5.40944e-06 9.29863e-06 1.66654e-05 2.85171e-05 3.89415e-05 2.73857e-05 3.36027e-06 7.56947e-09 1.38964e-14 1.41221e-15 4.04575e-16 8.92511e-16 4.41011e-15 8.83644e-14 2.13652e-11 2.63192e-07 1.17281e-05 3.28687e-05 2.98555e-05 1.71237e-05 7.57056e-06 2.51521e-06 4.58593e-07 0 
0 7.91271e-05 0.000295343 0.000549864 0.000680961 0.000612477 0.000434095 0.000265713 0.00015252 8.75629e-05 5.28074e-05 3.47243e-05 2.5574e-05 2.1445e-05 2.05938e-05 2.2545e-05 2.77416e-05 3.75042e-05 5.39665e-05 7.90083e-05 0.000109167 0.000121947 7.63612e-05 1.11607e-05 6.33904e-08 1.4479e-12 6.43761e-15 1.00009e-15 4.41011e-15 6.68378e-16 5.18654e-16 2.66534e-10 5.40792e-07 1.17096e-05 2.56848e-05 2.16226e-05 1.21263e-05 5.32666e-06 1.76647e-06 3.21912e-07 0 
0 5.54166e-05 0.000216468 0.000443121 0.000645511 0.000726726 0.000665682 0.000526547 0.000383417 0.000272004 0.000196481 0.000149226 0.000121796 0.000108211 0.000105137 0.000111366 0.000127312 0.000154443 0.000194011 0.000243427 0.000287341 0.000284353 0.000184102 4.50958e-05 1.44429e-06 1.6866e-09 9.27881e-14 1.13491e-14 8.83644e-14 5.18654e-16 5.5723e-12 2.12129e-08 2.25719e-06 1.45259e-05 2.09826e-05 1.55145e-05 8.37512e-06 3.63901e-06 1.2031e-06 2.19058e-07 0 
0 3.70395e-05 0.000148483 0.000321187 0.000517025 0.000677155 0.000751593 0.000732653 0.000653148 0.000555068 0.00046639 0.000398566 0.000353282 0.000328621 0.000322298 0.000332761 0.000359071 0.00039983 0.000450832 0.000500783 0.00052516 0.000483419 0.000340375 0.000139733 2.07644e-05 6.66161e-07 5.71686e-09 7.77315e-11 2.13652e-11 2.66534e-10 2.12129e-08 9.23582e-07 7.88716e-06 1.70537e-05 1.65844e-05 1.07802e-05 5.59457e-06 2.40274e-06 7.91709e-07 1.44015e-07 0 
0 2.36224e-05 9.59916e-05 0.000213751 0.000363224 0.000519092 0.000650164 0.000732601 0.000761057 0.000747827 0.000712564 0.00067265 0.000639365 0.000618402 0.000611661 0.000618615 0.000636733 0.00066105 0.000683147 0.000690073 0.000664234 0.000586287 0.000445125 0.000260151 9.88713e-05 2.1112e-05 2.90718e-06 5.02691e-07 2.63192e-07 5.40792e-07 2.25719e-06 7.88716e-06 1.50343e-05 1.62349e-05 1.20415e-05 7.12142e-06 3.58402e-06 1.52464e-06 5.00928e-07 9.10431e-08 0 
0 1.43282e-05 5.8608e-05 0.000132334 0.000230852 0.000344649 0.000460182 0.000563085 0.000642748 0.000695492 0.000724337 0.000736118 0.000738192 0.000736267 0.000733539 0.00073064 0.000725891 0.000715696 0.000695083 0.000658516 0.000600997 0.000519404 0.000414326 0.000293412 0.000175585 8.64036e-05 3.74398e-05 1.7681e-05 1.17281e-05 1.17096e-05 1.45259e-05 1.70537e-05 1.62349e-05 1.23724e-05 7.91447e-06 4.42598e-06 2.18437e-06 9.23241e-07 3.02712e-07 5.49826e-08 0 
0 8.20339e-06 3.36551e-05 7.64611e-05 0.000134933 0.000205406 0.000282408 0.000359422 0.000430164 0.000489922 0.000536313 0.000569161 0.000589708 0.000599647 0.000600371 0.000592597 0.000576346 0.000551198 0.000516696 0.000472768 0.00042004 0.00035996 0.000294828 0.000228011 0.000164459 0.000110443 7.09368e-05 4.63438e-05 3.28687e-05 2.56848e-05 2.09826e-05 1.65844e-05 1.20415e-05 7.91447e-06 4.72715e-06 2.57e-06 1.25495e-06 5.28421e-07 1.73038e-07 3.14165e-08 0 
0 4.37269e-06 1.79619e-05 4.09119e-05 7.2539e-05 0.000111299 0.000154864 0.000200352 0.000244691 0.000285057 0.00031923 0.000345763 0.000363951 0.00037365 0.000375075 0.000368642 0.000354906 0.000334578 0.000308564 0.000278003 0.000244242 0.000208756 0.000173059 0.000138658 0.000107069 7.9762e-05 5.78263e-05 4.1465e-05 2.98555e-05 2.16226e-05 1.55145e-05 1.07802e-05 7.12142e-06 4.42598e-06 2.57e-06 1.37973e-06 6.70284e-07 2.81687e-07 9.21776e-08 1.67315e-08 0 
0 2.11734e-06 8.70192e-06 1.98401e-05 3.52408e-05 5.42323e-05 7.57999e-05 9.86708e-05 0.000121439 0.000142713 0.000161256 0.000176089 0.000186545 0.000192277 0.000193229 0.000189597 0.000181794 0.000170406 0.000156158 0.000139867 0.000122385 0.00010454 8.70893e-05 7.06801e-05 5.58402e-05 4.296e-05 3.22545e-05 2.37168e-05 1.71237e-05 1.21263e-05 8.37512e-06 5.59457e-06 3.58402e-06 2.18437e-06 1.25495e-06 6.70284e-07 3.249e-07 1.36415e-07 4.4624e-08 8.09886e-09 0 
0 8.88577e-07 3.65262e-06 8.33092e-06 1.48074e-05 2.28114e-05 3.19337e-05 4.16589e-05 5.14103e-05 6.06022e-05 6.8693e-05 7.52299e-05 7.98817e-05 8.24554e-05 8.28995e-05 8.12948e-05 7.78376e-05 7.28154e-05 6.65794e-05 5.95141e-05 5.2007e-05 4.44211e-05 3.7073e-05 3.02187e-05 2.40472e-05 1.86779e-05 1.41611e-05 1.04816e-05 7.57056e-06 5.32666e-06 3.63901e-06 2.40274e-06 1.52464e-06 9.23241e-07 5.28421e-07 2.81687e-07 1.36415e-07 5.72536e-08 1.87258e-08 3.39836e-09 0 
0 2.90612e-07 1.19468e-06 2.72521e-06 4.84491e-06 7.46647e-06 1.04579e-05 1.36526e-05 1.68633e-05 1.98985e-05 2.25787e-05 2.47511e-05 2.63018e-05 2.71624e-05 2.73128e-05 2.67793e-05 2.56286e-05 2.39594e-05 2.18918e-05 1.95563e-05 1.70828e-05 1.45915e-05 1.21854e-05 9.94638e-06 7.93243e-06 6.17823e-06 4.69674e-06 3.48234e-06 2.51521e-06 1.76647e-06 1.2031e-06 7.91709e-07 5.00928e-07 3.02712e-07 1.73038e-07 9.21776e-08 4.4624e-08 1.87258e-08 6.12419e-09 1.11139e-09 0 
0 5.2739e-08 2.16812e-07 4.94595e-07 8.79365e-07 1.35535e-06 1.89869e-06 2.47928e-06 3.06321e-06 3.61571e-06 4.10406e-06 4.5003e-06 4.78341e-06 4.94069e-06 4.9683e-06 4.87099e-06 4.66103e-06 4.35659e-06 3.97977e-06 3.55452e-06 3.1046e-06 2.65189e-06 2.21507e-06 1.80884e-06 1.44352e-06 1.12517e-06 8.55985e-07 6.34941e-07 4.58593e-07 3.21912e-07 2.19058e-07 1.44015e-07 9.10431e-08 5.49826e-08 3.14165e-08 1.67315e-08 8.09886e-09 3.39836e-09 1.11139e-09 2.01686e-10 0 
0 0 0 0 0 0 0 0 0 0 0 0 0 0 0 0 0 0 0 0 0 0 0 0 0 0 0 0 0 0 0 0 0 0 0 0 0 0 0 0 0 
