0 0 0 0 0 0 0 0 0 0 0 0 0 0 0 0 0 0 0 0 0 0 0 0 0 0 0 0 0 0 0 0 0 0 0 0 0 0 0 0 0 
0 1.31859e-05 5.13636e-05 0.000106333 0.000162468 0.000203662 0.00022208 0.000220059 0.000205295 0.000185577 0.000166336 0.000150511 0.000139304 0.000132992 0.000131465 0.000134498 0.000141816 0.000153013 0.000167375 0.00018367 0.0002 0.000213822 0.00022225 0.000222661 0.000213462 0.000194741 0.000168455 0.000137962 0.000107042 7.88532e-05 5.5302e-05 3.6997e-05 2.36084e-05 1.43241e-05 8.20232e-06 4.37245e-06 2.11729e-06 8.88569e-07 2.90611e-07 5.27389e-08 0 
0 5.13636e-05 0.000185389 0.000331842 0.000402879 0.000371875 0.000284075 0.000193234 0.000124343 7.95226e-05 5.26446e-05 3.72804e-05 2.89435e-05 2.50217e-05 2.42345e-05 2.62179e-05 3.13335e-05 4.06525e-05 5.60233e-05 8.00624e-05 0.000115807 0.000165696 0.000229687 0.000302891 0.000374068 0.000427039 0.000446293 0.000424769 0.000368346 0.00029277 0.000215346 0.000148062 9.58544e-05 5.85687e-05 3.36451e-05 1.79597e-05 8.70149e-06 3.65255e-06 1.19468e-06 2.16811e-07 0 
0 0.000106333 0.000331842 0.000451939 0.000365816 0.000205372 9.09579e-05 3.52117e-05 1.29686e-05 4.90289e-06 2.03793e-06 9.87459e-07 5.83267e-07 4.31992e-07 4.05397e-07 4.78752e-07 6.95887e-07 1.20299e-06 2.37036e-06 5.08176e-06 1.13171e-05 2.50867e-05 5.3367e-05 0.00010581 0.000191171 0.000309147 0.000440533 0.000545789 0.000583357 0.000539453 0.000438019 0.000319155 0.000213073 0.000132141 7.6413e-05 4.09014e-05 1.98381e-05 8.33062e-06 2.72517e-06 4.94593e-07 0 
0 0.000162468 0.000402879 0.000365816 0.000171223 5.07606e-05 1.11211e-05 2.04332e-06 3.55259e-07 6.58232e-08 1.4522e-08 4.19611e-09 1.70773e-09 1.02454e-09 9.21059e-10 1.22588e-09 2.32703e-09 5.94886e-09 1.90789e-08 7.10402e-08 2.84223e-07 1.13753e-06 4.28479e-06 1.44857e-05 4.2531e-05 0.000106297 0.000223442 0.000390854 0.000561786 0.000657623 0.00063129 0.000510558 0.000360922 0.00023018 0.000134767 7.25035e-05 3.52344e-05 1.48064e-05 4.84479e-06 8.79358e-07 0 
0 0.000203662 0.000371875 0.000205372 5.07606e-05 7.06548e-06 6.57739e-07 4.83073e-08 3.32769e-09 2.55921e-10 2.58708e-11 3.95465e-12 1.01726e-12 4.70796e-13 4.01447e-13 6.19128e-13 1.63281e-12 6.75828e-12 3.94952e-11 2.90342e-10 2.39218e-09 1.98497e-08 1.51326e-07 9.86165e-07 5.22526e-06 2.18868e-05 7.17856e-05 0.000184522 0.000371537 0.000580933 0.000700635 0.000662516 0.000513215 0.000342835 0.000204949 0.000111202 5.42149e-05 2.28088e-05 7.46618e-06 1.35533e-06 0 
0 0.00022208 0.000284075 9.09579e-05 1.11211e-05 6.57739e-07 2.30261e-08 5.92936e-10 1.41946e-11 4.00394e-13 1.66182e-14 1.22814e-15 1.86996e-16 6.43086e-17 5.16152e-17 9.42202e-17 3.61962e-16 2.59804e-15 3.01102e-14 4.80817e-13 9.02981e-12 1.72207e-10 2.9388e-09 4.06018e-08 4.23131e-07 3.19349e-06 1.72305e-05 6.70434e-05 0.000191483 0.000405265 0.000632134 0.000726978 0.000638419 0.000456214 0.000281372 0.000154643 7.57603e-05 3.19279e-05 1.04572e-05 1.89865e-06 0 
0 0.000220059 0.000193234 3.52117e-05 2.04332e-06 4.83073e-08 5.92936e-10 4.97368e-12 3.84519e-14 3.70962e-16 5.95054e-18 2.30996e-19 4.50015e-20 2.8271e-20 2.58636e-20 3.06702e-20 6.67266e-20 5.57691e-19 1.29297e-17 4.73503e-16 2.14626e-14 9.96426e-13 4.02631e-11 1.24404e-09 2.67993e-08 3.81083e-07 3.50876e-06 2.11542e-05 8.61832e-05 0.000245177 0.000493486 0.000700326 0.00071361 0.000555842 0.000357421 0.000199916 9.85929e-05 4.16476e-05 1.36513e-05 2.4792e-06 0 
0 0.000205295 0.000124343 1.29686e-05 3.55259e-07 3.32769e-09 1.41946e-11 3.84519e-14 9.51344e-17 3.19494e-19 5.77833e-21 1.3029e-21 7.48599e-22 7.2767e-22 7.16955e-22 6.64113e-22 7.39654e-22 1.57846e-21 8.81995e-21 4.27916e-19 4.65641e-17 5.29934e-15 5.10242e-13 3.5479e-11 1.59036e-09 4.29196e-08 6.79474e-07 6.38152e-06 3.70051e-05 0.000139588 0.000355819 0.000617821 0.000735256 0.000631437 0.000426807 0.000243938 0.000121304 5.13906e-05 1.68612e-05 3.06309e-06 0 
0 0.000185577 7.95226e-05 4.90289e-06 6.58232e-08 2.55921e-10 4.00394e-13 3.70962e-16 3.19494e-19 1.34184e-21 1.21885e-22 7.47111e-23 6.45798e-23 7.03753e-23 7.07911e-23 6.17493e-23 5.5811e-23 6.38317e-23 1.02454e-22 1.10762e-21 1.36713e-19 3.58651e-17 7.87189e-15 1.18146e-12 1.06157e-10 5.26701e-09 1.39747e-07 2.00418e-06 1.62567e-05 7.9671e-05 0.000250711 0.000520743 0.000717106 0.000679968 0.000484939 0.0002839 0.000142503 6.05717e-05 1.98953e-05 3.61552e-06 0 
0 0.000166336 5.26446e-05 2.03793e-06 1.4522e-08 2.58708e-11 1.66182e-14 5.95054e-18 5.77833e-21 1.21885e-22 1.69876e-23 1.06938e-23 1.06428e-23 1.18995e-23 1.20019e-23 1.03606e-23 8.49776e-24 7.15761e-24 7.42509e-24 3.10077e-23 1.21019e-21 4.21471e-19 1.91305e-16 5.6828e-14 9.46247e-12 8.06079e-10 3.38502e-08 7.08018e-07 7.74771e-06 4.78384e-05 0.000180279 0.000434978 0.000679153 0.000705104 0.000529649 0.000317626 0.00016096 6.86501e-05 2.25741e-05 4.1038e-06 0 
0 0.000150511 3.72804e-05 9.87459e-07 4.19611e-09 3.95465e-12 1.22814e-15 2.30996e-19 1.3029e-21 7.47112e-23 1.06938e-23 3.45957e-24 2.53004e-24 2.60091e-24 2.57337e-24 2.21285e-24 1.73391e-24 1.3184e-24 1.41716e-24 5.70804e-24 9.639e-23 1.25724e-20 9.13775e-18 4.7386e-15 1.30503e-12 1.72785e-10 1.05564e-08 3.00655e-07 4.20511e-06 3.1356e-05 0.000136522 0.000370281 0.000638255 0.000714076 0.000560998 0.000343732 0.000175709 7.51747e-05 2.47452e-05 4.49997e-06 0 
0 0.000139304 2.89435e-05 5.83267e-07 1.70773e-09 1.01726e-12 1.86996e-16 4.50015e-20 7.48599e-22 6.45799e-23 1.06428e-23 2.53005e-24 1.00443e-24 7.20018e-25 6.39463e-25 5.3713e-25 4.16175e-25 3.42746e-25 5.60727e-25 2.66569e-24 3.02402e-23 1.59923e-21 1.01848e-18 7.87162e-16 3.11543e-13 5.66758e-11 4.53722e-09 1.61476e-07 2.69685e-06 2.30453e-05 0.000111241 0.00032747 0.000604936 0.000714348 0.000580422 0.00036158 0.000186097 7.98163e-05 2.62948e-05 4.78302e-06 0 
0 0.000132992 2.50217e-05 4.31992e-07 1.02454e-09 4.70796e-13 6.43086e-17 2.8271e-20 7.2767e-22 7.03753e-23 1.18995e-23 2.60091e-24 7.20019e-25 2.9882e-25 1.92012e-25 1.46376e-25 1.1842e-25 1.37728e-25 3.78901e-25 1.98938e-24 1.95341e-23 6.80901e-22 2.9539e-19 2.84079e-16 1.38057e-13 3.0064e-11 2.80479e-09 1.1325e-07 2.09155e-06 1.93075e-05 9.87731e-05 0.000304326 0.000584289 0.000711562 0.000589733 0.000371078 0.000191787 8.23837e-05 2.71547e-05 4.94025e-06 0 
0 0.000131465 2.42345e-05 4.05397e-07 9.21059e-10 4.01447e-13 5.16152e-17 2.58636e-20 7.16956e-22 7.07912e-23 1.2002e-23 2.57337e-24 6.39464e-25 1.92012e-25 8.04473e-26 4.94786e-26 4.63543e-26 8.99912e-26 3.36229e-25 1.84303e-24 1.77254e-23 5.75261e-22 2.28578e-19 2.2959e-16 1.1638e-13 2.62977e-11 2.53185e-09 1.04916e-07 1.97797e-06 1.85481e-05 9.6004e-05 0.000298535 0.000577903 0.000708815 0.000590366 0.000372466 0.000192731 8.28264e-05 2.7305e-05 4.96786e-06 0 
0 0.000134498 2.62179e-05 4.78752e-07 1.22588e-09 6.19128e-13 9.42202e-17 3.06702e-20 6.64113e-22 6.17494e-23 1.03606e-23 2.21285e-24 5.3713e-25 1.46376e-25 4.94786e-26 2.63707e-26 3.09418e-26 8.24776e-26 3.43028e-25 1.97708e-24 2.0861e-23 8.63496e-22 4.55189e-19 4.05361e-16 1.82971e-13 3.73525e-11 3.29852e-09 1.27276e-07 2.26656e-06 2.03391e-05 0.000101833 0.000308637 0.000585211 0.000706674 0.000583021 0.000366159 0.000189125 8.12255e-05 2.67719e-05 4.87057e-06 0 
0 0.000141816 3.13335e-05 6.95887e-07 2.32703e-09 1.63281e-12 3.61962e-16 6.67266e-20 7.39654e-22 5.5811e-23 8.49777e-24 1.73391e-24 4.16176e-25 1.1842e-25 4.63543e-26 3.09418e-26 3.99089e-26 1.0044e-25 4.18196e-25 2.71118e-24 3.76716e-23 2.89177e-21 2.162e-18 1.45232e-15 5.05667e-13 8.2234e-11 5.98446e-09 1.96835e-07 3.08583e-06 2.51012e-05 0.000116699 0.000333874 0.000603879 0.000703453 0.000567655 0.000352687 0.000181374 7.7776e-05 2.5622e-05 4.66065e-06 0 
0 0.000153013 4.06525e-05 1.20299e-06 5.94886e-09 6.75828e-12 2.59804e-15 5.57691e-19 1.57846e-21 6.38317e-23 7.15761e-24 1.3184e-24 3.42746e-25 1.37728e-25 8.99911e-26 8.24775e-26 1.0044e-25 1.91273e-25 7.07854e-25 5.64068e-24 1.49463e-22 3.22433e-20 2.14e-17 9.43219e-15 2.24335e-12 2.61205e-10 1.4304e-08 3.7209e-07 4.83834e-06 3.40812e-05 0.000142092 0.000373205 0.000629337 0.000695552 0.000543738 0.000332714 0.000170056 7.27641e-05 2.39539e-05 4.35627e-06 0 
0 0.000167375 5.60233e-05 2.37036e-06 1.90789e-08 3.94952e-11 3.01102e-14 1.29297e-17 8.81995e-21 1.02454e-22 7.42509e-24 1.41716e-24 5.60727e-25 3.789e-25 3.36229e-25 3.43028e-25 4.18196e-25 7.07854e-25 2.53051e-24 3.03013e-23 2.36926e-21 9.38044e-19 3.70954e-16 9.65691e-14 1.42679e-11 1.09382e-09 4.19609e-08 8.13904e-07 8.37933e-06 4.93289e-05 0.000179439 0.000423102 0.000653679 0.000677933 0.000510667 0.000307094 0.000155885 6.65393e-05 2.18875e-05 3.97952e-06 0 
0 0.00018367 8.00624e-05 5.08176e-06 7.10402e-08 2.90342e-10 4.80817e-13 4.73503e-16 4.27916e-19 1.10762e-21 3.10077e-23 5.70804e-24 2.66569e-24 1.98938e-24 1.84303e-24 1.97708e-24 2.71117e-24 5.64068e-24 3.03013e-23 9.80238e-22 1.77828e-19 4.47635e-17 9.34192e-15 1.33587e-12 1.14613e-10 5.44416e-09 1.38794e-07 1.9224e-06 1.51578e-05 7.27801e-05 0.000226785 0.000473374 0.00066438 0.00064485 0.0004682 0.000276913 0.000139666 5.94845e-05 1.95531e-05 3.55434e-06 0 
0 0.0002 0.000115807 1.13171e-05 2.84223e-07 2.39218e-09 9.02981e-12 2.14626e-14 4.65641e-17 1.36713e-19 1.21019e-21 9.639e-23 3.02401e-23 1.95341e-23 1.77254e-23 2.0861e-23 3.76716e-23 1.49463e-22 2.36926e-21 1.77828e-19 2.14527e-17 2.6884e-15 2.83335e-13 2.13062e-11 1.0155e-09 2.85939e-08 4.64761e-07 4.44264e-06 2.62271e-05 0.000101563 0.000270249 0.000500794 0.000643847 0.000590922 0.000416794 0.000243477 0.000122244 5.19862e-05 1.70806e-05 3.10447e-06 0 
0 0.000213822 0.000165696 2.50867e-05 1.13753e-06 1.98497e-08 1.72207e-10 9.96426e-13 5.29934e-15 3.58651e-17 4.21471e-19 1.25724e-20 1.59923e-21 6.809e-22 5.75261e-22 8.63496e-22 2.89177e-21 3.22433e-20 9.38044e-19 4.47635e-17 2.6884e-15 1.65121e-13 8.65916e-12 3.34596e-10 8.5497e-09 1.3579e-07 1.32906e-06 8.36208e-06 3.62497e-05 0.000114751 0.00027036 0.000465311 0.000572014 0.000512556 0.000357775 0.000208241 0.000104445 4.44069e-05 1.45899e-05 2.65179e-06 0 
0 0.00022225 0.000229687 5.3367e-05 4.28479e-06 1.51326e-07 2.9388e-09 4.02631e-11 5.10242e-13 7.87189e-15 1.91305e-16 9.13775e-18 1.01848e-18 2.9539e-19 2.28578e-19 4.55189e-19 2.162e-18 2.14e-17 3.70954e-16 9.34192e-15 2.83335e-13 8.65916e-12 2.26719e-10 4.41019e-09 5.67914e-08 4.53359e-07 2.29453e-06 8.35022e-06 2.57195e-05 7.24913e-05 0.000176605 0.000330107 0.000436479 0.000409958 0.000293388 0.000172713 8.70243e-05 3.70633e-05 1.21844e-05 2.21501e-06 0 
0 0.000222661 0.000302891 0.00010581 1.44857e-05 9.86165e-07 4.06018e-08 1.24404e-09 3.5479e-11 1.18146e-12 5.6828e-14 4.7386e-15 7.87162e-16 2.84079e-16 2.2959e-16 4.05361e-16 1.45232e-15 9.43219e-15 9.65691e-14 1.33587e-12 2.13062e-11 3.34596e-10 4.41019e-09 4.11514e-08 2.27797e-07 6.63339e-07 1.1058e-06 1.56666e-06 3.1365e-06 1.05519e-05 4.32529e-05 0.000135801 0.000255623 0.000290679 0.000227032 0.000138415 7.06339e-05 3.02118e-05 9.94562e-06 1.80879e-06 0 
0 0.000213462 0.000374068 0.000191171 4.2531e-05 5.22526e-06 4.23131e-07 2.67993e-08 1.59036e-09 1.06157e-10 9.46247e-12 1.30503e-12 3.11543e-13 1.38057e-13 1.1638e-13 1.82971e-13 5.05667e-13 2.24335e-12 1.42679e-11 1.14613e-10 1.0155e-09 8.5497e-09 5.67914e-08 2.27797e-07 3.8038e-07 1.90133e-07 3.39701e-08 6.67372e-09 6.76776e-09 5.79062e-08 1.35807e-06 2.00156e-05 9.6911e-05 0.000173853 0.000163741 0.000106884 5.5805e-05 2.4042e-05 7.93186e-06 1.44348e-06 0 
0 0.000194741 0.000427039 0.000309147 0.000106297 2.18868e-05 3.19349e-06 3.81083e-07 4.29196e-08 5.26701e-09 8.06079e-10 1.72785e-10 5.66758e-11 3.0064e-11 2.62977e-11 3.73525e-11 8.2234e-11 2.61205e-10 1.09382e-09 5.44416e-09 2.85939e-08 1.3579e-07 4.53359e-07 6.63339e-07 1.90133e-07 4.51003e-09 1.14104e-11 3.96057e-14 1.08767e-14 1.21438e-12 1.50934e-09 6.27637e-07 2.05249e-05 8.53395e-05 0.000109888 7.96116e-05 4.29316e-05 1.86738e-05 6.17779e-06 1.12514e-06 0 
0 0.000168455 0.000446293 0.000440533 0.000223442 7.17856e-05 1.72305e-05 3.50876e-06 6.79474e-07 1.39747e-07 3.38502e-08 1.05564e-08 4.53722e-09 2.80479e-09 2.53185e-09 3.29852e-09 5.98446e-09 1.4304e-08 4.19609e-08 1.38794e-07 4.64761e-07 1.32906e-06 2.29453e-06 1.1058e-06 3.39701e-08 1.14104e-11 3.25238e-16 2.31889e-15 1.4351e-15 8.96162e-15 7.67236e-14 5.1981e-09 2.79051e-06 3.68399e-05 7.0511e-05 5.77038e-05 3.22316e-05 1.41579e-05 4.6964e-06 8.55966e-07 0 
0 0.000137962 0.000424769 0.000545789 0.000390854 0.000184522 6.70434e-05 2.11542e-05 6.38152e-06 2.00418e-06 7.08018e-07 3.00655e-07 1.61476e-07 1.1325e-07 1.04916e-07 1.27276e-07 1.96835e-07 3.7209e-07 8.13904e-07 1.9224e-06 4.44264e-06 8.36208e-06 8.35022e-06 1.56666e-06 6.67372e-09 3.96057e-14 2.31889e-15 6.36021e-16 5.73186e-16 1.8436e-15 2.1826e-14 6.83248e-11 4.76958e-07 1.73417e-05 4.60305e-05 4.13708e-05 2.36994e-05 1.04792e-05 3.48209e-06 6.34927e-07 0 
0 0.000107042 0.000368346 0.000583357 0.000561786 0.000371537 0.000191483 8.61832e-05 3.70051e-05 1.62567e-05 7.74771e-06 4.20511e-06 2.69685e-06 2.09155e-06 1.97797e-06 2.26656e-06 3.08583e-06 4.83834e-06 8.37933e-06 1.51578e-05 2.62271e-05 3.62497e-05 2.57195e-05 3.1365e-06 6.76776e-09 1.08767e-14 1.4351e-15 5.73186e-16 1.52288e-15 7.12641e-15 1.25602e-13 1.85566e-11 2.49094e-07 1.14979e-05 3.26478e-05 2.97897e-05 1.71117e-05 7.56892e-06 2.51504e-06 4.58584e-07 0 
0 7.88532e-05 0.00029277 0.000539453 0.000657623 0.000580933 0.000405265 0.000245177 0.000139588 7.9671e-05 4.78384e-05 3.1356e-05 2.30453e-05 1.93075e-05 1.85481e-05 2.03391e-05 2.51012e-05 3.40812e-05 4.93289e-05 7.27801e-05 0.000101563 0.000114751 7.24913e-05 1.05519e-05 5.79062e-08 1.21438e-12 8.96162e-15 1.8436e-15 7.12641e-15 1.18094e-15 7.89577e-16 2.38257e-10 5.1651e-07 1.15149e-05 2.5538e-05 2.15821e-05 1.21191e-05 5.32567e-06 1.76637e-06 3.21906e-07 0 
0 5.5302e-05 0.000215346 0.000438019 0.00063129 0.000700635 0.000632134 0.000493486 0.000355819 0.000250711 0.000180279 0.000136522 0.000111241 9.87731e-05 9.6004e-05 0.000101833 0.000116699 0.000142092 0.000179439 0.000226785 0.000270249 0.00027036 0.000176605 4.32529e-05 1.35807e-06 1.50934e-09 7.67236e-14 2.1826e-14 1.25602e-13 7.89578e-16 4.83423e-12 1.97311e-08 2.18847e-06 1.43562e-05 2.08958e-05 1.54929e-05 8.37135e-06 3.63849e-06 1.20305e-06 2.19055e-07 0 
0 3.6997e-05 0.000148062 0.000319155 0.000510558 0.000662516 0.000726978 0.000700326 0.000617821 0.000520743 0.000434978 0.000370281 0.00032747 0.000304326 0.000298535 0.000308637 0.000333874 0.000373205 0.000423102 0.000473374 0.000500794 0.000465311 0.000330107 0.000135801 2.00156e-05 6.27637e-07 5.1981e-09 6.83248e-11 1.85566e-11 2.38257e-10 1.97311e-08 8.8888e-07 7.75194e-06 1.69355e-05 1.65417e-05 1.07705e-05 5.59288e-06 2.40251e-06 7.91685e-07 1.44014e-07 0 
0 2.36084e-05 9.58544e-05 0.000213073 0.000360922 0.000513215 0.000638419 0.00071361 0.000735256 0.000717106 0.000679153 0.000638255 0.000604936 0.000584289 0.000577903 0.000585211 0.000603879 0.000629337 0.000653679 0.00066438 0.000643847 0.000572014 0.000436479 0.000255623 9.6911e-05 2.05249e-05 2.79051e-06 4.76958e-07 2.49094e-07 5.1651e-07 2.18847e-06 7.75194e-06 1.49097e-05 1.61771e-05 1.20246e-05 7.11775e-06 3.58337e-06 1.52455e-06 5.00918e-07 9.10425e-08 0 
0 1.43241e-05 5.85687e-05 0.000132141 0.00023018 0.000342835 0.000456214 0.000555842 0.000631437 0.000679968 0.000705104 0.000714076 0.000714348 0.000711562 0.000708815 0.000706674 0.000703453 0.000695552 0.000677933 0.00064485 0.000590922 0.000512556 0.000409958 0.000290679 0.000173853 8.53395e-05 3.68399e-05 1.73417e-05 1.14979e-05 1.15149e-05 1.43562e-05 1.69355e-05 1.61771e-05 1.23523e-05 7.90909e-06 4.42481e-06 2.18415e-06 9.23209e-07 3.02709e-07 5.49823e-08 0 
0 8.20232e-06 3.36451e-05 7.6413e-05 0.000134767 0.000204949 0.000281372 0.000357421 0.000426807 0.000484939 0.000529649 0.000560998 0.000580422 0.000589733 0.000590366 0.000583021 0.000567655 0.000543738 0.000510667 0.0004682 0.000416794 0.000357775 0.000293388 0.000227032 0.000163741 0.000109888 7.0511e-05 4.60305e-05 3.26478e-05 2.5538e-05 2.08958e-05 1.65417e-05 1.20246e-05 7.90909e-06 4.72573e-06 2.56968e-06 1.25489e-06 5.28412e-07 1.73037e-07 3.14164e-08 0 
0 4.37245e-06 1.79597e-05 4.09014e-05 7.25035e-05 0.000111202 0.000154643 0.000199916 0.000243938 0.0002839 0.000317626 0.000343732 0.00036158 0.000371078 0.000372466 0.000366159 0.000352687 0.000332714 0.000307094 0.000276913 0.000243477 0.000208241 0.000172713 0.000138415 0.000106884 7.96116e-05 5.77038e-05 4.13708e-05 2.97897e-05 2.15821e-05 1.54929e-05 1.07705e-05 7.11775e-06 4.42481e-06 2.56968e-06 1.37965e-06 6.70269e-07 2.81685e-07 9.21773e-08 1.67315e-08 0 
0 2.11729e-06 8.70149e-06 1.98381e-05 3.52344e-05 5.42149e-05 7.57603e-05 9.85929e-05 0.000121304 0.000142503 0.00016096 0.000175709 0.000186097 0.000191787 0.000192731 0.000189125 0.000181374 0.000170056 0.000155885 0.000139666 0.000122244 0.000104445 8.70243e-05 7.06339e-05 5.5805e-05 4.29316e-05 3.22316e-05 2.36994e-05 1.71117e-05 1.21191e-05 8.37135e-06 5.59288e-06 3.58337e-06 2.18415e-06 1.25489e-06 6.70269e-07 3.24896e-07 1.36414e-07 4.4624e-08 8.09886e-09 0 
0 8.88569e-07 3.65255e-06 8.33062e-06 1.48064e-05 2.28088e-05 3.19279e-05 4.16476e-05 5.13906e-05 6.05717e-05 6.86501e-05 7.51747e-05 7.98163e-05 8.23837e-05 8.28264e-05 8.12255e-05 7.7776e-05 7.27641e-05 6.65393e-05 5.94845e-05 5.19862e-05 4.44069e-05 3.70633e-05 3.02118e-05 2.4042e-05 1.86738e-05 1.41579e-05 1.04792e-05 7.56892e-06 5.32567e-06 3.63849e-06 2.40251e-06 1.52455e-06 9.23209e-07 5.28412e-07 2.81685e-07 1.36414e-07 5.72535e-08 1.87258e-08 3.39836e-09 0 
0 2.90611e-07 1.19468e-06 2.72517e-06 4.84479e-06 7.46618e-06 1.04572e-05 1.36513e-05 1.68612e-05 1.98953e-05 2.25741e-05 2.47452e-05 2.62948e-05 2.71547e-05 2.7305e-05 2.67719e-05 2.5622e-05 2.39539e-05 2.18875e-05 1.95531e-05 1.70806e-05 1.45899e-05 1.21844e-05 9.94562e-06 7.93186e-06 6.17779e-06 4.6964e-06 3.48209e-06 2.51504e-06 1.76637e-06 1.20305e-06 7.91685e-07 5.00918e-07 3.02709e-07 1.73037e-07 9.21773e-08 4.4624e-08 1.87258e-08 6.12419e-09 1.11139e-09 0 
0 5.27389e-08 2.16811e-07 4.94593e-07 8.79358e-07 1.35533e-06 1.89865e-06 2.4792e-06 3.06309e-06 3.61552e-06 4.1038e-06 4.49997e-06 4.78302e-06 4.94025e-06 4.96786e-06 4.87057e-06 4.66065e-06 4.35627e-06 3.97952e-06 3.55434e-06 3.10447e-06 2.65179e-06 2.21501e-06 1.80879e-06 1.44348e-06 1.12514e-06 8.55966e-07 6.34927e-07 4.58584e-07 3.21906e-07 2.19055e-07 1.44014e-07 9.10425e-08 5.49823e-08 3.14164e-08 1.67315e-08 8.09886e-09 3.39836e-09 1.11139e-09 2.01686e-10 0 
0 0 0 0 0 0 0 0 0 0 0 0 0 0 0 0 0 0 0 0 0 0 0 0 0 0 0 0 0 0 0 0 0 0 0 0 0 0 0 0 0 
