0 0 0 0 0 0 0 0 0 0 0 0 0 0 0 0 0 0 0 0 0 0 0 0 0 0 0 0 0 0 0 0 0 0 0 0 0 0 0 0 0 
0 1.35733e-05 5.4714e-05 0.000120228 0.000200627 0.000281148 0.000346798 0.000388635 0.000406329 0.000405815 0.000395074 0.000381082 0.000368665 0.000360581 0.000358016 0.000361026 0.000368783 0.000379634 0.000391101 0.000399956 0.000402539 0.000395406 0.000376226 0.000344648 0.000302688 0.000254342 0.00020448 0.000157531 0.000116557 8.29895e-05 5.69108e-05 3.75579e-05 2.37841e-05 1.43735e-05 8.21478e-06 4.37524e-06 2.11784e-06 8.88657e-07 2.90621e-07 5.27397e-08 0 
0 5.4714e-05 0.000214406 0.000444743 0.000670397 0.000804888 0.000809303 0.000713962 0.000579615 0.000452892 0.000353946 0.000285235 0.000242334 0.000220104 0.000215018 0.000225649 0.000252479 0.000297405 0.000362803 0.000449826 0.000555746 0.000670906 0.000777135 0.000850408 0.000869053 0.000824172 0.000724956 0.000594165 0.000457242 0.000333137 0.000231315 0.000153614 9.75647e-05 5.90381e-05 3.376e-05 1.79846e-05 8.7062e-06 3.65329e-06 1.19477e-06 2.16817e-07 0 
0 0.000120228 0.000444743 0.000818346 0.00100097 0.000886439 0.000610841 0.000356018 0.000190652 0.000100863 5.598e-05 3.4188e-05 2.3798e-05 1.93032e-05 1.84059e-05 2.05507e-05 2.6465e-05 3.8374e-05 6.07805e-05 0.000101671 0.000173488 0.000291944 0.000469332 0.000700178 0.000945434 0.0011344 0.00119943 0.00112161 0.000940699 0.000721275 0.000514859 0.000346648 0.000221566 0.000134441 7.69634e-05 4.10177e-05 1.98595e-05 8.33389e-06 2.72555e-06 4.94617e-07 0 
0 0.000200627 0.000670397 0.00100097 0.000867152 0.000483926 0.000196428 6.58511e-05 2.04319e-05 6.47904e-06 2.28829e-06 9.66861e-07 5.15926e-07 3.59785e-07 3.32216e-07 4.03179e-07 6.26818e-07 1.19932e-06 2.68639e-06 6.66804e-06 1.73555e-05 4.49754e-05 0.000110802 0.000249304 0.000494608 0.0008391 0.00118909 0.00139486 0.00136949 0.00115774 0.000872383 0.000603509 0.000390568 0.000238241 0.000136673 7.2898e-05 3.53051e-05 1.4817e-05 4.846e-06 8.79432e-07 0 
0 0.000281148 0.000804888 0.000886439 0.000483926 0.000152779 3.30636e-05 5.74373e-06 9.24161e-07 1.57297e-07 3.19595e-08 8.59203e-09 3.30666e-09 1.91465e-09 1.69942e-09 2.28531e-09 4.47941e-09 1.20504e-08 4.12879e-08 1.66002e-07 7.21555e-07 3.14278e-06 1.2846e-05 4.67226e-05 0.000145016 0.000371167 0.000759995 0.00121568 0.00151135 0.00149598 0.00123594 0.000896517 0.000593048 0.00036512 0.000210226 0.000112281 5.44048e-05 2.28367e-05 7.46927e-06 1.35552e-06 0 
0 0.000346798 0.000809303 0.000610841 0.000196428 3.30636e-05 3.55914e-06 2.94804e-07 2.2485e-08 1.88117e-09 2.03135e-10 3.25566e-11 8.61984e-12 4.03394e-12 3.42147e-12 5.17307e-12 1.32146e-11 5.24851e-11 2.92343e-10 2.03956e-09 1.59167e-08 1.25145e-07 9.0631e-07 5.63188e-06 2.8521e-05 0.000113585 0.000346194 0.000787203 0.00131006 0.00160637 0.00151867 0.00118491 0.000811389 0.000506957 0.00029358 0.000157133 7.61932e-05 3.19904e-05 1.0464e-05 1.89906e-06 0 
0 0.000388635 0.000713962 0.000356018 6.58511e-05 5.74373e-06 2.94804e-07 1.10603e-08 3.78818e-10 1.47878e-11 8.10112e-13 7.45106e-14 1.32022e-14 4.91474e-15 3.96866e-15 6.80162e-15 2.30773e-14 1.39187e-13 1.30567e-12 1.64555e-11 2.40652e-10 3.56584e-09 4.76572e-08 5.24276e-07 4.44991e-06 2.79954e-05 0.00012761 0.000414283 0.000939675 0.00147606 0.00165478 0.00142477 0.00102423 0.000653581 0.000381642 0.000204885 9.94518e-05 4.17701e-05 1.36645e-05 2.47997e-06 0 
0 0.000406329 0.000579615 0.000190652 2.04319e-05 9.24161e-07 2.2485e-08 3.78818e-10 5.77312e-12 1.04237e-13 2.8746e-15 1.50757e-16 1.7791e-17 5.25377e-18 4.03495e-18 7.84314e-18 3.54315e-17 3.25859e-16 5.17611e-15 1.18604e-13 3.27354e-12 9.20904e-11 2.28789e-09 4.48397e-08 6.40317e-07 6.35537e-06 4.29293e-05 0.000195905 0.00059858 0.00120957 0.00163713 0.00158523 0.00121121 0.000794204 0.000468795 0.000252667 0.000122812 5.16041e-05 1.68839e-05 3.0644e-06 0 
0 0.000405815 0.000452892 0.000100863 6.47904e-06 1.57297e-07 1.88117e-09 1.47878e-11 1.04237e-13 9.03235e-16 1.29577e-17 3.98527e-19 3.22824e-20 7.8262e-21 5.77198e-21 1.23895e-20 7.20915e-20 9.84884e-19 2.58047e-17 1.04431e-15 5.27628e-14 2.73334e-12 1.22596e-10 4.16635e-09 9.76601e-08 1.49409e-06 1.45972e-05 9.10802e-05 0.000364352 0.00092918 0.00151402 0.00166037 0.00135836 0.000919235 0.000549554 0.000297581 0.000144874 6.0906e-05 1.99306e-05 3.61754e-06 0 
0 0.000395074 0.000353946 5.598e-05 2.28829e-06 3.19595e-08 2.03135e-10 8.10112e-13 2.8746e-15 1.29577e-17 1.04124e-19 2.04237e-21 1.29478e-22 2.95574e-23 2.16577e-23 4.67215e-23 3.03588e-22 5.56814e-21 2.2508e-19 1.5097e-17 1.30648e-15 1.16573e-13 8.85056e-12 4.91308e-10 1.79162e-08 4.03018e-07 5.46121e-06 4.47948e-05 0.000225766 0.000702801 0.0013512 0.00166775 0.00146125 0.00102183 0.0006192 0.000336973 0.000164332 6.91248e-05 2.2624e-05 4.10663e-06 0 
0 0.000381082 0.000285235 3.4188e-05 9.66861e-07 8.59203e-09 3.25566e-11 7.45106e-14 1.50757e-16 3.98527e-19 2.04238e-21 2.9659e-23 1.59512e-24 3.41285e-25 2.46701e-25 5.39163e-25 3.77249e-24 8.30557e-23 4.60179e-21 4.62947e-19 6.22081e-17 8.66374e-15 1.01245e-12 8.40388e-11 4.40383e-09 1.35917e-07 2.40764e-06 2.46648e-05 0.000149564 0.000545346 0.00119883 0.00163609 0.00152402 0.00109854 0.000674222 0.000368667 0.000180083 7.57906e-05 2.48098e-05 4.50362e-06 0 
0 0.000368665 0.000242334 2.3798e-05 5.15926e-07 3.30666e-09 8.61984e-12 1.32022e-14 1.7791e-17 3.22824e-20 1.29478e-22 1.59512e-24 6.61134e-26 1.10628e-26 7.51148e-27 1.84226e-26 1.59463e-25 4.20866e-24 2.79549e-22 3.67415e-20 6.77037e-18 1.30151e-15 2.07892e-13 2.31029e-11 1.57513e-09 6.11705e-08 1.31628e-06 1.58378e-05 0.000109654 0.000447361 0.0010828 0.00159253 0.00155557 0.00114882 0.000712464 0.000391115 0.000191309 8.0551e-05 2.63718e-05 4.78736e-06 0 
0 0.000360581 0.000220104 1.93032e-05 3.59785e-07 1.91465e-09 4.03394e-12 4.91474e-15 5.25377e-18 7.8262e-21 2.95575e-23 3.41288e-25 1.10629e-26 1.26356e-27 7.52062e-28 2.30291e-27 2.64332e-26 8.07893e-25 5.76269e-23 8.5577e-21 1.87925e-18 4.3416e-16 8.29179e-14 1.08913e-11 8.63634e-10 3.82749e-08 9.21167e-07 1.21583e-05 9.08305e-05 0.000395194 0.00101147 0.00155574 0.00156509 0.00117393 0.000733016 0.000403453 0.000197525 8.31937e-05 2.72396e-05 4.94504e-06 0 
0 0.000358016 0.000215018 1.84059e-05 3.32216e-07 1.69942e-09 3.42147e-12 3.96866e-15 4.03495e-18 5.77198e-21 2.16577e-23 2.46704e-25 7.51157e-27 7.52066e-28 4.20347e-28 1.40312e-27 1.7562e-26 5.56411e-25 4.01403e-23 6.08552e-21 1.38572e-18 3.33088e-16 6.61577e-14 9.01915e-12 7.39952e-10 3.37963e-08 8.34654e-07 1.12574e-05 8.56472e-05 0.000378748 0.000984367 0.00153463 0.00155884 0.00117564 0.000735947 0.000405484 0.000198595 8.36552e-05 2.73919e-05 4.97276e-06 0 
0 0.000361026 0.000225649 2.05507e-05 4.03179e-07 2.28531e-09 5.17307e-12 6.80162e-15 7.84314e-18 1.23895e-20 4.67216e-23 5.39167e-25 1.84227e-26 2.30291e-27 1.40311e-27 4.04747e-27 4.32538e-26 1.27569e-24 8.9449e-23 1.27755e-20 2.64331e-18 5.74504e-16 1.0358e-13 1.29108e-11 9.77671e-10 4.16602e-08 9.70676e-07 1.24859e-05 9.14783e-05 0.000392668 0.00099721 0.00152943 0.00153882 0.00115541 0.000722059 0.000397613 0.00019471 8.20156e-05 2.68548e-05 4.87526e-06 0 
0 0.000368783 0.000252479 2.6465e-05 6.26818e-07 4.47941e-09 1.32146e-11 2.30773e-14 3.54315e-17 7.20915e-20 3.03588e-22 3.7725e-24 1.59463e-25 2.64331e-26 1.75619e-26 4.32536e-26 3.69838e-25 9.48386e-24 6.00411e-22 7.22476e-20 1.19628e-17 2.06782e-15 2.98856e-13 3.03282e-11 1.90923e-09 6.92841e-08 1.41008e-06 1.62384e-05 0.000108851 0.000434926 0.00104269 0.00153275 0.00150282 0.00111419 0.000692717 0.00038076 0.000186349 7.84805e-05 2.56961e-05 4.66485e-06 0 
0 0.000379634 0.000297405 3.8374e-05 1.19932e-06 1.20504e-08 5.24851e-11 1.39187e-13 3.25859e-16 9.84884e-19 5.56814e-21 8.30557e-23 4.20865e-24 8.0789e-25 5.56409e-25 1.27569e-24 9.48385e-24 2.07147e-22 1.0583e-20 9.46673e-19 1.12245e-16 1.38319e-14 1.44104e-12 1.07795e-10 5.15659e-09 1.47325e-07 2.45067e-06 2.39222e-05 0.000140364 0.000503624 0.00110786 0.00153018 0.00144555 0.00105269 0.000649774 0.000356254 0.000174217 7.33542e-05 2.40162e-05 4.35982e-06 0 
0 0.000391101 0.000362803 6.07805e-05 2.68639e-06 4.12879e-08 2.92343e-10 1.30567e-12 5.17611e-15 2.58047e-17 2.2508e-19 4.60179e-21 2.79548e-22 5.76268e-23 4.01402e-23 8.94489e-23 6.00411e-22 1.0583e-20 3.91343e-19 2.36806e-17 1.84584e-15 1.48827e-13 1.02779e-11 5.23651e-10 1.77122e-08 3.73873e-07 4.81484e-06 3.80918e-05 0.000188671 0.000590904 0.00116931 0.00150103 0.00136032 0.000971884 0.000595519 0.000325715 0.00015917 6.70065e-05 2.19371e-05 3.98236e-06 0 
0 0.000399956 0.000449826 0.000101671 6.66804e-06 1.66002e-07 2.03956e-09 1.64555e-11 1.18604e-13 1.04431e-15 1.5097e-17 4.62947e-19 3.67415e-20 8.5577e-21 6.08552e-21 1.27755e-20 7.22476e-20 9.46673e-19 2.36806e-17 9.1517e-16 4.42317e-14 2.19726e-12 9.47556e-11 3.10444e-09 7.03508e-08 1.04455e-06 9.9741e-06 6.16743e-05 0.00025067 0.000672636 0.0011885 0.00142024 0.00124086 0.000873419 0.000532579 0.000290927 0.00014214 5.98382e-05 1.95909e-05 3.55652e-06 0 
0 0.000402539 0.000555746 0.000173488 1.73555e-05 7.21555e-07 1.59167e-08 2.40652e-10 3.27354e-12 5.27628e-14 1.30648e-15 6.22081e-17 6.77037e-18 1.87925e-18 1.38572e-18 2.64331e-18 1.19628e-17 1.12245e-16 1.84584e-15 4.42317e-14 1.28317e-12 3.79322e-11 9.84983e-10 1.99801e-08 2.91649e-07 2.92631e-06 1.99335e-05 9.32233e-05 0.000304334 0.000696323 0.00111171 0.00126195 0.00108252 0.000759567 0.000463722 0.000253687 0.000124056 5.22473e-05 1.71087e-05 3.1061e-06 0 
0 0.000395406 0.000670906 0.000291944 4.49754e-05 3.14278e-06 1.25145e-07 3.56584e-09 9.20904e-11 2.73334e-12 1.16573e-13 8.66374e-15 1.30151e-15 4.3416e-16 3.33088e-16 5.74504e-16 2.06782e-15 1.38319e-14 1.48827e-13 2.19726e-12 3.79322e-11 6.59473e-10 1.01407e-08 1.24292e-07 1.1282e-06 7.29829e-06 3.36338e-05 0.00011383 0.000293519 0.000584254 0.000884103 0.0010057 0.00088277 0.000632896 0.000391611 0.000215682 0.000105779 4.46008e-05 1.4611e-05 2.65303e-06 0 
0 0.000376226 0.000777135 0.000469332 0.000110802 1.2846e-05 9.0631e-07 4.76572e-08 2.28789e-09 1.22596e-10 8.85056e-12 1.01245e-12 2.07892e-13 8.29179e-14 6.61577e-14 1.0358e-13 2.98856e-13 1.44104e-12 1.02779e-11 9.47556e-11 9.84983e-10 1.01407e-08 9.20089e-08 6.65652e-07 3.55366e-06 1.34683e-05 3.71922e-05 8.24847e-05 0.000164741 0.000308115 0.000504644 0.000654599 0.000644068 0.000496383 0.00031871 0.000178402 8.80553e-05 3.7214e-05 1.22008e-05 2.21597e-06 0 
0 0.000344648 0.000850408 0.000700178 0.000249304 4.67226e-05 5.63188e-06 5.24276e-07 4.48397e-08 4.16635e-09 4.91308e-10 8.40388e-11 2.31029e-11 1.08913e-11 9.01915e-12 1.29108e-11 3.03282e-11 1.07795e-10 5.23651e-10 3.10444e-09 1.99801e-08 1.24292e-07 6.65652e-07 2.72216e-06 7.5415e-06 1.31536e-05 1.56287e-05 1.71091e-05 2.50612e-05 5.50367e-05 0.000139935 0.000285548 0.00038694 0.000355697 0.000247598 0.000143157 7.1497e-05 3.03375e-05 9.95923e-06 1.80959e-06 0 
0 0.000302688 0.000869053 0.000945434 0.000494608 0.000145016 2.8521e-05 4.44991e-06 6.40317e-07 9.76601e-08 1.79162e-08 4.40383e-09 1.57513e-09 8.63634e-10 7.39952e-10 9.77671e-10 1.90923e-09 5.15659e-09 1.77122e-08 7.03508e-08 2.91649e-07 1.1282e-06 3.55366e-06 7.5415e-06 8.33853e-06 3.85602e-06 8.67642e-07 2.20678e-07 1.98519e-07 8.91841e-07 8.61681e-06 5.84805e-05 0.000168201 0.000223953 0.000181745 0.00011116 5.65792e-05 2.4153e-05 7.94368e-06 1.44416e-06 0 
0 0.000254342 0.000824172 0.0011344 0.0008391 0.000371167 0.000113585 2.79954e-05 6.35537e-06 1.49409e-06 4.03018e-07 1.35917e-07 6.11705e-08 3.82749e-08 3.37963e-08 4.16602e-08 6.92841e-08 1.47325e-07 3.73873e-07 1.04455e-06 2.92631e-06 7.29829e-06 1.34683e-05 1.31536e-05 3.85602e-06 1.83424e-07 1.72114e-09 2.37931e-11 9.04772e-12 2.33535e-10 4.48492e-08 3.82421e-06 4.73865e-05 0.000121215 0.00012578 8.35514e-05 4.36381e-05 1.8773e-05 6.18812e-06 1.12573e-06 0 
0 0.00020448 0.000724956 0.00119943 0.00118909 0.000759995 0.000346194 0.00012761 4.29293e-05 1.45972e-05 5.46121e-06 2.40764e-06 1.31628e-06 9.21167e-07 8.34654e-07 9.70676e-07 1.41008e-06 2.45067e-06 4.81484e-06 9.9741e-06 1.99335e-05 3.36338e-05 3.71922e-05 1.56287e-05 8.67642e-07 1.72114e-09 1.44523e-13 6.34901e-17 4.41571e-16 1.11746e-15 2.35622e-11 9.41083e-08 9.6381e-06 5.94317e-05 8.37328e-05 6.11706e-05 3.28486e-05 1.42427e-05 4.70506e-06 8.56445e-07 0 
0 0.000157531 0.000594165 0.00112161 0.00139486 0.00121568 0.000787203 0.000414283 0.000195905 9.10802e-05 4.47948e-05 2.46648e-05 1.58378e-05 1.21583e-05 1.12574e-05 1.24859e-05 1.62384e-05 2.39222e-05 3.80918e-05 6.16743e-05 9.32233e-05 0.00011383 8.24847e-05 1.71091e-05 2.20678e-07 2.37931e-11 6.349e-17 1.92334e-18 7.46509e-18 4.291e-17 2.28606e-14 3.35961e-09 2.34499e-06 3.1045e-05 5.6177e-05 4.4151e-05 2.4191e-05 1.05457e-05 3.48878e-06 6.35293e-07 0 
0 0.000116557 0.000457242 0.000940699 0.00136949 0.00151135 0.00131006 0.000939675 0.00059858 0.000364352 0.000225766 0.000149564 0.000109654 9.08305e-05 8.56472e-05 9.14783e-05 0.000108851 0.000140364 0.000188671 0.00025067 0.000304334 0.000293519 0.000164741 2.50612e-05 1.98519e-07 9.04772e-12 4.4157e-16 7.46513e-18 2.61038e-18 3.01849e-17 3.12985e-15 1.17431e-09 1.32089e-06 2.0918e-05 3.98963e-05 3.17689e-05 1.74582e-05 7.6154e-06 2.51968e-06 4.58836e-07 0 
0 8.29895e-05 0.000333137 0.000721275 0.00115774 0.00149598 0.00160637 0.00147606 0.00120957 0.00092918 0.000702801 0.000545346 0.000447361 0.000395194 0.000378748 0.000392668 0.000434926 0.000503624 0.000590904 0.000672636 0.000696323 0.000584254 0.000308115 5.50367e-05 8.91841e-07 2.33535e-10 1.11746e-15 4.291e-17 3.01848e-17 1.15696e-17 2.44079e-13 7.15441e-09 2.08562e-06 1.91258e-05 3.03131e-05 2.28096e-05 1.2331e-05 5.3541e-06 1.76922e-06 3.22062e-07 0 
0 5.69108e-05 0.000231315 0.000514859 0.000872383 0.00123594 0.00151867 0.00165478 0.00163713 0.00151402 0.0013512 0.00119883 0.0010828 0.00101147 0.000984367 0.00099721 0.00104269 0.00110786 0.00116931 0.0011885 0.00111171 0.000884103 0.000504644 0.000139935 8.61681e-06 4.48492e-08 2.35622e-11 2.28606e-14 3.12985e-15 2.44079e-13 3.74437e-10 1.79746e-07 5.61368e-06 2.04922e-05 2.36593e-05 1.61443e-05 8.4826e-06 3.65356e-06 1.20458e-06 2.1914e-07 0 
0 3.75579e-05 0.000153614 0.000346648 0.000603509 0.000896517 0.00118491 0.00142477 0.00158523 0.00166037 0.00166775 0.00163609 0.00159253 0.00155574 0.00153463 0.00152943 0.00153275 0.00153018 0.00150103 0.00142024 0.00126195 0.0010057 0.000654599 0.000285548 5.84805e-05 3.82421e-06 9.41083e-08 3.35961e-09 1.17431e-09 7.15441e-09 1.79746e-07 2.86511e-06 1.31291e-05 2.09e-05 1.7869e-05 1.10622e-05 5.6428e-06 2.40941e-06 7.92404e-07 1.44054e-07 0 
0 2.37841e-05 9.75647e-05 0.000221566 0.000390568 0.000593048 0.000811389 0.00102423 0.00121121 0.00135836 0.00146125 0.00152402 0.00155557 0.00156509 0.00155884 0.00153882 0.00150282 0.00144555 0.00136032 0.00124086 0.00108252 0.00088277 0.000644068 0.00038694 0.000168201 4.73865e-05 9.6381e-06 2.34499e-06 1.32089e-06 2.08562e-06 5.61368e-06 1.31291e-05 1.91956e-05 1.80143e-05 1.25394e-05 7.22759e-06 3.60254e-06 1.52728e-06 5.01212e-07 9.10596e-08 0 
0 1.43735e-05 5.90381e-05 0.000134441 0.000238241 0.00036512 0.000506957 0.000653581 0.000794204 0.000919235 0.00102183 0.00109854 0.00114882 0.00117393 0.00117564 0.00115541 0.00111419 0.00105269 0.000971884 0.000873419 0.000759567 0.000632896 0.000496383 0.000355697 0.000223953 0.000121215 5.94317e-05 3.1045e-05 2.0918e-05 1.91258e-05 2.04922e-05 2.09e-05 1.80143e-05 1.2972e-05 8.07159e-06 4.45981e-06 2.19048e-06 9.2415e-07 3.02814e-07 5.49887e-08 0 
0 8.21478e-06 3.376e-05 7.69634e-05 0.000136673 0.000210226 0.00029358 0.000381642 0.000468795 0.000549554 0.0006192 0.000674222 0.000712464 0.000733016 0.000735947 0.000722059 0.000692717 0.000649774 0.000595519 0.000532579 0.000463722 0.000391611 0.00031871 0.000247598 0.000181745 0.00012578 8.37328e-05 5.6177e-05 3.98963e-05 3.03131e-05 2.36593e-05 1.7869e-05 1.25394e-05 8.07159e-06 4.76845e-06 2.5792e-06 1.25669e-06 5.28692e-07 1.7307e-07 3.14184e-08 0 
0 4.37524e-06 1.79846e-05 4.10177e-05 7.2898e-05 0.000112281 0.000157133 0.000204885 0.000252667 0.000297581 0.000336973 0.000368667 0.000391115 0.000403453 0.000405484 0.000397613 0.00038076 0.000356254 0.000325715 0.000290927 0.000253687 0.000215682 0.000178402 0.000143157 0.00011116 8.35514e-05 6.11706e-05 4.4151e-05 3.17689e-05 2.28096e-05 1.61443e-05 1.10622e-05 7.22759e-06 4.45981e-06 2.5792e-06 1.38188e-06 6.70711e-07 2.81757e-07 9.21862e-08 1.67321e-08 0 
0 2.11784e-06 8.7062e-06 1.98595e-05 3.53051e-05 5.44048e-05 7.61932e-05 9.94518e-05 0.000122812 0.000144874 0.000164332 0.000180083 0.000191309 0.000197525 0.000198595 0.00019471 0.000186349 0.000174217 0.00015917 0.00014214 0.000124056 0.000105779 8.80553e-05 7.1497e-05 5.65792e-05 4.36381e-05 3.28486e-05 2.4191e-05 1.74582e-05 1.2331e-05 8.4826e-06 5.6428e-06 3.60254e-06 2.19048e-06 1.25669e-06 6.70711e-07 3.24989e-07 1.3643e-07 4.4626e-08 8.099e-09 0 
0 8.88657e-07 3.65329e-06 8.33389e-06 1.4817e-05 2.28367e-05 3.19904e-05 4.17701e-05 5.16041e-05 6.0906e-05 6.91248e-05 7.57906e-05 8.0551e-05 8.31937e-05 8.36552e-05 8.20156e-05 7.84805e-05 7.33542e-05 6.70065e-05 5.98382e-05 5.22473e-05 4.46008e-05 3.7214e-05 3.03375e-05 2.4153e-05 1.8773e-05 1.42427e-05 1.05457e-05 7.6154e-06 5.3541e-06 3.65356e-06 2.40941e-06 1.52728e-06 9.2415e-07 5.28692e-07 2.81757e-07 1.3643e-07 5.72563e-08 1.87262e-08 3.39838e-09 0 
0 2.90621e-07 1.19477e-06 2.72555e-06 4.846e-06 7.46927e-06 1.0464e-05 1.36645e-05 1.68839e-05 1.99306e-05 2.2624e-05 2.48098e-05 2.63718e-05 2.72396e-05 2.73919e-05 2.68548e-05 2.56961e-05 2.40162e-05 2.19371e-05 1.95909e-05 1.71087e-05 1.4611e-05 1.22008e-05 9.95923e-06 7.94368e-06 6.18812e-06 4.70506e-06 3.48878e-06 2.51968e-06 1.76922e-06 1.20458e-06 7.92404e-07 5.01212e-07 3.02814e-07 1.7307e-07 9.21862e-08 4.4626e-08 1.87262e-08 6.12424e-09 1.11139e-09 0 
0 5.27397e-08 2.16817e-07 4.94617e-07 8.79432e-07 1.35552e-06 1.89906e-06 2.47997e-06 3.0644e-06 3.61754e-06 4.10663e-06 4.50362e-06 4.78736e-06 4.94504e-06 4.97276e-06 4.87526e-06 4.66485e-06 4.35982e-06 3.98236e-06 3.55652e-06 3.1061e-06 2.65303e-06 2.21597e-06 1.80959e-06 1.44416e-06 1.12573e-06 8.56445e-07 6.35293e-07 4.58836e-07 3.22062e-07 2.1914e-07 1.44054e-07 9.10596e-08 5.49887e-08 3.14184e-08 1.67321e-08 8.099e-09 3.39838e-09 1.11139e-09 2.01687e-10 0 
0 0 0 0 0 0 0 0 0 0 0 0 0 0 0 0 0 0 0 0 0 0 0 0 0 0 0 0 0 0 0 0 0 0 0 0 0 0 0 0 0 
