0 0 0 0 0 0 0 0 0 0 0 0 0 0 0 0 0 0 0 0 0 0 0 0 0 0 0 0 0 0 0 0 0 0 0 0 0 0 0 0 0 
0 1.31828e-05 5.13382e-05 0.000106234 0.000162223 0.000203222 0.00022146 0.00021932 0.000204509 0.000184793 0.000165581 0.000149791 0.000138615 0.000132322 0.000130801 0.000133826 0.000141125 0.000152296 0.000166628 0.000182899 0.000199221 0.000213059 0.000221536 0.000222029 0.000212943 0.00019435 0.000168188 0.000137799 0.000106954 7.88114e-05 5.52844e-05 3.69905e-05 2.36063e-05 1.43234e-05 8.20216e-06 4.37241e-06 2.11728e-06 8.88567e-07 2.9061e-07 5.27389e-08 0 
0 5.13382e-05 0.000185181 0.000331124 0.000401464 0.000370055 0.000282342 0.000191862 0.000123356 7.88344e-05 5.21569e-05 3.69168e-05 2.86512e-05 2.47642e-05 2.39844e-05 2.59506e-05 3.10222e-05 4.02639e-05 5.55136e-05 7.93756e-05 0.000114878 0.000164462 0.000228114 0.000301014 0.000372017 0.000425042 0.000444597 0.000423538 0.000367591 0.000292379 0.000215174 0.000147997 9.58331e-05 5.85626e-05 3.36436e-05 1.79594e-05 8.70143e-06 3.65254e-06 1.19467e-06 2.16811e-07 0 
0 0.000106234 0.000331124 0.000450078 0.000363507 0.000203679 9.00597e-05 3.48117e-05 1.28028e-05 4.83362e-06 2.00669e-06 9.71357e-07 5.73345e-07 4.24474e-07 3.98314e-07 4.70505e-07 6.84267e-07 1.18381e-06 2.33477e-06 5.01068e-06 1.11709e-05 2.47886e-05 5.2785e-05 0.000104753 0.000189429 0.000306622 0.000437425 0.00054266 0.000580855 0.000537885 0.000437241 0.000318842 0.000212968 0.000132111 7.64055e-05 4.08998e-05 1.98378e-05 8.33057e-06 2.72517e-06 4.94593e-07 0 
0 0.000162223 0.000401464 0.000363507 0.000169679 5.01812e-05 1.09682e-05 2.01027e-06 3.48646e-07 6.44454e-08 1.41881e-08 4.0926e-09 1.66355e-09 9.97347e-10 8.96505e-10 1.19371e-09 2.26802e-09 5.80567e-09 1.86499e-08 6.95692e-08 2.78867e-07 1.11819e-06 4.2193e-06 1.42866e-05 4.20022e-05 0.000105096 0.000221167 0.000387388 0.000557744 0.000654163 0.000629143 0.000509568 0.000360566 0.000230075 0.000134741 7.2498e-05 3.52333e-05 1.48063e-05 4.84478e-06 8.79357e-07 0 
0 0.000203222 0.000370055 0.000203679 5.01812e-05 6.96216e-06 6.4583e-07 4.72543e-08 3.24281e-09 2.48497e-10 2.50402e-11 3.81771e-12 9.80198e-13 4.53167e-13 3.86341e-13 5.96214e-13 1.57456e-12 6.53026e-12 3.82568e-11 2.82016e-10 2.33035e-09 1.93928e-08 1.48251e-07 9.6854e-07 5.14288e-06 2.15794e-05 7.08769e-05 0.00018242 0.000367861 0.000576348 0.000696757 0.000660297 0.000512311 0.000342553 0.000204878 0.000111187 5.42121e-05 2.28084e-05 7.46613e-06 1.35533e-06 0 
0 0.00022146 0.000282342 9.00597e-05 1.09682e-05 6.4583e-07 2.24976e-08 5.76288e-10 1.37235e-11 3.85173e-13 1.59156e-14 1.17193e-15 1.77963e-16 6.11108e-17 4.90353e-17 8.95919e-17 3.44863e-16 2.48233e-15 2.88686e-14 4.62767e-13 8.72602e-12 1.67088e-10 2.86255e-09 3.96898e-08 4.14926e-07 3.13972e-06 1.69749e-05 6.61525e-05 0.000189206 0.000401154 0.000627234 0.000723294 0.000636626 0.0004556 0.00028121 0.000154608 7.5754e-05 3.1927e-05 1.04571e-05 1.89865e-06 0 
0 0.00021932 0.000191862 3.48117e-05 2.01027e-06 4.72543e-08 5.76288e-10 4.80114e-12 3.68645e-14 3.53339e-16 5.63643e-18 2.20186e-19 4.459e-20 2.86358e-20 2.62812e-20 3.08153e-20 6.4863e-20 5.2842e-19 1.22625e-17 4.51317e-16 2.05651e-14 9.59802e-13 3.89801e-11 1.21006e-09 2.61763e-08 3.73545e-07 3.44913e-06 2.0839e-05 8.50356e-05 0.000242293 0.000488735 0.000695555 0.000710738 0.000554727 0.000357109 0.000199847 9.85806e-05 4.16458e-05 1.36511e-05 2.47919e-06 0 
0 0.000204509 0.000123356 1.28028e-05 3.48646e-07 3.24281e-09 1.37235e-11 3.68645e-14 9.04388e-17 3.01979e-19 5.69892e-21 1.32953e-21 7.89177e-22 7.79683e-22 7.69802e-22 7.08169e-22 7.68262e-22 1.59338e-21 8.55506e-21 4.04362e-19 4.42392e-17 5.06764e-15 4.90987e-13 3.43384e-11 1.54724e-09 4.1943e-08 6.66445e-07 6.27669e-06 3.64707e-05 0.000137793 0.000351905 0.000612674 0.000731393 0.000629707 0.000426287 0.00024382 0.000121283 5.13876e-05 1.68609e-05 3.06307e-06 0 
0 0.000184793 7.88344e-05 4.83362e-06 6.44454e-08 2.48497e-10 3.85173e-13 3.53339e-16 3.01979e-19 1.32348e-21 1.27724e-22 7.95619e-23 7.00715e-23 7.73712e-23 7.7995e-23 6.76179e-23 5.99963e-23 6.78748e-23 1.05148e-22 1.07551e-21 1.2902e-19 3.40628e-17 7.53164e-15 1.13814e-12 1.02893e-10 5.13231e-09 1.36776e-07 1.96835e-06 1.60061e-05 7.8584e-05 0.000247721 0.000515796 0.00071255 0.000677608 0.000484169 0.00028372 0.00014247 6.05669e-05 1.98948e-05 3.61549e-06 0 
0 0.000165581 5.21569e-05 2.00669e-06 1.41881e-08 2.50402e-11 1.59156e-14 5.63643e-18 5.69893e-21 1.27724e-22 1.84028e-23 1.17188e-23 1.1771e-23 1.32787e-23 1.34176e-23 1.15285e-23 9.3507e-24 7.8416e-24 7.91829e-24 3.15367e-23 1.1643e-21 3.98055e-19 1.82117e-16 5.45195e-14 9.14147e-12 7.83464e-10 3.30677e-08 6.94438e-07 7.62169e-06 4.71578e-05 0.00017802 0.000430489 0.000674236 0.000702197 0.000528623 0.000317376 0.000160914 6.86433e-05 2.25734e-05 4.10376e-06 0 
0 0.000149791 3.69168e-05 9.71357e-07 4.0926e-09 3.81771e-12 1.17193e-15 2.20186e-19 1.32953e-21 7.95619e-23 1.17188e-23 3.85691e-24 2.84058e-24 2.93558e-24 2.908e-24 2.49228e-24 1.94007e-24 1.47062e-24 1.54391e-24 5.977e-24 9.61503e-23 1.19234e-20 8.66361e-18 4.53109e-15 1.25743e-12 1.67593e-10 1.02966e-08 2.94571e-07 4.13383e-06 3.08964e-05 0.000134759 0.000366264 0.000633225 0.000710761 0.000559745 0.000343417 0.00017565 7.5166e-05 2.47443e-05 4.49991e-06 0 
0 0.000138615 2.86512e-05 5.73345e-07 1.66355e-09 9.80198e-13 1.77963e-16 4.459e-20 7.89177e-22 7.00715e-23 1.1771e-23 2.84058e-24 1.13985e-24 8.21166e-25 7.29772e-25 6.11523e-25 4.71807e-25 3.85864e-25 6.13136e-25 2.82586e-24 3.09722e-23 1.55356e-21 9.63112e-19 7.50939e-16 2.99626e-13 5.48938e-11 4.42079e-09 1.58089e-07 2.64986e-06 2.27011e-05 0.000109781 0.000323817 0.000599922 0.000710774 0.000579 0.000361212 0.000186027 7.9806e-05 2.62937e-05 4.78295e-06 0 
0 0.000132322 2.47642e-05 4.24474e-07 9.97347e-10 4.53167e-13 6.11108e-17 2.86358e-20 7.79683e-22 7.73712e-23 1.32787e-23 2.93558e-24 8.21166e-25 3.43557e-25 2.21291e-25 1.68382e-25 1.35458e-25 1.54785e-25 4.14154e-25 2.12701e-24 2.02925e-23 6.72057e-22 2.79113e-19 2.7067e-16 1.32646e-13 2.90969e-11 2.73131e-09 1.10832e-07 2.05462e-06 1.90168e-05 9.7469e-05 0.000300894 0.000579332 0.000707867 0.000588217 0.000370679 0.000191711 8.23725e-05 2.71535e-05 4.94018e-06 0 
0 0.000130801 2.39844e-05 3.98314e-07 8.96505e-10 3.86341e-13 4.90353e-17 2.62812e-20 7.69802e-22 7.7995e-23 1.34176e-23 2.908e-24 7.29772e-25 2.21291e-25 9.33612e-26 5.73768e-26 5.30386e-26 1.0031e-25 3.66966e-25 1.97365e-24 1.84551e-23 5.69266e-22 2.16002e-19 2.18727e-16 1.1181e-13 2.54507e-11 2.46548e-09 1.02677e-07 1.94313e-06 1.82699e-05 9.47421e-05 0.00029518 0.000573 0.000705119 0.000588837 0.000372061 0.000192653 8.2815e-05 2.73038e-05 4.96779e-06 0 
0 0.000133826 2.59506e-05 4.70505e-07 1.19371e-09 5.96214e-13 8.95919e-17 3.08153e-20 7.08169e-22 6.76179e-23 1.15285e-23 2.49228e-24 6.11524e-25 1.68382e-25 5.73769e-26 3.05014e-26 3.50492e-26 9.12567e-26 3.72829e-25 2.10615e-24 2.15677e-23 8.47251e-22 4.30348e-19 3.86558e-16 1.75927e-13 3.61729e-11 3.21372e-09 1.24611e-07 2.22732e-06 2.00387e-05 0.000100514 0.000305227 0.000580354 0.000703089 0.000581557 0.000365774 0.000189051 8.12146e-05 2.67707e-05 4.8705e-06 0 
0 0.000141125 3.10222e-05 6.84267e-07 2.26802e-09 1.57456e-12 3.44863e-16 6.4863e-20 7.68262e-22 5.99963e-23 9.3507e-24 1.94007e-24 4.71807e-25 1.35458e-25 5.30386e-26 3.50492e-26 4.4581e-26 1.10443e-25 4.5145e-25 2.85353e-24 3.81524e-23 2.77718e-21 2.0478e-18 1.38766e-15 4.86975e-13 7.9739e-11 5.8365e-09 1.92862e-07 3.03414e-06 2.47409e-05 0.000115227 0.000330302 0.000599089 0.000700089 0.000566325 0.000352343 0.000181308 7.77664e-05 2.5621e-05 4.66059e-06 0 
0 0.000152296 4.02639e-05 1.18381e-06 5.80567e-09 6.53026e-12 2.48233e-15 5.2842e-19 1.59338e-21 6.78749e-23 7.84161e-24 1.47062e-24 3.85864e-25 1.54785e-25 1.0031e-25 9.12567e-26 1.10443e-25 2.08356e-25 7.56676e-25 5.85095e-24 1.47332e-22 3.04806e-20 2.03362e-17 9.0374e-15 2.16534e-12 2.53744e-10 1.39705e-08 3.64984e-07 4.76121e-06 3.36125e-05 0.000140373 0.000369414 0.000624695 0.000692524 0.000542595 0.000332425 0.000170001 7.27561e-05 2.3953e-05 4.35622e-06 0 
0 0.000166628 5.55136e-05 2.33477e-06 1.86499e-08 3.82568e-11 2.88686e-14 1.22625e-17 8.55506e-21 1.05148e-22 7.91829e-24 1.54391e-24 6.13136e-25 4.14153e-25 3.66965e-25 3.72829e-25 4.5145e-25 7.56676e-25 2.63316e-24 3.01412e-23 2.25457e-21 8.87952e-19 3.53975e-16 9.28452e-14 1.38107e-11 1.06501e-09 4.1057e-08 7.99484e-07 8.25455e-06 4.86909e-05 0.0001774 0.000419132 0.000649343 0.000675347 0.000509742 0.000306866 0.000155842 6.6533e-05 2.18869e-05 3.97948e-06 0 
0 0.000182899 7.93756e-05 5.01068e-06 6.95692e-08 2.82016e-10 4.62767e-13 4.51317e-16 4.04362e-19 1.07551e-21 3.15367e-23 5.977e-24 2.82586e-24 2.12701e-24 1.97365e-24 2.10615e-24 2.85353e-24 5.85095e-24 3.01411e-23 9.35399e-22 1.68033e-19 4.26012e-17 8.95584e-15 1.28936e-12 1.11298e-10 5.31473e-09 1.36092e-07 1.89152e-06 1.49519e-05 7.19181e-05 0.000224442 0.000469424 0.00066058 0.000642783 0.000467498 0.000276744 0.000139634 5.94799e-05 1.95526e-05 3.55431e-06 0 
0 0.000199221 0.000114878 1.11709e-05 2.78867e-07 2.33035e-09 8.72602e-12 2.05651e-14 4.42392e-17 1.2902e-19 1.1643e-21 9.61503e-23 3.09722e-23 2.02925e-23 1.84551e-23 2.15676e-23 3.81524e-23 1.47331e-22 2.25457e-21 1.68033e-19 2.03976e-17 2.57338e-15 2.72967e-13 2.06501e-11 9.89553e-10 2.79942e-08 4.56782e-07 4.37961e-06 2.59121e-05 0.000100503 0.000267825 0.00049726 0.00064082 0.000589396 0.000416296 0.000243359 0.000122222 5.1983e-05 1.70802e-05 3.10445e-06 0 
0 0.000213059 0.000164462 2.47886e-05 1.11819e-06 1.93928e-08 1.67088e-10 9.59802e-13 5.06764e-15 3.40628e-17 3.98055e-19 1.19234e-20 1.55356e-21 6.72057e-22 5.69266e-22 8.47251e-22 2.77718e-21 3.04806e-20 8.87952e-19 4.26012e-17 2.57338e-15 1.58977e-13 8.38398e-12 3.25668e-10 8.36092e-09 1.33333e-07 1.30939e-06 8.25986e-06 3.58766e-05 0.000113741 0.000268364 0.000462674 0.000569893 0.000511521 0.00035744 0.000208161 0.00010443 4.44047e-05 1.45897e-05 2.65178e-06 0 
0 0.000221536 0.000228114 5.2785e-05 4.2193e-06 1.48251e-07 2.86255e-09 3.89801e-11 4.90987e-13 7.53164e-15 1.82117e-16 8.66361e-18 9.63112e-19 2.79113e-19 2.16002e-19 4.30348e-19 2.0478e-18 2.03362e-17 3.53975e-16 8.95584e-15 2.72967e-13 8.38398e-12 2.2058e-10 4.31021e-09 5.57267e-08 4.46358e-07 2.26516e-06 8.2607e-06 2.54875e-05 7.19466e-05 0.000175535 0.000328616 0.0004352 0.000409303 0.00029317 0.000172661 8.70143e-05 3.70618e-05 1.21842e-05 2.215e-06 0 
0 0.000222029 0.000301014 0.000104753 1.42866e-05 9.6854e-07 3.96898e-08 1.21006e-09 3.43384e-11 1.13814e-12 5.45195e-14 4.53109e-15 7.50939e-16 2.7067e-16 2.18727e-16 3.86558e-16 1.38766e-15 9.0374e-15 9.28452e-14 1.28936e-12 2.06501e-11 3.25668e-10 4.31021e-09 4.03699e-08 2.24173e-07 6.54284e-07 1.0923e-06 1.54916e-06 3.10549e-06 1.04667e-05 4.2992e-05 0.000135236 0.000254962 0.000290275 0.000226886 0.000138379 7.0627e-05 3.02108e-05 9.9455e-06 1.80879e-06 0 
0 0.000212943 0.000372017 0.000189429 4.20022e-05 5.14288e-06 4.14926e-07 2.61763e-08 1.54724e-09 1.02893e-10 9.14147e-12 1.25743e-12 2.99626e-13 1.32646e-13 1.1181e-13 1.75927e-13 4.86975e-13 2.16534e-12 1.38107e-11 1.11298e-10 9.89553e-10 8.36092e-09 5.57267e-08 2.24173e-07 3.75019e-07 1.87504e-07 3.34596e-08 6.56404e-09 6.65938e-09 5.71557e-08 1.34607e-06 1.99096e-05 9.66292e-05 0.0001736 0.000163636 0.000106856 5.57998e-05 2.40412e-05 7.93178e-06 1.44348e-06 0 
0 0.00019435 0.000425042 0.000306622 0.000105096 2.15794e-05 3.13972e-06 3.73545e-07 4.1943e-08 5.13231e-09 7.83464e-10 1.67593e-10 5.48938e-11 2.90969e-11 2.54507e-11 3.61729e-11 7.9739e-11 2.53744e-10 1.06501e-09 5.31473e-09 2.79942e-08 1.33333e-07 4.46358e-07 6.54284e-07 1.87504e-07 4.43283e-09 1.11453e-11 3.83067e-14 1.04976e-14 1.18379e-12 1.4854e-09 6.22272e-07 2.04415e-05 8.51862e-05 0.000109807 7.95896e-05 4.29274e-05 1.86732e-05 6.17773e-06 1.12514e-06 0 
0 0.000168188 0.000444597 0.000437425 0.000221167 7.08769e-05 1.69749e-05 3.44913e-06 6.66445e-07 1.36776e-07 3.30677e-08 1.02966e-08 4.42079e-09 2.73131e-09 2.46548e-09 3.21372e-09 5.8365e-09 1.39705e-08 4.1057e-08 1.36092e-07 4.56782e-07 1.30939e-06 2.26516e-06 1.0923e-06 3.34596e-08 1.11453e-11 3.34194e-16 2.30041e-15 1.44717e-15 9.39412e-15 7.46408e-14 5.12737e-09 2.77408e-06 3.6754e-05 7.04495e-05 5.7686e-05 3.22283e-05 1.41574e-05 4.69635e-06 8.55963e-07 0 
0 0.000137799 0.000423538 0.00054266 0.000387388 0.00018242 6.61525e-05 2.0839e-05 6.27669e-06 1.96835e-06 6.94438e-07 2.94571e-07 1.58089e-07 1.10832e-07 1.02677e-07 1.24611e-07 1.92862e-07 3.64984e-07 7.99484e-07 1.89152e-06 4.37961e-06 8.25986e-06 8.2607e-06 1.54916e-06 6.56404e-09 3.83067e-14 2.30041e-15 6.47121e-16 6.09231e-16 2.02156e-15 2.40286e-14 6.70659e-11 4.73361e-07 1.72933e-05 4.59854e-05 4.13572e-05 2.36969e-05 1.04788e-05 3.48205e-06 6.34925e-07 0 
0 0.000106954 0.000367591 0.000580855 0.000557744 0.000367861 0.000189206 8.50356e-05 3.64707e-05 1.60061e-05 7.62169e-06 4.13383e-06 2.64986e-06 2.05462e-06 1.94313e-06 2.22732e-06 3.03414e-06 4.76121e-06 8.25455e-06 1.49519e-05 2.59121e-05 3.58766e-05 2.54875e-05 3.10549e-06 6.65938e-09 1.04976e-14 1.44717e-15 6.09231e-16 1.64973e-15 7.64517e-15 1.32055e-13 1.81803e-11 2.47126e-07 1.14651e-05 3.2616e-05 2.97802e-05 1.711e-05 7.56868e-06 2.51502e-06 4.58582e-07 0 
0 7.88114e-05 0.000292379 0.000537885 0.000654163 0.000576348 0.000401154 0.000242293 0.000137793 7.8584e-05 4.71578e-05 3.08964e-05 2.27011e-05 1.90168e-05 1.82699e-05 2.00387e-05 2.47409e-05 3.36125e-05 4.86909e-05 7.19181e-05 0.000100503 0.000113741 7.19466e-05 1.04667e-05 5.71557e-08 1.18379e-12 9.39412e-15 2.02156e-15 7.64517e-15 1.2863e-15 8.57315e-16 2.34438e-10 5.13103e-07 1.14871e-05 2.55169e-05 2.15762e-05 1.21181e-05 5.32553e-06 1.76636e-06 3.21905e-07 0 
0 5.52844e-05 0.000215174 0.000437241 0.000629143 0.000696757 0.000627234 0.000488735 0.000351905 0.000247721 0.00017802 0.000134759 0.000109781 9.7469e-05 9.47421e-05 0.000100514 0.000115227 0.000140373 0.0001774 0.000224442 0.000267825 0.000268364 0.000175535 4.2992e-05 1.34607e-06 1.4854e-09 7.46408e-14 2.40286e-14 1.32055e-13 8.57316e-16 4.73633e-12 1.95263e-08 2.17875e-06 1.43319e-05 2.08833e-05 1.54898e-05 8.3708e-06 3.63841e-06 1.20304e-06 2.19055e-07 0 
0 3.69905e-05 0.000147997 0.000318842 0.000509568 0.000660297 0.000723294 0.000695555 0.000612674 0.000515796 0.000430489 0.000366264 0.000323817 0.000300894 0.00029518 0.000305227 0.000330302 0.000369414 0.000419132 0.000469424 0.00049726 0.000462674 0.000328616 0.000135236 1.99096e-05 6.22272e-07 5.12737e-09 6.70659e-11 1.81803e-11 2.34438e-10 1.95263e-08 8.83991e-07 7.73265e-06 1.69186e-05 1.65356e-05 1.07691e-05 5.59263e-06 2.40247e-06 7.91681e-07 1.44013e-07 0 
0 2.36063e-05 9.58331e-05 0.000212968 0.000360566 0.000512311 0.000636626 0.000710738 0.000731393 0.00071255 0.000674236 0.000633225 0.000599922 0.000579332 0.000573 0.000580354 0.000599089 0.000624695 0.000649343 0.00066058 0.00064082 0.000569893 0.0004352 0.000254962 9.66292e-05 2.04415e-05 2.77408e-06 4.73361e-07 2.47126e-07 5.13103e-07 2.17875e-06 7.73265e-06 1.48918e-05 1.61688e-05 1.20222e-05 7.11722e-06 3.58328e-06 1.52453e-06 5.00916e-07 9.10424e-08 0 
0 1.43234e-05 5.85626e-05 0.000132111 0.000230075 0.000342553 0.0004556 0.000554727 0.000629707 0.000677608 0.000702197 0.000710761 0.000710774 0.000707867 0.000705119 0.000703089 0.000700089 0.000692524 0.000675347 0.000642783 0.000589396 0.000511521 0.000409303 0.000290275 0.0001736 8.51862e-05 3.6754e-05 1.72933e-05 1.14651e-05 1.14871e-05 1.43319e-05 1.69186e-05 1.61688e-05 1.23494e-05 7.90831e-06 4.42464e-06 2.18412e-06 9.23205e-07 3.02708e-07 5.49823e-08 0 
0 8.20216e-06 3.36436e-05 7.64055e-05 0.000134741 0.000204878 0.00028121 0.000357109 0.000426287 0.000484169 0.000528623 0.000559745 0.000579 0.000588217 0.000588837 0.000581557 0.000566325 0.000542595 0.000509742 0.000467498 0.000416296 0.00035744 0.00029317 0.000226886 0.000163636 0.000109807 7.04495e-05 4.59854e-05 3.2616e-05 2.55169e-05 2.08833e-05 1.65356e-05 1.20222e-05 7.90831e-06 4.72552e-06 2.56963e-06 1.25488e-06 5.2841e-07 1.73037e-07 3.14164e-08 0 
0 4.37241e-06 1.79594e-05 4.08998e-05 7.2498e-05 0.000111187 0.000154608 0.000199847 0.00024382 0.00028372 0.000317376 0.000343417 0.000361212 0.000370679 0.000372061 0.000365774 0.000352343 0.000332425 0.000306866 0.000276744 0.000243359 0.000208161 0.000172661 0.000138379 0.000106856 7.95896e-05 5.7686e-05 4.13572e-05 2.97802e-05 2.15762e-05 1.54898e-05 1.07691e-05 7.11722e-06 4.42464e-06 2.56963e-06 1.37964e-06 6.70267e-07 2.81684e-07 9.21773e-08 1.67315e-08 0 
0 2.11728e-06 8.70143e-06 1.98378e-05 3.52333e-05 5.42121e-05 7.5754e-05 9.85806e-05 0.000121283 0.00014247 0.000160914 0.00017565 0.000186027 0.000191711 0.000192653 0.000189051 0.000181308 0.000170001 0.000155842 0.000139634 0.000122222 0.00010443 8.70143e-05 7.0627e-05 5.57998e-05 4.29274e-05 3.22283e-05 2.36969e-05 1.711e-05 1.21181e-05 8.3708e-06 5.59263e-06 3.58328e-06 2.18412e-06 1.25488e-06 6.70267e-07 3.24896e-07 1.36414e-07 4.4624e-08 8.09886e-09 0 
0 8.88567e-07 3.65254e-06 8.33057e-06 1.48063e-05 2.28084e-05 3.1927e-05 4.16458e-05 5.13876e-05 6.05669e-05 6.86433e-05 7.5166e-05 7.9806e-05 8.23725e-05 8.2815e-05 8.12146e-05 7.77664e-05 7.27561e-05 6.6533e-05 5.94799e-05 5.1983e-05 4.44047e-05 3.70618e-05 3.02108e-05 2.40412e-05 1.86732e-05 1.41574e-05 1.04788e-05 7.56868e-06 5.32553e-06 3.63841e-06 2.40247e-06 1.52453e-06 9.23205e-07 5.2841e-07 2.81684e-07 1.36414e-07 5.72535e-08 1.87258e-08 3.39836e-09 0 
0 2.9061e-07 1.19467e-06 2.72517e-06 4.84478e-06 7.46613e-06 1.04571e-05 1.36511e-05 1.68609e-05 1.98948e-05 2.25734e-05 2.47443e-05 2.62937e-05 2.71535e-05 2.73038e-05 2.67707e-05 2.5621e-05 2.3953e-05 2.18869e-05 1.95526e-05 1.70802e-05 1.45897e-05 1.21842e-05 9.9455e-06 7.93178e-06 6.17773e-06 4.69635e-06 3.48205e-06 2.51502e-06 1.76636e-06 1.20304e-06 7.91681e-07 5.00916e-07 3.02708e-07 1.73037e-07 9.21773e-08 4.4624e-08 1.87258e-08 6.12419e-09 1.11139e-09 0 
0 5.27389e-08 2.16811e-07 4.94593e-07 8.79357e-07 1.35533e-06 1.89865e-06 2.47919e-06 3.06307e-06 3.61549e-06 4.10376e-06 4.49991e-06 4.78295e-06 4.94018e-06 4.96779e-06 4.8705e-06 4.66059e-06 4.35622e-06 3.97948e-06 3.55431e-06 3.10445e-06 2.65178e-06 2.215e-06 1.80879e-06 1.44348e-06 1.12514e-06 8.55963e-07 6.34925e-07 4.58582e-07 3.21905e-07 2.19055e-07 1.44013e-07 9.10424e-08 5.49823e-08 3.14164e-08 1.67315e-08 8.09886e-09 3.39836e-09 1.11139e-09 2.01686e-10 0 
0 0 0 0 0 0 0 0 0 0 0 0 0 0 0 0 0 0 0 0 0 0 0 0 0 0 0 0 0 0 0 0 0 0 0 0 0 0 0 0 0 
