0 0 0 0 0 0 0 0 0 0 0 0 0 0 0 0 0 0 0 0 0 0 0 0 0 0 0 0 0 0 0 0 0 0 0 0 0 0 0 0 0 
0 1.34438e-05 5.35712e-05 0.000115301 0.000186313 0.000250073 0.000293271 0.000311696 0.000309724 0.000295561 0.000276947 0.000259306 0.000245722 0.000237618 0.000235418 0.000238971 0.000247713 0.000260623 0.000276081 0.000291733 0.000304515 0.000310973 0.000307933 0.000293419 0.000267458 0.000232346 0.000192099 0.000151273 0.00011372 8.18338e-05 5.64868e-05 3.74175e-05 2.3742e-05 1.43621e-05 8.21199e-06 4.37463e-06 2.11772e-06 8.88639e-07 2.90619e-07 5.27395e-08 0 
0 5.35712e-05 0.000204166 0.000402092 0.000558919 0.00060345 0.000538599 0.00042191 0.000307051 0.000218162 0.000157611 0.000119516 9.73454e-05 8.63983e-05 8.4054e-05 8.94485e-05 0.000103183 0.000127143 0.000164255 0.00021786 0.00029026 0.000380214 0.000479878 0.000573129 0.000638121 0.000655395 0.000617916 0.000535484 0.000429351 0.000321554 0.00022707 0.000152228 9.71589e-05 5.89311e-05 3.37346e-05 1.79793e-05 8.70521e-06 3.65314e-06 1.19475e-06 2.16816e-07 0 
0 0.000115301 0.000402092 0.000662542 0.000686788 0.000497882 0.000279247 0.000134081 6.02339e-05 2.72853e-05 1.32741e-05 7.30224e-06 4.72161e-06 3.67693e-06 3.48083e-06 3.98468e-06 5.4166e-06 8.49857e-06 1.48554e-05 2.78261e-05 5.37057e-05 0.00010292 0.000189391 0.000324881 0.000506095 0.000700098 0.000846156 0.000888101 0.000814858 0.000665077 0.000493585 0.000339668 0.000219546 0.000133919 7.68429e-05 4.09929e-05 1.9855e-05 8.33322e-06 2.72548e-06 4.94612e-07 0 
0 0.000186313 0.000558919 0.000686788 0.000455434 0.000189553 5.76414e-05 1.46504e-05 3.49812e-06 8.72421e-07 2.5004e-07 8.93081e-08 4.22878e-08 2.75981e-08 2.51842e-08 3.18294e-08 5.4031e-08 1.17468e-07 3.0836e-07 9.16301e-07 2.88976e-06 9.11222e-06 2.72883e-05 7.44285e-05 0.000178844 0.000368277 0.000634069 0.000895193 0.00103034 0.000981556 0.00079981 0.000578806 0.00038337 0.000236402 0.000136257 7.28143e-05 3.52904e-05 1.48149e-05 4.84575e-06 8.79417e-07 0 
0 0.000250073 0.00060345 0.000497882 0.000189553 4.09454e-05 6.03323e-06 7.12701e-07 7.87147e-08 9.43662e-09 1.41042e-09 2.95953e-10 9.54666e-11 5.01159e-11 4.37092e-11 6.24078e-11 1.39288e-10 4.52567e-10 1.96007e-09 1.02752e-08 5.92074e-08 3.43033e-07 1.8517e-06 8.77083e-06 3.49161e-05 0.000113459 0.000294447 0.000597615 0.000931502 0.00111418 0.0010534 0.000829311 0.000572843 0.00035994 0.000209065 0.000112052 5.43653e-05 2.2831e-05 7.46864e-06 1.35548e-06 0 
0 0.000293271 0.000538599 0.000279247 5.76414e-05 6.03323e-06 3.93228e-07 1.94258e-08 8.89598e-10 4.61784e-11 3.28028e-12 3.74889e-13 7.80064e-14 3.19341e-14 2.64457e-14 4.33943e-14 1.32362e-13 6.80357e-13 5.21965e-12 5.23343e-11 6.00425e-10 6.96999e-09 7.36741e-08 6.52757e-07 4.57439e-06 2.44897e-05 9.84342e-05 0.000293794 0.00064171 0.00101242 0.00116833 0.00103897 0.000764822 0.000494772 0.000290851 0.0001566 7.6103e-05 3.19776e-05 1.04627e-05 1.89897e-06 0 
0 0.000311696 0.00042191 0.000134081 1.46504e-05 7.12701e-07 1.94258e-08 3.76991e-10 6.71969e-12 1.42275e-13 4.55613e-15 2.71639e-16 3.53441e-17 1.10882e-17 8.68626e-18 1.65321e-17 7.04228e-17 5.91379e-16 8.36691e-15 1.67977e-13 4.03003e-12 9.85324e-11 2.14117e-09 3.71283e-08 4.76277e-07 4.32502e-06 2.73347e-05 0.000120187 0.000367697 0.000775478 0.00112468 0.00116522 0.000933931 0.000629069 0.000376102 0.000203808 9.92716e-05 4.17449e-05 1.36618e-05 2.47982e-06 0 
0 0.000309724 0.000307051 6.02339e-05 3.49812e-06 7.87147e-08 8.89598e-10 6.71969e-12 4.6208e-14 3.9583e-16 5.67555e-18 1.77902e-19 1.59933e-20 4.68522e-21 3.67804e-21 6.93371e-21 3.50747e-20 4.60079e-19 1.20136e-17 4.85803e-16 2.45327e-14 1.27215e-12 5.72459e-11 1.95698e-09 4.62663e-08 7.16056e-07 7.11316e-06 4.5643e-05 0.000192226 0.000534455 0.000976371 0.00119674 0.00106084 0.00075127 0.000458918 0.000250747 0.000122492 5.15599e-05 1.68793e-05 3.06413e-06 0 
0 0.000295561 0.000218162 2.72853e-05 8.72421e-07 9.43662e-09 4.61784e-11 1.42275e-13 3.9583e-16 1.4366e-18 1.00835e-20 2.74162e-22 4.06486e-23 1.71314e-23 1.43047e-23 2.17047e-23 6.79856e-23 6.43008e-22 2.36155e-20 1.82249e-18 1.86563e-16 1.97623e-14 1.77638e-12 1.1582e-10 4.90079e-09 1.26037e-07 1.92385e-06 1.76025e-05 9.93126e-05 0.00035377 0.000798878 0.00115504 0.00113883 0.000852736 0.000533887 0.000294517 0.000144366 6.08362e-05 1.99233e-05 3.61713e-06 0 
0 0.000276947 0.000157611 1.32741e-05 2.5004e-07 1.41042e-09 3.28028e-12 4.55613e-15 5.67555e-18 1.00835e-20 5.85451e-23 2.23031e-24 4.83155e-25 2.67987e-25 2.35276e-25 2.99855e-25 6.51306e-25 4.01663e-24 1.14517e-22 1.26874e-20 2.3964e-18 4.78755e-16 7.95895e-14 9.21359e-12 6.54434e-10 2.64564e-08 5.92042e-07 7.41905e-06 5.40203e-05 0.000237645 0.00064277 0.0010765 0.00117404 0.000929398 0.000596834 0.000332563 0.000163602 6.90248e-05 2.26137e-05 4.10605e-06 0 
0 0.000259306 0.000119516 7.30224e-06 8.93081e-08 2.95953e-10 3.74889e-13 2.71639e-16 1.77902e-19 2.74162e-22 2.23032e-24 7.89748e-26 1.57312e-26 9.80348e-27 8.86359e-27 1.00681e-26 1.78564e-26 9.69151e-26 2.47444e-24 2.47889e-22 6.77322e-20 2.26127e-17 6.21331e-15 1.15006e-12 1.24788e-10 7.30556e-09 2.23659e-07 3.62514e-06 3.2463e-05 0.000168937 0.00052672 0.00099332 0.00118017 0.000981617 0.000645196 0.000362892 0.000179125 7.56599e-05 2.47963e-05 4.50287e-06 0 
0 0.000245722 9.73454e-05 4.72161e-06 4.22878e-08 9.54666e-11 7.80064e-14 3.53441e-17 1.59933e-20 4.06487e-23 4.83158e-25 1.57314e-26 1.41529e-27 5.95548e-28 5.18917e-28 5.62432e-28 1.12643e-27 9.41149e-27 2.59916e-25 2.0135e-23 5.26155e-21 2.47087e-18 9.75819e-16 2.53548e-13 3.73736e-11 2.86028e-09 1.09876e-07 2.14558e-06 2.23049e-05 0.000130837 0.000450918 0.000925634 0.00117186 0.00101257 0.000677917 0.000384183 0.000190157 8.03939e-05 2.63556e-05 4.78646e-06 0 
0 0.000237618 8.63983e-05 3.67693e-06 2.75981e-08 5.01159e-11 3.19341e-14 1.10882e-17 4.68522e-21 1.71315e-23 2.67989e-25 9.80361e-27 5.95556e-28 7.63978e-29 4.03183e-29 5.09453e-29 2.39215e-28 3.40158e-27 9.28034e-26 5.9549e-24 1.27712e-21 6.95496e-19 3.37405e-16 1.06336e-13 1.86635e-11 1.66417e-09 7.27704e-08 1.58051e-06 1.78894e-05 0.00011231 0.00040961 0.00088269 0.00116024 0.00102617 0.000695016 0.000395781 0.000196248 8.30194e-05 2.72216e-05 4.94404e-06 0 
0 0.000235418 8.4054e-05 3.48083e-06 2.51842e-08 4.37092e-11 2.64457e-14 8.68626e-18 3.67804e-21 1.43048e-23 2.35278e-25 8.86371e-27 5.18925e-28 4.03189e-29 7.53942e-30 1.68564e-29 1.69784e-28 2.74727e-27 7.43878e-26 4.59462e-24 9.38885e-22 5.23627e-19 2.653e-16 8.71283e-14 1.58768e-11 1.46325e-09 6.58109e-08 1.46288e-06 1.68691e-05 0.000107514 0.000397325 0.000866817 0.00115131 0.00102542 0.000697094 0.000397614 0.000197282 8.34759e-05 2.73734e-05 4.97173e-06 0 
0 0.000238971 8.94485e-05 3.98468e-06 3.18294e-08 6.24078e-11 4.33943e-14 1.65321e-17 6.93371e-21 2.17048e-23 2.99858e-25 1.00682e-26 5.6244e-28 5.09456e-29 1.68562e-29 3.31857e-29 2.54642e-28 4.03406e-27 1.18233e-25 8.32331e-24 1.96293e-21 1.02405e-18 4.63049e-16 1.36722e-13 2.26395e-11 1.91946e-09 8.04517e-08 1.68798e-06 1.85912e-05 0.000114312 0.000410662 0.000876277 0.00114591 0.00101164 0.000684962 0.000390098 0.000193454 8.18438e-05 2.68371e-05 4.87427e-06 0 
0 0.000247713 0.000103183 5.4166e-06 5.4031e-08 1.39288e-10 1.32362e-13 7.04228e-17 3.50747e-20 6.79858e-23 6.5131e-25 1.78565e-26 1.12643e-27 2.39213e-28 1.69781e-28 2.54639e-28 1.0316e-27 1.32279e-26 4.37968e-25 3.99955e-23 1.13182e-20 4.76621e-18 1.66512e-15 3.86375e-13 5.14849e-11 3.61067e-09 1.2889e-07 2.37085e-06 2.35149e-05 0.000133148 0.000447751 0.00090599 0.00114024 0.000984355 0.000659517 0.000374047 0.000185226 7.83264e-05 2.56802e-05 4.66396e-06 0 
0 0.000260623 0.000127143 8.49857e-06 1.17468e-07 4.52567e-10 6.80357e-13 5.91379e-16 4.60079e-19 6.43008e-22 4.01664e-24 9.69152e-26 9.41144e-27 3.40154e-27 2.74723e-27 4.03401e-27 1.32279e-26 1.39413e-25 5.17105e-24 6.2151e-22 1.59383e-19 4.60687e-17 1.09979e-14 1.78838e-12 1.72876e-10 9.15773e-09 2.57782e-07 3.90269e-06 3.31444e-05 0.000166045 0.000506017 0.000946411 0.00112654 0.00094194 0.000621809 0.000350614 0.000173271 7.32238e-05 2.40026e-05 4.35905e-06 0 
0 0.000276081 0.000164255 1.48554e-05 3.0836e-07 1.96007e-09 5.21965e-12 8.36691e-15 1.20136e-17 2.36155e-20 1.14517e-22 2.47444e-24 2.59915e-25 9.28028e-26 7.43872e-26 1.18232e-25 4.37966e-25 5.17105e-24 2.27655e-22 2.60932e-20 4.40717e-18 7.80576e-16 1.15685e-13 1.20457e-11 7.78115e-10 2.89603e-08 6.04378e-07 7.15814e-06 4.9983e-05 0.000214524 0.000577712 0.0009813 0.0010941 0.00088246 0.000573204 0.000321218 0.000158412 6.69014e-05 2.19261e-05 3.98174e-06 0 
0 0.000291733 0.00021786 2.78261e-05 9.16301e-07 1.02752e-08 5.23343e-11 1.67977e-13 4.85803e-16 1.82249e-18 1.26874e-20 2.47889e-22 2.0135e-23 5.95488e-24 4.5946e-24 8.32329e-24 3.99954e-23 6.2151e-22 2.60932e-20 1.94746e-18 1.9028e-16 1.92551e-14 1.65631e-12 1.0355e-10 4.20997e-09 1.0428e-07 1.53885e-06 1.37073e-05 7.6278e-05 0.000274024 0.000642532 0.000985768 0.00103078 0.000804584 0.000515492 0.000287469 0.000141553 5.97559e-05 1.95822e-05 3.55602e-06 0 
0 0.000304515 0.00029026 5.37057e-05 2.88976e-06 5.92074e-08 6.00425e-10 4.03003e-12 2.45327e-14 1.86563e-16 2.3964e-18 6.77322e-20 5.26155e-21 1.27712e-21 9.38885e-22 1.96293e-21 1.13182e-20 1.59383e-19 4.40717e-18 1.9028e-16 1.03132e-14 5.73748e-13 2.75318e-11 9.9235e-10 2.43587e-08 3.85051e-07 3.86021e-06 2.49913e-05 0.00010819 0.000321737 0.000659061 0.000926858 0.000925168 0.000708162 0.000450849 0.000251049 0.000123602 5.21829e-05 1.71018e-05 3.10571e-06 0 
0 0.000310973 0.000380214 0.00010292 9.11222e-06 3.43033e-07 6.96999e-09 9.85324e-11 1.27215e-12 1.97623e-14 4.78755e-16 2.26127e-17 2.47087e-18 6.95496e-19 5.23627e-19 1.02405e-18 4.76621e-18 4.60687e-17 7.80576e-16 1.92551e-14 5.73748e-13 1.73446e-11 4.56814e-10 9.26799e-09 1.32571e-07 1.27431e-06 8.21152e-06 3.68541e-05 0.000121493 0.000303199 0.000566393 0.00077079 0.000769014 0.000594363 0.000381667 0.000213599 0.000105415 4.45486e-05 1.46053e-05 2.6527e-06 0 
0 0.000307933 0.000479878 0.000189391 2.72883e-05 1.8517e-06 7.36741e-08 2.14117e-09 5.72459e-11 1.77638e-12 7.95895e-14 6.21331e-15 9.75819e-16 3.37405e-16 2.653e-16 4.63049e-16 1.66512e-15 1.09979e-14 1.15685e-13 1.65631e-12 2.75318e-11 4.56814e-10 6.59876e-09 7.37025e-08 5.79484e-07 3.05099e-06 1.10334e-05 3.06213e-05 7.47466e-05 0.000169514 0.000333749 0.000508045 0.000562628 0.00046605 0.000310445 0.000176622 8.774e-05 3.71685e-05 1.21959e-05 2.21569e-06 0 
0 0.000293419 0.000573129 0.000324881 7.44285e-05 8.77083e-06 6.52757e-07 3.71283e-08 1.95698e-09 1.1582e-10 9.21359e-12 1.15006e-12 2.53548e-13 1.06336e-13 8.71283e-14 1.36722e-13 3.86375e-13 1.78838e-12 1.20457e-11 1.0355e-10 9.9235e-10 9.26799e-09 7.37025e-08 4.33039e-07 1.62695e-06 3.55965e-06 4.92223e-06 6.06149e-06 1.0235e-05 2.72283e-05 8.57229e-05 0.000211622 0.000329805 0.000330166 0.000240061 0.00014149 7.12008e-05 3.0295e-05 9.95467e-06 1.80932e-06 0 
0 0.000267458 0.000638121 0.000506095 0.000178844 3.49161e-05 4.57439e-06 4.76277e-07 4.62663e-08 4.90079e-09 6.54434e-10 1.24788e-10 3.73736e-11 1.86635e-11 1.58768e-11 2.26395e-11 5.14849e-11 1.72876e-10 7.78115e-10 4.20997e-09 2.43587e-08 1.32571e-07 5.79484e-07 1.62695e-06 2.15804e-06 1.03511e-06 2.11505e-07 4.83815e-08 4.60886e-08 2.73778e-07 3.89101e-06 3.70691e-05 0.000133806 0.000202289 0.000174501 0.000109512 5.62882e-05 2.41119e-05 7.93936e-06 1.44392e-06 0 
0 0.000232346 0.000655395 0.000700098 0.000368277 0.000113459 2.44897e-05 4.32502e-06 7.16056e-07 1.26037e-07 2.64564e-08 7.30556e-09 2.86028e-09 1.66417e-09 1.46325e-09 1.91946e-09 3.61067e-09 9.15773e-09 2.89603e-08 1.0428e-07 3.85051e-07 1.27431e-06 3.05099e-06 3.55965e-06 1.03511e-06 3.64537e-08 1.94125e-10 1.5634e-12 5.45192e-13 2.40149e-11 1.03139e-08 1.75135e-06 3.31178e-05 0.000104597 0.00011899 8.19413e-05 4.33565e-05 1.8734e-05 6.18411e-06 1.1255e-06 0 
0 0.000192099 0.000617916 0.000846156 0.000634069 0.000294447 9.84342e-05 2.73347e-05 7.11316e-06 1.92385e-06 5.92042e-07 2.23659e-07 1.09876e-07 7.27704e-08 6.58109e-08 8.04517e-08 1.2889e-07 2.57782e-07 6.04378e-07 1.53885e-06 3.86021e-06 8.21152e-06 1.10334e-05 4.92223e-06 2.11505e-07 1.94125e-10 4.69091e-15 7.58798e-16 2.61372e-15 3.96961e-17 1.96991e-12 2.68827e-08 5.64521e-06 4.8436e-05 7.78806e-05 5.9706e-05 3.25941e-05 1.42082e-05 4.70157e-06 8.56253e-07 0 
0 0.000151273 0.000535484 0.000888101 0.000895193 0.000597615 0.000293794 0.000120187 4.5643e-05 1.76025e-05 7.41905e-06 3.62514e-06 2.14558e-06 1.58051e-06 1.46288e-06 1.68798e-06 2.37085e-06 3.90269e-06 7.15814e-06 1.37073e-05 2.49913e-05 3.68541e-05 3.06213e-05 6.06149e-06 4.83815e-08 1.5634e-12 7.58797e-16 4.95574e-17 1.03157e-16 2.47593e-17 7.09634e-16 6.26666e-10 1.17906e-06 2.41637e-05 5.16017e-05 4.29558e-05 2.39843e-05 1.05181e-05 3.48602e-06 6.35143e-07 0 
0 0.00011372 0.000429351 0.000814858 0.00103034 0.000931502 0.00064171 0.000367697 0.000192226 9.93126e-05 5.40203e-05 3.2463e-05 2.23049e-05 1.78894e-05 1.68691e-05 1.85912e-05 2.35149e-05 3.31444e-05 4.9983e-05 7.6278e-05 0.00010819 0.000121493 7.47466e-05 1.0235e-05 4.60886e-08 5.45192e-13 2.61372e-15 1.03157e-16 1.49291e-17 7.18456e-18 1.04176e-16 1.97554e-10 6.42721e-07 1.61599e-05 3.66103e-05 3.09113e-05 1.7311e-05 7.59586e-06 2.51774e-06 4.58731e-07 0 
0 8.18338e-05 0.000321554 0.000665077 0.000981556 0.00111418 0.00101242 0.000775478 0.000534455 0.00035377 0.000237645 0.000168937 0.000130837 0.00011231 0.000107514 0.000114312 0.000133148 0.000166045 0.000214524 0.000274024 0.000321737 0.000303199 0.000169514 2.72283e-05 2.73778e-07 2.40149e-11 3.96961e-17 2.47593e-17 7.18455e-18 5.2292e-17 1.23459e-14 1.64336e-09 1.14033e-06 1.53625e-05 2.81601e-05 2.22768e-05 1.22405e-05 5.34206e-06 1.76802e-06 3.21997e-07 0 
0 5.64868e-05 0.00022707 0.000493585 0.00079981 0.0010534 0.00116833 0.00112468 0.000976371 0.000798878 0.00064277 0.00052672 0.000450918 0.00040961 0.000397325 0.000410662 0.000447751 0.000506017 0.000577712 0.000642532 0.000659061 0.000566393 0.000333749 8.57229e-05 3.89101e-06 1.03139e-08 1.96991e-12 7.09634e-16 1.04176e-16 1.23459e-14 5.66442e-11 6.89451e-08 3.73223e-06 1.75708e-05 2.24278e-05 1.5862e-05 8.43497e-06 3.64715e-06 1.20393e-06 2.19105e-07 0 
0 3.74175e-05 0.000152228 0.000339668 0.000578806 0.000829311 0.00103897 0.00116522 0.00119674 0.00115504 0.0010765 0.00099332 0.000925634 0.00088269 0.000866817 0.000876277 0.00090599 0.000946411 0.0009813 0.000985768 0.000926858 0.00077079 0.000508045 0.000211622 3.70691e-05 1.75135e-06 2.68827e-08 6.26666e-10 1.97554e-10 1.64336e-09 6.89451e-08 1.72398e-06 1.04486e-05 1.90841e-05 1.72849e-05 1.09361e-05 5.62141e-06 2.40647e-06 7.92098e-07 1.44037e-07 0 
0 2.3742e-05 9.71589e-05 0.000219546 0.00038337 0.000572843 0.000764822 0.000933931 0.00106084 0.00113883 0.00117404 0.00118017 0.00117186 0.00116024 0.00115131 0.00114591 0.00114024 0.00112654 0.0010941 0.00103078 0.000925168 0.000769014 0.000562628 0.000329805 0.000133806 3.31178e-05 5.64521e-06 1.17906e-06 6.42721e-07 1.14033e-06 3.73223e-06 1.04486e-05 1.72073e-05 1.71969e-05 1.23152e-05 7.18025e-06 3.59433e-06 1.52611e-06 5.01087e-07 9.10523e-08 0 
0 1.43621e-05 5.89311e-05 0.000133919 0.000236402 0.00035994 0.000494772 0.000629069 0.00075127 0.000852736 0.000929398 0.000981617 0.00101257 0.00102617 0.00102542 0.00101164 0.000984355 0.00094194 0.00088246 0.000804584 0.000708162 0.000594363 0.00046605 0.000330166 0.000202289 0.000104597 4.8436e-05 2.41637e-05 1.61599e-05 1.53625e-05 1.75708e-05 1.90841e-05 1.71969e-05 1.27012e-05 8.00131e-06 4.44476e-06 2.18777e-06 9.23748e-07 3.02769e-07 5.4986e-08 0 
0 8.21199e-06 3.37346e-05 7.68429e-05 0.000136257 0.000209065 0.000290851 0.000376102 0.000458918 0.000533887 0.000596834 0.000645196 0.000677917 0.000695016 0.000697094 0.000684962 0.000659517 0.000621809 0.000573204 0.000515492 0.000450849 0.000381667 0.000310445 0.000240061 0.000174501 0.00011899 7.78806e-05 5.16017e-05 3.66103e-05 2.81601e-05 2.24278e-05 1.72849e-05 1.23152e-05 8.00131e-06 4.75006e-06 2.57511e-06 1.25592e-06 5.28572e-07 1.73056e-07 3.14176e-08 0 
0 4.37463e-06 1.79793e-05 4.09929e-05 7.28143e-05 0.000112052 0.0001566 0.000203808 0.000250747 0.000294517 0.000332563 0.000362892 0.000384183 0.000395781 0.000397614 0.000390098 0.000374047 0.000350614 0.000321218 0.000287469 0.000251049 0.000213599 0.000176622 0.00014149 0.000109512 8.19413e-05 5.9706e-05 4.29558e-05 3.09113e-05 2.22768e-05 1.5862e-05 1.09361e-05 7.18025e-06 4.44476e-06 2.57511e-06 1.38092e-06 6.70522e-07 2.81726e-07 9.21824e-08 1.67319e-08 0 
0 2.11772e-06 8.70521e-06 1.9855e-05 3.52904e-05 5.43653e-05 7.6103e-05 9.92716e-05 0.000122492 0.000144366 0.000163602 0.000179125 0.000190157 0.000196248 0.000197282 0.000193454 0.000185226 0.000173271 0.000158412 0.000141553 0.000123602 0.000105415 8.774e-05 7.12008e-05 5.62882e-05 4.33565e-05 3.25941e-05 2.39843e-05 1.7311e-05 1.22405e-05 8.43497e-06 5.62141e-06 3.59433e-06 2.18777e-06 1.25592e-06 6.70522e-07 3.24949e-07 1.36423e-07 4.46251e-08 8.09894e-09 0 
0 8.88639e-07 3.65314e-06 8.33322e-06 1.48149e-05 2.2831e-05 3.19776e-05 4.17449e-05 5.15599e-05 6.08362e-05 6.90248e-05 7.56599e-05 8.03939e-05 8.30194e-05 8.34759e-05 8.18438e-05 7.83264e-05 7.32238e-05 6.69014e-05 5.97559e-05 5.21829e-05 4.45486e-05 3.71685e-05 3.0295e-05 2.41119e-05 1.8734e-05 1.42082e-05 1.05181e-05 7.59586e-06 5.34206e-06 3.64715e-06 2.40647e-06 1.52611e-06 9.23748e-07 5.28572e-07 2.81726e-07 1.36423e-07 5.72551e-08 1.8726e-08 3.39837e-09 0 
0 2.90619e-07 1.19475e-06 2.72548e-06 4.84575e-06 7.46864e-06 1.04627e-05 1.36618e-05 1.68793e-05 1.99233e-05 2.26137e-05 2.47963e-05 2.63556e-05 2.72216e-05 2.73734e-05 2.68371e-05 2.56802e-05 2.40026e-05 2.19261e-05 1.95822e-05 1.71018e-05 1.46053e-05 1.21959e-05 9.95467e-06 7.93936e-06 6.18411e-06 4.70157e-06 3.48602e-06 2.51774e-06 1.76802e-06 1.20393e-06 7.92098e-07 5.01087e-07 3.02769e-07 1.73056e-07 9.21824e-08 4.46251e-08 1.8726e-08 6.12422e-09 1.11139e-09 0 
0 5.27395e-08 2.16816e-07 4.94612e-07 8.79417e-07 1.35548e-06 1.89897e-06 2.47982e-06 3.06413e-06 3.61713e-06 4.10605e-06 4.50287e-06 4.78646e-06 4.94404e-06 4.97173e-06 4.87427e-06 4.66396e-06 4.35905e-06 3.98174e-06 3.55602e-06 3.10571e-06 2.6527e-06 2.21569e-06 1.80932e-06 1.44392e-06 1.1255e-06 8.56253e-07 6.35143e-07 4.58731e-07 3.21997e-07 2.19105e-07 1.44037e-07 9.10523e-08 5.4986e-08 3.14176e-08 1.67319e-08 8.09894e-09 3.39837e-09 1.11139e-09 2.01686e-10 0 
0 0 0 0 0 0 0 0 0 0 0 0 0 0 0 0 0 0 0 0 0 0 0 0 0 0 0 0 0 0 0 0 0 0 0 0 0 0 0 0 0 
