0 0 0 0 0 0 0 0 0 0 0 0 0 0 0 0 0 0 0 0 0 0 0 0 0 0 0 0 0 0 0 0 0 0 0 0 0 0 0 0 0 
0 1.34016e-05 5.32043e-05 0.000113761 0.000182015 0.000241216 0.000278872 0.000292154 0.000286441 0.000270152 0.000250687 0.00023296 0.000219612 0.000211766 0.000209696 0.000213221 0.000221845 0.000234698 0.000250377 0.000266777 0.000281064 0.000289909 0.000290087 0.000279347 0.000257263 0.000225636 0.000188123 0.000149165 0.000112721 8.14115e-05 5.63268e-05 3.7363e-05 2.37253e-05 1.43575e-05 8.21084e-06 4.37437e-06 2.11767e-06 8.88631e-07 2.90618e-07 5.27394e-08 0 
0 5.32043e-05 0.000200954 0.000389352 0.000528109 0.000553092 0.000477953 0.000363054 0.000257054 0.00017838 0.000126386 9.44017e-05 7.60856e-05 6.71418e-05 6.52547e-05 6.96889e-05 8.10091e-05 0.000100951 0.00013229 0.00017841 0.000242155 0.000323643 0.000417296 0.000509601 0.000580338 0.000609276 0.000586109 0.000516675 0.000419812 0.000317376 0.000225473 0.000151689 9.6997e-05 5.88876e-05 3.37241e-05 1.7977e-05 8.70479e-06 3.65307e-06 1.19474e-06 2.16816e-07 0 
0 0.000113761 0.000389352 0.000620187 0.000612889 0.000421045 0.000224118 0.000102558 4.41023e-05 1.9212e-05 9.03787e-06 4.84008e-06 3.07053e-06 2.36609e-06 2.23577e-06 2.57609e-06 3.55135e-06 5.68681e-06 1.01955e-05 1.96558e-05 3.91293e-05 7.74342e-05 0.000147247 0.000261225 0.000421339 0.000604173 0.000756867 0.000821239 0.000774777 0.000645601 0.000485731 0.00033697 0.00021874 0.000133706 7.67929e-05 4.09825e-05 1.98531e-05 8.33293e-06 2.72544e-06 4.9461e-07 0 
0 0.000182015 0.000528109 0.000612889 0.000378039 0.000146033 4.13173e-05 9.79184e-06 2.186e-06 5.12236e-07 1.39013e-07 4.75122e-08 2.1802e-08 1.39826e-08 1.27201e-08 1.62494e-08 2.82292e-08 6.34687e-08 1.73687e-07 5.40964e-07 1.79327e-06 5.94709e-06 1.87095e-05 5.35064e-05 0.000134615 0.000290251 0.000524063 0.000776606 0.000935455 0.000925183 0.000774165 0.000569458 0.000380519 0.000235652 0.000136083 7.2779e-05 3.52841e-05 1.48139e-05 4.84565e-06 8.79411e-07 0 
0 0.000241216 0.000553092 0.000421045 0.000146033 2.86671e-05 3.82958e-06 4.09378e-07 4.09771e-08 4.48021e-09 6.17579e-10 1.21386e-10 3.73724e-11 1.91172e-11 1.65963e-11 2.40745e-11 5.56081e-11 1.89918e-10 8.75008e-10 4.91932e-09 3.05274e-08 1.90593e-07 1.10594e-06 5.60496e-06 2.37422e-05 8.17135e-05 0.000224211 0.000481856 0.000796505 0.0010063 0.000993478 0.000804852 0.000564988 0.000357842 0.000208583 0.000111955 5.43485e-05 2.28285e-05 7.46837e-06 1.35546e-06 0 
0 0.000278872 0.000477953 0.000224118 4.13173e-05 3.82958e-06 2.191e-07 9.45204e-09 3.78435e-10 1.7319e-11 1.10135e-12 1.15099e-13 2.24698e-14 8.87831e-15 7.30598e-15 1.22511e-14 3.91658e-14 2.1554e-13 1.79976e-12 1.98605e-11 2.52264e-10 3.2452e-09 3.78871e-08 3.68266e-07 2.80592e-06 1.6178e-05 6.95004e-05 0.000221043 0.000515423 0.000869208 0.00106456 0.000988853 0.000747249 0.000489907 0.000289725 0.000156375 7.60646e-05 3.19721e-05 1.04621e-05 1.89894e-06 0 
0 0.000292154 0.000363054 0.000102558 9.79184e-06 4.09378e-07 9.45204e-09 1.54185e-10 2.31289e-12 4.16568e-14 1.15726e-15 6.15081e-17 7.37843e-18 2.21742e-18 1.72476e-18 3.36729e-18 1.52137e-17 1.39457e-16 2.20005e-15 4.99624e-14 1.36633e-12 3.81326e-11 9.4206e-10 1.84137e-08 2.63146e-07 2.62646e-06 1.80094e-05 8.51144e-05 0.000279183 0.000632988 0.000985749 0.00108247 0.000901185 0.000619474 0.000373838 0.000203357 9.9195e-05 4.17341e-05 1.36607e-05 2.47975e-06 0 
0 0.000286441 0.000257054 4.41023e-05 2.186e-06 4.09771e-08 3.78435e-10 2.31289e-12 1.28866e-14 9.06163e-17 1.09469e-18 3.16422e-20 3.45918e-21 1.32607e-21 1.10054e-21 1.74899e-21 6.71255e-21 8.27205e-20 2.41545e-18 1.13478e-16 6.72451e-15 4.09925e-13 2.1582e-11 8.54483e-10 2.30671e-08 4.00901e-07 4.39554e-06 3.06684e-05 0.00013924 0.000417328 0.000823842 0.00108281 0.00100883 0.000734872 0.000454932 0.000249947 0.000122357 5.1541e-05 1.68773e-05 3.06402e-06 0 
0 0.000270152 0.00017838 1.9212e-05 5.12236e-07 4.48021e-09 1.7319e-11 4.16568e-14 9.06163e-17 2.62233e-19 1.75026e-21 7.69921e-23 1.65104e-23 8.75309e-24 7.68617e-24 1.0043e-23 2.40846e-23 1.46684e-22 3.94679e-21 3.4017e-19 4.19185e-17 5.36599e-15 5.7969e-13 4.48972e-11 2.22011e-09 6.54419e-08 1.12154e-06 1.13004e-05 6.92242e-05 0.000266477 0.000652056 0.00101877 0.00106659 0.00082801 0.000527651 0.000293253 0.000144152 6.08064e-05 1.99202e-05 3.61695e-06 0 
0 0.000250687 0.000126386 9.03787e-06 1.39013e-07 6.17579e-10 1.10135e-12 1.15726e-15 1.09469e-18 1.75026e-21 1.52952e-23 1.01952e-24 3.43581e-25 2.3273e-25 2.1268e-25 2.40641e-25 3.96634e-25 1.42092e-24 2.31493e-23 2.04396e-21 4.52921e-19 1.11924e-16 2.28949e-14 3.2189e-12 2.72658e-10 1.28632e-08 3.28183e-07 4.58362e-06 3.65162e-05 0.000174118 0.000510913 0.000928709 0.00108395 0.000895928 0.000588059 0.000330758 0.000163296 6.89824e-05 2.26092e-05 4.1058e-06 0 
0 0.00023296 9.44017e-05 4.84008e-06 4.75122e-08 1.21386e-10 1.15099e-13 6.15081e-17 3.16423e-20 7.69923e-23 1.01953e-24 5.71186e-26 1.73503e-26 1.30142e-26 1.21571e-26 1.2505e-26 1.65008e-26 4.94818e-26 7.14961e-25 4.56958e-23 1.13527e-20 4.68879e-18 1.61551e-15 3.69687e-13 4.86208e-11 3.37013e-09 1.19104e-07 2.17328e-06 2.1441e-05 0.000121319 0.000410619 0.00084227 0.00107665 0.000940266 0.000633956 0.000360545 0.000178726 7.56046e-05 2.47906e-05 4.50254e-06 0 
0 0.000219612 7.60856e-05 3.07053e-06 2.1802e-08 3.73724e-11 2.24698e-14 7.37843e-18 3.45918e-21 1.65105e-23 3.43583e-25 1.73504e-26 2.22226e-27 1.11996e-27 9.97542e-28 9.75084e-28 1.3289e-27 6.17852e-27 1.06579e-25 5.13081e-24 8.81913e-22 4.71445e-19 2.36343e-16 7.68832e-14 1.38949e-11 1.27195e-09 5.69025e-08 1.25995e-06 1.45049e-05 9.27459e-05 0.000347124 0.000775674 0.00105985 0.000965259 0.000664678 0.000381385 0.000189679 8.03278e-05 2.63488e-05 4.78607e-06 0 
0 0.000211766 6.71418e-05 2.36609e-06 1.39826e-08 1.91172e-11 8.87831e-15 2.21742e-18 1.32608e-21 8.75312e-24 2.32732e-25 1.30143e-26 1.11997e-27 1.90542e-28 1.04537e-28 1.06133e-28 2.84469e-28 2.61989e-27 4.69905e-26 1.8369e-24 2.34863e-22 1.27265e-19 7.86862e-17 3.12622e-14 6.7696e-12 7.26011e-10 3.71482e-08 9.18463e-07 1.15451e-05 7.91171e-05 0.00031337 0.000735104 0.00104425 0.000975467 0.000680563 0.000392699 0.00019572 8.29462e-05 2.72141e-05 4.94362e-06 0 
0 0.000209696 6.52547e-05 2.23577e-06 1.27201e-08 1.65963e-11 7.30598e-15 1.72476e-18 1.10054e-21 7.6862e-24 2.12681e-25 1.21572e-26 9.97552e-28 1.04538e-28 2.21065e-29 2.92454e-29 1.90314e-28 2.1835e-27 3.92226e-26 1.47373e-24 1.78311e-22 9.54481e-20 6.1631e-17 2.55434e-14 5.74802e-12 6.37664e-10 3.3581e-08 8.50174e-07 1.08906e-05 7.57596e-05 0.000303902 0.000721308 0.00103526 0.000974135 0.000682373 0.000394464 0.000196741 8.34009e-05 2.73657e-05 4.9713e-06 0 
0 0.000213221 6.96889e-05 2.57609e-06 1.62494e-08 2.40745e-11 1.22511e-14 3.36729e-18 1.74899e-21 1.0043e-23 2.40643e-25 1.25051e-26 9.75094e-28 1.06134e-28 2.92453e-29 4.34452e-29 2.50184e-28 2.84749e-27 5.54249e-26 2.40529e-24 3.48567e-22 1.92438e-19 1.1071e-16 4.10685e-14 8.36331e-12 8.50342e-10 4.15961e-08 9.9125e-07 1.21009e-05 8.1081e-05 0.000315826 0.00073235 0.00103336 0.000962464 0.000670918 0.000387095 0.000192939 8.17721e-05 2.68297e-05 4.87385e-06 0 
0 0.000221845 8.10091e-05 3.55135e-06 2.82292e-08 5.56081e-11 3.91658e-14 1.52137e-17 6.71255e-21 2.40847e-23 3.96636e-25 1.65009e-26 1.3289e-27 2.84468e-28 1.90312e-28 2.50182e-28 7.7196e-28 6.9854e-27 1.53502e-25 9.01164e-24 1.90016e-21 9.566e-19 4.22009e-16 1.21875e-13 1.98007e-11 1.65246e-09 6.83808e-08 1.42052e-06 1.55472e-05 9.56482e-05 0.000348147 0.000764128 0.00103469 0.000939642 0.000646932 0.00037137 0.000184766 7.82624e-05 2.56735e-05 4.66358e-06 0 
0 0.000234698 0.000100951 5.68681e-06 6.34687e-08 1.89918e-10 2.1554e-13 1.39457e-16 8.27205e-20 1.46684e-22 1.42092e-24 4.94819e-26 6.1785e-27 2.61987e-27 2.18348e-27 2.84747e-27 6.98537e-27 4.95502e-26 1.22718e-24 1.05681e-22 2.83316e-20 1.01887e-17 3.02936e-15 6.04926e-13 7.04254e-11 4.39086e-09 1.41913e-07 2.40696e-06 2.24178e-05 0.000121535 0.000399922 0.000809021 0.00103154 0.000903437 0.000611195 0.000348371 0.000172886 7.317e-05 2.3997e-05 4.35873e-06 0 
0 0.000250377 0.00013229 1.01955e-05 1.73687e-07 8.75008e-10 1.79976e-12 2.20005e-15 2.41545e-18 3.94679e-21 2.31493e-23 7.1496e-25 1.06578e-25 4.69902e-26 3.92223e-26 5.54246e-26 1.53501e-25 1.22718e-24 3.86888e-23 4.38447e-21 8.92663e-19 1.94691e-16 3.53153e-14 4.44231e-12 3.40464e-10 1.47163e-08 3.48555e-07 4.58041e-06 3.48192e-05 0.000160949 0.000466462 0.000853221 0.00101283 0.000851118 0.00056475 0.000319443 0.000158107 6.68586e-05 2.19216e-05 3.98148e-06 0 
0 0.000266777 0.00017841 1.96558e-05 5.40964e-07 4.91932e-09 1.98605e-11 4.99624e-14 1.13478e-16 3.4017e-19 2.04396e-21 4.56958e-23 5.1308e-24 1.83689e-24 1.47373e-24 2.40528e-24 9.01162e-24 1.05681e-22 4.38447e-21 3.82698e-19 4.50336e-17 5.50143e-15 5.68058e-13 4.21308e-11 1.99889e-09 5.66614e-08 9.36992e-07 9.16418e-06 5.50831e-05 0.000211965 0.000532341 0.000873781 0.000965419 0.000780441 0.000509084 0.000286126 0.000141321 5.97231e-05 1.95787e-05 3.55582e-06 0 
0 0.000281064 0.000242155 3.91293e-05 1.79327e-06 3.05274e-08 2.52264e-10 1.36633e-12 6.72451e-15 4.19185e-17 4.52921e-19 1.13527e-20 8.81913e-22 2.34863e-22 1.78311e-22 3.48567e-22 1.90016e-21 2.83316e-20 8.92663e-19 4.50336e-17 2.87997e-15 1.89392e-13 1.06906e-11 4.48568e-10 1.26308e-08 2.25046e-07 2.4955e-06 1.7553e-05 8.14248e-05 0.000257742 0.000561623 0.000837707 0.000876032 0.000690403 0.000446144 0.000250057 0.000123429 5.21582e-05 1.70992e-05 3.10555e-06 0 
0 0.000289909 0.000323643 7.74342e-05 5.94709e-06 1.90593e-07 3.2452e-09 3.81326e-11 4.09925e-13 5.36599e-15 1.11924e-16 4.68879e-18 4.71445e-19 1.27265e-19 9.54481e-20 1.92438e-19 9.566e-19 1.01887e-17 1.94691e-16 5.50143e-15 1.89392e-13 6.62738e-12 2.01239e-10 4.66449e-09 7.52333e-08 8.02569e-07 5.64382e-06 2.72211e-05 9.53539e-05 0.000251432 0.000495362 0.000708172 0.000734352 0.000581577 0.000378207 0.000212856 0.000105283 4.45296e-05 1.46033e-05 2.65258e-06 0 
0 0.000290087 0.000417296 0.000147247 1.87095e-05 1.10594e-06 3.78871e-08 9.4206e-10 2.1582e-11 5.7969e-13 2.28949e-14 1.61551e-15 2.36343e-16 7.86862e-17 6.1631e-17 1.1071e-16 4.22009e-16 3.02936e-15 3.53153e-14 5.68058e-13 1.06906e-11 2.01239e-10 3.28719e-09 4.11795e-08 3.58597e-07 2.05848e-06 7.98653e-06 2.34795e-05 6.02896e-05 0.000143496 0.000296152 0.000470671 0.000539286 0.000456657 0.00030777 0.000176032 8.76343e-05 3.71531e-05 1.21942e-05 2.21559e-06 0 
0 0.000279347 0.000509601 0.000261225 5.35064e-05 5.60496e-06 3.68266e-07 1.84137e-08 8.54483e-10 4.48972e-11 3.2189e-12 3.69687e-13 7.68832e-14 3.12622e-14 2.55434e-14 4.10685e-14 1.21875e-13 6.04926e-13 4.44231e-12 4.21308e-11 4.48568e-10 4.66449e-09 4.11795e-08 2.66255e-07 1.08403e-06 2.51732e-06 3.62106e-06 4.59589e-06 8.0488e-06 2.25026e-05 7.49035e-05 0.000194457 0.000314825 0.000322896 0.000237808 0.000140978 7.11085e-05 3.02816e-05 9.95323e-06 1.80924e-06 0 
0 0.000257263 0.000580338 0.000421339 0.000134615 2.37422e-05 2.80592e-06 2.63146e-07 2.30671e-08 2.22011e-09 2.72658e-10 4.86208e-11 1.38949e-11 6.7696e-12 5.74802e-12 8.36331e-12 1.98007e-11 7.04254e-11 3.40464e-10 1.99889e-09 1.26308e-08 7.52333e-08 3.58597e-07 1.08403e-06 1.50851e-06 7.30292e-07 1.45347e-07 3.22922e-08 3.12078e-08 1.99645e-07 3.14348e-06 3.27632e-05 0.000125626 0.000196571 0.000172473 0.000109036 5.62027e-05 2.40998e-05 7.93807e-06 1.44384e-06 0 
0 0.000225636 0.000609276 0.000604173 0.000290251 8.17135e-05 1.6178e-05 2.62646e-06 4.00901e-07 6.54419e-08 1.28632e-08 3.37013e-09 1.27195e-09 7.26011e-10 6.37664e-10 8.50342e-10 1.65246e-09 4.39086e-09 1.47163e-08 5.66614e-08 2.25046e-07 8.02569e-07 2.05848e-06 2.51732e-06 7.30292e-07 2.37344e-08 1.08623e-10 7.5503e-13 2.54715e-13 1.30888e-11 6.9683e-09 1.42129e-06 3.0072e-05 0.000100469 0.000117173 8.14945e-05 4.32769e-05 1.87229e-05 6.18296e-06 1.12544e-06 0 
0 0.000188123 0.000586109 0.000756867 0.000524063 0.000224211 6.95004e-05 1.80094e-05 4.39554e-06 1.12154e-06 3.28183e-07 1.19104e-07 5.69025e-08 3.71482e-08 3.3581e-08 4.15961e-08 6.83808e-08 1.41913e-07 3.48555e-07 9.36992e-07 2.4955e-06 5.64382e-06 7.98653e-06 3.62106e-06 1.45347e-07 1.08623e-10 1.8819e-15 1.31285e-15 2.91597e-15 7.39419e-17 1.01674e-12 1.92363e-08 4.89213e-06 4.5838e-05 7.63591e-05 5.93092e-05 3.25238e-05 1.41986e-05 4.70059e-06 8.56199e-07 0 
0 0.000149165 0.000516675 0.000821239 0.000776606 0.000481856 0.000221043 8.51144e-05 3.06684e-05 1.13004e-05 4.58362e-06 2.17328e-06 1.25995e-06 9.18463e-07 8.50174e-07 9.9125e-07 1.42052e-06 2.40696e-06 4.58041e-06 9.16418e-06 1.7553e-05 2.72211e-05 2.34795e-05 4.59589e-06 3.22922e-08 7.5503e-13 1.31285e-15 1.05165e-16 1.52861e-16 2.28182e-17 2.74656e-16 3.99668e-10 9.80903e-07 2.25926e-05 5.04313e-05 4.26362e-05 2.3928e-05 1.05105e-05 3.48526e-06 6.35101e-07 0 
0 0.000112721 0.000419812 0.000774777 0.000935455 0.000796505 0.000515423 0.000279183 0.00013924 6.92242e-05 3.65162e-05 2.1441e-05 1.45049e-05 1.15451e-05 1.08906e-05 1.21009e-05 1.55472e-05 2.24178e-05 3.48192e-05 5.50831e-05 8.14248e-05 9.53539e-05 6.02896e-05 8.0488e-06 3.12078e-08 2.54715e-13 2.91597e-15 1.52861e-16 2.60106e-17 1.16779e-17 3.12896e-16 1.22489e-10 5.30044e-07 1.50806e-05 3.57734e-05 3.06833e-05 1.72712e-05 7.59053e-06 2.51721e-06 4.58702e-07 0 
0 8.14115e-05 0.000317376 0.000645601 0.000925183 0.0010063 0.000869208 0.000632988 0.000417328 0.000266477 0.000174118 0.000121319 9.27459e-05 7.91171e-05 7.57596e-05 8.1081e-05 9.56482e-05 0.000121535 0.000160949 0.000211965 0.000257742 0.000251432 0.000143496 2.25026e-05 1.99645e-07 1.30888e-11 7.39419e-17 2.28182e-17 1.16779e-17 6.70355e-17 5.5433e-15 1.10929e-09 9.70473e-07 1.44879e-05 2.76086e-05 2.21352e-05 1.22161e-05 5.33879e-06 1.76769e-06 3.21979e-07 0 
0 5.63268e-05 0.000225473 0.000485731 0.000774165 0.000993478 0.00106456 0.000985749 0.000823842 0.000652056 0.000510913 0.000410619 0.000347124 0.00031337 0.000303902 0.000315826 0.000348147 0.000399922 0.000466462 0.000532341 0.000561623 0.000495362 0.000296152 7.49035e-05 3.14348e-06 6.9683e-09 1.01674e-12 2.74656e-16 3.12896e-16 5.5433e-15 3.42515e-11 5.34075e-08 3.34722e-06 1.68631e-05 2.21086e-05 1.57869e-05 8.42216e-06 3.64542e-06 1.20375e-06 2.19095e-07 0 
0 3.7363e-05 0.000151689 0.00033697 0.000569458 0.000804852 0.000988853 0.00108247 0.00108281 0.00101877 0.000928709 0.00084227 0.000775674 0.000735104 0.000721308 0.00073235 0.000764128 0.000809021 0.000853221 0.000873781 0.000837707 0.000708172 0.000470671 0.000194457 3.27632e-05 1.42129e-06 1.92363e-08 3.99667e-10 1.22489e-10 1.10929e-09 5.34075e-08 1.5058e-06 9.83125e-06 1.8626e-05 1.71317e-05 1.09025e-05 5.61566e-06 2.40567e-06 7.92016e-07 1.44032e-07 0 
0 2.37253e-05 9.6997e-05 0.00021874 0.000380519 0.000564988 0.000747249 0.000901185 0.00100883 0.00106659 0.00108395 0.00107665 0.00105985 0.00104425 0.00103526 0.00103336 0.00103469 0.00103154 0.00101283 0.000965419 0.000876032 0.000734352 0.000539286 0.000314825 0.000125626 3.0072e-05 4.89213e-06 9.80903e-07 5.30044e-07 9.70473e-07 3.34722e-06 9.83125e-06 1.67122e-05 1.69847e-05 1.22558e-05 7.16759e-06 3.59212e-06 1.5258e-06 5.01053e-07 9.10504e-08 0 
0 1.43575e-05 5.88876e-05 0.000133706 0.000235652 0.000357842 0.000489907 0.000619474 0.000734872 0.00082801 0.000895928 0.000940266 0.000965259 0.000975467 0.000974135 0.000962464 0.000939642 0.000903437 0.000851118 0.000780441 0.000690403 0.000581577 0.000456657 0.000322896 0.000196571 0.000100469 4.5838e-05 2.25926e-05 1.50806e-05 1.44879e-05 1.68631e-05 1.8626e-05 1.69847e-05 1.26297e-05 7.98256e-06 4.44072e-06 2.18704e-06 9.2364e-07 3.02757e-07 5.49853e-08 0 
0 8.21084e-06 3.37241e-05 7.67929e-05 0.000136083 0.000208583 0.000289725 0.000373838 0.000454932 0.000527651 0.000588059 0.000633956 0.000664678 0.000680563 0.000682373 0.000670918 0.000646932 0.000611195 0.00056475 0.000509084 0.000446144 0.000378207 0.00030777 0.000237808 0.000172473 0.000117173 7.63591e-05 5.04313e-05 3.57734e-05 2.76086e-05 2.21086e-05 1.71317e-05 1.22558e-05 7.98256e-06 4.74513e-06 2.57402e-06 1.25571e-06 5.2854e-07 1.73052e-07 3.14173e-08 0 
0 4.37437e-06 1.7977e-05 4.09825e-05 7.2779e-05 0.000111955 0.000156375 0.000203357 0.000249947 0.000293253 0.000330758 0.000360545 0.000381385 0.000392699 0.000394464 0.000387095 0.00037137 0.000348371 0.000319443 0.000286126 0.000250057 0.000212856 0.000176032 0.000140978 0.000109036 8.14945e-05 5.93092e-05 4.26362e-05 3.06833e-05 2.21352e-05 1.57869e-05 1.09025e-05 7.16759e-06 4.44072e-06 2.57402e-06 1.38067e-06 6.70471e-07 2.81718e-07 9.21814e-08 1.67318e-08 0 
0 2.11767e-06 8.70479e-06 1.98531e-05 3.52841e-05 5.43485e-05 7.60646e-05 9.9195e-05 0.000122357 0.000144152 0.000163296 0.000178726 0.000189679 0.00019572 0.000196741 0.000192939 0.000184766 0.000172886 0.000158107 0.000141321 0.000123429 0.000105283 8.76343e-05 7.11085e-05 5.62027e-05 4.32769e-05 3.25238e-05 2.3928e-05 1.72712e-05 1.22161e-05 8.42216e-06 5.61566e-06 3.59212e-06 2.18704e-06 1.25571e-06 6.70471e-07 3.24939e-07 1.36422e-07 4.46249e-08 8.09892e-09 0 
0 8.88631e-07 3.65307e-06 8.33293e-06 1.48139e-05 2.28285e-05 3.19721e-05 4.17341e-05 5.1541e-05 6.08064e-05 6.89824e-05 7.56046e-05 8.03278e-05 8.29462e-05 8.34009e-05 8.17721e-05 7.82624e-05 7.317e-05 6.68586e-05 5.97231e-05 5.21582e-05 4.45296e-05 3.71531e-05 3.02816e-05 2.40998e-05 1.87229e-05 1.41986e-05 1.05105e-05 7.59053e-06 5.33879e-06 3.64542e-06 2.40567e-06 1.5258e-06 9.2364e-07 5.2854e-07 2.81718e-07 1.36422e-07 5.72548e-08 1.8726e-08 3.39837e-09 0 
0 2.90618e-07 1.19474e-06 2.72544e-06 4.84565e-06 7.46837e-06 1.04621e-05 1.36607e-05 1.68773e-05 1.99202e-05 2.26092e-05 2.47906e-05 2.63488e-05 2.72141e-05 2.73657e-05 2.68297e-05 2.56735e-05 2.3997e-05 2.19216e-05 1.95787e-05 1.70992e-05 1.46033e-05 1.21942e-05 9.95323e-06 7.93807e-06 6.18296e-06 4.70059e-06 3.48526e-06 2.51721e-06 1.76769e-06 1.20375e-06 7.92016e-07 5.01053e-07 3.02757e-07 1.73052e-07 9.21814e-08 4.46249e-08 1.8726e-08 6.12421e-09 1.11139e-09 0 
0 5.27394e-08 2.16816e-07 4.9461e-07 8.79411e-07 1.35546e-06 1.89894e-06 2.47975e-06 3.06402e-06 3.61695e-06 4.1058e-06 4.50254e-06 4.78607e-06 4.94362e-06 4.9713e-06 4.87385e-06 4.66358e-06 4.35873e-06 3.98148e-06 3.55582e-06 3.10555e-06 2.65258e-06 2.21559e-06 1.80924e-06 1.44384e-06 1.12544e-06 8.56199e-07 6.35101e-07 4.58702e-07 3.21979e-07 2.19095e-07 1.44032e-07 9.10504e-08 5.49853e-08 3.14173e-08 1.67318e-08 8.09892e-09 3.39837e-09 1.11139e-09 2.01686e-10 0 
0 0 0 0 0 0 0 0 0 0 0 0 0 0 0 0 0 0 0 0 0 0 0 0 0 0 0 0 0 0 0 0 0 0 0 0 0 0 0 0 0 
