0 0 0 0 0 0 0 0 0 0 0 0 0 0 0 0 0 0 0 0 0 0 0 0 0 0 0 0 0 0 0 0 0 0 0 0 0 0 0 0 0 
0 1.36851e-05 5.57203e-05 0.000124742 0.000214582 0.000314012 0.000408954 0.000486982 0.000541486 0.000572758 0.000585921 0.000587806 0.000584575 0.000580604 0.000578271 0.000578137 0.000579231 0.000579329 0.00057531 0.000563673 0.000541298 0.000506331 0.000458941 0.000401588 0.000338553 0.000274874 0.000215119 0.000162514 0.000118667 8.37991e-05 5.71929e-05 3.76475e-05 2.38099e-05 1.43803e-05 8.2164e-06 4.37558e-06 2.1179e-06 8.88668e-07 2.90623e-07 5.27397e-08 0 
0 5.57203e-05 0.000223728 0.000486445 0.000792884 0.00106362 0.00122489 0.00125076 0.00117098 0.00104036 0.00090581 0.000794018 0.000715175 0.000670747 0.000659237 0.000678985 0.000728783 0.000806996 0.000909571 0.00102741 0.00114422 0.00123682 0.00127993 0.00125512 0.00115946 0.00100792 0.000826978 0.000643918 0.000478668 0.000341348 0.000234137 0.00015449 9.78109e-05 5.9101e-05 3.37745e-05 1.79877e-05 8.70676e-06 3.65338e-06 1.19477e-06 2.16818e-07 0 
0 0.000124742 0.000486445 0.000993128 0.00144001 0.00160458 0.00143621 0.0010881 0.000742782 0.000486364 0.000322666 0.000226593 0.000173913 0.000148856 0.000143326 0.00015493 0.000185885 0.000242883 0.000337227 0.000483755 0.000695991 0.000974944 0.00129319 0.00158608 0.00176866 0.00177997 0.0016214 0.00135164 0.00104649 0.000763055 0.000529292 0.000351078 0.000222787 0.000134745 7.70318e-05 4.10315e-05 1.98619e-05 8.33426e-06 2.7256e-06 4.9462e-07 0 
0 0.000214582 0.000792884 0.00144001 0.00168891 0.00137029 0.000823546 0.000402931 0.000177493 7.71037e-05 3.56654e-05 1.86865e-05 1.16111e-05 8.80928e-06 8.25827e-06 9.52111e-06 1.32414e-05 2.15339e-05 3.93712e-05 7.74565e-05 0.00015673 0.000312125 0.000586848 0.00100265 0.00150642 0.00194507 0.0021426 0.00203534 0.00170812 0.00130261 0.000924274 0.000619558 0.000394952 0.000239313 0.000136909 7.29443e-05 3.53131e-05 1.48182e-05 4.84613e-06 8.7944e-07 0 
0 0.000314012 0.00106362 0.00160458 0.00137029 0.00071968 0.000261339 7.5379e-05 1.96911e-05 5.23485e-06 1.56791e-06 5.75911e-07 2.76709e-07 1.8122e-07 1.64439e-07 2.05127e-07 3.41602e-07 7.24915e-07 1.84928e-06 5.31786e-06 1.61547e-05 4.87632e-05 0.000138415 0.000351946 0.000767783 0.0013846 0.00201263 0.00235111 0.00226091 0.00186593 0.00137917 0.000942287 0.000605618 0.000368164 0.000210884 0.000112408 5.44263e-05 2.28397e-05 7.4696e-06 1.35554e-06 0 
0 0.000408954 0.00122489 0.00143621 0.000823546 0.000261339 5.41749e-05 8.69334e-06 1.26421e-06 1.92814e-07 3.52122e-08 8.62072e-09 3.08594e-09 1.70737e-09 1.49214e-09 2.03658e-09 4.16724e-09 1.19857e-08 4.47053e-08 1.97917e-07 9.5161e-07 4.57526e-06 2.04703e-05 8.03003e-05 0.000263019 0.000689797 0.00139703 0.00213835 0.0024967 0.00232422 0.00183312 0.00129183 0.000841428 0.000514237 0.000295137 0.000157428 7.62423e-05 3.19973e-05 1.04648e-05 1.8991e-06 0 
0 0.000486982 0.00125076 0.0010881 0.000402931 7.5379e-05 8.69334e-06 7.50075e-07 5.83572e-08 4.90327e-09 5.25938e-10 8.31817e-11 2.16797e-11 9.99761e-12 8.38617e-12 1.26037e-11 3.21783e-11 1.2834e-10 7.20219e-10 5.0693e-09 3.9885e-08 3.15311e-07 2.28508e-06 1.41064e-05 7.01709e-05 0.00026958 0.000771295 0.00159337 0.00235351 0.00256729 0.00221717 0.00163411 0.00108548 0.000668597 0.000384842 0.000205485 9.95502e-05 4.17837e-05 1.36659e-05 2.48005e-06 0 
0 0.000541486 0.00117098 0.000742782 0.000177493 1.96911e-05 1.26421e-06 5.83572e-08 2.41014e-09 1.10602e-10 6.91106e-12 7.01152e-13 1.32328e-13 5.06832e-14 4.07468e-14 6.74781e-14 2.15522e-13 1.19724e-12 1.01668e-11 1.1453e-10 1.48494e-09 1.94295e-08 2.29211e-07 2.23028e-06 1.67815e-05 9.34576e-05 0.000373031 0.00103624 0.00196164 0.00256657 0.00247863 0.00193563 0.00131961 0.000821346 0.000474594 0.000253748 0.000122987 5.1628e-05 1.68864e-05 3.06454e-06 0 
0 0.000572758 0.00104036 0.000486364 7.71037e-05 5.23485e-06 1.92814e-07 4.90327e-09 1.10602e-10 2.84719e-12 1.0611e-13 7.03813e-15 9.74856e-16 3.12358e-16 2.40874e-16 4.37192e-16 1.72806e-15 1.31657e-14 1.6602e-13 2.93085e-12 6.12465e-11 1.29708e-09 2.43697e-08 3.658e-07 4.07211e-06 3.20744e-05 0.000173757 0.000632877 0.00151572 0.00238543 0.00260253 0.00217239 0.00152746 0.000962778 0.000558928 0.000299324 0.000145154 6.09439e-05 1.99345e-05 3.61776e-06 0 
0 0.000585921 0.00090581 0.000322666 3.56654e-05 1.56791e-06 3.52122e-08 5.25938e-10 6.91106e-12 1.0611e-13 2.49064e-15 1.12907e-16 1.18487e-17 3.23286e-18 2.39868e-18 4.71892e-18 2.2538e-17 2.27506e-16 4.08205e-15 1.07625e-13 3.44541e-12 1.12233e-10 3.19719e-09 7.07058e-08 1.11603e-06 1.19461e-05 8.4471e-05 0.000388469 0.00114175 0.00212702 0.00261325 0.00233588 0.00169728 0.00108454 0.000632846 0.000339512 0.000164739 6.91795e-05 2.26296e-05 4.10695e-06 0 
0 0.000587806 0.000794018 0.000226593 1.86865e-05 5.75911e-07 8.62072e-09 8.31817e-11 7.01152e-13 7.03813e-15 1.12907e-16 3.73989e-18 3.12051e-19 7.45067e-20 5.34708e-20 1.12185e-19 6.24903e-19 7.93872e-18 1.90168e-16 6.96844e-15 3.16716e-13 1.47011e-11 5.89926e-10 1.79504e-08 3.77651e-07 5.19857e-06 4.56462e-05 0.000253113 0.000876571 0.00187688 0.00255653 0.00243247 0.00182319 0.00118045 0.000692257 0.000372032 0.000180621 7.58627e-05 2.48171e-05 4.50403e-06 0 
0 0.000584575 0.000715175 0.000173913 1.16111e-05 2.76709e-07 3.08594e-09 2.16797e-11 1.32328e-13 9.74856e-16 1.18487e-17 3.12051e-19 2.20063e-20 4.75926e-21 3.32659e-21 7.29821e-21 4.53689e-20 6.8002e-19 2.0073e-17 9.33772e-16 5.47454e-14 3.28821e-12 1.69382e-10 6.5057e-09 1.68832e-07 2.79232e-06 2.86955e-05 0.000182089 0.000709456 0.00168176 0.00247769 0.00247721 0.00190455 0.00124681 0.000734268 0.000395195 0.000191962 8.06382e-05 2.63806e-05 4.78785e-06 0 
0 0.000580604 0.000670747 0.000148856 8.80928e-06 1.8122e-07 1.70737e-09 9.99761e-12 5.06832e-14 3.12358e-16 3.23286e-18 7.45067e-20 4.75926e-21 9.693e-22 6.6522e-22 1.49352e-21 9.86433e-21 1.62204e-19 5.3887e-18 2.872e-16 1.94826e-14 1.35729e-12 8.0768e-11 3.55058e-09 1.041e-07 1.91607e-06 2.15826e-05 0.00014815 0.000618406 0.00155758 0.00240863 0.00248602 0.00194384 0.00128212 0.000757279 0.000408007 0.000198254 8.32909e-05 2.72494e-05 4.94559e-06 0 
0 0.000578271 0.000659237 0.000143326 8.25827e-06 1.64439e-07 1.49214e-09 8.38617e-12 4.07468e-14 2.40874e-16 2.39868e-18 5.34708e-20 3.32659e-21 6.6522e-22 4.52381e-22 1.01604e-21 6.77259e-21 1.13271e-19 3.85294e-18 2.11325e-16 1.48019e-14 1.06646e-12 6.56318e-11 2.9798e-09 9.00117e-08 1.70173e-06 1.96266e-05 0.000137595 0.000585815 0.00150383 0.00236467 0.00246991 0.00194441 0.00128661 0.000760944 0.000410187 0.000199349 8.37559e-05 2.74021e-05 4.97333e-06 0 
0 0.000578137 0.000678985 0.00015493 9.52111e-06 2.05127e-07 2.03658e-09 1.26037e-11 6.74781e-14 4.37192e-16 4.71892e-18 1.12185e-19 7.29821e-21 1.49352e-21 1.01604e-21 2.23316e-21 1.42896e-20 2.25844e-19 7.17326e-18 3.64601e-16 2.35896e-14 1.57095e-12 8.97052e-11 3.80285e-09 1.08114e-07 1.94065e-06 2.14405e-05 0.00014519 0.000601493 0.00151263 0.00234607 0.00243234 0.0019088 0.00126172 0.00074603 0.000402133 0.000195436 8.21129e-05 2.68647e-05 4.87581e-06 0 
0 0.000579231 0.000728783 0.000185885 1.32414e-05 3.41602e-07 4.16724e-09 3.21783e-11 2.15522e-13 1.72806e-15 2.2538e-17 6.24903e-19 4.53689e-20 9.86433e-21 6.77259e-21 1.42896e-20 8.3918e-20 1.17214e-18 3.19594e-17 1.36788e-15 7.38238e-14 4.09892e-12 1.96546e-10 7.08939e-09 1.74486e-07 2.76526e-06 2.75195e-05 0.000171001 0.000660366 0.00157037 0.00233996 0.00236918 0.00183835 0.00120976 0.000714236 0.000384827 0.000187005 7.85688e-05 2.57051e-05 4.66536e-06 0 
0 0.000579329 0.000806996 0.000242883 2.15339e-05 7.24915e-07 1.19857e-08 1.2834e-10 1.19724e-12 1.31657e-14 2.27506e-16 7.93872e-18 6.8002e-19 1.62204e-19 1.13271e-19 2.25844e-19 1.17214e-18 1.36716e-17 2.97961e-16 9.89858e-15 4.08449e-13 1.73078e-11 6.39505e-10 1.81095e-08 3.58834e-07 4.71216e-06 4.00255e-05 0.00021819 0.000756972 0.00165384 0.00232154 0.00227065 0.00173365 0.00113376 0.000668001 0.000359711 0.000174778 7.34302e-05 2.4024e-05 4.36026e-06 0 
0 0.00057531 0.000909571 0.000337227 3.93712e-05 1.84928e-06 4.47053e-08 7.20219e-10 1.01668e-11 1.6602e-13 4.08205e-15 1.90168e-16 2.0073e-17 5.3887e-18 3.85294e-18 7.17326e-18 3.19594e-17 2.97961e-16 4.91144e-15 1.18843e-13 3.50136e-12 1.05573e-10 2.80607e-09 5.84549e-08 8.78589e-07 9.06909e-06 6.28379e-05 0.000289404 0.000875803 0.0017233 0.00225574 0.00212417 0.00159539 0.00103741 0.000610279 0.000328536 0.000159632 6.70698e-05 2.19437e-05 3.98274e-06 0 
0 0.000563673 0.00102741 0.000483755 7.74565e-05 5.31786e-06 1.97917e-07 5.0693e-09 1.1453e-10 2.93085e-12 1.07625e-13 6.96844e-15 9.33772e-16 2.872e-16 2.11325e-16 3.64601e-16 1.36788e-15 9.89858e-15 1.18843e-13 2.00473e-12 4.01991e-11 8.20472e-10 1.49197e-08 2.17712e-07 2.36943e-06 1.84188e-05 0.000100226 0.000378068 0.000977297 0.00171754 0.002101 0.0019172 0.00142489 0.000924783 0.000544272 0.000293192 0.000142517 5.98905e-05 1.95964e-05 3.55683e-06 0 
0 0.000541298 0.00114422 0.000695991 0.00015673 1.61547e-05 9.5161e-07 3.9885e-08 1.48494e-09 6.12465e-11 3.44541e-12 3.16716e-13 5.47454e-14 1.94826e-14 1.48019e-14 2.35896e-14 7.38238e-14 4.08449e-13 3.50136e-12 4.01991e-11 5.3387e-10 7.15817e-09 8.62225e-08 8.51454e-07 6.4694e-06 3.64764e-05 0.000150427 0.000452073 0.000986218 0.00155833 0.00181557 0.0016387 0.00122373 0.000799908 0.000473134 0.000255552 0.000124372 5.22919e-05 1.71135e-05 3.10638e-06 0 
0 0.000506331 0.00123682 0.000974944 0.000312125 4.87632e-05 4.57526e-06 3.15311e-07 1.94295e-08 1.29708e-09 1.12233e-10 1.47011e-11 3.28821e-12 1.35729e-12 1.06646e-12 1.57095e-12 4.09892e-12 1.73078e-11 1.05573e-10 8.20472e-10 7.15817e-09 6.23057e-08 4.88634e-07 3.18516e-06 1.63171e-05 6.3819e-05 0.000190224 0.00043993 0.000805782 0.00117731 0.00136928 0.00127995 0.000992721 0.000666162 0.000399703 0.000217332 0.000106064 4.46417e-05 1.46154e-05 2.65329e-06 0 
0 0.000458941 0.00127993 0.00129319 0.000586848 0.000138415 2.04703e-05 2.28508e-06 2.29211e-07 2.43697e-08 3.19719e-09 5.89926e-10 1.69382e-10 8.0768e-11 6.56318e-11 8.97052e-11 1.96546e-10 6.39505e-10 2.80607e-09 1.49197e-08 8.62225e-08 4.88634e-07 2.47712e-06 1.0397e-05 3.40954e-05 8.51164e-05 0.000165912 0.000273579 0.000417402 0.000604711 0.000785375 0.00084573 0.000733565 0.000526332 0.000326409 0.000180014 8.83372e-05 3.72545e-05 1.22052e-05 2.21623e-06 0 
0 0.000401588 0.00125512 0.00158608 0.00100265 0.000351946 8.03003e-05 1.41064e-05 2.23028e-06 3.658e-07 7.07058e-08 1.79504e-08 6.5057e-09 3.55058e-09 2.9798e-09 3.80285e-09 7.08939e-09 1.81095e-08 5.84549e-08 2.17712e-07 8.51454e-07 3.18516e-06 1.0397e-05 2.69888e-05 5.09673e-05 6.67199e-05 6.52462e-05 6.12377e-05 7.45408e-05 0.000128003 0.000248422 0.000400807 0.000460462 0.000384714 0.000255587 0.000144863 7.17945e-05 3.03798e-05 9.96374e-06 1.80985e-06 0 
0 0.000338553 0.00115946 0.00176866 0.00150642 0.000767783 0.000263019 7.01709e-05 1.67815e-05 4.07211e-06 1.11603e-06 3.77651e-07 1.68832e-07 1.041e-07 9.00117e-08 1.08114e-07 1.74486e-07 3.58834e-07 8.78589e-07 2.36943e-06 6.4694e-06 1.63171e-05 3.40954e-05 5.09673e-05 4.48662e-05 1.97937e-05 5.00547e-06 1.44568e-06 1.20646e-06 3.82461e-06 2.28393e-05 0.000101513 0.000220367 0.000251691 0.000190214 0.000113002 5.68967e-05 2.41973e-05 7.94831e-06 1.44443e-06 0 
0 0.000274874 0.00100792 0.00177997 0.00194507 0.0013846 0.000689797 0.00026958 9.34576e-05 3.20744e-05 1.19461e-05 5.19857e-06 2.79232e-06 1.91607e-06 1.70173e-06 1.94065e-06 2.76526e-06 4.71216e-06 9.06909e-06 1.84188e-05 3.64764e-05 6.3819e-05 8.51164e-05 6.67199e-05 1.97937e-05 1.36821e-06 2.58709e-08 6.92812e-10 2.8929e-10 3.91494e-09 2.77461e-07 1.00393e-05 7.34485e-05 0.000144695 0.00013427 8.54541e-05 4.39621e-05 1.88171e-05 6.19264e-06 1.12598e-06 0 
0 0.000215119 0.000826978 0.0016214 0.0021426 0.00201263 0.00139703 0.000771295 0.000373031 0.000173757 8.4471e-05 4.56462e-05 2.86955e-05 2.15826e-05 1.96266e-05 2.14405e-05 2.75195e-05 4.00255e-05 6.28379e-05 0.000100226 0.000150427 0.000190224 0.000165912 6.52462e-05 5.00547e-06 2.58709e-08 1.02213e-11 7.13509e-15 1.06362e-15 1.50265e-13 5.14354e-10 4.45349e-07 1.86728e-05 7.63444e-05 9.13835e-05 6.2961e-05 3.31509e-05 1.42831e-05 4.70911e-06 8.56666e-07 0 
0 0.000162514 0.000643918 0.00135164 0.00203534 0.00235111 0.00213835 0.00159337 0.00103624 0.000632877 0.000388469 0.000253113 0.000182089 0.00014815 0.000137595 0.00014519 0.000171001 0.00021819 0.000289404 0.000378068 0.000452073 0.00043993 0.000273579 6.12377e-05 1.44568e-06 6.92812e-10 7.13509e-15 1.22271e-17 4.60002e-18 3.0248e-17 1.59409e-12 2.69109e-08 5.49591e-06 4.22812e-05 6.23177e-05 4.56402e-05 2.4441e-05 1.05787e-05 3.49204e-06 6.35469e-07 0 
0 0.000118667 0.000478668 0.00104649 0.00170812 0.00226091 0.0024967 0.00235351 0.00196164 0.00151572 0.00114175 0.000876571 0.000709456 0.000618406 0.000585815 0.000601493 0.000660366 0.000756972 0.000875803 0.000977297 0.000986218 0.000805782 0.000417402 7.45408e-05 1.20646e-06 2.8929e-10 1.06362e-15 4.60005e-18 6.23529e-19 4.16082e-17 2.95834e-13 1.06571e-08 3.22475e-06 2.8776e-05 4.43369e-05 3.28461e-05 1.76379e-05 7.63898e-06 2.52201e-06 4.58961e-07 0 
0 8.37991e-05 0.000341348 0.000763055 0.00130261 0.00186593 0.00232422 0.00256729 0.00256657 0.00238543 0.00212702 0.00187688 0.00168176 0.00155758 0.00150383 0.00151263 0.00157037 0.00165384 0.0017233 0.00171754 0.00155833 0.00117731 0.000604711 0.000128003 3.82461e-06 3.91494e-09 1.50265e-13 3.0248e-17 4.16082e-17 3.77516e-16 9.89919e-12 4.4358e-08 4.40997e-06 2.5081e-05 3.31906e-05 2.34791e-05 1.2442e-05 5.36871e-06 1.77067e-06 3.2214e-07 0 
0 5.71929e-05 0.000234137 0.000529292 0.000924274 0.00137917 0.00183312 0.00221717 0.00247863 0.00260253 0.00261325 0.00255653 0.00247769 0.00240863 0.00236467 0.00234607 0.00233996 0.00232154 0.00225574 0.002101 0.00181557 0.00136928 0.000785375 0.000248422 2.28393e-05 2.77461e-07 5.14354e-10 1.59409e-12 2.95834e-13 9.89919e-12 3.91486e-09 5.9123e-07 9.31733e-06 2.47886e-05 2.52703e-05 1.64976e-05 8.54113e-06 3.66138e-06 1.20537e-06 2.19184e-07 0 
0 3.76475e-05 0.00015449 0.000351078 0.000619558 0.000942287 0.00129183 0.00163411 0.00193563 0.00217239 0.00233588 0.00243247 0.00247721 0.00248602 0.00246991 0.00243234 0.00236918 0.00227065 0.00212417 0.0019172 0.0016387 0.00127995 0.00084573 0.000400807 0.000101513 1.00393e-05 4.45349e-07 2.69109e-08 1.06571e-08 4.4358e-08 5.9123e-07 5.38609e-06 1.7429e-05 2.33869e-05 1.86159e-05 1.1219e-05 5.6691e-06 2.41301e-06 7.92776e-07 1.44075e-07 0 
0 2.38099e-05 9.78109e-05 0.000222787 0.000394952 0.000605618 0.000841428 0.00108548 0.00131961 0.00152746 0.00169728 0.00182319 0.00190455 0.00194384 0.00194441 0.0019088 0.00183835 0.00173365 0.00159539 0.00142489 0.00122373 0.000992721 0.000733565 0.000460462 0.000220367 7.34485e-05 1.86728e-05 5.49591e-06 3.22475e-06 4.40997e-06 9.31733e-06 1.7429e-05 2.19792e-05 1.90777e-05 1.28212e-05 7.28617e-06 3.61264e-06 1.52872e-06 5.01365e-07 9.10685e-08 0 
0 1.43803e-05 5.9101e-05 0.000134745 0.000239313 0.000368164 0.000514237 0.000668597 0.000821346 0.000962778 0.00108454 0.00118045 0.00124681 0.00128212 0.00128661 0.00126172 0.00120976 0.00113376 0.00103741 0.000924783 0.000799908 0.000666162 0.000526332 0.000384714 0.000251691 0.000144695 7.63444e-05 4.22812e-05 2.8776e-05 2.5081e-05 2.47886e-05 2.33869e-05 1.90777e-05 1.33138e-05 8.15892e-06 4.47836e-06 2.19381e-06 9.24643e-07 3.02869e-07 5.4992e-08 0 
0 8.2164e-06 3.37745e-05 7.70318e-05 0.000136909 0.000210884 0.000295137 0.000384842 0.000474594 0.000558928 0.000632846 0.000692257 0.000734268 0.000757279 0.000760944 0.00074603 0.000714236 0.000668001 0.000610279 0.000544272 0.000473134 0.000399703 0.000326409 0.000255587 0.000190214 0.00013427 9.13835e-05 6.23177e-05 4.43369e-05 3.31906e-05 2.52703e-05 1.86159e-05 1.28212e-05 8.15892e-06 4.79116e-06 2.58423e-06 1.25764e-06 5.28839e-07 1.73087e-07 3.14195e-08 0 
0 4.37558e-06 1.79877e-05 4.10315e-05 7.29443e-05 0.000112408 0.000157428 0.000205485 0.000253748 0.000299324 0.000339512 0.000372032 0.000395195 0.000408007 0.000410187 0.000402133 0.000384827 0.000359711 0.000328536 0.000293192 0.000255552 0.000217332 0.000180014 0.000144863 0.000113002 8.54541e-05 6.2961e-05 4.56402e-05 3.28461e-05 2.34791e-05 1.64976e-05 1.1219e-05 7.28617e-06 4.47836e-06 2.58423e-06 1.38305e-06 6.70943e-07 2.81795e-07 9.21908e-08 1.67324e-08 0 
0 2.1179e-06 8.70676e-06 1.98619e-05 3.53131e-05 5.44263e-05 7.62423e-05 9.95502e-05 0.000122987 0.000145154 0.000164739 0.000180621 0.000191962 0.000198254 0.000199349 0.000195436 0.000187005 0.000174778 0.000159632 0.000142517 0.000124372 0.000106064 8.83372e-05 7.17945e-05 5.68967e-05 4.39621e-05 3.31509e-05 2.4441e-05 1.76379e-05 1.2442e-05 8.54113e-06 5.6691e-06 3.61264e-06 2.19381e-06 1.25764e-06 6.70943e-07 3.25037e-07 1.36438e-07 4.4627e-08 8.09907e-09 0 
0 8.88668e-07 3.65338e-06 8.33426e-06 1.48182e-05 2.28397e-05 3.19973e-05 4.17837e-05 5.1628e-05 6.09439e-05 6.91795e-05 7.58627e-05 8.06382e-05 8.32909e-05 8.37559e-05 8.21129e-05 7.85688e-05 7.34302e-05 6.70698e-05 5.98905e-05 5.22919e-05 4.46417e-05 3.72545e-05 3.03798e-05 2.41973e-05 1.88171e-05 1.42831e-05 1.05787e-05 7.63898e-06 5.36871e-06 3.66138e-06 2.41301e-06 1.52872e-06 9.24643e-07 5.28839e-07 2.81795e-07 1.36438e-07 5.72578e-08 1.87264e-08 3.3984e-09 0 
0 2.90623e-07 1.19477e-06 2.7256e-06 4.84613e-06 7.4696e-06 1.04648e-05 1.36659e-05 1.68864e-05 1.99345e-05 2.26296e-05 2.48171e-05 2.63806e-05 2.72494e-05 2.74021e-05 2.68647e-05 2.57051e-05 2.4024e-05 2.19437e-05 1.95964e-05 1.71135e-05 1.46154e-05 1.22052e-05 9.96374e-06 7.94831e-06 6.19264e-06 4.70911e-06 3.49204e-06 2.52201e-06 1.77067e-06 1.20537e-06 7.92776e-07 5.01365e-07 3.02869e-07 1.73087e-07 9.21908e-08 4.4627e-08 1.87264e-08 6.12427e-09 1.11139e-09 0 
0 5.27397e-08 2.16818e-07 4.9462e-07 8.7944e-07 1.35554e-06 1.8991e-06 2.48005e-06 3.06454e-06 3.61776e-06 4.10695e-06 4.50403e-06 4.78785e-06 4.94559e-06 4.97333e-06 4.87581e-06 4.66536e-06 4.36026e-06 3.98274e-06 3.55683e-06 3.10638e-06 2.65329e-06 2.21623e-06 1.80985e-06 1.44443e-06 1.12598e-06 8.56666e-07 6.35469e-07 4.58961e-07 3.2214e-07 2.19184e-07 1.44075e-07 9.10685e-08 5.4992e-08 3.14195e-08 1.67324e-08 8.09907e-09 3.3984e-09 1.11139e-09 2.01687e-10 0 
0 0 0 0 0 0 0 0 0 0 0 0 0 0 0 0 0 0 0 0 0 0 0 0 0 0 0 0 0 0 0 0 0 0 0 0 0 0 0 0 0 
