0 0 0 0 0 0 0 0 0 0 0 0 0 0 0 0 0 0 0 0 0 0 0 0 0 0 0 0 0 0 0 0 0 0 0 0 0 0 0 0 0 
0 1.34419e-05 5.35545e-05 0.000115231 0.000186114 0.000249659 0.00029259 0.000310761 0.000308598 0.000294322 0.000275657 0.000258005 0.000244429 0.000236335 0.000234141 0.000237694 0.000246433 0.000259345 0.00027482 0.000290516 0.00030338 0.000309961 0.000307084 0.000292756 0.000266983 0.000232037 0.000191918 0.000151178 0.000113675 8.18151e-05 5.64798e-05 3.74151e-05 2.37413e-05 1.43619e-05 8.21194e-06 4.37461e-06 2.11772e-06 8.88638e-07 2.90619e-07 5.27395e-08 0 
0 5.35545e-05 0.000204019 0.000401503 0.000557469 0.00060103 0.000535621 0.000418961 0.000304503 0.000216106 0.000155979 0.000118193 9.62193e-05 8.53753e-05 8.30547e-05 8.84e-05 0.000102011 0.000125767 0.000162589 0.000215822 0.000287803 0.00037736 0.000476767 0.000570021 0.000635343 0.000653217 0.000616441 0.000534626 0.000428923 0.000321369 0.000227 0.000152205 9.71519e-05 5.89293e-05 3.37342e-05 1.79792e-05 8.70519e-06 3.65313e-06 1.19475e-06 2.16816e-07 0 
0 0.000115231 0.000401503 0.000660542 0.000683191 0.000494014 0.000276384 0.000132399 5.9354e-05 2.68364e-05 1.30348e-05 7.16143e-06 4.62636e-06 3.60095e-06 3.40861e-06 3.90321e-06 5.30939e-06 8.33845e-06 1.45931e-05 2.73725e-05 5.29085e-05 0.000101549 0.000187164 0.000321585 0.000501805 0.000695363 0.000841865 0.000884972 0.000813027 0.000664205 0.000493239 0.00033955 0.000219511 0.00013391 7.68408e-05 4.09924e-05 1.98549e-05 8.33321e-06 2.72547e-06 4.94612e-07 0 
0 0.000186114 0.000557469 0.000683191 0.000451501 0.000187245 5.67431e-05 1.43739e-05 3.42111e-06 8.50689e-07 2.4318e-07 8.66764e-08 4.09806e-08 2.67228e-08 2.43819e-08 3.08311e-08 5.23938e-08 1.14091e-07 3.00086e-07 8.93707e-07 2.8252e-06 8.93007e-06 2.68059e-05 7.32797e-05 0.000176476 0.000364213 0.000628518 0.000889412 0.00102587 0.000978981 0.000798666 0.000578396 0.000383246 0.00023637 0.000136249 7.28128e-05 3.52901e-05 1.48148e-05 4.84575e-06 8.79417e-07 0 
0 0.000249659 0.00060103 0.000494014 0.000187245 4.02622e-05 5.90484e-06 6.94226e-07 7.63167e-08 9.10923e-09 1.35627e-09 2.8371e-10 9.13152e-11 4.78778e-11 4.17481e-11 5.96524e-11 1.33355e-10 4.34316e-10 1.88654e-09 9.92265e-09 5.73774e-08 3.33612e-07 1.80705e-06 8.58699e-06 3.42862e-05 0.000111722 0.000290726 0.000591706 0.000924889 0.00110911 0.00105067 0.000828227 0.000572501 0.000359849 0.000209044 0.000112048 5.43646e-05 2.28309e-05 7.46863e-06 1.35548e-06 0 
0 0.00029259 0.000535621 0.000276384 5.67431e-05 5.90484e-06 3.82482e-07 1.87737e-08 8.54274e-10 4.40806e-11 3.11487e-12 3.5448e-13 7.35371e-14 3.0054e-14 2.48813e-14 4.08691e-14 1.24937e-13 6.44275e-13 4.96271e-12 4.99847e-11 5.76243e-10 6.72195e-09 7.13883e-08 6.35294e-07 4.46979e-06 2.40149e-05 9.68363e-05 0.000289921 0.000635268 0.00100545 0.0011635 0.00103672 0.000764051 0.000494561 0.000290803 0.00015659 7.61014e-05 3.19773e-05 1.04626e-05 1.89897e-06 0 
0 0.000310761 0.000418961 0.000132399 1.43739e-05 6.94226e-07 1.87737e-08 3.61347e-10 6.38838e-12 1.34227e-13 4.26956e-15 2.53171e-16 3.28139e-17 1.02727e-17 8.04443e-18 1.53302e-17 6.54887e-17 5.52235e-16 7.85351e-15 1.58594e-13 3.82858e-12 9.41963e-11 2.05943e-09 3.59145e-08 4.63076e-07 4.22412e-06 2.68015e-05 0.000118255 0.00036302 0.000768303 0.00111803 0.00116143 0.000932478 0.000628651 0.000376005 0.000203789 9.92683e-05 4.17444e-05 1.36618e-05 2.47981e-06 0 
0 0.000308598 0.000304503 5.9354e-05 3.42111e-06 7.63167e-08 8.54274e-10 6.38838e-12 4.34937e-14 3.6911e-16 5.2493e-18 1.63647e-19 1.47556e-20 4.36289e-21 3.43349e-21 6.42805e-21 3.22762e-20 4.23875e-19 1.11337e-17 4.53441e-16 2.30727e-14 1.20565e-12 5.46587e-11 1.88159e-09 4.4765e-08 6.96648e-07 6.953e-06 4.47954e-05 0.000189347 0.000528383 0.000968875 0.00119142 0.00105851 0.000750552 0.000458746 0.000250712 0.000122486 5.15591e-05 1.68792e-05 3.06413e-06 0 
0 0.000294322 0.000216106 2.68364e-05 8.50689e-07 9.10923e-09 4.40806e-11 1.34227e-13 3.6911e-16 1.32516e-18 9.24615e-21 2.55627e-22 3.86274e-23 1.64241e-23 1.37405e-23 2.07329e-23 6.41852e-23 5.94116e-22 2.16586e-20 1.68302e-18 1.73815e-16 1.85779e-14 1.68453e-12 1.10732e-10 4.72024e-09 1.22182e-07 1.87531e-06 1.72377e-05 9.76423e-05 0.00034914 0.000791495 0.00114856 0.00113554 0.000851646 0.000533616 0.000294463 0.000144357 6.08349e-05 1.99232e-05 3.61712e-06 0 
0 0.000275657 0.000155979 1.30348e-05 2.4318e-07 1.35627e-09 3.11487e-12 4.26956e-15 5.2493e-18 9.24615e-21 5.44172e-23 2.12421e-24 4.70948e-25 2.63756e-25 2.3195e-25 2.94092e-25 6.29397e-25 3.78215e-24 1.05332e-22 1.16206e-20 2.21436e-18 4.4688e-16 7.50243e-14 8.76549e-12 6.27826e-10 2.55674e-08 5.75722e-07 7.25195e-06 5.30326e-05 0.000234217 0.000636018 0.00106935 0.0011699 0.000927912 0.000596452 0.000332485 0.000163588 6.9023e-05 2.26135e-05 4.10604e-06 0 
0 0.000258005 0.000118193 7.16143e-06 8.66764e-08 2.8371e-10 3.5448e-13 2.53171e-16 1.63647e-19 2.55628e-22 2.12422e-24 7.68223e-26 1.56427e-26 9.85198e-27 8.92217e-27 1.00817e-26 1.7578e-26 9.27475e-26 2.31046e-24 2.27333e-22 6.22001e-20 2.09875e-17 5.82893e-15 1.08982e-12 1.19335e-10 7.04248e-09 2.1708e-07 3.53839e-06 3.18337e-05 0.000166338 0.000520697 0.000985923 0.00117537 0.00097977 0.000644706 0.000362791 0.000179108 7.56575e-05 2.47961e-05 4.50285e-06 0 
0 0.000244429 9.62193e-05 4.62636e-06 4.09806e-08 9.13152e-11 7.35371e-14 3.28139e-17 1.47556e-20 3.86275e-23 4.70951e-25 1.56428e-26 1.43085e-27 6.08552e-28 5.3106e-28 5.71977e-28 1.12077e-27 9.1183e-27 2.46553e-25 1.87058e-23 4.82088e-21 2.28417e-18 9.12377e-16 2.39603e-13 3.5661e-11 2.75248e-09 1.06503e-07 2.09217e-06 2.18561e-05 0.000128742 0.000445486 0.000918227 0.00116662 0.00101045 0.000677337 0.000384062 0.000190137 8.03911e-05 2.63553e-05 4.78644e-06 0 
0 0.000236335 8.53753e-05 3.60095e-06 2.67228e-08 4.78778e-11 3.0054e-14 1.02727e-17 4.3629e-21 1.64242e-23 2.63758e-25 9.85211e-27 6.08561e-28 7.91314e-29 4.18433e-29 5.21717e-29 2.38337e-28 3.32476e-27 8.89717e-26 5.58468e-24 1.1721e-21 6.41611e-19 3.14904e-16 1.00341e-13 1.77874e-11 1.6e-09 7.04878e-08 1.54039e-06 1.75229e-05 0.000110477 0.000404551 0.000875364 0.00115479 0.00102388 0.000694383 0.000395648 0.000196225 8.30163e-05 2.72213e-05 4.94402e-06 0 
0 0.000234141 8.30547e-05 3.40861e-06 2.43819e-08 4.17481e-11 2.48813e-14 8.04443e-18 3.43349e-21 1.37405e-23 2.31952e-25 8.92229e-27 5.31069e-28 4.18439e-29 7.85201e-30 1.70852e-29 1.68929e-28 2.69027e-27 7.14698e-26 4.31719e-24 8.6248e-22 4.82954e-19 2.47562e-16 8.22046e-14 1.51302e-11 1.40675e-09 6.37453e-08 1.42576e-06 1.65238e-05 0.00010576 0.000392411 0.000859587 0.00114586 0.00102311 0.000696448 0.000397478 0.000197259 8.34727e-05 2.73731e-05 4.97171e-06 0 
0 0.000237694 8.84e-05 3.90321e-06 3.08311e-08 5.96524e-11 4.08691e-14 1.53302e-17 6.42805e-21 2.07329e-23 2.94095e-25 1.00819e-26 5.71985e-28 5.2172e-29 1.7085e-29 3.32264e-29 2.51646e-28 3.92573e-27 1.12905e-25 7.78116e-24 1.80067e-21 9.45949e-19 4.3268e-16 1.29144e-13 2.15955e-11 1.84679e-09 7.79753e-08 1.64595e-06 1.82178e-05 0.000112482 0.000405688 0.000869142 0.00114063 0.00100942 0.000684346 0.000389968 0.000193432 8.18407e-05 2.68368e-05 4.87425e-06 0 
0 0.000246433 0.000102011 5.30939e-06 5.23938e-08 1.33355e-10 1.24937e-13 6.54887e-17 3.22762e-20 6.41853e-23 6.294e-25 1.75781e-26 1.12078e-27 2.38334e-28 1.68926e-28 2.51643e-28 1.00577e-27 1.26908e-26 4.12522e-25 3.69565e-23 1.03841e-20 4.41677e-18 1.56022e-15 3.65808e-13 4.92045e-11 3.47933e-09 1.25075e-07 2.31403e-06 2.30598e-05 0.000131096 0.00044256 0.000898997 0.00113531 0.000982346 0.000658965 0.000373931 0.000185206 7.83236e-05 2.56799e-05 4.66394e-06 0 
0 0.000259345 0.000125767 8.33845e-06 1.14091e-07 4.34316e-10 6.44275e-13 5.52235e-16 4.23875e-19 5.94116e-22 3.78216e-24 9.27477e-26 9.11826e-27 3.32472e-27 2.69024e-27 3.92569e-27 1.26907e-26 1.31333e-25 4.78831e-24 5.69195e-22 1.46821e-19 4.28886e-17 1.03458e-14 1.6988e-12 1.6567e-10 8.84411e-09 2.50592e-07 3.8144e-06 3.25382e-05 0.000163634 0.000500539 0.000939694 0.00112213 0.000940215 0.000621344 0.000350517 0.000173254 7.32215e-05 2.40024e-05 4.35904e-06 0 
0 0.00027482 0.000162589 1.45931e-05 3.00086e-07 1.88654e-09 4.96271e-12 7.85351e-15 1.11337e-17 2.16586e-20 1.05332e-22 2.31046e-24 2.46551e-25 8.8971e-26 7.14693e-26 1.12904e-25 4.12521e-25 4.7883e-24 2.08379e-22 2.39657e-20 4.08585e-18 7.30845e-16 1.09357e-13 1.14893e-11 7.48213e-10 2.80457e-08 5.88819e-07 7.00847e-06 4.9138e-05 0.000211659 0.000572037 0.0009751 0.00109034 0.000881059 0.000572834 0.000321141 0.000158399 6.68996e-05 2.19259e-05 3.98172e-06 0 
0 0.000290516 0.000215822 2.73725e-05 8.93707e-07 9.92265e-09 4.99847e-11 1.58594e-13 4.53441e-16 1.68302e-18 1.16206e-20 2.27333e-22 1.87058e-23 5.58467e-24 4.31718e-24 7.78114e-24 3.69565e-23 5.69195e-22 2.39657e-20 1.80287e-18 1.77715e-16 1.81448e-14 1.57437e-12 9.92282e-11 4.0639e-09 1.01308e-07 1.5031e-06 1.34487e-05 7.51169e-05 0.000270757 0.00063699 0.000980402 0.00102778 0.000803506 0.000515211 0.00028741 0.000141543 5.97545e-05 1.95821e-05 3.55601e-06 0 
0 0.00030338 0.000287803 5.29085e-05 2.8252e-06 5.73774e-08 5.76243e-10 3.82858e-12 2.30727e-14 1.73815e-16 2.21436e-18 6.22001e-20 4.82088e-21 1.1721e-21 8.6248e-22 1.80067e-21 1.03841e-20 1.46821e-19 4.08585e-18 1.77715e-16 9.70796e-15 5.44378e-13 2.63243e-11 9.55688e-10 2.3612e-08 3.75373e-07 3.78125e-06 2.45773e-05 0.000106752 0.000318425 0.000654227 0.000922621 0.000922916 0.000707368 0.000450641 0.000251006 0.000123595 5.21819e-05 1.71017e-05 3.1057e-06 0 
0 0.000309961 0.00037736 0.000101549 8.93007e-06 3.33612e-07 6.72195e-09 9.41963e-11 1.20565e-12 1.85779e-14 4.4688e-16 2.09875e-17 2.28417e-18 6.41611e-19 4.82954e-19 9.45949e-19 4.41677e-18 4.28886e-17 7.30845e-16 1.81448e-14 5.44378e-13 1.65712e-11 4.394e-10 8.97117e-09 1.29058e-07 1.24669e-06 8.06697e-06 3.633e-05 0.000120115 0.00030056 0.000562901 0.000767821 0.000767419 0.000593786 0.000381513 0.000213566 0.000105409 4.45477e-05 1.46052e-05 2.65269e-06 0 
0 0.000307084 0.000476767 0.000187164 2.68059e-05 1.80705e-06 7.13883e-08 2.05943e-09 5.46587e-11 1.68453e-12 7.50243e-14 5.82893e-15 9.12377e-16 3.14904e-16 2.47562e-16 4.3268e-16 1.56022e-15 1.03458e-14 1.09357e-13 1.57437e-12 2.63243e-11 4.394e-10 6.38431e-09 7.16964e-08 5.66449e-07 2.99462e-06 1.08658e-05 3.02391e-05 7.39929e-05 0.000168194 0.000331898 0.000506259 0.000561541 0.00046562 0.000310324 0.000176595 8.77353e-05 3.71678e-05 1.21958e-05 2.21568e-06 0 
0 0.000292756 0.000570021 0.000321585 7.32797e-05 8.58699e-06 6.35294e-07 3.59145e-08 1.88159e-09 1.10732e-10 8.76549e-12 1.08982e-12 2.39603e-13 1.00341e-13 8.22046e-14 1.29144e-13 3.65808e-13 1.6988e-12 1.14893e-11 9.92282e-11 9.55688e-10 8.97117e-09 7.16964e-08 4.23169e-07 1.59594e-06 3.50169e-06 4.85117e-06 5.98261e-06 1.01194e-05 2.69846e-05 8.51811e-05 0.000210788 0.000329094 0.000329828 0.000239957 0.000141467 7.11966e-05 3.02944e-05 9.9546e-06 1.80932e-06 0 
0 0.000266983 0.000635343 0.000501805 0.000176476 3.42862e-05 4.46979e-06 4.63076e-07 4.4765e-08 4.72024e-09 6.27826e-10 1.19335e-10 3.5661e-11 1.77874e-11 1.51302e-11 2.15955e-11 4.92045e-11 1.6567e-10 7.48213e-10 4.0639e-09 2.3612e-08 1.29058e-07 5.66449e-07 1.59594e-06 2.12173e-06 1.01815e-06 2.07781e-07 4.74646e-08 4.52465e-08 2.69721e-07 3.85199e-06 3.6854e-05 0.00013341 0.000202018 0.000174406 0.00010949 5.62842e-05 2.41114e-05 7.9393e-06 1.44391e-06 0 
0 0.000232037 0.000653217 0.000695363 0.000364213 0.000111722 2.40149e-05 4.22412e-06 6.96648e-07 1.22182e-07 2.55674e-08 7.04248e-09 2.75248e-09 1.6e-09 1.40675e-09 1.84679e-09 3.47933e-09 8.84411e-09 2.80457e-08 1.01308e-07 3.75373e-07 1.24669e-06 2.99462e-06 3.50169e-06 1.01815e-06 3.57203e-08 1.88862e-10 1.51054e-12 5.26028e-13 2.33353e-11 1.01244e-08 1.73414e-06 3.29674e-05 0.000104399 0.000118904 8.19204e-05 4.33528e-05 1.87335e-05 6.18406e-06 1.1255e-06 0 
0 0.000191918 0.000616441 0.000841865 0.000628518 0.000290726 9.68363e-05 2.68015e-05 6.953e-06 1.87531e-06 5.75722e-07 2.1708e-07 1.06503e-07 7.04878e-08 6.37453e-08 7.79753e-08 1.25075e-07 2.50592e-07 5.88819e-07 1.5031e-06 3.78125e-06 8.06697e-06 1.08658e-05 4.85117e-06 2.07781e-07 1.88862e-10 4.49247e-15 7.80835e-16 2.63769e-15 3.98573e-17 1.90922e-12 2.64606e-08 5.60714e-06 4.83101e-05 7.78083e-05 5.96873e-05 3.25908e-05 1.42077e-05 4.70152e-06 8.56251e-07 0 
0 0.000151178 0.000534626 0.000884972 0.000889412 0.000591706 0.000289921 0.000118255 4.47954e-05 1.72377e-05 7.25195e-06 3.53839e-06 2.09217e-06 1.54039e-06 1.42576e-06 1.64595e-06 2.31403e-06 3.8144e-06 7.00847e-06 1.34487e-05 2.45773e-05 3.633e-05 3.02391e-05 5.98261e-06 4.74646e-08 1.51054e-12 7.80834e-16 5.14879e-17 1.05428e-16 2.45475e-17 6.78559e-16 6.1349e-10 1.16885e-06 2.40871e-05 5.15459e-05 4.29407e-05 2.39817e-05 1.05177e-05 3.48599e-06 6.35141e-07 0 
0 0.000113675 0.000428923 0.000813027 0.00102587 0.000924889 0.000635268 0.00036302 0.000189347 9.76423e-05 5.30326e-05 3.18337e-05 2.18561e-05 1.75229e-05 1.65238e-05 1.82178e-05 2.30598e-05 3.25382e-05 4.9138e-05 7.51169e-05 0.000106752 0.000120115 7.39929e-05 1.01194e-05 4.52465e-08 5.26028e-13 2.63769e-15 1.05428e-16 1.53531e-17 7.18937e-18 1.04596e-16 1.93144e-10 6.36893e-07 1.61072e-05 3.65703e-05 3.09005e-05 1.73091e-05 7.59561e-06 2.51772e-06 4.5873e-07 0 
0 8.18151e-05 0.000321369 0.000664205 0.000978981 0.00110911 0.00100545 0.000768303 0.000528383 0.00034914 0.000234217 0.000166338 0.000128742 0.000110477 0.00010576 0.000112482 0.000131096 0.000163634 0.000211659 0.000270757 0.000318425 0.00030056 0.000168194 2.69846e-05 2.69721e-07 2.33353e-11 3.98573e-17 2.45474e-17 7.18937e-18 5.30683e-17 1.18883e-14 1.6131e-09 1.13166e-06 1.532e-05 2.81338e-05 2.22701e-05 1.22393e-05 5.34191e-06 1.768e-06 3.21996e-07 0 
0 5.64798e-05 0.000227 0.000493239 0.000798666 0.00105067 0.0011635 0.00111803 0.000968875 0.000791495 0.000636018 0.000520697 0.000445486 0.000404551 0.000392411 0.000405688 0.00044256 0.000500539 0.000572037 0.00063699 0.000654227 0.000562901 0.000331898 8.51811e-05 3.85199e-06 1.01244e-08 1.90922e-12 6.78559e-16 1.04596e-16 1.18883e-14 5.53115e-11 6.8117e-08 3.71306e-06 1.75367e-05 2.24126e-05 1.58584e-05 8.43437e-06 3.64707e-06 1.20392e-06 2.19104e-07 0 
0 3.74151e-05 0.000152205 0.00033955 0.000578396 0.000828227 0.00103672 0.00116143 0.00119142 0.00114856 0.00106935 0.000985923 0.000918227 0.000875364 0.000859587 0.000869142 0.000898997 0.000939694 0.0009751 0.000980402 0.000922621 0.000767821 0.000506259 0.000210788 3.6854e-05 1.73414e-06 2.64606e-08 6.1349e-10 1.93144e-10 1.6131e-09 6.8117e-08 1.71298e-06 1.04185e-05 1.90622e-05 1.72777e-05 1.09345e-05 5.62114e-06 2.40643e-06 7.92094e-07 1.44037e-07 0 
0 2.37413e-05 9.71519e-05 0.000219511 0.000383246 0.000572501 0.000764051 0.000932478 0.00105851 0.00113554 0.0011699 0.00117537 0.00116662 0.00115479 0.00114586 0.00114063 0.00113531 0.00112213 0.00109034 0.00102778 0.000922916 0.000767419 0.000561541 0.000329094 0.00013341 3.29674e-05 5.60714e-06 1.16885e-06 6.36893e-07 1.13166e-06 3.71306e-06 1.04185e-05 1.71836e-05 1.71869e-05 1.23124e-05 7.17965e-06 3.59422e-06 1.5261e-06 5.01085e-07 9.10522e-08 0 
0 1.43619e-05 5.89293e-05 0.00013391 0.00023637 0.000359849 0.000494561 0.000628651 0.000750552 0.000851646 0.000927912 0.00097977 0.00101045 0.00102388 0.00102311 0.00100942 0.000982346 0.000940215 0.000881059 0.000803506 0.000707368 0.000593786 0.00046562 0.000329828 0.000202018 0.000104399 4.83101e-05 2.40871e-05 1.61072e-05 1.532e-05 1.75367e-05 1.90622e-05 1.71869e-05 1.26978e-05 8.00042e-06 4.44456e-06 2.18773e-06 9.23743e-07 3.02768e-07 5.4986e-08 0 
0 8.21194e-06 3.37342e-05 7.68408e-05 0.000136249 0.000209044 0.000290803 0.000376005 0.000458746 0.000533616 0.000596452 0.000644706 0.000677337 0.000694383 0.000696448 0.000684346 0.000658965 0.000621344 0.000572834 0.000515211 0.000450641 0.000381513 0.000310324 0.000239957 0.000174406 0.000118904 7.78083e-05 5.15459e-05 3.65703e-05 2.81338e-05 2.24126e-05 1.72777e-05 1.23124e-05 8.00042e-06 4.74982e-06 2.57506e-06 1.25591e-06 5.28571e-07 1.73056e-07 3.14176e-08 0 
0 4.37461e-06 1.79792e-05 4.09924e-05 7.28128e-05 0.000112048 0.00015659 0.000203789 0.000250712 0.000294463 0.000332485 0.000362791 0.000384062 0.000395648 0.000397478 0.000389968 0.000373931 0.000350517 0.000321141 0.00028741 0.000251006 0.000213566 0.000176595 0.000141467 0.00010949 8.19204e-05 5.96873e-05 4.29407e-05 3.09005e-05 2.22701e-05 1.58584e-05 1.09345e-05 7.17965e-06 4.44456e-06 2.57506e-06 1.38091e-06 6.70519e-07 2.81726e-07 9.21823e-08 1.67319e-08 0 
0 2.11772e-06 8.70519e-06 1.98549e-05 3.52901e-05 5.43646e-05 7.61014e-05 9.92683e-05 0.000122486 0.000144357 0.000163588 0.000179108 0.000190137 0.000196225 0.000197259 0.000193432 0.000185206 0.000173254 0.000158399 0.000141543 0.000123595 0.000105409 8.77353e-05 7.11966e-05 5.62842e-05 4.33528e-05 3.25908e-05 2.39817e-05 1.73091e-05 1.22393e-05 8.43437e-06 5.62114e-06 3.59422e-06 2.18773e-06 1.25591e-06 6.70519e-07 3.24949e-07 1.36423e-07 4.46251e-08 8.09894e-09 0 
0 8.88638e-07 3.65313e-06 8.33321e-06 1.48148e-05 2.28309e-05 3.19773e-05 4.17444e-05 5.15591e-05 6.08349e-05 6.9023e-05 7.56575e-05 8.03911e-05 8.30163e-05 8.34727e-05 8.18407e-05 7.83236e-05 7.32215e-05 6.68996e-05 5.97545e-05 5.21819e-05 4.45477e-05 3.71678e-05 3.02944e-05 2.41114e-05 1.87335e-05 1.42077e-05 1.05177e-05 7.59561e-06 5.34191e-06 3.64707e-06 2.40643e-06 1.5261e-06 9.23743e-07 5.28571e-07 2.81726e-07 1.36423e-07 5.72551e-08 1.8726e-08 3.39837e-09 0 
0 2.90619e-07 1.19475e-06 2.72547e-06 4.84575e-06 7.46863e-06 1.04626e-05 1.36618e-05 1.68792e-05 1.99232e-05 2.26135e-05 2.47961e-05 2.63553e-05 2.72213e-05 2.73731e-05 2.68368e-05 2.56799e-05 2.40024e-05 2.19259e-05 1.95821e-05 1.71017e-05 1.46052e-05 1.21958e-05 9.9546e-06 7.9393e-06 6.18406e-06 4.70152e-06 3.48599e-06 2.51772e-06 1.768e-06 1.20392e-06 7.92094e-07 5.01085e-07 3.02768e-07 1.73056e-07 9.21823e-08 4.46251e-08 1.8726e-08 6.12422e-09 1.11139e-09 0 
0 5.27395e-08 2.16816e-07 4.94612e-07 8.79417e-07 1.35548e-06 1.89897e-06 2.47981e-06 3.06413e-06 3.61712e-06 4.10604e-06 4.50285e-06 4.78644e-06 4.94402e-06 4.97171e-06 4.87425e-06 4.66394e-06 4.35904e-06 3.98172e-06 3.55601e-06 3.1057e-06 2.65269e-06 2.21568e-06 1.80932e-06 1.44391e-06 1.1255e-06 8.56251e-07 6.35141e-07 4.5873e-07 3.21996e-07 2.19104e-07 1.44037e-07 9.10522e-08 5.4986e-08 3.14176e-08 1.67319e-08 8.09894e-09 3.39837e-09 1.11139e-09 2.01686e-10 0 
0 0 0 0 0 0 0 0 0 0 0 0 0 0 0 0 0 0 0 0 0 0 0 0 0 0 0 0 0 0 0 0 0 0 0 0 0 0 0 0 0 
