0 0 0 0 0 0 0 0 0 0 0 0 0 0 0 0 0 0 0 0 0 0 0 0 0 0 0 0 0 0 0 0 0 0 0 0 0 0 0 0 0 
0 1.37911e-05 5.66964e-05 0.00012934 0.000229968 0.000354465 0.000496605 0.000648526 0.000801372 0.000946045 0.00107397 0.00117782 0.00125205 0.0012933 0.00130056 0.00127506 0.00122003 0.00114025 0.00104153 0.00093017 0.0008124 0.000693949 0.000579699 0.000473473 0.000377947 0.000294685 0.000224245 0.000166363 0.000120155 8.4327e-05 5.73649e-05 3.7699e-05 2.38242e-05 1.43839e-05 8.21723e-06 4.37575e-06 2.11793e-06 8.88673e-07 2.90623e-07 5.27398e-08 0 
0 5.66964e-05 0.000233084 0.000531728 0.00094542 0.00145724 0.00204159 0.00266615 0.00329451 0.00388928 0.00441521 0.00484213 0.00514729 0.00531689 0.00534673 0.0052419 0.00501565 0.00468766 0.00428183 0.00382402 0.00333985 0.00285289 0.0023832 0.00194649 0.00155378 0.00121148 0.000921892 0.000683935 0.00049397 0.000346676 0.000235833 0.000154984 9.79433e-05 5.91335e-05 3.37818e-05 1.79891e-05 8.70702e-06 3.65342e-06 1.19478e-06 2.16818e-07 0 
0 0.00012934 0.000531728 0.00121301 0.00215676 0.00332436 0.00465742 0.00608221 0.00751568 0.0088725 0.0100723 0.0110462 0.0117424 0.0121293 0.0121973 0.0119582 0.0114421 0.0106938 0.00976801 0.00872361 0.00761911 0.00650821 0.00543672 0.00444047 0.00354459 0.00276371 0.00210308 0.00156024 0.00112688 0.000790862 0.000537998 0.000353561 0.000223435 0.000134899 7.70654e-05 4.10381e-05 1.98631e-05 8.33443e-06 2.72561e-06 4.94621e-07 0 
0 0.000229968 0.00094542 0.00215676 0.00383475 0.00591076 0.00828097 0.0108143 0.013363 0.0157754 0.0179087 0.0196403 0.0208781 0.021566 0.021687 0.0212618 0.0203442 0.0190138 0.0173677 0.0155107 0.0135469 0.0115717 0.00966657 0.00789522 0.00630233 0.00491391 0.00373932 0.00277413 0.00200361 0.00140616 0.000956569 0.000628636 0.000397271 0.000239853 0.000137024 7.29663e-05 3.53168e-05 1.48187e-05 4.84619e-06 8.79444e-07 0 
0 0.000354465 0.00145724 0.00332436 0.00591076 0.00911065 0.012764 0.0166688 0.0205973 0.0243157 0.0276038 0.0302729 0.0321808 0.0332411 0.0334277 0.0327723 0.0313578 0.0293072 0.02677 0.0239077 0.0208807 0.0178362 0.0148997 0.0121694 0.0097142 0.00757414 0.00576366 0.00427595 0.0030883 0.00216742 0.00147442 0.00096896 0.000612341 0.000369702 0.000211204 0.000112468 5.44362e-05 2.28411e-05 7.46975e-06 1.35555e-06 0 
0 0.000496605 0.00204159 0.00465742 0.00828097 0.012764 0.0178824 0.0233529 0.0288568 0.0340663 0.038673 0.0424124 0.0450853 0.0465708 0.0468322 0.045914 0.0439323 0.0410594 0.0375047 0.0334947 0.0292539 0.0249886 0.0208745 0.0170494 0.0136096 0.0106114 0.00807488 0.00599061 0.0043267 0.00303655 0.00206567 0.00135751 0.000857889 0.000517952 0.000295896 0.000157567 7.62651e-05 3.20004e-05 1.04651e-05 1.89912e-06 0 
0 0.000648526 0.00266615 0.00608221 0.0108143 0.0166688 0.0233529 0.030497 0.0376846 0.0444878 0.0505037 0.0553871 0.0588776 0.0608176 0.061159 0.0599598 0.0573719 0.0536202 0.048978 0.0437413 0.0382032 0.032633 0.0272604 0.0222651 0.017773 0.0138576 0.0105451 0.00782324 0.00565032 0.00396548 0.00269759 0.0017728 0.00112033 0.000676403 0.000386416 0.00020577 9.95959e-05 4.17899e-05 1.36666e-05 2.48009e-06 0 
0 0.000801372 0.00329451 0.00751568 0.013363 0.0205973 0.0288568 0.0376846 0.0465661 0.0549728 0.0624065 0.0684408 0.072754 0.0751512 0.075573 0.0740913 0.0708934 0.0662575 0.0605212 0.0540503 0.0472069 0.040324 0.0336852 0.0275125 0.0219618 0.0171235 0.0130304 0.00966704 0.00698199 0.00490007 0.00333336 0.00219061 0.00138437 0.000835819 0.000477487 0.000254266 0.000123069 5.1639e-05 1.68875e-05 3.0646e-06 0 
0 0.000946045 0.00388928 0.0088725 0.0157754 0.0243157 0.0340663 0.0444878 0.0549728 0.0648971 0.0736729 0.0807965 0.0858884 0.0887184 0.0892163 0.087467 0.0836919 0.078219 0.0714472 0.063808 0.0557292 0.0476037 0.0397664 0.0324794 0.0259266 0.0202149 0.0153828 0.0114122 0.00824247 0.00578469 0.00393514 0.00258609 0.0016343 0.000986711 0.000563689 0.00030017 0.000145287 6.09615e-05 1.99363e-05 3.61786e-06 0 
0 0.00107397 0.00441521 0.0100723 0.0179087 0.0276038 0.038673 0.0505037 0.0624065 0.0736729 0.0836352 0.0917222 0.0975026 0.100715 0.10128 0.0992946 0.0950089 0.0887959 0.0811084 0.0724363 0.0632651 0.0540408 0.0451437 0.0368714 0.0294325 0.0229484 0.017463 0.0129555 0.00935705 0.00656693 0.00446727 0.00293579 0.0018553 0.00112014 0.000639914 0.00034076 0.000164933 6.9205e-05 2.26322e-05 4.10709e-06 0 
0 0.00117782 0.00484213 0.0110462 0.0196403 0.0302729 0.0424124 0.0553871 0.0684408 0.0807965 0.0917222 0.100591 0.10693 0.110454 0.111073 0.108895 0.104195 0.0973814 0.0889506 0.07944 0.069382 0.0592659 0.0495086 0.0404365 0.0322783 0.0251673 0.0191515 0.0142081 0.0102618 0.0072019 0.00489923 0.00321967 0.00203469 0.00122845 0.000701789 0.000373709 0.000180881 7.58967e-05 2.48206e-05 4.50422e-06 0 
0 0.00125205 0.00514729 0.0117424 0.0208781 0.0321808 0.0450853 0.0588776 0.072754 0.0858884 0.0975026 0.10693 0.113669 0.117414 0.118073 0.115758 0.110761 0.103518 0.0945556 0.0844457 0.0737539 0.0630004 0.0526283 0.0429846 0.0343123 0.0267533 0.0203584 0.0151035 0.0109085 0.00765577 0.00520798 0.00342257 0.00216292 0.00130587 0.000746017 0.000397261 0.000192281 8.06798e-05 2.63848e-05 4.78808e-06 0 
0 0.0012933 0.00531689 0.0121293 0.021566 0.0332411 0.0465708 0.0608176 0.0751512 0.0887184 0.100715 0.110454 0.117414 0.121283 0.121963 0.119571 0.114409 0.106927 0.0976697 0.0872266 0.0761827 0.0650751 0.0543614 0.0444002 0.0354424 0.0276345 0.021029 0.0156011 0.0112679 0.00790799 0.00537956 0.00353534 0.00223418 0.00134889 0.000770598 0.000410351 0.000198616 8.33382e-05 2.72542e-05 4.94585e-06 0 
0 0.00130056 0.00534673 0.0121973 0.021687 0.0334277 0.0468322 0.061159 0.075573 0.0892163 0.10128 0.111073 0.118073 0.121963 0.122646 0.12024 0.11505 0.107525 0.0982154 0.0877136 0.0766078 0.065438 0.0546646 0.0446478 0.0356402 0.0277888 0.0211465 0.0156883 0.0113309 0.00795228 0.00540971 0.00355516 0.00224672 0.00135646 0.000774922 0.000412654 0.000199731 8.38059e-05 2.74071e-05 4.9736e-06 0 
0 0.00127506 0.0052419 0.0119582 0.0212618 0.0327723 0.045914 0.0599598 0.0740913 0.087467 0.0992946 0.108895 0.115758 0.119571 0.12024 0.117881 0.112792 0.105414 0.096286 0.0859897 0.0751015 0.0641509 0.0535891 0.0437693 0.0349389 0.027242 0.0207306 0.0153799 0.0111083 0.00779611 0.00530352 0.0034854 0.00220264 0.00132986 0.000759726 0.000404562 0.000195815 8.21627e-05 2.68697e-05 4.87609e-06 0 
0 0.00122003 0.00501565 0.0114421 0.0203442 0.0313578 0.0439323 0.0573719 0.0708934 0.0836919 0.0950089 0.104195 0.110761 0.114409 0.11505 0.112792 0.107921 0.10086 0.0921252 0.0822723 0.0718533 0.061375 0.0512692 0.0418738 0.0334254 0.026062 0.0198327 0.014714 0.0106276 0.00745894 0.00507429 0.00333483 0.00210752 0.00127244 0.000726929 0.000387099 0.000187363 7.86165e-05 2.571e-05 4.66563e-06 0 
0 0.00114025 0.00468766 0.0106938 0.0190138 0.0293072 0.0410594 0.0536202 0.0662575 0.078219 0.0887959 0.0973814 0.103518 0.106927 0.107525 0.105414 0.10086 0.0942599 0.0860942 0.0768836 0.0671441 0.0573496 0.0479039 0.039123 0.0312281 0.024348 0.0185283 0.0137466 0.00992935 0.00696935 0.00474155 0.00311635 0.00196955 0.00118918 0.000679377 0.000361782 0.000175109 7.34753e-05 2.40287e-05 4.36053e-06 0 
0 0.00104153 0.00428183 0.00976801 0.0173677 0.02677 0.0375047 0.048978 0.0605212 0.0714472 0.0811084 0.0889506 0.0945556 0.0976697 0.0982154 0.096286 0.0921252 0.0860942 0.0786326 0.070216 0.0613158 0.0523655 0.0437344 0.035712 0.0285007 0.0222184 0.0169064 0.0125434 0.00906121 0.00636112 0.00432864 0.00284551 0.00179864 0.0010861 0.000620523 0.000330451 0.000159947 6.71139e-05 2.19484e-05 3.98302e-06 0 
0 0.00093017 0.00382402 0.00872361 0.0155107 0.0239077 0.0334947 0.0437413 0.0540503 0.063808 0.0724363 0.07944 0.0844457 0.0872266 0.0877136 0.0859897 0.0822723 0.0768836 0.070216 0.0626938 0.0547383 0.0467369 0.0390204 0.0318488 0.0254048 0.0197949 0.0150566 0.0111697 0.00807045 0.00566827 0.00385948 0.00253855 0.00160533 0.000969652 0.000554088 0.000295098 0.000142842 5.99373e-05 1.96016e-05 3.55714e-06 0 
0 0.0008124 0.00333985 0.00761911 0.0135469 0.0208807 0.0292539 0.0382032 0.0472069 0.0557292 0.0632651 0.069382 0.0737539 0.0761827 0.0766078 0.0751015 0.0718533 0.0671441 0.0613158 0.0547383 0.0477787 0.0407752 0.0340173 0.0277346 0.0220907 0.0171843 0.013052 0.00967523 0.00699283 0.00491783 0.00335463 0.00221038 0.00139968 0.000846153 0.000483743 0.000257692 0.000124748 5.23472e-05 1.71196e-05 3.10676e-06 0 
0 0.000693949 0.00285289 0.00650821 0.0115717 0.0178362 0.0249886 0.032633 0.040324 0.0476037 0.0540408 0.0592659 0.0630004 0.0650751 0.065438 0.0641509 0.061375 0.0573496 0.0523655 0.0467369 0.0407752 0.0347668 0.028958 0.0235465 0.0186802 0.0144575 0.0109249 0.00807198 0.00583523 0.00411912 0.00282571 0.00187202 0.00119015 0.000721212 0.000412823 0.000220037 0.000106544 4.47125e-05 1.46233e-05 2.65377e-06 0 
0 0.000579699 0.0023832 0.00543672 0.00966657 0.0148997 0.0208745 0.0272604 0.0336852 0.0397664 0.0451437 0.0495086 0.0526283 0.0543614 0.0546646 0.0535891 0.0512692 0.0479039 0.0437344 0.0390204 0.0340173 0.028958 0.0240409 0.0194285 0.0152543 0.0116317 0.00864389 0.00630898 0.00455534 0.0032511 0.00226941 0.00152835 0.000982813 0.000599391 0.000344143 0.000183667 8.89783e-05 3.73477e-05 1.22154e-05 2.21684e-06 0 
0 0.000473473 0.00194649 0.00444047 0.00789522 0.0121694 0.0170494 0.0222651 0.0275125 0.0324794 0.0368714 0.0404365 0.0429846 0.0444002 0.0446478 0.0437693 0.0418738 0.039123 0.035712 0.0318488 0.0277346 0.0235465 0.0194285 0.0154964 0.0118668 0.00869266 0.00614607 0.00430941 0.00308924 0.00227485 0.00167113 0.00117895 0.000781497 0.000484173 0.000279917 0.000149794 7.26384e-05 3.04992e-05 9.97649e-06 1.81059e-06 0 
0 0.000377947 0.00155378 0.00354459 0.00630233 0.0097142 0.0136096 0.017773 0.0219618 0.0259266 0.0294325 0.0322783 0.0343123 0.0354424 0.0356402 0.0349389 0.0334254 0.0312281 0.0285007 0.0254048 0.0220907 0.0186802 0.0152543 0.0118668 0.00861408 0.00573688 0.00356691 0.00223769 0.00156449 0.00124882 0.00104746 0.000829789 0.000590498 0.000378471 0.00022182 0.000119288 5.79402e-05 2.43404e-05 7.96315e-06 1.44526e-06 0 
0 0.000294685 0.00121148 0.00276371 0.00491391 0.00757414 0.0106114 0.0138576 0.0171235 0.0202149 0.0229484 0.0251673 0.0267533 0.0276345 0.0277888 0.027242 0.026062 0.024348 0.0222184 0.0197949 0.0171843 0.0144575 0.0116317 0.00869266 0.00573688 0.00317576 0.00151179 0.00074372 0.000489367 0.000463103 0.000513351 0.000514408 0.000419295 0.000285463 0.000171106 9.27042e-05 4.51321e-05 1.89728e-05 6.20836e-06 1.12684e-06 0 
0 0.000224245 0.000921892 0.00210308 0.00373932 0.00576366 0.00807488 0.0105451 0.0130304 0.0153828 0.017463 0.0191515 0.0203584 0.021029 0.0211465 0.0207306 0.0198327 0.0185283 0.0169064 0.0150566 0.013052 0.0109249 0.00864389 0.00614607 0.00356691 0.00151179 0.000479848 0.000161145 9.59234e-05 0.000118097 0.000200801 0.00028561 0.000282488 0.00020858 0.000128607 7.0293e-05 3.43094e-05 1.44336e-05 4.72398e-06 8.57471e-07 0 
0 0.000166363 0.000683935 0.00156024 0.00277413 0.00427595 0.00599061 0.00782324 0.00966704 0.0114122 0.0129555 0.0142081 0.0151035 0.0156011 0.0156883 0.0153799 0.014714 0.0137466 0.0125434 0.0111697 0.00967523 0.00807198 0.00630898 0.00430941 0.00223769 0.00074372 0.000161145 3.74812e-05 2.02048e-05 3.19581e-05 8.1479e-05 0.000160469 0.000188976 0.00014971 9.44965e-05 5.20097e-05 2.5435e-05 1.07059e-05 3.50445e-06 6.36133e-07 0 
0 0.000120155 0.00049397 0.00112688 0.00200361 0.0030883 0.0043267 0.00565032 0.00698199 0.00824247 0.00935705 0.0102618 0.0109085 0.0112679 0.0113309 0.0111083 0.0106276 0.00992935 0.00906121 0.00807045 0.00699283 0.00583523 0.00455534 0.00308924 0.00156449 0.000489367 9.59234e-05 2.02048e-05 1.05793e-05 1.78368e-05 5.0502e-05 0.000108134 0.000133086 0.000107282 6.80983e-05 3.75413e-05 1.83674e-05 7.732e-06 2.53105e-06 4.59444e-07 0 
0 8.4327e-05 0.000346676 0.000790862 0.00140616 0.00216742 0.00303655 0.00396548 0.00490007 0.00578469 0.00656693 0.0072019 0.00765577 0.00790799 0.00795228 0.00779611 0.00745894 0.00696935 0.00636112 0.00566827 0.00491783 0.00411912 0.0032511 0.00227485 0.00124882 0.000463103 0.000118097 3.19581e-05 1.78368e-05 2.51754e-05 5.37219e-05 9.18013e-05 0.000100201 7.69867e-05 4.81006e-05 2.63938e-05 1.28967e-05 5.42714e-06 1.77639e-06 3.22448e-07 0 
0 5.73649e-05 0.000235833 0.000537998 0.000956569 0.00147442 0.00206567 0.00269759 0.00333336 0.00393514 0.00446727 0.00489923 0.00520798 0.00537956 0.00540971 0.00530352 0.00507429 0.00474155 0.00432864 0.00385948 0.00335463 0.00282571 0.00226941 0.00167113 0.00104746 0.000513351 0.000200801 8.1479e-05 5.0502e-05 5.37219e-05 7.27408e-05 8.60639e-05 7.69535e-05 5.44817e-05 3.31076e-05 1.80146e-05 8.7813e-06 3.69284e-06 1.20851e-06 2.19355e-07 0 
0 3.7699e-05 0.000154984 0.000353561 0.000628636 0.00096896 0.00135751 0.0017728 0.00219061 0.00258609 0.00293579 0.00321967 0.00342257 0.00353534 0.00355516 0.0034854 0.00333483 0.00311635 0.00284551 0.00253855 0.00221038 0.00187202 0.00152835 0.00117895 0.000829789 0.000514408 0.00028561 0.000160469 0.000108134 9.18013e-05 8.60639e-05 7.50986e-05 5.65748e-05 3.72079e-05 2.20209e-05 1.18811e-05 5.77681e-06 2.42756e-06 7.94269e-07 1.44159e-07 0 
0 2.38242e-05 9.79433e-05 0.000223435 0.000397271 0.000612341 0.000857889 0.00112033 0.00138437 0.0016343 0.0018553 0.00203469 0.00216292 0.00223418 0.00224672 0.00220264 0.00210752 0.00196955 0.00179864 0.00160533 0.00139968 0.00119015 0.000982813 0.000781497 0.000590498 0.000419295 0.000282488 0.000188976 0.000133086 0.000100201 7.69535e-05 5.65748e-05 3.84977e-05 2.41613e-05 1.40434e-05 7.52993e-06 3.65388e-06 1.53451e-06 5.01982e-07 9.11042e-08 0 
0 1.43839e-05 5.91335e-05 0.000134899 0.000239853 0.000369702 0.000517952 0.000676403 0.000835819 0.000986711 0.00112014 0.00122845 0.00130587 0.00134889 0.00135646 0.00132986 0.00127244 0.00118918 0.0010861 0.000969652 0.000846153 0.000721212 0.000599391 0.000484173 0.000378471 0.000285463 0.00020858 0.00014971 0.000107282 7.69867e-05 5.44817e-05 3.72079e-05 2.41613e-05 1.48138e-05 8.52604e-06 4.55477e-06 2.20737e-06 9.26639e-07 3.0309e-07 5.50053e-08 0 
0 8.21723e-06 3.37818e-05 7.70654e-05 0.000137024 0.000211204 0.000295896 0.000386416 0.000477487 0.000563689 0.000639914 0.000701789 0.000746017 0.000770598 0.000774922 0.000759726 0.000726929 0.000679377 0.000620523 0.000554088 0.000483743 0.000412823 0.000344143 0.000279917 0.00022182 0.000171106 0.000128607 9.44965e-05 6.80983e-05 4.81006e-05 3.31076e-05 2.20209e-05 1.40434e-05 8.52604e-06 4.88496e-06 2.60481e-06 1.26149e-06 5.29435e-07 1.73156e-07 3.14238e-08 0 
0 4.37575e-06 1.79891e-05 4.10381e-05 7.29663e-05 0.000112468 0.000157567 0.00020577 0.000254266 0.00030017 0.00034076 0.000373709 0.000397261 0.000410351 0.000412654 0.000404562 0.000387099 0.000361782 0.000330451 0.000295098 0.000257692 0.000220037 0.000183667 0.000149794 0.000119288 9.27042e-05 7.0293e-05 5.20097e-05 3.75413e-05 2.63938e-05 1.80146e-05 1.18811e-05 7.52993e-06 4.55477e-06 2.60481e-06 1.38782e-06 6.71886e-07 2.81948e-07 9.22094e-08 1.67336e-08 0 
0 2.11793e-06 8.70702e-06 1.98631e-05 3.53168e-05 5.44362e-05 7.62651e-05 9.95959e-05 0.000123069 0.000145287 0.000164933 0.000180881 0.000192281 0.000198616 0.000199731 0.000195815 0.000187363 0.000175109 0.000159947 0.000142842 0.000124748 0.000106544 8.89783e-05 7.26384e-05 5.79402e-05 4.51321e-05 3.43094e-05 2.5435e-05 1.83674e-05 1.28967e-05 8.7813e-06 5.77681e-06 3.65388e-06 2.20737e-06 1.26149e-06 6.71886e-07 3.25234e-07 1.36472e-07 4.46313e-08 8.09936e-09 0 
0 8.88673e-07 3.65342e-06 8.33443e-06 1.48187e-05 2.28411e-05 3.20004e-05 4.17899e-05 5.1639e-05 6.09615e-05 6.9205e-05 7.58967e-05 8.06798e-05 8.33382e-05 8.38059e-05 8.21627e-05 7.86165e-05 7.34753e-05 6.71139e-05 5.99373e-05 5.23472e-05 4.47125e-05 3.73477e-05 3.04992e-05 2.43404e-05 1.89728e-05 1.44336e-05 1.07059e-05 7.732e-06 5.42714e-06 3.69284e-06 2.42756e-06 1.53451e-06 9.26639e-07 5.29435e-07 2.81948e-07 1.36472e-07 5.72638e-08 1.87272e-08 3.39845e-09 0 
0 2.90623e-07 1.19478e-06 2.72561e-06 4.84619e-06 7.46975e-06 1.04651e-05 1.36666e-05 1.68875e-05 1.99363e-05 2.26322e-05 2.48206e-05 2.63848e-05 2.72542e-05 2.74071e-05 2.68697e-05 2.571e-05 2.40287e-05 2.19484e-05 1.96016e-05 1.71196e-05 1.46233e-05 1.22154e-05 9.97649e-06 7.96315e-06 6.20836e-06 4.72398e-06 3.50445e-06 2.53105e-06 1.77639e-06 1.20851e-06 7.94269e-07 5.01982e-07 3.0309e-07 1.73156e-07 9.22094e-08 4.46313e-08 1.87272e-08 6.12438e-09 1.1114e-09 0 
0 5.27398e-08 2.16818e-07 4.94621e-07 8.79444e-07 1.35555e-06 1.89912e-06 2.48009e-06 3.0646e-06 3.61786e-06 4.10709e-06 4.50422e-06 4.78808e-06 4.94585e-06 4.9736e-06 4.87609e-06 4.66563e-06 4.36053e-06 3.98302e-06 3.55714e-06 3.10676e-06 2.65377e-06 2.21684e-06 1.81059e-06 1.44526e-06 1.12684e-06 8.57471e-07 6.36133e-07 4.59444e-07 3.22448e-07 2.19355e-07 1.44159e-07 9.11042e-08 5.50053e-08 3.14238e-08 1.67336e-08 8.09936e-09 3.39845e-09 1.1114e-09 2.01687e-10 0 
0 0 0 0 0 0 0 0 0 0 0 0 0 0 0 0 0 0 0 0 0 0 0 0 0 0 0 0 0 0 0 0 0 0 0 0 0 0 0 0 0 
