0 0 0 0 0 0 0 0 0 0 0 0 0 0 0 0 0 0 0 0 0 0 0 0 0 0 0 0 0 0 0 0 0 0 0 0 0 0 0 0 0 
0 1.37911e-05 5.66963e-05 0.00012934 0.000229968 0.000354464 0.000496603 0.00064852 0.000801359 0.000946021 0.00107393 0.00117776 0.00125197 0.00129321 0.00130046 0.00127497 0.00121995 0.00114018 0.00104148 0.000930137 0.00081238 0.000693938 0.000579693 0.00047347 0.000377946 0.000294684 0.000224245 0.000166363 0.000120155 8.4327e-05 5.73649e-05 3.7699e-05 2.38242e-05 1.43839e-05 8.21723e-06 4.37575e-06 2.11793e-06 8.88673e-07 2.90623e-07 5.27398e-08 0 
0 5.66963e-05 0.000233084 0.000531727 0.000945417 0.00145723 0.00204156 0.00266608 0.00329436 0.00388899 0.00441471 0.00484139 0.0051463 0.0053157 0.00534545 0.00524065 0.00501456 0.00468679 0.0042812 0.0038236 0.00333961 0.00285275 0.00238313 0.00194646 0.00155376 0.00121147 0.00092189 0.000683934 0.00049397 0.000346676 0.000235833 0.000154984 9.79433e-05 5.91335e-05 3.37818e-05 1.79891e-05 8.70702e-06 3.65342e-06 1.19478e-06 2.16818e-07 0 
0 0.00012934 0.000531727 0.00121301 0.00215674 0.00332429 0.00465723 0.00608175 0.00751467 0.00887056 0.010069 0.0110412 0.0117355 0.012121 0.0121883 0.0119494 0.0114344 0.0106878 0.00976371 0.00872083 0.00761747 0.00650733 0.00543628 0.00444027 0.0035445 0.00276367 0.00210307 0.00156024 0.00112688 0.000790861 0.000537998 0.000353561 0.000223435 0.000134899 7.70654e-05 4.10381e-05 1.98631e-05 8.33443e-06 2.72561e-06 4.94621e-07 0 
0 0.000229968 0.000945417 0.00215674 0.00383467 0.00591047 0.00828012 0.0108121 0.0133582 0.015766 0.0178921 0.0196148 0.020843 0.0215231 0.0216403 0.0212164 0.0203045 0.0189828 0.0173458 0.0154968 0.0135388 0.0115674 0.00966451 0.00789431 0.00630195 0.00491377 0.00373927 0.00277411 0.0020036 0.00140616 0.000956568 0.000628636 0.000397271 0.000239853 0.000137024 7.29663e-05 3.53168e-05 1.48187e-05 4.84619e-06 8.79444e-07 0 
0 0.000354464 0.00145723 0.00332429 0.00591047 0.00910963 0.0127609 0.0166606 0.0205786 0.024278 0.0275367 0.0301674 0.0320341 0.0330604 0.0332301 0.03258 0.0311908 0.0291774 0.0266794 0.0238507 0.0208482 0.0178194 0.0148918 0.012166 0.00971281 0.00757362 0.00576348 0.0042759 0.00308828 0.00216741 0.00147442 0.000968959 0.000612341 0.000369702 0.000211204 0.000112468 5.44362e-05 2.28411e-05 7.46975e-06 1.35555e-06 0 
0 0.000496603 0.00204156 0.00465723 0.00828012 0.0127609 0.0178727 0.0233268 0.0287952 0.0339393 0.0384426 0.0420449 0.0445688 0.0459301 0.0461289 0.0452291 0.0433389 0.0406005 0.0371869 0.0332968 0.0291426 0.0249318 0.0208481 0.0170381 0.0136051 0.0106097 0.00807433 0.00599043 0.00432665 0.00303653 0.00206566 0.00135751 0.000857889 0.000517952 0.000295896 0.000157567 7.62651e-05 3.20004e-05 1.04651e-05 1.89912e-06 0 
0 0.00064852 0.00266608 0.00608175 0.0108121 0.0166606 0.0233268 0.0304246 0.0375099 0.04412 0.0498258 0.0542925 0.0573262 0.0588823 0.059028 0.0578822 0.0555728 0.0522324 0.0480215 0.04315 0.037874 0.0324671 0.0271843 0.0222331 0.0177606 0.0138531 0.0105436 0.00782278 0.00565018 0.00396544 0.00269758 0.0017728 0.00112033 0.000676403 0.000386416 0.00020577 9.95959e-05 4.17899e-05 1.36666e-05 2.48009e-06 0 
0 0.000801359 0.00329436 0.00751467 0.0133582 0.0205786 0.0287952 0.0375099 0.0461362 0.054052 0.060688 0.0656421 0.0687665 0.0701625 0.0700692 0.0687157 0.0662306 0.062657 0.0580408 0.0525214 0.0463604 0.0399009 0.0334931 0.0274328 0.0219313 0.0171128 0.0130269 0.00966594 0.00698167 0.00489999 0.00333334 0.00219061 0.00138437 0.000835819 0.000477487 0.000254266 0.000123069 5.1639e-05 1.68875e-05 3.0646e-06 0 
0 0.000946021 0.00388899 0.00887056 0.015766 0.024278 0.0339393 0.04412 0.054052 0.0628998 0.0699155 0.0746556 0.0771352 0.0777752 0.0771416 0.0756465 0.0733921 0.0702201 0.0659075 0.0603823 0.0538319 0.0466579 0.0393393 0.0323034 0.0258599 0.0201915 0.0153752 0.0114099 0.00824178 0.0057845 0.00393509 0.00258608 0.0016343 0.00098671 0.000563689 0.00030017 0.000145287 6.09615e-05 1.99363e-05 3.61786e-06 0 
0 0.00107393 0.00441471 0.010069 0.0178921 0.0275367 0.0384426 0.0498258 0.060688 0.0699155 0.0765481 0.0801631 0.0811071 0.0803172 0.0788174 0.0772449 0.075652 0.0736002 0.0704606 0.0657839 0.0595542 0.0521842 0.0443047 0.0365261 0.0293019 0.0229027 0.017448 0.0129508 0.0093557 0.00656655 0.00446717 0.00293577 0.00185529 0.00112014 0.000639913 0.00034076 0.000164933 6.9205e-05 2.26322e-05 4.10709e-06 0 
0 0.00117776 0.00484139 0.0110412 0.0196148 0.0301674 0.0420449 0.0542925 0.0656421 0.0746556 0.0801631 0.0818686 0.0806207 0.0779869 0.0754498 0.0738254 0.0731091 0.0726127 0.0712917 0.0682207 0.0630351 0.056057 0.0480479 0.039832 0.0320486 0.0250863 0.0191248 0.0141998 0.0102593 0.0072012 0.00489903 0.00321962 0.00203468 0.00122845 0.000701788 0.000373709 0.000180881 7.58967e-05 2.48206e-05 4.50422e-06 0 
0 0.00125197 0.0051463 0.0117355 0.020843 0.0320341 0.0445688 0.0573262 0.0687665 0.0771352 0.0811071 0.0806207 0.0771038 0.0727039 0.069214 0.0675134 0.0675495 0.0685102 0.0690819 0.067914 0.0642168 0.0580972 0.0503645 0.0420357 0.0339469 0.0266225 0.0203144 0.0150895 0.0109042 0.00765451 0.00520762 0.00342247 0.00216289 0.00130586 0.000746015 0.000397261 0.00019228 8.06798e-05 2.63848e-05 4.78808e-06 0 
0 0.00129321 0.0053157 0.012121 0.0215231 0.0330604 0.0459301 0.0588823 0.0701625 0.0777752 0.0803172 0.0779869 0.0727039 0.0670088 0.0628207 0.0609866 0.0614235 0.0633188 0.0652871 0.0657308 0.0634959 0.0584092 0.0512191 0.0430551 0.0349124 0.0274397 0.0209613 0.0155786 0.0112607 0.00790578 0.0053789 0.00353515 0.00223413 0.00134888 0.000770594 0.00041035 0.000198616 8.33382e-05 2.72542e-05 4.94585e-06 0 
0 0.00130046 0.00534545 0.0121883 0.0216403 0.0332301 0.0461289 0.059028 0.0700692 0.0771416 0.0788174 0.0754498 0.069214 0.0628207 0.0582057 0.0561682 0.0566181 0.0588016 0.0613924 0.062746 0.0615183 0.0573051 0.0507243 0.0429093 0.034931 0.0275172 0.0210476 0.0156537 0.0113192 0.00794841 0.00540848 0.00355478 0.00224661 0.00135643 0.000774914 0.000412652 0.00019973 8.38058e-05 2.74071e-05 4.9736e-06 0 
0 0.00127497 0.00524065 0.0119494 0.0212164 0.03258 0.0452291 0.0578822 0.0687157 0.0756465 0.0772449 0.0738254 0.0675134 0.0609866 0.0561682 0.0538598 0.0539975 0.0558961 0.0583378 0.0597769 0.0588814 0.0551529 0.0490762 0.0416943 0.0340497 0.0268813 0.0205901 0.015327 0.011089 0.00778926 0.00530119 0.00348465 0.00220241 0.00132979 0.000759708 0.000404558 0.000195814 8.21626e-05 2.68697e-05 4.87609e-06 0 
0 0.00121995 0.00501456 0.0114344 0.0203045 0.0311908 0.0433389 0.0555728 0.0662306 0.0733921 0.075652 0.0731091 0.0675495 0.0614235 0.0566181 0.0539975 0.0535687 0.0547226 0.0563703 0.057158 0.0559306 0.0522416 0.0464836 0.039549 0.0323607 0.0255952 0.0196348 0.0146326 0.0105952 0.00744654 0.00506978 0.00333329 0.00210703 0.0012723 0.000726891 0.00038709 0.000187361 7.86161e-05 2.571e-05 4.66563e-06 0 
0 0.00114018 0.00468679 0.0106878 0.0189828 0.0291774 0.0406005 0.0522324 0.062657 0.0702201 0.0736002 0.0726127 0.0685102 0.0633188 0.0588016 0.0558961 0.0547226 0.0547858 0.0551658 0.0547714 0.0527267 0.048732 0.0431275 0.0366298 0.0299833 0.0237466 0.018246 0.0136184 0.0098735 0.00694632 0.00473267 0.00311318 0.00196851 0.00118887 0.000679294 0.000361762 0.000175105 7.34746e-05 2.40286e-05 4.36052e-06 0 
0 0.00104148 0.0042812 0.00976371 0.0173458 0.0266794 0.0371869 0.0480215 0.0580408 0.0659075 0.0704606 0.0712917 0.0690819 0.0652871 0.0613924 0.0583378 0.0563703 0.0551658 0.0540412 0.0522223 0.0491489 0.0446936 0.039162 0.0330976 0.0270498 0.0214334 0.0164942 0.0123358 0.00896241 0.00631737 0.00431084 0.00283892 0.00179644 0.00108544 0.000620346 0.000330409 0.000159939 6.71124e-05 2.19482e-05 3.983e-06 0 
0 0.000930137 0.0038236 0.00872083 0.0154968 0.0238507 0.0332968 0.04315 0.0525214 0.0603823 0.0657839 0.0682207 0.067914 0.0657308 0.062746 0.0597769 0.057158 0.0547714 0.0522223 0.0490714 0.0450515 0.0401825 0.0347388 0.0291165 0.0236936 0.0187482 0.0144395 0.010825 0.0078917 0.00558364 0.00382341 0.00252483 0.00160069 0.000968265 0.000553722 0.000295013 0.000142824 5.99345e-05 1.96012e-05 3.55712e-06 0 
0 0.00081238 0.00333961 0.00761747 0.0135388 0.0208482 0.0291426 0.037874 0.0463604 0.0538319 0.0595542 0.0630351 0.0642168 0.0634959 0.0615183 0.0588814 0.0559306 0.0527267 0.0491489 0.0450515 0.0403967 0.0353067 0.030029 0.0248549 0.0200406 0.0157638 0.012112 0.00909442 0.00666526 0.00475262 0.00328125 0.00218192 0.00139005 0.000843309 0.000483008 0.000257526 0.000124716 5.23421e-05 1.7119e-05 3.10672e-06 0 
0 0.000693938 0.00285275 0.00650733 0.0115674 0.0178194 0.0249318 0.0324671 0.0399009 0.0466579 0.0521842 0.056057 0.0580972 0.0584092 0.0573051 0.0551529 0.0522416 0.048732 0.0446936 0.0401825 0.0353067 0.030246 0.0252279 0.020483 0.0162048 0.0125245 0.00949774 0.00710004 0.00524036 0.00379994 0.0026784 0.00181408 0.0011707 0.000715597 0.000411418 0.000219731 0.000106487 4.47038e-05 1.46223e-05 2.6537e-06 0 
0 0.000579693 0.00238313 0.00543628 0.00966451 0.0148918 0.0208481 0.0271843 0.0334931 0.0393393 0.0443047 0.0480479 0.0503645 0.0512191 0.0507243 0.0490762 0.0464836 0.0431275 0.039162 0.0347388 0.030029 0.0252279 0.0205422 0.0161728 0.0123007 0.0090733 0.0065741 0.00477879 0.00354525 0.0026721 0.00198939 0.00141609 0.000945461 0.000588918 0.000341626 0.000183144 8.8885e-05 3.73339e-05 1.22138e-05 2.21674e-06 0 
0 0.00047347 0.00194646 0.00444027 0.00789431 0.012166 0.0170381 0.0222331 0.0274328 0.0323034 0.0365261 0.039832 0.0420357 0.0430551 0.0429093 0.0416943 0.039549 0.0366298 0.0330976 0.0291165 0.0248549 0.020483 0.0161728 0.0121064 0.0084962 0.00558254 0.00353639 0.0023198 0.00170166 0.00140764 0.00121232 0.000984213 0.00071595 0.000466223 0.00027578 0.000148974 7.24987e-05 3.04794e-05 9.97436e-06 1.81046e-06 0 
0 0.000377946 0.00155376 0.0035445 0.00630195 0.00971281 0.0136051 0.0177606 0.0219313 0.0258599 0.0293019 0.0320486 0.0339469 0.0349124 0.034931 0.0340497 0.0323607 0.0299833 0.0270498 0.0236936 0.0200406 0.0162048 0.0123007 0.0084962 0.0051086 0.00258911 0.00116475 0.000569402 0.000391848 0.000403798 0.000498795 0.000555768 0.000491189 0.00035121 0.000215744 0.000118137 5.77528e-05 2.43148e-05 7.96051e-06 1.44511e-06 0 
0 0.000294684 0.00121147 0.00276367 0.00491377 0.00757362 0.0106097 0.0138531 0.0171128 0.0201915 0.0229027 0.0250863 0.0266225 0.0274397 0.0275172 0.0268813 0.0255952 0.0237466 0.0214334 0.0187482 0.0157638 0.0125245 0.0090733 0.00558254 0.00258911 0.00080152 0.000176951 4.49994e-05 2.61838e-05 4.24551e-05 0.000110829 0.000232628 0.000296902 0.000250136 0.000163353 9.12885e-05 4.49104e-05 1.89437e-05 6.20543e-06 1.12668e-06 0 
0 0.000224245 0.00092189 0.00210307 0.00373927 0.00576348 0.00807433 0.0105436 0.0130269 0.0153752 0.017448 0.0191248 0.0203144 0.0209613 0.0210476 0.0205901 0.0196348 0.018246 0.0164942 0.0144395 0.012112 0.00949774 0.0065741 0.00353639 0.00116475 0.000176951 1.31232e-05 1.18361e-06 5.20814e-07 1.70545e-06 1.40509e-05 7.56541e-05 0.000162591 0.000170532 0.000120213 6.87977e-05 3.40821e-05 1.44045e-05 4.72113e-06 8.57317e-07 0 
0 0.000166363 0.000683934 0.00156024 0.00277411 0.0042759 0.00599043 0.00782278 0.00966594 0.0114099 0.0129508 0.0141998 0.0150895 0.0155786 0.0156537 0.015327 0.0146326 0.0136184 0.0123358 0.010825 0.00909442 0.00710004 0.00477879 0.0023198 0.000569402 4.49994e-05 1.18361e-06 3.9191e-08 1.30815e-08 8.38497e-08 2.05645e-06 2.65879e-05 9.13559e-05 0.000115771 8.69102e-05 5.06751e-05 2.52357e-05 1.06808e-05 3.50202e-06 6.36004e-07 0 
0 0.000120155 0.00049397 0.00112688 0.0020036 0.00308828 0.00432665 0.00565018 0.00698167 0.00824178 0.0093557 0.0102593 0.0109042 0.0112607 0.0113192 0.011089 0.0105952 0.0098735 0.00896241 0.0078917 0.00666526 0.00524036 0.00354525 0.00170166 0.000391848 2.61838e-05 5.20814e-07 1.30815e-08 4.01288e-09 3.0459e-08 9.89322e-07 1.59968e-05 6.17881e-05 8.19502e-05 6.24199e-05 3.65454e-05 1.82193e-05 7.71343e-06 2.52926e-06 4.59349e-07 0 
0 8.4327e-05 0.000346676 0.000790861 0.00140616 0.00216741 0.00303653 0.00396544 0.00489999 0.0057845 0.00656655 0.0072012 0.00765451 0.00790578 0.00794841 0.00778926 0.00744654 0.00694632 0.00631737 0.00558364 0.00475262 0.00379994 0.0026721 0.00140764 0.000403798 4.24551e-05 1.70545e-06 8.38497e-08 3.0459e-08 1.42603e-07 2.15164e-06 1.88708e-05 5.25819e-05 6.11582e-05 4.45969e-05 2.57757e-05 1.28038e-05 5.41538e-06 1.77525e-06 3.22387e-07 0 
0 5.73649e-05 0.000235833 0.000537998 0.000956568 0.00147442 0.00206566 0.00269758 0.00333334 0.00393509 0.00446717 0.00489903 0.00520762 0.0053789 0.00540848 0.00530119 0.00506978 0.00473267 0.00431084 0.00382341 0.00328125 0.0026784 0.00198939 0.00121232 0.000498795 0.000110829 1.40509e-05 2.05645e-06 9.89322e-07 2.15164e-06 9.47209e-06 3.06895e-05 4.97783e-05 4.63474e-05 3.13303e-05 1.76954e-05 8.73217e-06 3.68648e-06 1.20788e-06 2.19321e-07 0 
0 3.7699e-05 0.000154984 0.000353561 0.000628636 0.000968959 0.00135751 0.0017728 0.00219061 0.00258608 0.00293577 0.00321962 0.00342247 0.00353515 0.00355478 0.00348465 0.00333329 0.00311318 0.00283892 0.00252483 0.00218192 0.00181408 0.00141609 0.000984213 0.000555768 0.000232628 7.56541e-05 2.65879e-05 1.59968e-05 1.88708e-05 3.06895e-05 4.35691e-05 4.43909e-05 3.38263e-05 2.12778e-05 1.17432e-05 5.7548e-06 2.42461e-06 7.93968e-07 1.44142e-07 0 
0 2.38242e-05 9.79433e-05 0.000223435 0.000397271 0.000612341 0.000857889 0.00112033 0.00138437 0.0016343 0.00185529 0.00203468 0.00216289 0.00223413 0.00224661 0.00220241 0.00210703 0.00196851 0.00179644 0.00160069 0.00139005 0.0011707 0.000945461 0.00071595 0.000491189 0.000296902 0.000162591 9.13559e-05 6.17881e-05 5.25819e-05 4.97783e-05 4.43909e-05 3.43095e-05 2.30196e-05 1.37846e-05 7.47962e-06 3.64546e-06 1.53333e-06 5.01857e-07 9.1097e-08 0 
0 1.43839e-05 5.91335e-05 0.000134899 0.000239853 0.000369702 0.000517952 0.000676403 0.000835819 0.00098671 0.00112014 0.00122845 0.00130586 0.00134888 0.00135643 0.00132979 0.0012723 0.00118887 0.00108544 0.000968265 0.000843309 0.000715597 0.000588918 0.000466223 0.00035121 0.000250136 0.000170532 0.000115771 8.19502e-05 6.11582e-05 4.63474e-05 3.38263e-05 2.30196e-05 1.44938e-05 8.44978e-06 4.5391e-06 2.20461e-06 9.26233e-07 3.03045e-07 5.50026e-08 0 
0 8.21723e-06 3.37818e-05 7.70654e-05 0.000137024 0.000211204 0.000295896 0.000386416 0.000477487 0.000563689 0.000639913 0.000701788 0.000746015 0.000770594 0.000774914 0.000759708 0.000726891 0.000679294 0.000620346 0.000553722 0.000483008 0.000411418 0.000341626 0.00027578 0.000215744 0.000163353 0.000120213 8.69102e-05 6.24199e-05 4.45969e-05 3.13303e-05 2.12778e-05 1.37846e-05 8.44978e-06 4.86569e-06 2.6006e-06 1.26071e-06 5.29314e-07 1.73142e-07 3.1423e-08 0 
0 4.37575e-06 1.79891e-05 4.10381e-05 7.29663e-05 0.000112468 0.000157567 0.00020577 0.000254266 0.00030017 0.00034076 0.000373709 0.000397261 0.00041035 0.000412652 0.000404558 0.00038709 0.000361762 0.000330409 0.000295013 0.000257526 0.000219731 0.000183144 0.000148974 0.000118137 9.12885e-05 6.87977e-05 5.06751e-05 3.65454e-05 2.57757e-05 1.76954e-05 1.17432e-05 7.47962e-06 4.5391e-06 2.6006e-06 1.38685e-06 6.71694e-07 2.81917e-07 9.22056e-08 1.67334e-08 0 
0 2.11793e-06 8.70702e-06 1.98631e-05 3.53168e-05 5.44362e-05 7.62651e-05 9.95959e-05 0.000123069 0.000145287 0.000164933 0.000180881 0.00019228 0.000198616 0.00019973 0.000195814 0.000187361 0.000175105 0.000159939 0.000142824 0.000124716 0.000106487 8.8885e-05 7.24987e-05 5.77528e-05 4.49104e-05 3.40821e-05 2.52357e-05 1.82193e-05 1.28038e-05 8.73217e-06 5.7548e-06 3.64546e-06 2.20461e-06 1.26071e-06 6.71694e-07 3.25194e-07 1.36465e-07 4.46305e-08 8.0993e-09 0 
0 8.88673e-07 3.65342e-06 8.33443e-06 1.48187e-05 2.28411e-05 3.20004e-05 4.17899e-05 5.1639e-05 6.09615e-05 6.9205e-05 7.58967e-05 8.06798e-05 8.33382e-05 8.38058e-05 8.21626e-05 7.86161e-05 7.34746e-05 6.71124e-05 5.99345e-05 5.23421e-05 4.47038e-05 3.73339e-05 3.04794e-05 2.43148e-05 1.89437e-05 1.44045e-05 1.06808e-05 7.71343e-06 5.41538e-06 3.68648e-06 2.42461e-06 1.53333e-06 9.26233e-07 5.29314e-07 2.81917e-07 1.36465e-07 5.72626e-08 1.8727e-08 3.39844e-09 0 
0 2.90623e-07 1.19478e-06 2.72561e-06 4.84619e-06 7.46975e-06 1.04651e-05 1.36666e-05 1.68875e-05 1.99363e-05 2.26322e-05 2.48206e-05 2.63848e-05 2.72542e-05 2.74071e-05 2.68697e-05 2.571e-05 2.40286e-05 2.19482e-05 1.96012e-05 1.7119e-05 1.46223e-05 1.22138e-05 9.97436e-06 7.96051e-06 6.20543e-06 4.72113e-06 3.50202e-06 2.52926e-06 1.77525e-06 1.20788e-06 7.93968e-07 5.01857e-07 3.03045e-07 1.73142e-07 9.22056e-08 4.46305e-08 1.8727e-08 6.12436e-09 1.1114e-09 0 
0 5.27398e-08 2.16818e-07 4.94621e-07 8.79444e-07 1.35555e-06 1.89912e-06 2.48009e-06 3.0646e-06 3.61786e-06 4.10709e-06 4.50422e-06 4.78808e-06 4.94585e-06 4.9736e-06 4.87609e-06 4.66563e-06 4.36052e-06 3.983e-06 3.55712e-06 3.10672e-06 2.6537e-06 2.21674e-06 1.81046e-06 1.44511e-06 1.12668e-06 8.57317e-07 6.36004e-07 4.59349e-07 3.22387e-07 2.19321e-07 1.44142e-07 9.1097e-08 5.50026e-08 3.1423e-08 1.67334e-08 8.0993e-09 3.39844e-09 1.1114e-09 2.01687e-10 0 
0 0 0 0 0 0 0 0 0 0 0 0 0 0 0 0 0 0 0 0 0 0 0 0 0 0 0 0 0 0 0 0 0 0 0 0 0 0 0 0 0 
