0 0 0 0 0 0 0 0 0 0 0 0 0 0 0 0 0 0 0 0 0 0 0 0 0 0 0 0 0 0 0 0 0 0 0 0 0 0 0 0 0 
0 1.33982e-05 5.31741e-05 0.000113634 0.000181667 0.000240508 0.000277737 0.000290635 0.000284653 0.000268219 0.000248706 0.000230985 0.000217662 0.000209839 0.00020778 0.000211301 0.00021991 0.000232751 0.000248435 0.000264879 0.000279265 0.000288278 0.000288691 0.000278233 0.000256445 0.000225091 0.000187796 0.000148989 0.000112637 8.13756e-05 5.63131e-05 3.73583e-05 2.37238e-05 1.43571e-05 8.21074e-06 4.37435e-06 2.11767e-06 8.8863e-07 2.90618e-07 5.27394e-08 0 
0 5.31741e-05 0.000200691 0.000388322 0.000525667 0.000549197 0.000473379 0.000358719 0.000253445 0.000175556 0.000124198 9.26589e-05 7.46202e-05 6.58193e-05 6.39644e-05 6.83297e-05 7.94765e-05 9.91278e-05 0.000130045 0.000175607 0.000238691 0.000319508 0.000412644 0.000504789 0.000575873 0.000605636 0.000583546 0.00051513 0.000419015 0.000317022 0.000225336 0.000151643 9.69828e-05 5.88838e-05 3.37232e-05 1.79768e-05 8.70475e-06 3.65307e-06 1.19474e-06 2.16816e-07 0 
0 0.000113634 0.000388322 0.000616844 0.000607258 0.000415418 0.000220228 0.000100404 4.30302e-05 1.86881e-05 8.76844e-06 4.68596e-06 2.96833e-06 2.28545e-06 2.15926e-06 2.48921e-06 3.43534e-06 5.50982e-06 9.89779e-06 1.91246e-05 3.81637e-05 7.57111e-05 0.000144334 0.000256718 0.000415176 0.000596988 0.000749966 0.000815912 0.000771495 0.00064397 0.000485062 0.000336737 0.000218669 0.000133688 7.67885e-05 4.09815e-05 1.98529e-05 8.3329e-06 2.72544e-06 4.9461e-07 0 
0 0.000181667 0.000525667 0.000607258 0.000372436 0.000143038 4.02445e-05 9.48586e-06 2.10661e-06 4.91229e-07 1.32743e-07 4.52128e-08 2.06957e-08 1.3255e-08 1.20553e-08 1.5413e-08 2.68249e-08 6.04705e-08 1.66023e-07 5.19004e-07 1.7272e-06 5.75058e-06 1.81608e-05 5.21278e-05 0.000131609 0.000284768 0.000516037 0.000767596 0.000927951 0.000920567 0.000772008 0.000568656 0.000380272 0.000235586 0.000136068 7.27758e-05 3.52835e-05 1.48139e-05 4.84564e-06 8.7941e-07 0 
0 0.000240508 0.000549197 0.000415418 0.000143038 2.78715e-05 3.69495e-06 3.91912e-07 3.89274e-08 4.22544e-09 5.78771e-10 1.13176e-10 3.47171e-11 1.77229e-11 1.53802e-11 2.23383e-11 5.1737e-11 1.77391e-10 8.21272e-10 4.64264e-09 2.89786e-08 1.81987e-07 1.06199e-06 5.41073e-06 2.30301e-05 7.96136e-05 0.000219378 0.000473529 0.00078631 0.000997757 0.000988542 0.000802779 0.00056431 0.000357658 0.00020854 0.000111947 5.4347e-05 2.28283e-05 7.46835e-06 1.35546e-06 0 
0 0.000277737 0.000473379 0.000220228 4.02445e-05 3.69495e-06 2.09252e-07 8.93174e-09 3.53851e-10 1.60344e-11 1.01084e-12 1.04899e-13 2.03761e-14 8.02861e-15 6.60348e-15 1.1092e-14 3.55916e-14 1.96925e-13 1.6553e-12 1.84045e-11 2.35646e-10 3.05598e-09 3.59574e-08 3.52057e-07 2.70002e-06 1.56573e-05 6.76083e-05 0.000216067 0.000506333 0.000858315 0.00105625 0.000984676 0.000745744 0.000489483 0.000289626 0.000156356 7.60612e-05 3.19716e-05 1.0462e-05 1.89894e-06 0 
0 0.000290635 0.000358719 0.000100404 9.48586e-06 3.91912e-07 8.93174e-09 1.43724e-10 2.12695e-12 3.7824e-14 1.03911e-15 5.47314e-17 6.52424e-18 1.95466e-18 1.5197e-18 2.97207e-18 1.34879e-17 1.24489e-16 1.98082e-15 4.54216e-14 1.255e-12 3.53916e-11 8.83198e-10 1.74263e-08 2.51151e-07 2.52533e-06 1.74259e-05 8.28137e-05 0.000273075 0.000622574 0.000974971 0.00107572 0.000898414 0.000618644 0.00037364 0.000203318 9.91882e-05 4.17331e-05 1.36606e-05 2.47974e-06 0 
0 0.000284653 0.000253445 4.30302e-05 2.10661e-06 3.89274e-08 3.53851e-10 2.12695e-12 1.16562e-14 8.07023e-17 9.62088e-19 2.77684e-20 3.1257e-21 1.22682e-21 1.02193e-21 1.60379e-21 5.97124e-21 7.24292e-20 2.12949e-18 1.01224e-16 6.07425e-15 3.75022e-13 1.99895e-11 8.00614e-10 2.18391e-08 3.83024e-07 4.23202e-06 2.97193e-05 0.000135706 0.000409059 0.000812371 0.00107372 0.00100449 0.000733464 0.000454584 0.000249877 0.000122345 5.15393e-05 1.68771e-05 3.06401e-06 0 
0 0.000268219 0.000175556 1.86881e-05 4.91229e-07 4.22544e-09 1.60344e-11 3.7824e-14 8.07023e-17 2.29517e-19 1.54029e-21 7.08958e-23 1.56515e-23 8.48658e-24 7.48473e-24 9.64601e-24 2.25422e-23 1.33003e-22 3.44596e-21 2.98181e-19 3.72778e-17 4.84351e-15 5.30862e-13 4.16754e-11 2.08617e-09 6.21557e-08 1.07492e-06 1.09122e-05 6.727e-05 0.000260482 0.00064131 0.00100813 0.00106064 0.000825904 0.00052711 0.000293142 0.000144133 6.08038e-05 1.99199e-05 3.61694e-06 0 
0 0.000248706 0.000124198 8.76844e-06 1.32743e-07 5.78771e-10 1.01084e-12 1.03911e-15 9.62088e-19 1.54029e-21 1.4014e-23 9.79779e-25 3.4039e-25 2.34648e-25 2.15222e-25 2.40863e-25 3.88644e-25 1.33804e-24 2.07542e-23 1.77727e-21 3.97376e-19 9.98446e-17 2.07597e-14 2.9636e-12 2.5453e-10 1.21544e-08 3.13305e-07 4.41303e-06 3.54022e-05 0.000169844 0.000501467 0.000917383 0.00107663 0.000893098 0.0005873 0.000330599 0.000163269 6.89786e-05 2.26088e-05 4.10578e-06 0 
0 0.000230985 9.26589e-05 4.68596e-06 4.52128e-08 1.13176e-10 1.04899e-13 5.47314e-17 2.77684e-20 7.08959e-23 9.79783e-25 5.69782e-26 1.78014e-26 1.35324e-26 1.26761e-26 1.29334e-26 1.67419e-26 4.80319e-26 6.60976e-25 4.05893e-23 9.88207e-21 4.14352e-18 1.45325e-15 3.38147e-13 4.51499e-11 3.17133e-09 1.13347e-07 2.0875e-06 2.07501e-05 0.000118162 0.000402432 0.000830864 0.00106833 0.000936792 0.000632987 0.00036034 0.000178691 7.55997e-05 2.47901e-05 4.50252e-06 0 
0 0.000217662 7.46202e-05 2.96833e-06 2.06957e-08 3.47171e-11 2.03761e-14 6.52424e-18 3.1257e-21 1.56515e-23 3.40392e-25 1.78015e-26 2.34329e-27 1.19505e-27 1.0659e-27 1.0347e-27 1.37709e-27 6.11004e-27 1.01345e-25 4.68385e-24 7.72278e-22 4.13954e-19 2.11422e-16 7.00021e-14 1.28556e-11 1.19348e-09 5.40342e-08 1.20827e-06 1.40207e-05 9.0244e-05 0.000339879 0.000764465 0.00105092 0.000961305 0.00066354 0.00038114 0.000189637 8.03219e-05 2.63481e-05 4.78604e-06 0 
0 0.000209839 6.58193e-05 2.28545e-06 1.3255e-08 1.77229e-11 8.02861e-15 1.95466e-18 1.22683e-21 8.48661e-24 2.3465e-25 1.35325e-26 1.19506e-27 2.07641e-28 1.14266e-28 1.14515e-28 2.94679e-28 2.61549e-27 4.53513e-26 1.70191e-24 2.08366e-22 1.11413e-19 7.01803e-17 2.83952e-14 6.2511e-12 6.80197e-10 3.52359e-08 8.80073e-07 1.11532e-05 7.6947e-05 0.000306687 0.000724134 0.00103505 0.000971243 0.000679322 0.000392431 0.000195673 8.29398e-05 2.72134e-05 4.94358e-06 0 
0 0.00020778 6.39644e-05 2.15926e-06 1.20553e-08 1.53802e-11 6.60348e-15 1.5197e-18 1.02193e-21 7.48476e-24 2.15223e-25 1.26762e-26 1.06591e-27 1.14267e-28 2.44628e-29 3.12333e-29 1.95658e-28 2.18332e-27 3.79612e-26 1.36985e-24 1.58753e-22 8.35427e-20 5.49519e-17 2.31957e-14 5.30698e-12 5.97374e-10 3.18514e-08 8.14646e-07 1.05212e-05 7.36839e-05 0.000297419 0.000710506 0.00102606 0.000969867 0.000681112 0.00039419 0.000196694 8.33943e-05 2.7365e-05 4.97126e-06 0 
0 0.000211301 6.83297e-05 2.48921e-06 1.5413e-08 2.23383e-11 1.1092e-14 2.97207e-18 1.60379e-21 9.64604e-24 2.40864e-25 1.29335e-26 1.03471e-27 1.14516e-28 3.12332e-29 4.53013e-29 2.54811e-28 2.8248e-27 5.31995e-26 2.21654e-24 3.07673e-22 1.68793e-19 9.89354e-17 3.73652e-14 7.73385e-12 7.97644e-10 3.94945e-08 9.50601e-07 1.1698e-05 7.89e-05 0.000309222 0.000721635 0.00102442 0.000958369 0.000669714 0.000386834 0.000192893 8.17658e-05 2.6829e-05 4.87381e-06 0 
0 0.00021991 7.94765e-05 3.43534e-06 2.68249e-08 5.1737e-11 3.55916e-14 1.34879e-17 5.97124e-21 2.25423e-23 3.88646e-25 1.6742e-26 1.3771e-27 2.94677e-28 1.95656e-28 2.54808e-28 7.70772e-28 6.78471e-27 1.44168e-25 8.14765e-24 1.65886e-21 8.43226e-19 3.7886e-16 1.11312e-13 1.83684e-11 1.55402e-09 6.50574e-08 1.36442e-06 1.5048e-05 9.3167e-05 0.000341158 0.000753496 0.00102628 0.00093591 0.000645852 0.000371137 0.000184726 7.82567e-05 2.56729e-05 4.66355e-06 0 
0 0.000232751 9.91278e-05 5.50982e-06 6.04705e-08 1.77391e-10 1.96925e-13 1.24489e-16 7.24292e-20 1.33003e-22 1.33804e-24 4.8032e-26 6.11002e-27 2.61547e-27 2.1833e-27 2.82478e-27 6.78468e-27 4.66246e-26 1.1149e-24 9.2857e-23 2.47518e-20 9.04948e-18 2.73748e-15 5.55537e-13 6.56273e-11 4.14441e-09 1.35408e-07 2.31714e-06 2.17364e-05 0.000118554 0.000392393 0.000798624 0.00102391 0.000900214 0.000610283 0.000348176 0.000172852 7.31653e-05 2.39965e-05 4.35871e-06 0 
0 0.000248435 0.000130045 9.89779e-06 1.66023e-07 8.21272e-10 1.6553e-12 1.98082e-15 2.12949e-18 3.44596e-21 2.07542e-23 6.60975e-25 1.01345e-25 4.5351e-26 3.7961e-26 5.31992e-26 1.44167e-25 1.1149e-24 3.40227e-23 3.81669e-21 7.87413e-19 1.74565e-16 3.21716e-14 4.10742e-12 3.19054e-10 1.39538e-08 3.33794e-07 4.42223e-06 3.38385e-05 0.000157304 0.000458451 0.000843413 0.00100626 0.000848485 0.000564024 0.000319289 0.00015808 6.68548e-05 2.19212e-05 3.98146e-06 0 
0 0.000264879 0.000175607 1.91246e-05 5.19004e-07 4.64264e-09 1.84045e-11 4.54216e-14 1.01224e-16 2.98181e-19 1.77727e-21 4.05893e-23 4.68384e-24 1.70191e-24 1.36984e-24 2.21654e-24 8.14764e-24 9.2857e-23 3.81669e-21 3.36781e-19 4.0212e-17 4.98568e-15 5.22246e-13 3.92566e-11 1.88525e-09 5.40092e-08 9.01145e-07 8.87814e-06 5.36825e-05 0.00020766 0.000524271 0.000865099 0.000960099 0.000778411 0.000508535 0.000286009 0.0001413 5.97203e-05 1.95784e-05 3.5558e-06 0 
0 0.000279265 0.000238691 3.81637e-05 1.7272e-06 2.89786e-08 2.35646e-10 1.255e-12 6.07425e-15 3.72778e-17 3.97376e-19 9.88207e-21 7.72278e-22 2.08366e-22 1.58753e-22 3.07673e-22 1.65886e-21 2.47518e-20 7.87413e-19 4.0212e-17 2.60529e-15 1.73595e-13 9.92479e-12 4.21438e-10 1.19955e-08 2.15745e-07 2.41134e-06 1.7071e-05 7.96125e-05 0.000253209 0.000554369 0.000830727 0.000872022 0.000688912 0.000445743 0.000249972 0.000123414 5.21561e-05 1.70989e-05 3.10554e-06 0 
0 0.000288278 0.000319508 7.57111e-05 5.75058e-06 1.81987e-07 3.05598e-09 3.53916e-11 3.75022e-13 4.84351e-15 9.98446e-17 4.14352e-18 4.13954e-19 1.11413e-19 8.35427e-20 1.68793e-19 8.43226e-19 9.04948e-18 1.74565e-16 4.98568e-15 1.73595e-13 6.14487e-12 1.88685e-10 4.41952e-09 7.19576e-08 7.73928e-07 5.47979e-06 2.65788e-05 9.35416e-05 0.000247698 0.000490014 0.000703253 0.000731533 0.000580512 0.000377915 0.000212793 0.000105272 4.4528e-05 1.46031e-05 2.65257e-06 0 
0 0.000288691 0.000412644 0.000144334 1.81608e-05 1.06199e-06 3.59574e-08 8.83198e-10 1.99895e-11 5.30862e-13 2.07597e-14 1.45325e-15 2.11422e-16 7.01803e-17 5.49519e-17 9.89354e-17 3.7886e-16 2.73748e-15 3.21716e-14 5.22246e-13 9.92479e-12 1.88685e-10 3.11205e-09 3.93384e-08 3.45324e-07 1.99578e-06 7.78606e-06 2.29933e-05 5.92736e-05 0.000141606 0.000293323 0.000467759 0.000537412 0.000455887 0.000307548 0.000175983 8.76255e-05 3.71518e-05 1.2194e-05 2.21558e-06 0 
0 0.000278233 0.000504789 0.000256718 5.21278e-05 5.41073e-06 3.52057e-07 1.74263e-08 8.00614e-10 4.16754e-11 2.9636e-12 3.38147e-13 7.00021e-14 2.83952e-14 2.31957e-14 3.73652e-14 1.11312e-13 5.55537e-13 4.10742e-12 3.92566e-11 4.21438e-10 4.41952e-09 3.93384e-08 2.56271e-07 1.04998e-06 2.44968e-06 3.53467e-06 4.4968e-06 7.89772e-06 2.2166e-05 7.41055e-05 0.000193147 0.000313648 0.000322313 0.000237624 0.000140936 7.11009e-05 3.02805e-05 9.95311e-06 1.80923e-06 0 
0 0.000256445 0.000575873 0.000415176 0.000131609 2.30301e-05 2.70002e-06 2.51151e-07 2.18391e-08 2.08617e-09 2.5453e-10 4.51499e-11 1.28556e-11 6.2511e-12 5.30698e-12 7.73385e-12 1.83684e-11 6.56273e-11 3.19054e-10 1.88525e-09 1.19955e-08 7.19576e-08 3.45324e-07 1.04998e-06 1.46664e-06 7.10533e-07 1.4112e-07 3.12804e-08 3.02634e-08 1.94736e-07 3.091e-06 3.24447e-05 0.000124998 0.000196121 0.000172311 0.000108997 5.61958e-05 2.40988e-05 7.93796e-06 1.44384e-06 0 
0 0.000225091 0.000605636 0.000596988 0.000284768 7.96136e-05 1.56573e-05 2.52533e-06 3.83024e-07 6.21557e-08 1.21544e-08 3.17133e-09 1.19348e-09 6.80197e-10 5.97374e-10 7.97644e-10 1.55402e-09 4.14441e-09 1.39538e-08 5.40092e-08 2.15745e-07 7.73928e-07 1.99578e-06 2.44968e-06 7.10533e-07 2.29466e-08 1.03772e-10 7.12882e-13 2.39775e-13 1.24776e-11 6.75629e-09 1.39808e-06 2.98437e-05 0.000100149 0.000117029 8.14589e-05 4.32705e-05 1.8722e-05 6.18287e-06 1.12543e-06 0 
0 0.000187796 0.000583546 0.000749966 0.000516037 0.000219378 6.76083e-05 1.74259e-05 4.23202e-06 1.07492e-06 3.13305e-07 1.13347e-07 5.40342e-08 3.52359e-08 3.18514e-08 3.94945e-08 6.50574e-08 1.35408e-07 3.33794e-07 9.01145e-07 2.41134e-06 5.47979e-06 7.78606e-06 3.53467e-06 1.4112e-07 1.03772e-10 1.75144e-15 1.36352e-15 2.91877e-15 8.02596e-17 9.65127e-13 1.87354e-08 4.83719e-06 4.56388e-05 7.62398e-05 5.92778e-05 3.25182e-05 1.41978e-05 4.70051e-06 8.56195e-07 0 
0 0.000148989 0.00051513 0.000815912 0.000767596 0.000473529 0.000216067 8.28137e-05 2.97193e-05 1.09122e-05 4.41303e-06 2.0875e-06 1.20827e-06 8.80073e-07 8.14646e-07 9.50601e-07 1.36442e-06 2.31714e-06 4.42223e-06 8.87814e-06 1.7071e-05 2.65788e-05 2.29933e-05 4.4968e-06 3.12804e-08 7.12882e-13 1.36352e-15 1.11051e-16 1.567e-16 2.29438e-17 2.55052e-16 3.85732e-10 9.66771e-07 2.24731e-05 5.03399e-05 4.2611e-05 2.39235e-05 1.05099e-05 3.4852e-06 6.35098e-07 0 
0 0.000112637 0.000419015 0.000771495 0.000927951 0.00078631 0.000506333 0.000273075 0.000135706 6.727e-05 3.54022e-05 2.07501e-05 1.40207e-05 1.11532e-05 1.05212e-05 1.1698e-05 1.5048e-05 2.17364e-05 3.38385e-05 5.36825e-05 7.96125e-05 9.35416e-05 5.92736e-05 7.89772e-06 3.02634e-08 2.39775e-13 2.91877e-15 1.567e-16 2.70845e-17 1.27263e-17 3.60266e-16 1.17955e-10 5.22048e-07 1.49986e-05 3.57081e-05 3.06654e-05 1.7268e-05 7.59011e-06 2.51717e-06 4.587e-07 0 
0 8.13756e-05 0.000317022 0.00064397 0.000920567 0.000997757 0.000858315 0.000622574 0.000409059 0.000260482 0.000169844 0.000118162 9.0244e-05 7.6947e-05 7.36839e-05 7.89e-05 9.3167e-05 0.000118554 0.000157304 0.00020766 0.000253209 0.000247698 0.000141606 2.2166e-05 1.94736e-07 1.24776e-11 8.02596e-17 2.29438e-17 1.27263e-17 6.7939e-17 5.20294e-15 1.07546e-09 9.58214e-07 1.4421e-05 2.75655e-05 2.21241e-05 1.22142e-05 5.33854e-06 1.76767e-06 3.21977e-07 0 
0 5.63131e-05 0.000225336 0.000485062 0.000772008 0.000988542 0.00105625 0.000974971 0.000812371 0.00064131 0.000501467 0.000402432 0.000339879 0.000306687 0.000297419 0.000309222 0.000341158 0.000392393 0.000458451 0.000524271 0.000554369 0.000490014 0.000293323 7.41055e-05 3.091e-06 6.75629e-09 9.65127e-13 2.55052e-16 3.60266e-16 5.20294e-15 3.29212e-11 5.23441e-08 3.31863e-06 1.68086e-05 2.20836e-05 1.5781e-05 8.42115e-06 3.64528e-06 1.20374e-06 2.19094e-07 0 
0 3.73583e-05 0.000151643 0.000336737 0.000568656 0.000802779 0.000984676 0.00107572 0.00107372 0.00100813 0.000917383 0.000830864 0.000764465 0.000724134 0.000710506 0.000721635 0.000753496 0.000798624 0.000843413 0.000865099 0.000830727 0.000703253 0.000467759 0.000193147 3.24447e-05 1.39808e-06 1.87354e-08 3.85732e-10 1.17955e-10 1.07546e-09 5.23441e-08 1.48984e-06 9.7842e-06 1.85904e-05 1.71196e-05 1.08998e-05 5.6152e-06 2.40561e-06 7.92009e-07 1.44032e-07 0 
0 2.37238e-05 9.69828e-05 0.000218669 0.000380272 0.00056431 0.000745744 0.000898414 0.00100449 0.00106064 0.00107663 0.00106833 0.00105092 0.00103505 0.00102606 0.00102442 0.00102628 0.00102391 0.00100626 0.000960099 0.000872022 0.000731533 0.000537412 0.000313648 0.000124998 2.98437e-05 4.83719e-06 9.66771e-07 5.22048e-07 9.58214e-07 3.31863e-06 9.7842e-06 1.66738e-05 1.69681e-05 1.22511e-05 7.16659e-06 3.59194e-06 1.52577e-06 5.0105e-07 9.10502e-08 0 
0 1.43571e-05 5.88838e-05 0.000133688 0.000235586 0.000357658 0.000489483 0.000618644 0.000733464 0.000825904 0.000893098 0.000936792 0.000961305 0.000971243 0.000969867 0.000958369 0.00093591 0.000900214 0.000848485 0.000778411 0.000688912 0.000580512 0.000455887 0.000322313 0.000196121 0.000100149 4.56388e-05 2.24731e-05 1.49986e-05 1.4421e-05 1.68086e-05 1.85904e-05 1.69681e-05 1.2624e-05 7.98108e-06 4.4404e-06 2.18698e-06 9.23631e-07 3.02756e-07 5.49852e-08 0 
0 8.21074e-06 3.37232e-05 7.67885e-05 0.000136068 0.00020854 0.000289626 0.00037364 0.000454584 0.00052711 0.0005873 0.000632987 0.00066354 0.000679322 0.000681112 0.000669714 0.000645852 0.000610283 0.000564024 0.000508535 0.000445743 0.000377915 0.000307548 0.000237624 0.000172311 0.000117029 7.62398e-05 5.03399e-05 3.57081e-05 2.75655e-05 2.20836e-05 1.71196e-05 1.22511e-05 7.98108e-06 4.74474e-06 2.57393e-06 1.2557e-06 5.28537e-07 1.73052e-07 3.14173e-08 0 
0 4.37435e-06 1.79768e-05 4.09815e-05 7.27758e-05 0.000111947 0.000156356 0.000203318 0.000249877 0.000293142 0.000330599 0.00036034 0.00038114 0.000392431 0.00039419 0.000386834 0.000371137 0.000348176 0.000319289 0.000286009 0.000249972 0.000212793 0.000175983 0.000140936 0.000108997 8.14589e-05 5.92778e-05 4.2611e-05 3.06654e-05 2.21241e-05 1.5781e-05 1.08998e-05 7.16659e-06 4.4404e-06 2.57393e-06 1.38065e-06 6.70467e-07 2.81717e-07 9.21813e-08 1.67318e-08 0 
0 2.11767e-06 8.70475e-06 1.98529e-05 3.52835e-05 5.4347e-05 7.60612e-05 9.91882e-05 0.000122345 0.000144133 0.000163269 0.000178691 0.000189637 0.000195673 0.000196694 0.000192893 0.000184726 0.000172852 0.00015808 0.0001413 0.000123414 0.000105272 8.76255e-05 7.11009e-05 5.61958e-05 4.32705e-05 3.25182e-05 2.39235e-05 1.7268e-05 1.22142e-05 8.42115e-06 5.6152e-06 3.59194e-06 2.18698e-06 1.2557e-06 6.70467e-07 3.24938e-07 1.36421e-07 4.46249e-08 8.09892e-09 0 
0 8.8863e-07 3.65307e-06 8.3329e-06 1.48139e-05 2.28283e-05 3.19716e-05 4.17331e-05 5.15393e-05 6.08038e-05 6.89786e-05 7.55997e-05 8.03219e-05 8.29398e-05 8.33943e-05 8.17658e-05 7.82567e-05 7.31653e-05 6.68548e-05 5.97203e-05 5.21561e-05 4.4528e-05 3.71518e-05 3.02805e-05 2.40988e-05 1.8722e-05 1.41978e-05 1.05099e-05 7.59011e-06 5.33854e-06 3.64528e-06 2.40561e-06 1.52577e-06 9.23631e-07 5.28537e-07 2.81717e-07 1.36421e-07 5.72548e-08 1.8726e-08 3.39837e-09 0 
0 2.90618e-07 1.19474e-06 2.72544e-06 4.84564e-06 7.46835e-06 1.0462e-05 1.36606e-05 1.68771e-05 1.99199e-05 2.26088e-05 2.47901e-05 2.63481e-05 2.72134e-05 2.7365e-05 2.6829e-05 2.56729e-05 2.39965e-05 2.19212e-05 1.95784e-05 1.70989e-05 1.46031e-05 1.2194e-05 9.95311e-06 7.93796e-06 6.18287e-06 4.70051e-06 3.4852e-06 2.51717e-06 1.76767e-06 1.20374e-06 7.92009e-07 5.0105e-07 3.02756e-07 1.73052e-07 9.21813e-08 4.46249e-08 1.8726e-08 6.12421e-09 1.11139e-09 0 
0 5.27394e-08 2.16816e-07 4.9461e-07 8.7941e-07 1.35546e-06 1.89894e-06 2.47974e-06 3.06401e-06 3.61694e-06 4.10578e-06 4.50252e-06 4.78604e-06 4.94358e-06 4.97126e-06 4.87381e-06 4.66355e-06 4.35871e-06 3.98146e-06 3.5558e-06 3.10554e-06 2.65257e-06 2.21558e-06 1.80923e-06 1.44384e-06 1.12543e-06 8.56195e-07 6.35098e-07 4.587e-07 3.21977e-07 2.19094e-07 1.44032e-07 9.10502e-08 5.49852e-08 3.14173e-08 1.67318e-08 8.09892e-09 3.39837e-09 1.11139e-09 2.01686e-10 0 
0 0 0 0 0 0 0 0 0 0 0 0 0 0 0 0 0 0 0 0 0 0 0 0 0 0 0 0 0 0 0 0 0 0 0 0 0 0 0 0 0 
