0 0 0 0 0 0 0 0 0 0 0 0 0 0 0 0 0 0 0 0 0 0 0 0 0 0 0 0 0 0 0 0 0 0 0 0 0 0 0 0 0 
0 1.32118e-05 5.15809e-05 0.000107182 0.000164599 0.000207526 0.00022758 0.000226658 0.000212371 0.000192668 0.000173197 0.000157069 0.000145597 0.000139116 0.000137536 0.000140635 0.000148119 0.000159548 0.000174155 0.00019064 0.000207018 0.000220659 0.000228614 0.000228243 0.000218012 0.000198138 0.000170746 0.000139343 0.00010778 7.92021e-05 5.54477e-05 3.70509e-05 2.36261e-05 1.43292e-05 8.20367e-06 4.37275e-06 2.11735e-06 8.88579e-07 2.90612e-07 5.2739e-08 0 
0 5.15809e-05 0.000187178 0.000338086 0.00041535 0.000388157 0.000299803 0.000205826 0.000133481 8.59381e-05 5.72134e-05 4.06987e-05 3.16986e-05 2.7452e-05 2.65959e-05 2.87399e-05 3.42649e-05 4.43021e-05 6.07935e-05 8.64634e-05 0.000124424 0.000177067 0.000244062 0.000319896 0.000392435 0.000444712 0.000461095 0.000435366 0.000374762 0.000296051 0.000216773 0.000148596 9.60284e-05 5.86186e-05 3.36577e-05 1.79625e-05 8.70203e-06 3.65263e-06 1.19469e-06 2.16812e-07 0 
0 0.000107182 0.000338086 0.00046838 0.000386646 0.000220955 9.93536e-05 3.89961e-05 1.45527e-05 5.57022e-06 2.34092e-06 1.14452e-06 6.8042e-07 5.05762e-07 4.7492e-07 5.59595e-07 8.09487e-07 1.3897e-06 2.71511e-06 5.76615e-06 1.27162e-05 2.79179e-05 5.88508e-05 0.000115686 0.000207261 0.000332154 0.000468398 0.000573336 0.00060496 0.000552755 0.000444519 0.000321738 0.000213933 0.000132386 7.64738e-05 4.09146e-05 1.98406e-05 8.331e-06 2.72522e-06 4.94596e-07 0 
0 0.000164599 0.00041535 0.000386646 0.00018551 5.62297e-05 1.25893e-05 2.3652e-06 4.2054e-07 7.95978e-08 1.78969e-08 5.25173e-09 2.16115e-09 1.30459e-09 1.17411e-09 1.55676e-09 2.93097e-09 7.40451e-09 2.34034e-08 8.57293e-08 3.37176e-07 1.32684e-06 4.91916e-06 1.63958e-05 4.75494e-05 0.000117552 0.000244448 0.000422258 0.000597605 0.000687554 0.000649452 0.000518789 0.000363845 0.000231031 0.000134978 7.25484e-05 3.52426e-05 1.48077e-05 4.84494e-06 8.79367e-07 0 
0 0.000207526 0.000388157 0.000220955 5.62297e-05 8.06192e-06 7.74938e-07 5.88821e-08 4.19722e-09 3.33418e-10 3.46856e-11 5.42738e-12 1.41972e-12 6.63258e-13 5.66517e-13 8.68696e-13 2.26272e-12 9.19904e-12 5.25847e-11 3.77094e-10 3.02686e-09 2.44694e-08 1.81968e-07 1.15941e-06 6.02476e-06 2.48335e-05 8.03795e-05 0.000204076 0.000404998 0.000621582 0.000734076 0.000681192 0.000520686 0.000345135 0.000205527 0.000111325 5.42369e-05 2.28121e-05 7.46654e-06 1.35535e-06 0 
0 0.00022758 0.000299803 9.93536e-05 1.25893e-05 7.74938e-07 2.83661e-08 7.6584e-10 1.92245e-11 5.67151e-13 2.44954e-14 1.87033e-15 2.91596e-16 1.01623e-16 8.17609e-17 1.48047e-16 5.58829e-16 3.91116e-15 4.39528e-14 6.78083e-13 1.22809e-11 2.25846e-10 3.72193e-09 4.97945e-08 5.04463e-07 3.71847e-06 1.9691e-05 7.54933e-05 0.000212677 0.00044259 0.000675312 0.000758475 0.000653378 0.000461252 0.000282685 0.000154923 7.58103e-05 3.19352e-05 1.0458e-05 1.8987e-06 0 
0 0.000226658 0.000205826 3.89961e-05 2.3652e-06 5.88821e-08 7.6584e-10 6.83052e-12 5.6155e-14 5.74293e-16 9.68985e-18 3.66696e-19 5.40128e-20 2.7954e-20 2.48477e-20 3.26458e-20 9.29435e-20 9.14736e-19 2.08075e-17 7.28603e-16 3.15022e-14 1.39506e-12 5.38656e-11 1.59562e-09 3.31059e-08 4.55946e-07 4.09135e-06 2.41873e-05 9.70415e-05 0.000271866 0.000536205 0.000741828 0.000737852 0.000565049 0.000359959 0.000200468 9.86915e-05 4.16619e-05 1.36529e-05 2.4793e-06 0 
0 0.000212371 0.000133481 1.45527e-05 4.2054e-07 4.19722e-09 1.92245e-11 5.6155e-14 1.49872e-16 5.33507e-19 7.08449e-21 1.20305e-21 5.4038e-22 4.45716e-22 4.28639e-22 4.30418e-22 6.02605e-22 1.57755e-21 1.24036e-20 7.13803e-19 7.37611e-17 7.91908e-15 7.20963e-13 4.75901e-11 2.03597e-09 5.27789e-08 8.0843e-07 7.40172e-06 4.21217e-05 0.000156443 0.000391597 0.000663318 0.000768269 0.000645837 0.000431067 0.000244892 0.000121475 5.14154e-05 1.68639e-05 3.06324e-06 0 
0 0.000192668 8.59381e-05 5.57022e-06 7.95978e-08 3.33418e-10 5.67151e-13 5.74293e-16 5.33507e-19 1.64031e-21 9.27024e-23 4.67365e-23 3.59101e-23 3.46959e-23 3.41197e-23 3.17807e-23 3.31596e-23 4.03864e-23 9.32679e-23 1.53945e-21 2.30843e-19 5.69901e-17 1.17087e-14 1.65287e-12 1.40551e-10 6.64768e-09 1.69502e-07 2.35616e-06 1.86772e-05 8.99775e-05 0.000278384 0.000565067 0.000756501 0.000699761 0.000491268 0.000285367 0.000142769 6.06103e-05 1.98994e-05 3.61576e-06 0 
0 0.000173197 5.72134e-05 2.34092e-06 1.78969e-08 3.46856e-11 2.44954e-14 9.68985e-18 7.08449e-21 9.27025e-23 9.5881e-24 5.22945e-24 4.95126e-24 5.14597e-24 5.10197e-24 4.60438e-24 4.08239e-24 3.51253e-24 4.76247e-24 3.02098e-23 1.80941e-21 7.05118e-19 2.9769e-16 8.24916e-14 1.29038e-11 1.04099e-09 4.17658e-08 8.42432e-07 8.97264e-06 5.43369e-05 0.000201372 0.000475624 0.00072208 0.000729658 0.00053812 0.00031966 0.000161335 6.87044e-05 2.25799e-05 4.10413e-06 0 
0 0.000157069 4.06987e-05 1.14452e-06 5.25173e-09 5.42738e-12 1.87033e-15 3.66696e-19 1.20305e-21 4.67365e-23 5.22945e-24 1.45582e-24 1.0238e-24 1.01578e-24 9.95725e-25 8.80492e-25 7.18255e-25 5.5555e-25 7.47448e-25 4.2016e-24 1.0718e-22 2.07363e-20 1.47465e-17 7.0858e-15 1.82235e-12 2.27295e-10 1.32061e-08 3.61243e-07 4.90123e-06 3.57652e-05 0.000153081 0.000406935 0.00068251 0.000742249 0.000571382 0.000346309 0.00017619 7.52446e-05 2.47527e-05 4.50039e-06 0 
0 0.000145597 3.16986e-05 6.8042e-07 2.16115e-09 1.41972e-12 2.91596e-16 5.40128e-20 5.4038e-22 3.59102e-23 4.95126e-24 1.0238e-24 3.69788e-25 2.55756e-25 2.26521e-25 1.93727e-25 1.53699e-25 1.34545e-25 2.864e-25 1.77531e-24 2.74401e-23 2.22036e-21 1.68397e-18 1.20193e-15 4.42337e-13 7.55253e-11 5.7312e-09 1.95345e-07 3.15724e-06 2.63574e-05 0.000125009 0.000360952 0.000649281 0.000744849 0.00059224 0.000364589 0.000186664 7.98991e-05 2.63036e-05 4.78352e-06 0 
0 0.000139116 2.7452e-05 5.05762e-07 1.30459e-09 6.63258e-13 1.01623e-16 2.7954e-20 4.45717e-22 3.4696e-23 5.14597e-24 1.01578e-24 2.55756e-25 9.87431e-26 6.22016e-26 4.80765e-26 4.05907e-26 5.56124e-26 1.93829e-25 1.23293e-24 1.55869e-23 8.25275e-22 4.92931e-19 4.38624e-16 1.97744e-13 4.03343e-11 3.5606e-09 1.37477e-07 2.45383e-06 2.2108e-05 0.000111088 0.000335856 0.000628251 0.000743179 0.000602355 0.000374343 0.000192408 8.24745e-05 2.71644e-05 4.94081e-06 0 
0 0.000137536 2.65959e-05 4.7492e-07 1.17411e-09 5.66517e-13 8.17609e-17 2.48477e-20 4.28639e-22 3.41198e-23 5.10197e-24 9.95726e-25 2.26521e-25 6.22016e-26 2.44451e-26 1.51257e-26 1.60151e-26 3.89912e-26 1.73538e-25 1.12532e-24 1.38255e-23 6.8115e-22 3.81392e-19 3.54861e-16 1.66808e-13 3.52945e-11 3.21448e-09 1.27346e-07 2.31984e-06 2.12284e-05 0.000107921 0.000329375 0.000621413 0.000740461 0.000603106 0.000375778 0.000193362 8.29189e-05 2.73149e-05 4.96842e-06 0 
0 0.000140635 2.87399e-05 5.59595e-07 1.55676e-09 8.68696e-13 1.48047e-16 3.26458e-20 4.30418e-22 3.17807e-23 4.60438e-24 8.80493e-25 1.93727e-25 4.80766e-26 1.51257e-26 8.28611e-27 1.16783e-26 3.77398e-26 1.82829e-25 1.26469e-24 1.74535e-23 1.10228e-21 7.54799e-19 6.21101e-16 2.6038e-13 4.98401e-11 4.16843e-09 1.53925e-07 2.6509e-06 2.32284e-05 0.000114269 0.000339936 0.000628252 0.000737343 0.000595213 0.00036931 0.000189724 8.13133e-05 2.67813e-05 4.87111e-06 0 
0 0.000148119 3.42649e-05 8.09487e-07 2.93097e-09 2.26272e-12 5.58829e-16 9.29435e-20 6.02605e-22 3.31596e-23 4.0824e-24 7.18256e-25 1.53699e-25 4.05907e-26 1.60151e-26 1.16783e-26 1.67823e-26 4.81223e-26 2.3451e-25 1.90121e-24 3.73351e-23 4.37626e-21 3.52078e-18 2.18659e-15 7.09373e-13 1.0847e-10 7.49441e-09 2.36398e-07 3.59048e-06 2.85575e-05 0.000130535 0.000366543 0.000646184 0.000732154 0.000578718 0.000355504 0.000181906 7.7854e-05 2.56303e-05 4.66113e-06 0 
0 0.000159548 4.43021e-05 1.3897e-06 7.40451e-09 9.19904e-12 3.91116e-15 9.14736e-19 1.57755e-21 4.03865e-23 3.51254e-24 5.55551e-25 1.34545e-25 5.56123e-26 3.89912e-26 3.77398e-26 4.81223e-26 1.00222e-25 4.39239e-25 4.55966e-24 1.82797e-22 5.39567e-20 3.38304e-17 1.38507e-14 3.08342e-12 3.38915e-10 1.76819e-08 4.42445e-07 5.5879e-06 3.8558e-05 0.000158178 0.000407689 0.000670133 0.000721301 0.000553231 0.000335079 0.0001705 7.2829e-05 2.39609e-05 4.35667e-06 0 
0 0.000174155 6.07935e-05 2.71511e-06 2.34034e-08 5.25847e-11 4.39528e-14 2.08075e-17 1.24036e-20 9.32679e-23 4.76247e-24 7.47448e-25 2.864e-25 1.93829e-25 1.73538e-25 1.82829e-25 2.3451e-25 4.39239e-25 1.9769e-24 3.47705e-23 3.82136e-21 1.5361e-18 5.65103e-16 1.37506e-13 1.91202e-11 1.3904e-09 5.10302e-08 9.55601e-07 9.58436e-06 5.53869e-05 0.000198394 0.000458968 0.000691541 0.000699838 0.000518336 0.000308959 0.000156232 6.659e-05 2.1893e-05 3.97984e-06 0 
0 0.00019064 8.64634e-05 5.76615e-06 8.57293e-08 3.77094e-10 6.78083e-13 7.28603e-16 7.13803e-19 1.53945e-21 3.02098e-23 4.2016e-24 1.77531e-24 1.23293e-24 1.12531e-24 1.26469e-24 1.90121e-24 4.55966e-24 3.47705e-23 1.55206e-21 2.96174e-19 6.98354e-17 1.36505e-14 1.83688e-12 1.49209e-10 6.75843e-09 1.65606e-07 2.2232e-06 1.71309e-05 8.09035e-05 0.000248397 0.000508768 0.000697351 0.000662294 0.00047401 0.000278296 0.000139921 5.9522e-05 1.95572e-05 3.55457e-06 0 
0 0.000207018 0.000124424 1.27162e-05 3.37176e-07 3.02686e-09 1.22809e-11 3.15022e-14 7.37611e-17 2.30843e-19 1.80941e-21 1.0718e-22 2.74401e-23 1.55869e-23 1.38255e-23 1.74535e-23 3.73351e-23 1.82797e-22 3.82136e-21 2.96174e-19 3.37454e-17 3.98234e-15 3.96111e-13 2.82233e-11 1.28143e-09 3.45943e-08 5.4299e-07 5.05025e-06 2.92185e-05 0.000111462 0.000292405 0.000532209 0.000669982 0.000603778 0.000420923 0.000244448 0.000122423 5.20126e-05 1.70834e-05 3.10464e-06 0 
0 0.000220659 0.000177067 2.79179e-05 1.32684e-06 2.44694e-08 2.25846e-10 1.39506e-12 7.91908e-15 5.69901e-17 7.05118e-19 2.07363e-20 2.22036e-21 8.25275e-22 6.81149e-22 1.10228e-21 4.37626e-21 5.39567e-20 1.5361e-18 6.98354e-17 3.98234e-15 2.32167e-13 1.15754e-11 4.26674e-10 1.04498e-08 1.60007e-07 1.5196e-06 9.33739e-06 3.97594e-05 0.000124104 0.000288473 0.000488637 0.000590309 0.000521299 0.000360558 0.000208896 0.000104566 4.44249e-05 1.45919e-05 2.65191e-06 0 
0 0.000228614 0.000244062 5.88508e-05 4.91916e-06 1.81968e-07 3.72193e-09 5.38656e-11 7.20963e-13 1.17087e-14 2.9769e-16 1.47465e-17 1.68397e-18 4.92931e-19 3.81392e-19 7.54799e-19 3.52078e-18 3.38304e-17 5.65103e-16 1.36505e-14 3.96111e-13 1.15754e-11 2.90157e-10 5.41975e-09 6.73224e-08 5.21409e-07 2.57592e-06 9.19766e-06 2.78894e-05 7.75173e-05 0.000186308 0.000343341 0.000447576 0.000415544 0.000295225 0.000173154 8.7107e-05 3.70756e-05 1.21857e-05 2.21509e-06 0 
0 0.000228243 0.000319896 0.000115686 1.63958e-05 1.15941e-06 4.97945e-08 1.59562e-09 4.75901e-11 1.65287e-12 8.24916e-14 7.0858e-15 1.20193e-15 4.38624e-16 3.54861e-16 6.21101e-16 2.18659e-15 1.38507e-14 1.37506e-13 1.83688e-12 2.82233e-11 4.26674e-10 5.41975e-09 4.88911e-08 2.63109e-07 7.50512e-07 1.23474e-06 1.73269e-06 3.42826e-06 1.13437e-05 4.56427e-05 0.000140882 0.000261451 0.000294185 0.000228285 0.000138726 7.06929e-05 3.02206e-05 9.94659e-06 1.80885e-06 0 
0 0.000218012 0.000392435 0.000207261 4.75494e-05 6.02476e-06 5.04463e-07 3.31059e-08 2.03597e-09 1.40551e-10 1.29038e-11 1.82235e-12 4.42337e-13 1.97744e-13 1.66808e-13 2.6038e-13 7.09373e-13 3.08342e-12 1.91202e-11 1.49209e-10 1.28143e-09 1.04498e-08 6.73224e-08 2.63109e-07 4.32109e-07 2.15446e-07 3.89103e-08 7.74129e-09 7.81977e-09 6.50798e-08 1.47035e-06 2.09866e-05 9.94433e-05 0.000176084 0.000164663 0.000107121 5.58501e-05 2.40487e-05 7.93259e-06 1.44353e-06 0 
0 0.000198138 0.000444712 0.000332154 0.000117552 2.48335e-05 3.71847e-06 4.55946e-07 5.27789e-08 6.64768e-09 1.04099e-09 2.27295e-10 7.55253e-11 4.03343e-11 3.52945e-11 4.98401e-11 1.0847e-10 3.38915e-10 1.3904e-09 6.75843e-09 3.45943e-08 1.60007e-07 5.21409e-07 7.50512e-07 2.15446e-07 5.26552e-09 1.40881e-11 5.3179e-14 1.4914e-14 1.52342e-12 1.74199e-09 6.77802e-07 2.12855e-05 8.67134e-05 0.000110603 7.9805e-05 4.29681e-05 1.86791e-05 6.17836e-06 1.12518e-06 0 
0 0.000170746 0.000461095 0.000468398 0.000244448 8.03795e-05 1.9691e-05 4.09135e-06 8.0843e-07 1.69502e-07 4.17658e-08 1.32061e-08 5.7312e-09 3.5606e-09 3.21448e-09 4.16843e-09 7.49441e-09 1.76819e-08 5.10302e-08 1.65606e-07 5.4299e-07 1.5196e-06 2.57592e-06 1.23474e-06 3.89103e-08 1.40881e-11 2.77047e-16 2.48037e-15 1.42111e-15 5.83934e-15 9.80394e-14 5.87731e-09 2.94202e-06 3.76157e-05 7.10604e-05 5.78616e-05 3.22611e-05 1.4162e-05 4.69684e-06 8.55991e-07 0 
0 0.000139343 0.000435366 0.000573336 0.000422258 0.000204076 7.54933e-05 2.41873e-05 7.40172e-06 2.35616e-06 8.42432e-07 3.61243e-07 1.95345e-07 1.37477e-07 1.27346e-07 1.53925e-07 2.36398e-07 4.42445e-07 9.55601e-07 2.2232e-06 5.05025e-06 9.33739e-06 9.19766e-06 1.73269e-06 7.74129e-09 5.3179e-14 2.48037e-15 5.63577e-16 3.73864e-16 8.43807e-16 9.41147e-15 8.07016e-11 5.10433e-07 1.77809e-05 4.6435e-05 4.14923e-05 2.37219e-05 1.04823e-05 3.48241e-06 6.34945e-07 0 
0 0.00010778 0.000374762 0.00060496 0.000597605 0.000404998 0.000212677 9.70415e-05 4.21217e-05 1.86772e-05 8.97264e-06 4.90123e-06 3.15724e-06 2.45383e-06 2.31984e-06 2.6509e-06 3.59048e-06 5.5879e-06 9.58436e-06 1.71309e-05 2.92185e-05 3.97594e-05 2.78894e-05 3.42826e-06 7.81977e-09 1.4914e-14 1.42111e-15 3.73864e-16 7.68835e-16 3.8423e-15 7.96519e-14 2.2252e-11 2.67439e-07 1.17959e-05 3.29331e-05 2.98745e-05 1.71272e-05 7.57104e-06 2.51526e-06 4.58595e-07 0 
0 7.92021e-05 0.000296051 0.000552755 0.000687554 0.000621582 0.00044259 0.000271866 0.000156443 8.99775e-05 5.43369e-05 3.57652e-05 2.63574e-05 2.2108e-05 2.12284e-05 2.32284e-05 2.85575e-05 3.8558e-05 5.53869e-05 8.09035e-05 0.000111462 0.000124104 7.75173e-05 1.13437e-05 6.50798e-08 1.52342e-12 5.83934e-15 8.43807e-16 3.8423e-15 5.70701e-16 4.84745e-16 2.75371e-10 5.48066e-07 1.17669e-05 2.57276e-05 2.16344e-05 1.21284e-05 5.32695e-06 1.7665e-06 3.21913e-07 0 
0 5.54477e-05 0.000216773 0.000444519 0.000649452 0.000734076 0.000675312 0.000536205 0.000391597 0.000278384 0.000201372 0.000153081 0.000125009 0.000111088 0.000107921 0.000114269 0.000130535 0.000158178 0.000198394 0.000248397 0.000292405 0.000288473 0.000186308 4.56427e-05 1.47035e-06 1.74199e-09 9.80394e-14 9.41147e-15 7.96519e-14 4.84745e-16 5.80753e-12 2.16645e-08 2.27759e-06 1.45756e-05 2.10078e-05 1.55207e-05 8.37621e-06 3.63916e-06 1.20312e-06 2.19059e-07 0 
0 3.70509e-05 0.000148596 0.000321738 0.000518789 0.000681192 0.000758475 0.000741828 0.000663318 0.000565067 0.000475624 0.000406935 0.000360952 0.000335856 0.000329375 0.000339936 0.000366543 0.000407689 0.000458968 0.000508768 0.000532209 0.000488637 0.000343341 0.000140882 2.09866e-05 6.77802e-07 5.87731e-09 8.07016e-11 2.2252e-11 2.75371e-10 2.16645e-08 9.33931e-07 7.92693e-06 1.70882e-05 1.65968e-05 1.0783e-05 5.59505e-06 2.40281e-06 7.91717e-07 1.44015e-07 0 
0 2.36261e-05 9.60284e-05 0.000213933 0.000363845 0.000520686 0.000653378 0.000737852 0.000768269 0.000756501 0.00072208 0.00068251 0.000649281 0.000628251 0.000621413 0.000628252 0.000646184 0.000670133 0.000691541 0.000697351 0.000669982 0.000590309 0.000447576 0.000261451 9.94433e-05 2.12855e-05 2.94202e-06 5.10433e-07 2.67439e-07 5.48066e-07 2.27759e-06 7.92693e-06 1.50707e-05 1.62517e-05 1.20464e-05 7.12248e-06 3.58421e-06 1.52467e-06 5.00931e-07 9.10432e-08 0 
0 1.43292e-05 5.86186e-05 0.000132386 0.000231031 0.000345135 0.000461252 0.000565049 0.000645837 0.000699761 0.000729658 0.000742249 0.000744849 0.000743179 0.000740461 0.000737343 0.000732154 0.000721301 0.000699838 0.000662294 0.000603778 0.000521299 0.000415544 0.000294185 0.000176084 8.67134e-05 3.76157e-05 1.77809e-05 1.17959e-05 1.17669e-05 1.45756e-05 1.70882e-05 1.62517e-05 1.23783e-05 7.91604e-06 4.42632e-06 2.18443e-06 9.2325e-07 3.02713e-07 5.49826e-08 0 
0 8.20367e-06 3.36577e-05 7.64738e-05 0.000134978 0.000205527 0.000282685 0.000359959 0.000431067 0.000491268 0.00053812 0.000571382 0.00059224 0.000602355 0.000603106 0.000595213 0.000578718 0.000553231 0.000518336 0.00047401 0.000420923 0.000360558 0.000295225 0.000228285 0.000164663 0.000110603 7.10604e-05 4.6435e-05 3.29331e-05 2.57276e-05 2.10078e-05 1.65968e-05 1.20464e-05 7.91604e-06 4.72757e-06 2.57009e-06 1.25497e-06 5.28424e-07 1.73039e-07 3.14165e-08 0 
0 4.37275e-06 1.79625e-05 4.09146e-05 7.25484e-05 0.000111325 0.000154923 0.000200468 0.000244892 0.000285367 0.00031966 0.000346309 0.000364589 0.000374343 0.000375778 0.00036931 0.000355504 0.000335079 0.000308959 0.000278296 0.000244448 0.000208896 0.000173154 0.000138726 0.000107121 7.9805e-05 5.78616e-05 4.14923e-05 2.98745e-05 2.16344e-05 1.55207e-05 1.0783e-05 7.12248e-06 4.42632e-06 2.57009e-06 1.37975e-06 6.70288e-07 2.81688e-07 9.21777e-08 1.67315e-08 0 
0 2.11735e-06 8.70203e-06 1.98406e-05 3.52426e-05 5.42369e-05 7.58103e-05 9.86915e-05 0.000121475 0.000142769 0.000161335 0.00017619 0.000186664 0.000192408 0.000193362 0.000189724 0.000181906 0.0001705 0.000156232 0.000139921 0.000122423 0.000104566 8.7107e-05 7.06929e-05 5.58501e-05 4.29681e-05 3.22611e-05 2.37219e-05 1.71272e-05 1.21284e-05 8.37621e-06 5.59505e-06 3.58421e-06 2.18443e-06 1.25497e-06 6.70288e-07 3.249e-07 1.36415e-07 4.46241e-08 8.09887e-09 0 
0 8.88579e-07 3.65263e-06 8.331e-06 1.48077e-05 2.28121e-05 3.19352e-05 4.16619e-05 5.14154e-05 6.06103e-05 6.87044e-05 7.52446e-05 7.98991e-05 8.24745e-05 8.29189e-05 8.13133e-05 7.7854e-05 7.2829e-05 6.659e-05 5.9522e-05 5.20126e-05 4.44249e-05 3.70756e-05 3.02206e-05 2.40487e-05 1.86791e-05 1.4162e-05 1.04823e-05 7.57104e-06 5.32695e-06 3.63916e-06 2.40281e-06 1.52467e-06 9.2325e-07 5.28424e-07 2.81688e-07 1.36415e-07 5.72536e-08 1.87258e-08 3.39836e-09 0 
0 2.90612e-07 1.19469e-06 2.72522e-06 4.84494e-06 7.46654e-06 1.0458e-05 1.36529e-05 1.68639e-05 1.98994e-05 2.25799e-05 2.47527e-05 2.63036e-05 2.71644e-05 2.73149e-05 2.67813e-05 2.56303e-05 2.39609e-05 2.1893e-05 1.95572e-05 1.70834e-05 1.45919e-05 1.21857e-05 9.94659e-06 7.93259e-06 6.17836e-06 4.69684e-06 3.48241e-06 2.51526e-06 1.7665e-06 1.20312e-06 7.91717e-07 5.00931e-07 3.02713e-07 1.73039e-07 9.21777e-08 4.46241e-08 1.87258e-08 6.12419e-09 1.11139e-09 0 
0 5.2739e-08 2.16812e-07 4.94596e-07 8.79367e-07 1.35535e-06 1.8987e-06 2.4793e-06 3.06324e-06 3.61576e-06 4.10413e-06 4.50039e-06 4.78352e-06 4.94081e-06 4.96842e-06 4.87111e-06 4.66113e-06 4.35667e-06 3.97984e-06 3.55457e-06 3.10464e-06 2.65191e-06 2.21509e-06 1.80885e-06 1.44353e-06 1.12518e-06 8.55991e-07 6.34945e-07 4.58595e-07 3.21913e-07 2.19059e-07 1.44015e-07 9.10432e-08 5.49826e-08 3.14165e-08 1.67315e-08 8.09887e-09 3.39836e-09 1.11139e-09 2.01686e-10 0 
0 0 0 0 0 0 0 0 0 0 0 0 0 0 0 0 0 0 0 0 0 0 0 0 0 0 0 0 0 0 0 0 0 0 0 0 0 0 0 0 0 
