0 0 0 0 0 0 0 0 0 0 0 0 0 0 0 0 0 0 0 0 0 0 0 0 0 0 0 0 0 0 0 0 0 0 0 0 0 0 0 0 0 
0 1.31995e-05 5.1478e-05 0.000106779 0.000163584 0.000205677 0.000224937 0.000223474 0.000208947 0.000189228 0.000169862 0.000153877 0.000142532 0.000136132 0.000134577 0.000137645 0.00014505 0.000156369 0.00017086 0.000187258 0.00020362 0.000217357 0.000225549 0.000225564 0.000215836 0.00019652 0.00016966 0.000138691 0.000107433 7.90389e-05 5.53798e-05 3.70259e-05 2.36179e-05 1.43269e-05 8.20305e-06 4.37261e-06 2.11732e-06 8.88574e-07 2.90611e-07 5.2739e-08 0 
0 5.1478e-05 0.000186329 0.000335111 0.000409371 0.000380297 0.000292163 0.000199677 0.000129001 8.27836e-05 5.49618e-05 3.90114e-05 3.03372e-05 2.62504e-05 2.54282e-05 2.74933e-05 3.2817e-05 4.25016e-05 5.84437e-05 8.33164e-05 0.000120198 0.000171506 0.000237056 0.000311642 0.000383564 0.000436224 0.00045403 0.00043034 0.000371738 0.000294513 0.000216108 0.000148348 9.59479e-05 5.85955e-05 3.36519e-05 1.79612e-05 8.70178e-06 3.65259e-06 1.19468e-06 2.16812e-07 0 
0 0.000106779 0.000335111 0.000460488 0.000376552 0.000213337 9.52203e-05 3.71229e-05 1.37651e-05 5.23723e-06 2.18927e-06 1.06572e-06 6.31596e-07 4.68655e-07 4.39943e-07 5.18947e-07 7.52439e-07 1.29611e-06 2.54268e-06 5.42475e-06 1.20203e-05 2.65141e-05 5.61412e-05 0.000110826 0.000199381 0.000320954 0.000454932 0.000560135 0.000594698 0.000546489 0.000441479 0.000320537 0.000213535 0.000132273 7.64458e-05 4.09086e-05 1.98394e-05 8.33082e-06 2.7252e-06 4.94595e-07 0 
0 0.000163584 0.000409371 0.000376552 0.000178509 5.35253e-05 1.1858e-05 2.20383e-06 3.87615e-07 7.26127e-08 1.61774e-08 4.71185e-09 1.92863e-09 1.16076e-09 1.04411e-09 1.38694e-09 2.62162e-09 6.66103e-09 2.12026e-08 7.8284e-08 3.10453e-07 1.23173e-06 4.60184e-06 1.54446e-05 4.50619e-05 0.000112003 0.00023416 0.000407008 0.000580389 0.000673325 0.000640906 0.000514948 0.000362489 0.000230638 0.000134881 7.25278e-05 3.52388e-05 1.48071e-05 4.84487e-06 8.79363e-07 0 
0 0.000205677 0.000380297 0.000213337 5.35253e-05 7.56447e-06 7.15908e-07 5.35092e-08 3.75166e-09 2.93394e-10 3.01017e-11 4.65729e-12 1.20845e-12 5.62004e-13 4.7964e-13 7.37522e-13 1.93259e-12 7.92523e-12 4.5789e-11 3.32322e-10 2.70138e-09 2.21154e-08 1.66452e-07 1.0722e-06 5.62453e-06 2.33664e-05 7.6126e-05 0.000194469 0.000388716 0.000602038 0.000718202 0.000672427 0.00051721 0.000344071 0.000205261 0.000111268 5.42268e-05 2.28106e-05 7.46637e-06 1.35534e-06 0 
0 0.000224937 0.000292163 9.52203e-05 1.1858e-05 7.15908e-07 2.56457e-08 6.76727e-10 1.66024e-11 4.79294e-13 2.03068e-14 1.52631e-15 2.35264e-16 8.14678e-17 6.54689e-17 1.1901e-16 4.53043e-16 3.20955e-15 3.66085e-14 5.74256e-13 1.05843e-11 1.98097e-10 3.32022e-09 4.51164e-08 4.63373e-07 3.45497e-06 1.84636e-05 7.13057e-05 0.000202261 0.000424449 0.000654612 0.000743583 0.000646386 0.000458916 0.000282079 0.000154794 7.57874e-05 3.19319e-05 1.04577e-05 1.89868e-06 0 
0 0.000223474 0.000199677 3.71229e-05 2.20383e-06 5.35092e-08 6.76727e-10 5.85932e-12 4.6761e-14 4.64944e-16 7.65465e-18 2.91528e-19 4.84433e-20 2.75132e-20 2.48019e-20 3.09962e-20 7.79805e-20 7.18729e-19 1.6533e-17 5.91595e-16 2.61682e-14 1.18559e-12 4.67948e-11 1.41472e-09 2.98907e-08 4.1809e-07 3.79885e-06 2.26746e-05 9.16662e-05 0.000258782 0.000515536 0.000722049 0.000726458 0.000560766 0.000358785 0.000200214 9.86462e-05 4.16553e-05 1.36522e-05 2.47925e-06 0 
0 0.000208947 0.000129001 1.37651e-05 3.87615e-07 3.75166e-09 1.66024e-11 4.6761e-14 1.20317e-16 4.15905e-19 6.31421e-21 1.22556e-21 6.13369e-22 5.49266e-22 5.35099e-22 5.14779e-22 6.4745e-22 1.55215e-21 1.03753e-20 5.57076e-19 5.90563e-17 6.52137e-15 6.09994e-13 4.12905e-11 1.80678e-09 4.77582e-08 7.43319e-07 6.8904e-06 3.95756e-05 0.000148128 0.000374156 0.000641473 0.000752663 0.000639114 0.000429094 0.000244452 0.000121396 5.14041e-05 1.68627e-05 3.06317e-06 0 
0 0.000189228 8.27836e-05 5.23723e-06 7.26127e-08 2.93394e-10 4.79294e-13 4.64944e-16 4.15905e-19 1.46522e-21 1.02582e-22 5.75379e-23 4.62967e-23 4.73699e-23 4.71235e-23 4.24526e-23 4.15851e-23 4.93967e-23 9.49445e-23 1.29544e-21 1.79082e-19 4.55597e-17 9.6638e-15 1.4052e-12 1.22717e-10 5.94003e-09 1.54402e-07 2.17903e-06 1.74681e-05 8.48705e-05 0.000264818 0.000543653 0.000737779 0.000690485 0.00048833 0.00028469 0.000142647 6.05926e-05 1.98975e-05 3.61565e-06 0 
0 0.000169862 5.49618e-05 2.18927e-06 1.61774e-08 3.01017e-11 2.03068e-14 7.65465e-18 6.31421e-21 1.02582e-22 1.22653e-23 7.2345e-24 6.96924e-24 7.4856e-24 7.4831e-24 6.61042e-24 5.67655e-24 4.84396e-24 5.74673e-24 2.98337e-23 1.47315e-21 5.49713e-19 2.40399e-16 6.88908e-14 1.11067e-11 9.19914e-10 3.77315e-08 7.74563e-07 8.35903e-06 5.1107e-05 0.000190991 0.000455893 0.000701585 0.000718113 0.00053418 0.00031872 0.000161162 6.86794e-05 2.25772e-05 4.10398e-06 0 
0 0.000153877 3.90114e-05 1.06572e-06 4.71185e-09 4.65729e-12 1.52631e-15 2.91528e-19 1.22556e-21 5.75379e-23 7.23451e-24 2.16394e-24 1.54319e-24 1.55284e-24 1.52833e-24 1.3345e-24 1.07243e-24 8.23414e-25 9.9149e-25 4.76488e-24 1.00134e-22 1.6205e-20 1.17009e-17 5.83326e-15 1.55067e-12 1.99073e-10 1.1851e-08 3.30571e-07 4.55179e-06 3.35692e-05 0.00014491 0.000389082 0.000661308 0.000728966 0.000566543 0.000345117 0.000175968 7.52125e-05 2.47492e-05 4.5002e-06 0 
0 0.000142532 3.03372e-05 6.31596e-07 1.92863e-09 1.20845e-12 2.35264e-16 4.84433e-20 6.13369e-22 4.62967e-23 6.96925e-24 1.54319e-24 5.83332e-25 4.0961e-25 3.62979e-25 3.08056e-25 2.42417e-25 2.05907e-25 3.85925e-25 2.11009e-24 2.80785e-23 1.86838e-21 1.32043e-18 9.79531e-16 3.73379e-13 6.57359e-11 5.11911e-09 1.78169e-07 2.92582e-06 2.47057e-05 0.000118204 0.000344609 0.000627985 0.00073044 0.000586726 0.000363195 0.000186403 7.9861e-05 2.62996e-05 4.78329e-06 0 
0 0.000136132 2.62504e-05 4.68655e-07 1.16076e-09 5.62004e-13 8.14678e-17 2.75132e-20 5.49266e-22 4.737e-23 7.48561e-24 1.55284e-24 4.0961e-25 1.63794e-25 1.04134e-25 8.00134e-26 6.62811e-26 8.375e-26 2.61069e-25 1.51496e-24 1.69613e-23 7.40378e-22 3.84639e-19 3.55546e-16 1.66211e-13 3.49918e-11 3.17266e-09 1.2518e-07 2.27161e-06 2.07106e-05 0.000104997 0.000320448 0.000607111 0.000728225 0.00059646 0.00037283 0.000192121 8.24327e-05 2.716e-05 4.94055e-06 0 
0 0.000134577 2.54282e-05 4.39943e-07 1.04411e-09 4.7964e-13 6.54689e-17 2.48019e-20 5.35099e-22 4.71235e-23 7.48311e-24 1.52833e-24 3.62979e-25 1.04134e-25 4.22309e-26 2.60603e-26 2.59882e-26 5.6801e-26 2.3293e-25 1.39275e-24 1.52176e-23 6.18042e-22 2.9758e-19 2.87504e-16 1.40162e-13 3.06141e-11 2.86409e-09 1.1596e-07 2.14789e-06 1.9891e-05 0.000102027 0.000314303 0.000600484 0.000725488 0.000597155 0.000374243 0.000193071 8.28763e-05 2.73103e-05 4.96816e-06 0 
0 0.000137645 2.74933e-05 5.18947e-07 1.38694e-09 7.37522e-13 1.1901e-16 3.09962e-20 5.14779e-22 4.24526e-23 6.61043e-24 1.3345e-24 3.08056e-25 8.00134e-26 2.60603e-26 1.40728e-26 1.81655e-26 5.36843e-26 2.41927e-25 1.53117e-24 1.85514e-23 9.64691e-22 5.90922e-19 5.05331e-16 2.19547e-13 4.33527e-11 3.72242e-09 1.4041e-07 2.45773e-06 2.17876e-05 0.000108122 0.00032465 0.000607563 0.00072284 0.000589519 0.00036785 0.000189447 8.12729e-05 2.67769e-05 4.87086e-06 0 
0 0.00014505 3.2817e-05 7.52439e-07 2.62162e-09 1.93259e-12 4.53043e-16 7.79805e-20 6.4745e-22 4.15851e-23 5.67655e-24 1.07243e-24 2.42417e-25 6.62811e-26 2.59882e-26 1.81655e-26 2.48588e-26 6.70657e-26 3.03384e-25 2.20988e-24 3.67233e-23 3.54546e-21 2.78135e-18 1.79415e-15 6.02278e-13 9.48779e-11 6.72196e-09 2.1637e-07 3.3372e-06 2.68361e-05 0.000123705 0.000350613 0.00062588 0.000718596 0.000573554 0.000354199 0.000181661 7.78181e-05 2.56265e-05 4.66091e-06 0 
0 0.000156369 4.25016e-05 1.29611e-06 6.66103e-09 7.92523e-12 3.20955e-15 7.18729e-19 1.55215e-21 4.93968e-23 4.84397e-24 8.23415e-25 2.05907e-25 8.37499e-26 5.6801e-26 5.36842e-26 6.70656e-26 1.33557e-25 5.39223e-25 4.93013e-24 1.63406e-22 4.19899e-20 2.71124e-17 1.15028e-14 2.6439e-12 2.98815e-10 1.59594e-08 4.06919e-07 5.21247e-06 3.63327e-05 0.000150254 0.000390914 0.000650598 0.000709158 0.000548804 0.000333984 0.000170295 7.27991e-05 2.39577e-05 4.35649e-06 0 
0 0.00017086 5.84437e-05 2.54268e-06 2.12026e-08 4.5789e-11 3.66085e-14 1.6533e-17 1.03753e-20 9.49446e-23 5.74673e-24 9.9149e-25 3.85925e-25 2.61069e-25 2.3293e-25 2.41926e-25 3.03384e-25 5.39223e-25 2.17621e-24 3.19604e-23 3.01369e-21 1.21021e-18 4.61057e-16 1.15908e-13 1.65968e-11 1.23812e-09 4.64239e-08 8.84282e-07 8.98244e-06 5.23834e-05 0.000189083 0.000441576 0.000673463 0.000689527 0.000514763 0.000308095 0.000156071 6.65667e-05 2.18905e-05 3.97969e-06 0 
0 0.000187258 8.33164e-05 5.42475e-06 7.8284e-08 3.32322e-10 5.74256e-13 5.91595e-16 5.57076e-19 1.29544e-21 2.98337e-23 4.76488e-24 2.11009e-24 1.51496e-24 1.39275e-24 1.53117e-24 2.20988e-24 4.93013e-24 3.19604e-23 1.23327e-21 2.31398e-19 5.6326e-17 1.13636e-14 1.57472e-12 1.31342e-10 6.08749e-09 1.52053e-07 2.07239e-06 1.61487e-05 7.68894e-05 0.00023782 0.000491668 0.000681655 0.000654096 0.000471304 0.000277656 0.000139803 5.95047e-05 1.95553e-05 3.55446e-06 0 
0 0.00020362 0.000120198 1.20203e-05 3.10453e-07 2.70138e-09 1.05843e-11 2.61682e-14 5.90563e-17 1.79082e-19 1.47315e-21 1.00134e-22 2.80785e-23 1.69613e-23 1.52176e-23 1.85514e-23 3.67233e-23 1.63406e-22 3.01369e-21 2.31398e-19 2.71093e-17 3.29337e-15 3.36869e-13 2.4636e-11 1.14512e-09 3.15504e-08 5.03654e-07 4.74698e-06 2.77354e-05 0.00010659 0.000281606 0.000517086 0.00065757 0.000597741 0.000418999 0.000243998 0.00012234 5.20004e-05 1.70821e-05 3.10456e-06 0 
0 0.000217357 0.000171506 2.65141e-05 1.23173e-06 2.21154e-08 1.98097e-10 1.18559e-12 6.52137e-15 4.55597e-17 5.49713e-19 1.6205e-20 1.86838e-21 7.40378e-22 6.18042e-22 9.64691e-22 3.54546e-21 4.19899e-20 1.21021e-18 5.6326e-17 3.29337e-15 1.969e-13 1.00597e-11 3.79358e-10 9.48347e-09 1.47802e-07 1.42431e-06 8.85283e-06 3.80264e-05 0.000119518 0.000279673 0.000477432 0.000581624 0.000517188 0.000359258 0.000208591 0.00010451 4.44166e-05 1.4591e-05 2.65186e-06 0 
0 0.000225549 0.000237056 5.61412e-05 4.60184e-06 1.66452e-07 3.32022e-09 4.67948e-11 6.09994e-13 9.6638e-15 2.40399e-16 1.17009e-17 1.32043e-18 3.84639e-19 2.9758e-19 5.90922e-19 2.78135e-18 2.71124e-17 4.61057e-16 1.13636e-14 3.36869e-13 1.00597e-11 2.5753e-10 4.90563e-09 6.2007e-08 4.87322e-07 2.43585e-06 8.7781e-06 2.68207e-05 7.50571e-05 0.000181596 0.000336976 0.000442291 0.000412906 0.000294362 0.000172948 8.70684e-05 3.70698e-05 1.21851e-05 2.21505e-06 0 
0 0.000225564 0.000311642 0.000110826 1.54446e-05 1.0722e-06 4.51164e-08 1.41472e-09 4.12905e-11 1.4052e-12 6.88908e-14 5.83326e-15 9.79531e-16 3.55546e-16 2.87504e-16 5.05331e-16 1.79415e-15 1.15028e-14 1.15908e-13 1.57472e-12 2.4636e-11 3.79358e-10 4.90563e-09 4.49824e-08 2.45401e-07 7.0703e-07 1.17066e-06 1.65041e-06 3.2842e-06 1.09548e-05 4.44769e-05 0.000138424 0.000258656 0.000292517 0.000227692 0.000138579 7.06651e-05 3.02165e-05 9.94613e-06 1.80882e-06 0 
0 0.000215836 0.000383564 0.000199381 4.50619e-05 5.62453e-06 4.63373e-07 2.98907e-08 1.80678e-09 1.22717e-10 1.11067e-11 1.55067e-12 3.73379e-13 1.66211e-13 1.40162e-13 2.19547e-13 6.02278e-13 2.6439e-12 1.65968e-11 1.31342e-10 1.14512e-09 9.48347e-09 6.2007e-08 2.45401e-07 4.0628e-07 2.02818e-07 3.64403e-08 7.20617e-09 7.29309e-09 6.15128e-08 1.41506e-06 2.0513e-05 9.82187e-05 0.000175013 0.000164223 0.000107008 5.58287e-05 2.40455e-05 7.93224e-06 1.44351e-06 0 
0 0.00019652 0.000436224 0.000320954 0.000112003 2.33664e-05 3.45497e-06 4.1809e-07 4.77582e-08 5.94003e-09 9.19914e-10 1.99073e-10 6.57359e-11 3.49918e-11 3.06141e-11 4.33527e-11 9.48779e-11 2.98815e-10 1.23812e-09 6.08749e-09 3.15504e-08 1.47802e-07 4.87322e-07 7.0703e-07 2.02818e-07 4.88595e-09 1.27244e-11 4.61658e-14 1.28137e-14 1.36596e-12 1.62547e-09 6.53102e-07 2.09153e-05 8.60497e-05 0.000110259 7.97124e-05 4.29507e-05 1.86766e-05 6.17809e-06 1.12516e-06 0 
0 0.00016966 0.00045403 0.000454932 0.00023416 7.6126e-05 1.84636e-05 3.79885e-06 7.43319e-07 1.54402e-07 3.77315e-08 1.1851e-08 5.11911e-09 3.17266e-09 2.86409e-09 3.72242e-09 6.72196e-09 1.59594e-08 4.64239e-08 1.52053e-07 5.03654e-07 1.42431e-06 2.43585e-06 1.17066e-06 3.64403e-08 1.27244e-11 2.94891e-16 2.40453e-15 1.40966e-15 7.1913e-15 8.71198e-14 5.53888e-09 2.86787e-06 3.72396e-05 7.07955e-05 5.77858e-05 3.2247e-05 1.416e-05 4.69663e-06 8.55979e-07 0 
0 0.000138691 0.00043034 0.000560135 0.000407008 0.000194469 7.13057e-05 2.26746e-05 6.8904e-06 2.17903e-06 7.74563e-07 3.30571e-07 1.78169e-07 1.2518e-07 1.1596e-07 1.4041e-07 2.1637e-07 4.06919e-07 8.84282e-07 2.07239e-06 4.74698e-06 8.85283e-06 8.7781e-06 1.65041e-06 7.20617e-09 4.61658e-14 2.40453e-15 5.94139e-16 4.48011e-16 1.21948e-15 1.40754e-14 7.44702e-11 4.93987e-07 1.75675e-05 4.62396e-05 4.14338e-05 2.37111e-05 1.04808e-05 3.48226e-06 6.34936e-07 0 
0 0.000107433 0.000371738 0.000594698 0.000580389 0.000388716 0.000202261 9.16662e-05 3.95756e-05 1.74681e-05 8.35903e-06 4.55179e-06 2.92582e-06 2.27161e-06 2.14789e-06 2.45773e-06 3.3372e-06 5.21247e-06 8.98244e-06 1.61487e-05 2.77354e-05 3.80264e-05 2.68207e-05 3.2842e-06 7.29309e-09 1.28137e-14 1.40966e-15 4.48011e-16 1.06191e-15 5.16652e-15 9.94052e-14 2.03917e-11 2.5842e-07 1.16511e-05 3.27952e-05 2.98336e-05 1.71197e-05 7.57002e-06 2.51515e-06 4.5859e-07 0 
0 7.90389e-05 0.000294513 0.000546489 0.000673325 0.000602038 0.000424449 0.000258782 0.000148128 8.48705e-05 5.1107e-05 3.35692e-05 2.47057e-05 2.07106e-05 1.9891e-05 2.17876e-05 2.68361e-05 3.63327e-05 5.23834e-05 7.68894e-05 0.00010659 0.000119518 7.50571e-05 1.09548e-05 6.15128e-08 1.36596e-12 7.1913e-15 1.21948e-15 5.16652e-15 8.03978e-16 5.77841e-16 2.56781e-10 5.32597e-07 1.16446e-05 2.56359e-05 2.16092e-05 1.21239e-05 5.32633e-06 1.76644e-06 3.2191e-07 0 
0 5.53798e-05 0.000216108 0.000441479 0.000640906 0.000718202 0.000654612 0.000515536 0.000374156 0.000264818 0.000190991 0.00014491 0.000118204 0.000104997 0.000102027 0.000108122 0.000123705 0.000150254 0.000189083 0.00023782 0.000281606 0.000279673 0.000181596 4.44769e-05 1.41506e-06 1.62547e-09 8.71198e-14 1.40754e-14 9.94052e-14 5.77841e-16 5.31518e-12 2.07083e-08 2.23411e-06 1.44692e-05 2.09537e-05 1.55073e-05 8.37387e-06 3.63884e-06 1.20308e-06 2.19057e-07 0 
0 3.70259e-05 0.000148348 0.000320537 0.000514948 0.000672427 0.000743583 0.000722049 0.000641473 0.000543653 0.000455893 0.000389082 0.000344609 0.000320448 0.000314303 0.00032465 0.000350613 0.000390914 0.000441576 0.000491668 0.000517086 0.000477432 0.000336976 0.000138424 2.0513e-05 6.53102e-07 5.53888e-09 7.44702e-11 2.03917e-11 2.56781e-10 2.07083e-08 9.11898e-07 7.84195e-06 1.70143e-05 1.65702e-05 1.07769e-05 5.59401e-06 2.40266e-06 7.91701e-07 1.44014e-07 0 
0 2.36179e-05 9.59479e-05 0.000213535 0.000362489 0.00051721 0.000646386 0.000726458 0.000752663 0.000737779 0.000701585 0.000661308 0.000627985 0.000607111 0.000600484 0.000607563 0.00062588 0.000650598 0.000673463 0.000681655 0.00065757 0.000581624 0.000442291 0.000258656 9.82187e-05 2.09153e-05 2.86787e-06 4.93987e-07 2.5842e-07 5.32597e-07 2.23411e-06 7.84195e-06 1.49928e-05 1.62157e-05 1.20359e-05 7.1202e-06 3.5838e-06 1.52461e-06 5.00924e-07 9.10429e-08 0 
0 1.43269e-05 5.85955e-05 0.000132273 0.000230638 0.000344071 0.000458916 0.000560766 0.000639114 0.000690485 0.000718113 0.000728966 0.00073044 0.000728225 0.000725488 0.00072284 0.000718596 0.000709158 0.000689527 0.000654096 0.000597741 0.000517188 0.000412906 0.000292517 0.000175013 8.60497e-05 3.72396e-05 1.75675e-05 1.16511e-05 1.16446e-05 1.44692e-05 1.70143e-05 1.62157e-05 1.23657e-05 7.91268e-06 4.42559e-06 2.1843e-06 9.23231e-07 3.02711e-07 5.49825e-08 0 
0 8.20305e-06 3.36519e-05 7.64458e-05 0.000134881 0.000205261 0.000282079 0.000358785 0.000429094 0.00048833 0.00053418 0.000566543 0.000586726 0.00059646 0.000597155 0.000589519 0.000573554 0.000548804 0.000514763 0.000471304 0.000418999 0.000359258 0.000294362 0.000227692 0.000164223 0.000110259 7.07955e-05 4.62396e-05 3.27952e-05 2.56359e-05 2.09537e-05 1.65702e-05 1.20359e-05 7.91268e-06 4.72668e-06 2.56989e-06 1.25493e-06 5.28418e-07 1.73038e-07 3.14164e-08 0 
0 4.37261e-06 1.79612e-05 4.09086e-05 7.25278e-05 0.000111268 0.000154794 0.000200214 0.000244452 0.00028469 0.00031872 0.000345117 0.000363195 0.00037283 0.000374243 0.00036785 0.000354199 0.000333984 0.000308095 0.000277656 0.000243998 0.000208591 0.000172948 0.000138579 0.000107008 7.97124e-05 5.77858e-05 4.14338e-05 2.98336e-05 2.16092e-05 1.55073e-05 1.07769e-05 7.1202e-06 4.42559e-06 2.56989e-06 1.3797e-06 6.70279e-07 2.81686e-07 9.21775e-08 1.67315e-08 0 
0 2.11732e-06 8.70178e-06 1.98394e-05 3.52388e-05 5.42268e-05 7.57874e-05 9.86462e-05 0.000121396 0.000142647 0.000161162 0.000175968 0.000186403 0.000192121 0.000193071 0.000189447 0.000181661 0.000170295 0.000156071 0.000139803 0.00012234 0.00010451 8.70684e-05 7.06651e-05 5.58287e-05 4.29507e-05 3.2247e-05 2.37111e-05 1.71197e-05 1.21239e-05 8.37387e-06 5.59401e-06 3.5838e-06 2.1843e-06 1.25493e-06 6.70279e-07 3.24898e-07 1.36415e-07 4.4624e-08 8.09886e-09 0 
0 8.88574e-07 3.65259e-06 8.33082e-06 1.48071e-05 2.28106e-05 3.19319e-05 4.16553e-05 5.14041e-05 6.05926e-05 6.86794e-05 7.52125e-05 7.9861e-05 8.24327e-05 8.28763e-05 8.12729e-05 7.78181e-05 7.27991e-05 6.65667e-05 5.95047e-05 5.20004e-05 4.44166e-05 3.70698e-05 3.02165e-05 2.40455e-05 1.86766e-05 1.416e-05 1.04808e-05 7.57002e-06 5.32633e-06 3.63884e-06 2.40266e-06 1.52461e-06 9.23231e-07 5.28418e-07 2.81686e-07 1.36415e-07 5.72535e-08 1.87258e-08 3.39836e-09 0 
0 2.90611e-07 1.19468e-06 2.7252e-06 4.84487e-06 7.46637e-06 1.04577e-05 1.36522e-05 1.68627e-05 1.98975e-05 2.25772e-05 2.47492e-05 2.62996e-05 2.716e-05 2.73103e-05 2.67769e-05 2.56265e-05 2.39577e-05 2.18905e-05 1.95553e-05 1.70821e-05 1.4591e-05 1.21851e-05 9.94613e-06 7.93224e-06 6.17809e-06 4.69663e-06 3.48226e-06 2.51515e-06 1.76644e-06 1.20308e-06 7.91701e-07 5.00924e-07 3.02711e-07 1.73038e-07 9.21775e-08 4.4624e-08 1.87258e-08 6.12419e-09 1.11139e-09 0 
0 5.2739e-08 2.16812e-07 4.94595e-07 8.79363e-07 1.35534e-06 1.89868e-06 2.47925e-06 3.06317e-06 3.61565e-06 4.10398e-06 4.5002e-06 4.78329e-06 4.94055e-06 4.96816e-06 4.87086e-06 4.66091e-06 4.35649e-06 3.97969e-06 3.55446e-06 3.10456e-06 2.65186e-06 2.21505e-06 1.80882e-06 1.44351e-06 1.12516e-06 8.55979e-07 6.34936e-07 4.5859e-07 3.2191e-07 2.19057e-07 1.44014e-07 9.10429e-08 5.49825e-08 3.14164e-08 1.67315e-08 8.09886e-09 3.39836e-09 1.11139e-09 2.01686e-10 0 
0 0 0 0 0 0 0 0 0 0 0 0 0 0 0 0 0 0 0 0 0 0 0 0 0 0 0 0 0 0 0 0 0 0 0 0 0 0 0 0 0 
