0 0 0 0 0 0 0 0 0 0 0 0 0 0 0 0 0 0 0 0 0 0 0 0 0 0 0 0 0 0 0 0 0 0 0 0 0 0 0 0 0 
0 1.35432e-05 5.44459e-05 0.000119054 0.000197135 0.000273335 0.000332889 0.000367983 0.00037963 0.000374585 0.000360952 0.000345388 0.000332272 0.000323987 0.000321489 0.000324767 0.000333057 0.000344876 0.000357968 0.00036931 0.000375341 0.000372523 0.000358199 0.000331509 0.000293924 0.000249038 0.000201585 0.00015611 0.00011593 8.27399e-05 5.68211e-05 3.75288e-05 2.37755e-05 1.43712e-05 8.21422e-06 4.37511e-06 2.11781e-06 8.88654e-07 2.90621e-07 5.27396e-08 0 
0 5.44459e-05 0.000211971 0.000434312 0.000641911 0.000750483 0.000731754 0.000625554 0.000493104 0.000375463 0.000287212 0.000227648 0.000191199 0.000172572 0.000168392 0.000177383 0.00020012 0.000238632 0.00029569 0.000373428 0.000470972 0.000581359 0.000689227 0.000772032 0.000806863 0.000780923 0.000698823 0.000580462 0.000450978 0.000330619 0.000230417 0.000153327 9.74819e-05 5.90166e-05 3.37549e-05 1.79836e-05 8.70601e-06 3.65326e-06 1.19476e-06 2.16817e-07 0 
0 0.000119054 0.000434312 0.00077819 0.00091342 0.000768023 0.00050086 0.000276926 0.000141366 7.17081e-05 3.84106e-05 2.28097e-05 1.55675e-05 1.24906e-05 1.18869e-05 1.33605e-05 1.74553e-05 2.58492e-05 4.20391e-05 7.24989e-05 0.000127917 0.000223054 0.000372193 0.000577074 0.000810257 0.00100986 0.00110527 0.00106358 0.000911292 0.000708783 0.000510308 0.000345196 0.000221155 0.000134336 7.69395e-05 4.10128e-05 1.98586e-05 8.33376e-06 2.72554e-06 4.94616e-07 0 
0 0.000197135 0.000641911 0.00091342 0.000738581 0.000381034 0.000142996 4.44784e-05 1.28638e-05 3.82616e-06 1.27842e-06 5.1665e-07 2.67108e-07 1.83033e-07 1.6848e-07 2.0667e-07 3.2886e-07 6.50848e-07 1.52043e-06 3.95863e-06 1.08445e-05 2.96218e-05 7.69414e-05 0.00018251 0.000381872 0.000683628 0.00102143 0.00125756 0.00128437 0.00111678 0.000856469 0.000598311 0.000389095 0.000237872 0.000136591 7.28815e-05 3.53022e-05 1.48166e-05 4.84595e-06 8.79429e-07 0 
0 0.000273335 0.000750483 0.000768023 0.000381034 0.000108567 2.11857e-05 3.32037e-06 4.83482e-07 7.50052e-08 1.40525e-08 3.53878e-09 1.29995e-09 7.33503e-10 6.48046e-10 8.85335e-10 1.79577e-09 5.07752e-09 1.85064e-08 7.98062e-08 3.73737e-07 1.75574e-06 7.72854e-06 3.01789e-05 0.000100252 0.000274171 0.000599819 0.00102416 0.00135085 0.00140092 0.00119421 0.000882057 0.000588871 0.000364076 0.000209996 0.000112236 5.43971e-05 2.28356e-05 7.46915e-06 1.35551e-06 0 
0 0.000332889 0.000731754 0.00050086 0.000142996 2.11857e-05 1.99519e-06 1.44117e-07 9.6062e-09 7.08607e-10 6.85193e-11 1.00454e-11 2.4961e-12 1.12769e-12 9.50467e-13 1.46836e-12 3.93028e-12 1.67074e-11 1.01252e-10 7.77256e-10 6.71457e-09 5.85125e-08 4.68327e-07 3.1978e-06 1.76673e-05 7.62642e-05 0.000251025 0.000616013 0.00110433 0.00144534 0.00143386 0.00115245 0.000801594 0.00050448 0.000293037 0.000157028 7.61756e-05 3.19879e-05 1.04638e-05 1.89904e-06 0 
0 0.000367983 0.000625554 0.000276926 4.44784e-05 3.32037e-06 1.44117e-07 4.54307e-09 1.30982e-10 4.35176e-12 2.06957e-13 1.69814e-14 2.77392e-15 9.87091e-16 7.90714e-16 1.39318e-15 5.01885e-15 3.30262e-14 3.45216e-13 4.9185e-12 8.19519e-11 1.38569e-09 2.10536e-08 2.61212e-07 2.47398e-06 1.71735e-05 8.55886e-05 0.000302423 0.000745912 0.00126861 0.00151756 0.00136457 0.00100479 0.00064854 0.000380533 0.000204672 9.94166e-05 4.17652e-05 1.3664e-05 2.47994e-06 0 
0 0.00037963 0.000493104 0.000141366 1.28638e-05 4.83482e-07 9.6062e-09 1.30982e-10 1.61851e-12 2.40119e-14 5.57384e-16 2.5438e-17 2.72063e-18 7.61845e-19 5.79858e-19 1.16403e-18 5.65076e-18 5.77839e-17 1.04734e-15 2.78707e-14 9.01928e-13 2.98089e-11 8.66096e-10 1.96576e-08 3.20731e-07 3.58231e-06 2.68447e-05 0.000134557 0.000449916 0.000993235 0.00145411 0.00149079 0.00117794 0.000785245 0.000466802 0.000252287 0.000122749 5.15955e-05 1.6883e-05 3.06435e-06 0 
0 0.000374585 0.000375463 7.17081e-05 3.82616e-06 7.50052e-08 7.08607e-10 4.35176e-12 2.40119e-14 1.65422e-16 1.94125e-18 5.11583e-20 3.8673e-21 9.54391e-22 7.13143e-22 1.49439e-21 8.83502e-21 1.33414e-19 4.06677e-18 1.96005e-16 1.19274e-14 7.45996e-13 4.01853e-11 1.62157e-09 4.44208e-08 7.79739e-07 8.58108e-06 5.94104e-05 0.000261573 0.000732655 0.00130349 0.0015317 0.00130838 0.000905136 0.000546365 0.000296971 0.000144774 6.08923e-05 1.99292e-05 3.61746e-06 0 
0 0.000360952 0.000287212 3.84106e-05 1.27842e-06 1.40525e-08 6.85193e-11 2.06957e-13 5.57384e-16 1.94125e-18 1.25811e-20 2.24476e-22 1.58539e-23 4.27205e-24 3.26451e-24 6.30293e-24 3.48186e-23 6.20903e-22 2.86203e-20 2.3284e-18 2.48451e-16 2.74118e-14 2.5584e-12 1.72369e-10 7.49373e-09 1.968e-07 3.04677e-06 2.80105e-05 0.000156263 0.000536136 0.00113203 0.00151084 0.00139404 0.00100192 0.000614608 0.00033609 0.000164188 6.91052e-05 2.2622e-05 4.10652e-06 0 
0 0.000345388 0.000227648 2.28097e-05 5.1665e-07 3.53878e-09 1.00454e-11 1.69814e-14 2.5438e-17 5.11583e-20 2.24477e-22 3.3331e-24 2.12153e-25 5.65182e-26 4.32841e-26 8.08641e-26 4.47138e-25 8.67924e-24 5.05756e-22 6.11123e-20 1.0299e-17 1.80799e-15 2.6464e-13 2.71345e-11 1.72262e-09 6.29517e-08 1.28903e-06 1.49306e-05 0.000100735 0.000405856 0.000983057 0.00145975 0.00144165 0.001073 0.000668214 0.000367506 0.000179894 7.5765e-05 2.48072e-05 4.50347e-06 0 
0 0.000332272 0.000191199 1.55675e-05 2.67108e-07 1.29995e-09 2.4961e-12 2.77392e-15 2.72063e-18 3.8673e-21 1.5854e-23 2.12154e-25 9.15542e-27 1.73011e-27 1.23793e-27 2.58102e-27 1.89594e-26 4.59993e-25 2.965e-23 4.39048e-21 1.01699e-18 2.49756e-16 5.06354e-14 7.03805e-12 5.87958e-10 2.73076e-08 6.84963e-07 9.37814e-06 7.25272e-05 0.000327516 0.00087489 0.00140521 0.00146203 0.00111873 0.000705266 0.000389716 0.00019108 8.05201e-05 2.63686e-05 4.78719e-06 0 
0 0.000323987 0.000172572 1.24906e-05 1.83033e-07 7.33503e-10 1.12769e-12 9.87091e-16 7.61845e-19 9.54392e-22 4.27208e-24 5.6519e-26 1.73014e-27 1.54012e-28 8.21005e-29 2.60139e-28 3.2395e-27 9.70237e-26 6.37961e-24 9.83816e-22 2.68056e-19 7.9657e-17 1.94504e-14 3.21723e-12 3.14527e-10 1.67614e-08 4.7238e-07 7.11931e-06 5.95335e-05 0.000286917 0.000810813 0.00136411 0.00146532 0.00114106 0.000725061 0.000401899 0.000197271 8.31593e-05 2.7236e-05 4.94485e-06 0 
0 0.000321489 0.000168392 1.18869e-05 1.6848e-07 6.48046e-10 9.50467e-13 7.90714e-16 5.79858e-19 7.13143e-22 3.26454e-24 4.32848e-26 1.23796e-27 8.21016e-29 3.43434e-29 1.45112e-28 2.1879e-27 6.88744e-26 4.53505e-24 6.99144e-22 1.96468e-19 6.08066e-17 1.54593e-14 2.65676e-12 2.68974e-10 1.47834e-08 4.27779e-07 6.59038e-06 5.61236e-05 0.000274796 0.000788122 0.00134378 0.00145803 0.00114212 0.000727791 0.000403885 0.000198333 8.36198e-05 2.73882e-05 4.97256e-06 0 
0 0.000324767 0.000177383 1.33605e-05 2.0667e-07 8.85335e-10 1.46836e-12 1.39318e-15 1.16403e-18 1.49439e-21 6.30297e-24 8.0865e-26 2.58105e-27 2.60138e-28 1.45111e-28 4.37503e-28 5.03708e-27 1.47102e-25 9.79149e-24 1.50577e-21 3.89016e-19 1.08423e-16 2.49065e-14 3.89628e-12 3.62596e-10 1.85243e-08 5.04082e-07 7.3864e-06 6.04449e-05 0.000286798 0.000802497 0.00134377 0.0014419 0.00112334 0.000714264 0.000396084 0.000194459 8.19816e-05 2.68513e-05 4.87506e-06 0 
0 0.000333057 0.00020012 1.74553e-05 3.2886e-07 1.79577e-09 3.93028e-12 5.01885e-15 5.65076e-18 8.83502e-21 3.48186e-23 4.4714e-25 1.89594e-26 3.23947e-27 2.18787e-27 5.03704e-27 4.02635e-26 9.98689e-25 6.49241e-23 9.12985e-21 1.90201e-18 4.17623e-16 7.6153e-14 9.60927e-12 7.37085e-10 3.18242e-08 7.51452e-07 9.80454e-06 7.31118e-05 0.000321994 0.000848324 0.00135695 0.00141411 0.00108532 0.00068574 0.000379392 0.000186124 7.84499e-05 2.5693e-05 4.66468e-06 0 
0 0.000344876 0.000238632 2.58492e-05 6.50848e-07 5.07752e-09 1.67074e-11 3.30262e-14 5.77839e-17 1.33414e-19 6.20903e-22 8.67925e-24 4.59991e-25 9.70229e-26 6.88737e-26 1.47101e-25 9.98687e-25 2.16615e-23 1.23966e-21 1.34776e-19 1.99458e-17 3.0779e-15 3.98927e-13 3.66149e-11 2.10832e-09 7.08904e-08 1.35538e-06 1.48766e-05 9.65594e-05 0.000380364 0.000915907 0.00136962 0.00136841 0.00102817 0.000643895 0.000355101 0.000174026 7.33281e-05 2.40135e-05 4.35967e-06 0 
0 0.000357968 0.00029569 4.20391e-05 1.52043e-06 1.85064e-08 1.01252e-10 3.45216e-13 1.04734e-15 4.06677e-18 2.86203e-20 5.05756e-22 2.965e-23 6.37959e-24 4.53504e-24 9.79146e-24 6.49241e-23 1.23966e-21 5.36384e-20 3.93245e-18 3.76267e-16 3.73242e-14 3.15188e-12 1.93862e-10 7.77648e-09 1.90651e-07 2.79029e-06 2.45958e-05 0.000133853 0.000457875 0.000986275 0.00136134 0.00129672 0.000952147 0.000590813 0.00032479 0.000159016 6.69853e-05 2.19349e-05 3.98224e-06 0 
0 0.00036931 0.000373428 7.24989e-05 3.95863e-06 7.98062e-08 7.77256e-10 4.9185e-12 2.78707e-14 1.96005e-16 2.3284e-18 6.11123e-20 4.39048e-21 9.83815e-22 6.99144e-22 1.50577e-21 9.12985e-21 1.34776e-19 3.93245e-18 1.80981e-16 1.05286e-14 6.30825e-13 3.26309e-11 1.26751e-09 3.35085e-08 5.69516e-07 6.10409e-06 4.16366e-05 0.000184508 0.000537121 0.00102511 0.00130597 0.00119108 0.000858187 0.000528942 0.000290206 0.000142019 5.98213e-05 1.95891e-05 3.55641e-06 0 
0 0.000375341 0.000470972 0.000127917 1.08445e-05 3.73737e-07 6.71457e-09 8.19519e-11 9.01928e-13 1.19274e-14 2.48451e-16 1.0299e-17 1.01699e-18 2.68056e-19 1.96468e-19 3.89016e-19 1.90201e-18 1.99458e-17 3.76267e-16 1.05286e-14 3.60096e-13 1.25742e-11 3.8385e-10 9.0598e-09 1.51671e-07 1.71602e-06 1.29536e-05 6.61294e-05 0.000233313 0.000574065 0.000980191 0.00117499 0.00104515 0.000748037 0.000460925 0.000253124 0.00012396 5.22337e-05 1.71072e-05 3.10602e-06 0 
0 0.000372523 0.000581359 0.000223054 2.96218e-05 1.75574e-06 5.85125e-08 1.38569e-09 2.98089e-11 7.45996e-13 2.74118e-14 1.80799e-15 2.49756e-16 7.9657e-17 6.08066e-17 1.08423e-16 4.17623e-16 3.0779e-15 3.73242e-14 6.30825e-13 1.25742e-11 2.52907e-10 4.48133e-09 6.27282e-08 6.41949e-07 4.61111e-06 2.32319e-05 8.48342e-05 0.000233943 0.00049544 0.000793145 0.000944466 0.000855217 0.000623995 0.000389374 0.000215219 0.000105698 4.45893e-05 1.46097e-05 2.65296e-06 0 
0 0.000358199 0.000689227 0.000372193 7.69414e-05 7.72854e-06 4.68327e-07 2.10536e-08 8.66096e-10 4.01853e-11 2.5584e-12 2.6464e-13 5.06354e-14 1.94504e-14 1.54593e-14 2.49065e-14 7.6153e-14 3.98927e-13 3.15188e-12 3.26309e-11 3.8385e-10 4.48133e-09 4.59603e-08 3.72831e-07 2.20443e-06 9.11344e-06 2.70362e-05 6.36744e-05 0.000134257 0.000264526 0.00045504 0.000615243 0.000623537 0.000489054 0.000316761 0.000177988 8.79823e-05 3.72035e-05 1.21996e-05 2.21591e-06 0 
0 0.000331509 0.000772032 0.000577074 0.00018251 3.01789e-05 3.1978e-06 2.61212e-07 1.96576e-08 1.62157e-09 1.72369e-10 2.71345e-11 7.03805e-12 3.21723e-12 2.65676e-12 3.89628e-12 9.60927e-12 3.66149e-11 1.93862e-10 1.26751e-09 9.0598e-09 6.27282e-08 3.72831e-07 1.67752e-06 5.03639e-06 9.32693e-06 1.15378e-05 1.30349e-05 1.98331e-05 4.58366e-05 0.000123335 0.000264601 0.000371767 0.000349215 0.000245735 0.000142751 7.14254e-05 3.03273e-05 9.95813e-06 1.80952e-06 0 
0 0.000293924 0.000806863 0.000810257 0.000381872 0.000100252 1.76673e-05 2.47398e-06 3.20731e-07 4.44208e-08 7.49373e-09 1.72262e-09 5.87958e-10 3.14527e-10 2.68974e-10 3.62596e-10 7.37085e-10 2.10832e-09 7.77648e-09 3.35085e-08 1.51671e-07 6.41949e-07 2.20443e-06 5.03639e-06 5.84271e-06 2.72853e-06 5.98783e-07 1.48175e-07 1.35362e-07 6.54481e-07 6.99915e-06 5.19375e-05 0.000158565 0.000218217 0.000179888 0.000110745 5.65065e-05 2.41428e-05 7.94261e-06 1.4441e-06 0 
0 0.000249038 0.000780923 0.00100986 0.000683628 0.000274171 7.62642e-05 1.71735e-05 3.58231e-06 7.79739e-07 1.968e-07 6.29517e-08 2.73076e-08 1.67614e-08 1.47834e-08 1.85243e-08 3.18242e-08 7.08904e-08 1.90651e-07 5.69516e-07 1.71602e-06 4.61111e-06 9.11344e-06 9.32693e-06 2.72853e-06 1.19952e-07 9.70339e-10 1.16519e-11 4.34013e-12 1.28571e-10 3.04949e-08 3.11625e-06 4.31539e-05 0.000116668 0.000123997 8.31369e-05 4.35663e-05 1.87631e-05 6.18711e-06 1.12567e-06 0 
0 0.000201585 0.000698823 0.00110527 0.00102143 0.000599819 0.000251025 8.55886e-05 2.68447e-05 8.58108e-06 3.04677e-06 1.28903e-06 6.84963e-07 4.7238e-07 4.27779e-07 5.04082e-07 7.51452e-07 1.35538e-06 2.79029e-06 6.10409e-06 1.29536e-05 2.32319e-05 2.70362e-05 1.15378e-05 5.98783e-07 9.70339e-10 5.87527e-14 1.03205e-16 8.43855e-16 3.95652e-16 1.22796e-11 6.77405e-08 8.37739e-06 5.634e-05 8.21719e-05 6.07888e-05 3.2783e-05 1.42338e-05 4.70416e-06 8.56396e-07 0 
0 0.00015611 0.000580462 0.00106358 0.00125756 0.00102416 0.000616013 0.000302423 0.000134557 5.94104e-05 2.80105e-05 1.49306e-05 9.37814e-06 7.11931e-06 6.59038e-06 7.3864e-06 9.80454e-06 1.48766e-05 2.45958e-05 4.16366e-05 6.61294e-05 8.48342e-05 6.36744e-05 1.30349e-05 1.48175e-07 1.16519e-11 1.03205e-16 3.619e-18 1.74051e-17 4.10067e-17 9.28265e-15 2.16343e-09 1.95821e-06 2.90741e-05 5.49458e-05 4.38373e-05 2.41373e-05 1.05386e-05 3.48807e-06 6.35254e-07 0 
0 0.00011593 0.000450978 0.000911292 0.00128437 0.00135085 0.00110433 0.000745912 0.000449916 0.000261573 0.000156263 0.000100735 7.25272e-05 5.95335e-05 5.61236e-05 6.04449e-05 7.31118e-05 9.65594e-05 0.000133853 0.000184508 0.000233313 0.000233943 0.000134257 1.98331e-05 1.35362e-07 4.34013e-12 8.43854e-16 1.74052e-17 3.32275e-18 2.09443e-17 1.17788e-15 7.36293e-10 1.0936e-06 1.95506e-05 3.901e-05 3.15431e-05 1.74198e-05 7.61033e-06 2.51918e-06 4.58809e-07 0 
0 8.27399e-05 0.000330619 0.000708783 0.00111678 0.00140092 0.00144534 0.00126861 0.000993235 0.000732655 0.000536136 0.000405856 0.000327516 0.000286917 0.000274796 0.000286798 0.000321994 0.000380364 0.000457875 0.000537121 0.000574065 0.00049544 0.000264526 4.58366e-05 6.54481e-07 1.28571e-10 3.95652e-16 4.10066e-17 2.09442e-17 1.70332e-17 1.11587e-13 4.86429e-09 1.78017e-06 1.80584e-05 2.97345e-05 2.26693e-05 1.23073e-05 5.35096e-06 1.76891e-06 3.22045e-07 0 
0 5.68211e-05 0.000230417 0.000510308 0.000856469 0.00119421 0.00143386 0.00151756 0.00145411 0.00130349 0.00113203 0.000983057 0.00087489 0.000810813 0.000788122 0.000802497 0.000848324 0.000915907 0.000986275 0.00102511 0.000980191 0.000793145 0.00045504 0.000123335 6.99915e-06 3.04949e-08 1.22796e-11 9.28265e-15 1.17788e-15 1.11587e-13 2.28034e-10 1.39764e-07 5.04337e-06 1.96824e-05 2.33306e-05 1.60701e-05 8.47015e-06 3.65189e-06 1.20441e-06 2.19131e-07 0 
0 3.75288e-05 0.000153327 0.000345196 0.000598311 0.000882057 0.00115245 0.00136457 0.00149079 0.0015317 0.00151084 0.00145975 0.00140521 0.00136411 0.00134378 0.00134377 0.00135695 0.00136962 0.00136134 0.00130597 0.00117499 0.000944466 0.000615243 0.000264601 5.19375e-05 3.11625e-06 6.77405e-08 2.16343e-09 7.36293e-10 4.86429e-09 1.39764e-07 2.50732e-06 1.23653e-05 2.04079e-05 1.77142e-05 1.10291e-05 5.63721e-06 2.40865e-06 7.92324e-07 1.4405e-07 0 
0 2.37755e-05 9.74819e-05 0.000221155 0.000389095 0.000588871 0.000801594 0.00100479 0.00117794 0.00130838 0.00139404 0.00144165 0.00146203 0.00146532 0.00145803 0.0014419 0.00141411 0.00136841 0.00129672 0.00119108 0.00104515 0.000855217 0.000623537 0.000371767 0.000158565 4.31539e-05 8.37739e-06 1.95821e-06 1.0936e-06 1.78017e-06 5.04337e-06 1.23653e-05 1.86529e-05 1.77964e-05 1.24803e-05 7.21519e-06 3.60039e-06 1.52698e-06 5.0118e-07 9.10577e-08 0 
0 1.43712e-05 5.90166e-05 0.000134336 0.000237872 0.000364076 0.00050448 0.00064854 0.000785245 0.000905136 0.00100192 0.001073 0.00111873 0.00114106 0.00114212 0.00112334 0.00108532 0.00102817 0.000952147 0.000858187 0.000748037 0.000623995 0.000489054 0.000349215 0.000218217 0.000116668 5.634e-05 2.90741e-05 1.95506e-05 1.80584e-05 1.96824e-05 2.04079e-05 1.77964e-05 1.29005e-05 8.05314e-06 4.45587e-06 2.18977e-06 9.24045e-07 3.02802e-07 5.4988e-08 0 
0 8.21422e-06 3.37549e-05 7.69395e-05 0.000136591 0.000209996 0.000293037 0.000380533 0.000466802 0.000546365 0.000614608 0.000668214 0.000705266 0.000725061 0.000727791 0.000714264 0.00068574 0.000643895 0.000590813 0.000528942 0.000460925 0.000389374 0.000316761 0.000245735 0.000179888 0.000123997 8.21719e-05 5.49458e-05 3.901e-05 2.97345e-05 2.33306e-05 1.77142e-05 1.24803e-05 8.05314e-06 4.76364e-06 2.57813e-06 1.25649e-06 5.28661e-07 1.73066e-07 3.14182e-08 0 
0 4.37511e-06 1.79836e-05 4.10128e-05 7.28815e-05 0.000112236 0.000157028 0.000204672 0.000252287 0.000296971 0.00033609 0.000367506 0.000389716 0.000401899 0.000403885 0.000396084 0.000379392 0.000355101 0.00032479 0.000290206 0.000253124 0.000215219 0.000177988 0.000142751 0.000110745 8.31369e-05 6.07888e-05 4.38373e-05 3.15431e-05 2.26693e-05 1.60701e-05 1.10291e-05 7.21519e-06 4.45587e-06 2.57813e-06 1.38163e-06 6.70662e-07 2.81749e-07 9.21852e-08 1.6732e-08 0 
0 2.11781e-06 8.70601e-06 1.98586e-05 3.53022e-05 5.43971e-05 7.61756e-05 9.94166e-05 0.000122749 0.000144774 0.000164188 0.000179894 0.00019108 0.000197271 0.000198333 0.000194459 0.000186124 0.000174026 0.000159016 0.000142019 0.00012396 0.000105698 8.79823e-05 7.14254e-05 5.65065e-05 4.35663e-05 3.2783e-05 2.41373e-05 1.74198e-05 1.23073e-05 8.47015e-06 5.63721e-06 3.60039e-06 2.18977e-06 1.25649e-06 6.70662e-07 3.24978e-07 1.36428e-07 4.46258e-08 8.09898e-09 0 
0 8.88654e-07 3.65326e-06 8.33376e-06 1.48166e-05 2.28356e-05 3.19879e-05 4.17652e-05 5.15955e-05 6.08923e-05 6.91052e-05 7.5765e-05 8.05201e-05 8.31593e-05 8.36198e-05 8.19816e-05 7.84499e-05 7.33281e-05 6.69853e-05 5.98213e-05 5.22337e-05 4.45893e-05 3.72035e-05 3.03273e-05 2.41428e-05 1.87631e-05 1.42338e-05 1.05386e-05 7.61033e-06 5.35096e-06 3.65189e-06 2.40865e-06 1.52698e-06 9.24045e-07 5.28661e-07 2.81749e-07 1.36428e-07 5.7256e-08 1.87261e-08 3.39838e-09 0 
0 2.90621e-07 1.19476e-06 2.72554e-06 4.84595e-06 7.46915e-06 1.04638e-05 1.3664e-05 1.6883e-05 1.99292e-05 2.2622e-05 2.48072e-05 2.63686e-05 2.7236e-05 2.73882e-05 2.68513e-05 2.5693e-05 2.40135e-05 2.19349e-05 1.95891e-05 1.71072e-05 1.46097e-05 1.21996e-05 9.95813e-06 7.94261e-06 6.18711e-06 4.70416e-06 3.48807e-06 2.51918e-06 1.76891e-06 1.20441e-06 7.92324e-07 5.0118e-07 3.02802e-07 1.73066e-07 9.21852e-08 4.46258e-08 1.87261e-08 6.12423e-09 1.11139e-09 0 
0 5.27396e-08 2.16817e-07 4.94616e-07 8.79429e-07 1.35551e-06 1.89904e-06 2.47994e-06 3.06435e-06 3.61746e-06 4.10652e-06 4.50347e-06 4.78719e-06 4.94485e-06 4.97256e-06 4.87506e-06 4.66468e-06 4.35967e-06 3.98224e-06 3.55641e-06 3.10602e-06 2.65296e-06 2.21591e-06 1.80952e-06 1.4441e-06 1.12567e-06 8.56396e-07 6.35254e-07 4.58809e-07 3.22045e-07 2.19131e-07 1.4405e-07 9.10577e-08 5.4988e-08 3.14182e-08 1.6732e-08 8.09898e-09 3.39838e-09 1.11139e-09 2.01687e-10 0 
0 0 0 0 0 0 0 0 0 0 0 0 0 0 0 0 0 0 0 0 0 0 0 0 0 0 0 0 0 0 0 0 0 0 0 0 0 0 0 0 0 
