0 0 0 0 0 0 0 0 0 0 0 0 0 0 0 0 0 0 0 0 0 0 0 0 0 0 0 0 0 0 0 0 0 0 0 0 0 0 0 0 0 
0 1.35949e-05 5.49066e-05 0.000121078 0.00020319 0.00028698 0.000357388 0.000404677 0.000427461 0.000430939 0.000422891 0.000410474 0.000398839 0.000391037 0.000388439 0.000391166 0.000398342 0.000408187 0.000418062 0.000424605 0.000424119 0.000413286 0.000390076 0.000354562 0.000309181 0.0002582 0.000206549 0.000158531 0.000116992 8.31603e-05 5.69715e-05 3.75775e-05 2.37898e-05 1.4375e-05 8.21515e-06 4.37531e-06 2.11785e-06 8.8866e-07 2.90622e-07 5.27397e-08 0 
0 5.49066e-05 0.000216167 0.000452402 0.00069184 0.000847219 0.000871945 0.000788088 0.000654643 0.000521994 0.00041489 0.000338745 0.000290413 0.000265083 0.000259194 0.000271209 0.000301494 0.00035174 0.000423841 0.000517936 0.000629587 0.000746888 0.000849613 0.000913086 0.000917259 0.00085669 0.000744057 0.000603933 0.000461614 0.000334865 0.000231924 0.000153806 9.76196e-05 5.90523e-05 3.37633e-05 1.79853e-05 8.70633e-06 3.65331e-06 1.19477e-06 2.16817e-07 0 
0 0.000121078 0.000452402 0.000848711 0.00107034 0.000985938 0.000709065 0.00043073 0.000239523 0.000130979 7.47449e-05 4.66586e-05 3.29821e-05 2.69805e-05 2.57653e-05 2.86198e-05 3.64452e-05 5.19845e-05 8.06551e-05 0.000131729 0.000218936 0.000358202 0.000559093 0.000809043 0.00105947 0.0012345 0.00127169 0.00116435 0.000961631 0.000729936 0.000517953 0.000347621 0.000221839 0.00013451 7.6979e-05 4.10208e-05 1.986e-05 8.33398e-06 2.72556e-06 4.94618e-07 0 
0 0.00020319 0.00069184 0.00107034 0.000976951 0.00057947 0.000250156 8.89441e-05 2.91554e-05 9.71763e-06 3.58305e-06 1.56705e-06 8.56909e-07 6.05733e-07 5.60676e-07 6.74825e-07 1.03047e-06 1.92074e-06 4.16454e-06 9.96084e-06 2.49137e-05 6.19584e-05 0.000146418 0.000315924 0.00060079 0.000976722 0.0013282 0.00150189 0.00143237 0.00118675 0.000883324 0.000607011 0.000391546 0.000238484 0.000136727 7.29087e-05 3.53069e-05 1.48173e-05 4.84603e-06 8.79434e-07 0 
0 0.00028698 0.000847219 0.000985938 0.00057947 0.000198248 4.6524e-05 8.75653e-06 1.52234e-06 2.78382e-07 6.02193e-08 1.7028e-08 6.79309e-09 4.01267e-09 3.57436e-09 4.74842e-09 9.06458e-09 2.34658e-08 7.66522e-08 2.91947e-07 1.1979e-06 4.92037e-06 1.8985e-05 6.53143e-05 0.000192119 0.000466415 0.00090595 0.001377 0.00163677 0.00156577 0.00126521 0.000906356 0.000595837 0.000365809 0.000210377 0.000112311 5.44098e-05 2.28374e-05 7.46935e-06 1.35552e-06 0 
0 0.000357388 0.000871945 0.000709065 0.000250156 4.6524e-05 5.55679e-06 5.11763e-07 4.33174e-08 3.99415e-09 4.69664e-10 8.06312e-11 2.24197e-11 1.07812e-11 9.18883e-12 1.36639e-11 3.3669e-11 1.26897e-10 6.62277e-10 4.29184e-09 3.09661e-08 2.24872e-07 1.50724e-06 8.70528e-06 4.11856e-05 0.000153908 0.000441147 0.000943914 0.00148221 0.00173043 0.00157992 0.00120735 0.000817977 0.000508596 0.000293936 0.000157201 7.62047e-05 3.1992e-05 1.04642e-05 1.89907e-06 0 
0 0.000404677 0.000788088 0.00043073 8.89441e-05 8.75653e-06 5.11763e-07 2.19646e-08 8.59272e-10 3.79867e-11 2.32094e-12 2.3312e-13 4.39783e-14 1.69513e-14 1.37731e-14 2.31064e-14 7.48573e-14 4.22147e-13 3.64291e-12 4.17669e-11 5.52339e-10 7.39142e-09 8.94712e-08 8.96846e-07 6.99131e-06 4.07279e-05 0.000172986 0.000524781 0.0011135 0.00164492 0.00175755 0.00146726 0.00103744 0.000656935 0.000382371 0.000205023 9.94746e-05 4.17733e-05 1.36648e-05 2.47999e-06 0 
0 0.000427461 0.000654643 0.000239523 2.91554e-05 1.52234e-06 4.33174e-08 8.59272e-10 1.53952e-11 3.23443e-13 1.01876e-14 5.94756e-16 7.57507e-17 2.33317e-17 1.80516e-17 3.41918e-17 1.46013e-16 1.23723e-15 1.77511e-14 3.62423e-13 8.84762e-12 2.19805e-10 4.83932e-09 8.46825e-08 1.09083e-06 9.878e-06 6.15083e-05 0.000260502 0.000740469 0.00139552 0.00177978 0.00165351 0.00123412 0.000800204 0.000470109 0.000252916 0.000122852 5.16097e-05 1.68845e-05 3.06443e-06 0 
0 0.000430939 0.000521994 0.000130979 9.71763e-06 2.78382e-07 3.99415e-09 3.79867e-11 3.23443e-13 3.34512e-15 5.60413e-17 1.95113e-18 1.71303e-19 4.28596e-20 3.16965e-20 6.69657e-20 3.69952e-19 4.61135e-18 1.07314e-16 3.79517e-15 1.66122e-13 7.44179e-12 2.89796e-10 8.62597e-09 1.7926e-07 2.46556e-06 2.19545e-05 0.000126195 0.000467538 0.00110643 0.00168458 0.0017558 0.00139329 0.000928748 0.000551665 0.00029798 0.000144938 6.09148e-05 1.99315e-05 3.6176e-06 0 
0 0.000422891 0.00041489 7.47449e-05 3.58305e-06 6.02193e-08 4.69664e-10 2.32094e-12 1.01876e-14 5.60413e-17 5.35218e-19 1.18442e-20 7.71171e-22 1.68601e-22 1.21471e-22 2.71796e-22 1.80172e-21 3.10417e-20 1.10721e-18 6.38392e-17 4.70014e-15 3.56037e-13 2.30518e-11 1.10204e-09 3.50878e-08 7.00237e-07 8.55657e-06 6.41782e-05 0.000298322 0.000859045 0.00153486 0.00178691 0.00150887 0.00103537 0.000622253 0.000337552 0.000164426 6.91374e-05 2.26253e-05 4.10671e-06 0 
0 0.000410474 0.000338745 4.66586e-05 1.56705e-06 1.7028e-08 8.06312e-11 2.3312e-13 5.94756e-16 1.95113e-18 1.18442e-20 1.86154e-22 9.80938e-24 1.9445e-24 1.37084e-24 3.18552e-24 2.38211e-23 5.16985e-22 2.57524e-20 2.20994e-18 2.49048e-16 2.9013e-14 2.84991e-12 2.00979e-10 9.08251e-09 2.46021e-07 3.89516e-06 3.62544e-05 0.000202005 0.000679908 0.00138451 0.00177272 0.00158311 0.00111602 0.00067823 0.000369431 0.000180207 7.58073e-05 2.48115e-05 4.50372e-06 0 
0 0.000398839 0.000290413 3.29821e-05 8.56909e-07 6.79309e-09 2.24197e-11 4.39783e-14 7.57507e-17 1.71303e-19 7.71172e-22 9.80939e-24 4.19791e-25 6.98432e-26 4.69444e-26 1.19251e-25 1.04931e-24 2.71633e-23 1.68155e-21 1.90663e-19 2.9221e-17 4.64972e-15 6.17947e-13 5.77861e-11 3.36811e-09 1.13922e-07 2.17711e-06 2.36874e-05 0.000150273 0.00056518 0.00126506 0.00173983 0.00162333 0.00116954 0.000717283 0.000392038 0.000191458 8.05711e-05 2.63738e-05 4.78748e-06 0 
0 0.000391037 0.000265083 2.69805e-05 6.05733e-07 4.01267e-09 1.07812e-11 1.69513e-14 2.33317e-17 4.28596e-20 1.68601e-22 1.94451e-24 6.98435e-26 9.40608e-27 5.90606e-27 1.6898e-26 1.76074e-25 5.13426e-24 3.5267e-22 4.63036e-20 8.44457e-18 1.6057e-15 2.53725e-13 2.78972e-11 1.88217e-09 7.23486e-08 1.54107e-06 1.83454e-05 0.000125394 0.000502701 0.0011892 0.00170775 0.00163779 0.00119665 0.000738355 0.00040448 0.000197692 8.32161e-05 2.72418e-05 4.94517e-06 0 
0 0.000388439 0.000259194 2.57653e-05 5.60676e-07 3.57436e-09 9.18883e-12 1.37731e-14 1.80516e-17 3.16965e-20 1.21471e-22 1.37085e-24 4.69447e-26 5.90607e-27 3.60763e-27 1.06946e-26 1.1675e-25 3.49863e-24 2.44829e-22 3.30706e-20 6.25698e-18 1.23668e-15 2.03041e-13 2.31518e-11 1.61499e-09 6.39398e-08 1.39698e-06 1.699e-05 0.000118276 0.000482119 0.00115861 0.00168644 0.00163248 0.00119885 0.000741429 0.000406541 0.000198767 8.36783e-05 2.73942e-05 4.97289e-06 0 
0 0.000391166 0.000271209 2.86198e-05 6.74825e-07 4.74842e-09 1.36639e-11 2.31064e-14 3.41918e-17 6.69657e-20 2.71797e-22 3.18553e-24 1.19252e-25 1.68979e-26 1.06946e-26 2.93475e-26 2.89917e-25 8.13988e-24 5.40183e-22 6.74347e-20 1.15925e-17 2.079e-15 3.10949e-13 3.2529e-11 2.10102e-09 7.78275e-08 1.60823e-06 1.86927e-05 0.000125519 0.000497291 0.00116925 0.00167667 0.00160954 0.00117762 0.000727304 0.000398626 0.000194875 8.20378e-05 2.68571e-05 4.87538e-06 0 
0 0.000398342 0.000301494 3.64452e-05 1.03047e-06 9.06458e-09 3.3669e-11 7.48573e-14 1.46013e-16 3.69952e-19 1.80172e-21 2.38211e-23 1.04931e-24 1.76074e-25 1.1675e-25 2.89917e-25 2.45507e-24 6.03431e-23 3.47371e-21 3.57735e-19 4.94133e-17 7.10178e-15 8.57928e-13 7.35953e-11 3.97786e-09 1.26229e-07 2.29002e-06 2.3928e-05 0.000147459 0.000545032 0.00121249 0.00167108 0.00156729 0.00113415 0.000697414 0.000381668 0.000186497 7.85006e-05 2.56982e-05 4.66497e-06 0 
0 0.000408187 0.00035174 5.19845e-05 1.92074e-06 2.34658e-08 1.26897e-10 4.22147e-13 1.23723e-15 4.61135e-18 3.10417e-20 5.16985e-22 2.71633e-23 5.13425e-24 3.49862e-24 8.13987e-24 6.03431e-23 1.23689e-21 5.58138e-20 4.25987e-18 4.25498e-16 4.40824e-14 3.88063e-12 2.4791e-10 1.02786e-08 2.58952e-07 3.86735e-06 3.44517e-05 0.000186632 0.000621412 0.00127275 0.00165511 0.00150131 0.00106962 0.000653736 0.000357021 0.000174342 7.33713e-05 2.4018e-05 4.35992e-06 0 
0 0.000418062 0.000423841 8.06551e-05 4.16454e-06 7.66522e-08 6.62277e-10 3.64291e-12 1.77511e-14 1.07314e-16 1.10721e-18 2.57524e-20 1.68155e-21 3.5267e-22 2.44829e-22 5.40183e-22 3.47371e-21 5.58138e-20 1.81388e-18 9.45828e-17 6.29418e-15 4.32519e-13 2.55768e-11 1.12692e-09 3.34175e-08 6.28364e-07 7.32853e-06 5.328e-05 0.000244912 0.000714825 0.00132338 0.00160836 0.00140605 0.00098552 0.000598699 0.000326334 0.000159272 6.70205e-05 2.19386e-05 3.98245e-06 0 
0 0.000424605 0.000517936 0.000131729 9.96084e-06 2.91947e-07 4.29184e-09 4.17669e-11 3.62423e-13 3.79517e-15 6.38392e-17 2.20994e-18 1.90663e-19 4.63036e-20 3.30706e-20 6.74347e-20 3.57735e-19 4.25987e-18 9.45828e-17 3.19453e-15 1.33827e-13 5.75328e-12 2.15628e-10 6.19497e-09 1.24645e-07 1.66717e-06 1.45545e-05 8.33386e-05 0.000316254 0.000795278 0.00132321 0.00150709 0.00127658 0.00088398 0.000535055 0.000291413 0.000142221 5.98495e-05 1.95921e-05 3.55658e-06 0 
0 0.000424119 0.000629587 0.000218936 2.49137e-05 1.1979e-06 3.09661e-08 5.52339e-10 8.84762e-12 1.66122e-13 4.70014e-15 2.49048e-16 2.9221e-17 8.44457e-18 6.25698e-18 1.15925e-17 4.94133e-17 4.25498e-16 6.29418e-15 1.33827e-13 3.41939e-12 8.88952e-11 2.03751e-09 3.67715e-08 4.82869e-07 4.41529e-06 2.77698e-05 0.000121247 0.000372184 0.000803905 0.00121837 0.00132775 0.00110946 0.000767642 0.000465651 0.000254074 0.000124122 5.22565e-05 1.71097e-05 3.10616e-06 0 
0 0.000413286 0.000746888 0.000358202 6.19584e-05 4.92037e-06 2.24872e-07 7.39142e-09 2.19805e-10 7.44179e-12 3.56037e-13 2.9013e-14 4.64972e-15 1.6057e-15 1.23668e-15 2.079e-15 7.10178e-15 4.40824e-14 4.32519e-13 5.75328e-12 8.88952e-11 1.38116e-09 1.90378e-08 2.10613e-07 1.74262e-06 1.03961e-05 4.47029e-05 0.000142551 0.00034861 0.000660881 0.000957472 0.00105235 0.000902931 0.000639254 0.000393189 0.000216006 0.000105835 4.46089e-05 1.46118e-05 2.65308e-06 0 
0 0.000390076 0.000849613 0.000559093 0.000146418 1.8985e-05 1.50724e-06 8.94712e-08 4.83932e-09 2.89796e-10 2.30518e-11 2.84991e-12 6.17947e-13 2.53725e-13 2.03041e-13 3.10949e-13 8.57928e-13 3.88063e-12 2.55768e-11 2.15628e-10 2.03751e-09 1.90378e-08 1.57154e-07 1.04084e-06 5.13521e-06 1.81968e-05 4.75306e-05 0.000100586 0.000192544 0.000345751 0.0005452 0.000685254 0.000659491 0.000501766 0.000320124 0.000178701 8.81078e-05 3.72215e-05 1.22016e-05 2.21602e-06 0 
0 0.000354562 0.000913086 0.000809043 0.000315924 6.53143e-05 8.70528e-06 8.96846e-07 8.46825e-08 8.62597e-09 1.10204e-09 2.00979e-10 5.77861e-11 2.78972e-11 2.31518e-11 3.2529e-11 7.35953e-11 2.4791e-10 1.12692e-09 6.19497e-09 3.67715e-08 2.10613e-07 1.04084e-06 3.95395e-06 1.02948e-05 1.71425e-05 1.97412e-05 2.10877e-05 2.99887e-05 6.33013e-05 0.00015405 0.000302468 0.000398716 0.000360599 0.000248987 0.000143458 7.15498e-05 3.0345e-05 9.96003e-06 1.80963e-06 0 
0 0.000309181 0.000917259 0.00105947 0.00060079 0.000192119 4.11856e-05 6.99131e-06 1.09083e-06 1.7926e-07 3.50878e-08 9.08251e-09 3.36811e-09 1.88217e-09 1.61499e-09 2.10102e-09 3.97786e-09 1.02786e-08 3.34175e-08 1.24645e-07 4.82869e-07 1.74262e-06 5.13521e-06 1.02948e-05 1.09685e-05 5.03362e-06 1.15451e-06 2.99861e-07 2.66541e-07 1.13147e-06 1.01092e-05 6.40453e-05 0.000175938 0.000228399 0.000183157 0.000111473 5.66336e-05 2.41607e-05 7.94448e-06 1.44421e-06 0 
0 0.0002582 0.00085669 0.0012345 0.000976722 0.000466415 0.000153908 4.07279e-05 9.878e-06 2.46556e-06 7.00237e-07 2.46021e-07 1.13922e-07 7.23486e-08 6.39398e-08 7.78275e-08 1.26229e-07 2.58952e-07 6.28364e-07 1.66717e-06 4.41529e-06 1.03961e-05 1.81968e-05 1.71425e-05 5.03362e-06 2.54425e-07 2.6761e-09 4.12187e-11 1.59212e-11 3.69754e-10 6.036e-08 4.47669e-06 5.09163e-05 0.000124813 0.000127156 8.38674e-05 4.36925e-05 1.87804e-05 6.18889e-06 1.12577e-06 0 
0 0.000206549 0.000744057 0.00127169 0.0013282 0.00090595 0.000441147 0.000172986 6.15083e-05 2.19545e-05 8.55657e-06 3.89516e-06 2.17711e-06 1.54107e-06 1.39698e-06 1.60823e-06 2.29002e-06 3.86735e-06 7.32853e-06 1.45545e-05 2.77698e-05 4.47029e-05 4.75306e-05 1.97412e-05 1.15451e-06 2.6761e-09 2.89094e-13 7.86919e-17 2.53496e-16 2.48415e-15 3.89262e-11 1.21223e-07 1.07361e-05 6.19207e-05 8.4948e-05 6.14637e-05 3.28987e-05 1.42494e-05 4.70573e-06 8.56482e-07 0 
0 0.000158531 0.000603933 0.00116435 0.00150189 0.001377 0.000943914 0.000524781 0.000260502 0.000126195 6.41782e-05 3.62544e-05 2.36874e-05 1.83454e-05 1.699e-05 1.86927e-05 2.3928e-05 3.44517e-05 5.328e-05 8.33386e-05 0.000121247 0.000142551 0.000100586 2.10877e-05 2.99861e-07 4.12187e-11 7.86918e-17 2.06236e-18 3.80586e-18 4.22293e-17 4.56835e-14 4.71478e-09 2.69406e-06 3.26512e-05 5.71407e-05 4.43928e-05 2.42322e-05 1.05512e-05 3.48932e-06 6.35322e-07 0 
0 0.000116992 0.000461614 0.000961631 0.00143237 0.00163677 0.00148221 0.0011135 0.000740469 0.000467538 0.000298322 0.000202005 0.000150273 0.000125394 0.000118276 0.000125519 0.000147459 0.000186632 0.000244912 0.000316254 0.000372184 0.00034861 0.000192544 2.99887e-05 2.66541e-07 1.59212e-11 2.53496e-16 3.80588e-18 2.30582e-18 3.70918e-17 6.60325e-15 1.68198e-09 1.52759e-06 2.2035e-05 4.0591e-05 3.19432e-05 1.74876e-05 7.61928e-06 2.52007e-06 4.58857e-07 0 
0 8.31603e-05 0.000334865 0.000729936 0.00118675 0.00156577 0.00173043 0.00164492 0.00139552 0.00110643 0.000859045 0.000679908 0.00056518 0.000502701 0.000482119 0.000497291 0.000545032 0.000621412 0.000714825 0.000795278 0.000803905 0.000660881 0.000345751 6.33013e-05 1.13147e-06 3.69754e-10 2.48415e-15 4.22293e-17 3.70918e-17 9.85386e-18 4.46e-13 9.62937e-09 2.35611e-06 1.99901e-05 3.07657e-05 2.2918e-05 1.23491e-05 5.3565e-06 1.76946e-06 3.22075e-07 0 
0 5.69715e-05 0.000231924 0.000517953 0.000883324 0.00126521 0.00157992 0.00175755 0.00177978 0.00168458 0.00153486 0.00138451 0.00126506 0.0011892 0.00115861 0.00116925 0.00121249 0.00127275 0.00132338 0.00132321 0.00121837 0.000957472 0.0005452 0.00015405 1.01092e-05 6.036e-08 3.89262e-11 4.56835e-14 6.60325e-15 4.46e-13 5.48646e-10 2.18187e-07 6.09651e-06 2.11381e-05 2.39153e-05 1.62016e-05 8.49216e-06 3.65484e-06 1.20471e-06 2.19147e-07 0 
0 3.75775e-05 0.000153806 0.000347621 0.000607011 0.000906356 0.00120735 0.00146726 0.00165351 0.0017558 0.00178691 0.00177272 0.00173983 0.00170775 0.00168644 0.00167667 0.00167108 0.00165511 0.00160836 0.00150709 0.00132775 0.00105235 0.000685254 0.000302468 6.40453e-05 4.47669e-06 1.21223e-07 4.71478e-09 1.68198e-09 9.62937e-09 2.18187e-07 3.17517e-06 1.37492e-05 2.12868e-05 1.79889e-05 1.10877e-05 5.6471e-06 2.41e-06 7.92465e-07 1.44058e-07 0 
0 2.37898e-05 9.76196e-05 0.000221839 0.000391546 0.000595837 0.000817977 0.00103744 0.00123412 0.00139329 0.00150887 0.00158311 0.00162333 0.00163779 0.00163248 0.00160954 0.00156729 0.00150131 0.00140605 0.00127658 0.00110946 0.000902931 0.000659491 0.000398716 0.000175938 5.09163e-05 1.07361e-05 2.69406e-06 1.52759e-06 2.35611e-06 6.09651e-06 1.37492e-05 1.96241e-05 1.81837e-05 1.2585e-05 7.23714e-06 3.60419e-06 1.52752e-06 5.01237e-07 9.10611e-08 0 
0 1.4375e-05 5.90523e-05 0.00013451 0.000238484 0.000365809 0.000508596 0.000656935 0.000800204 0.000928748 0.00103537 0.00111602 0.00116954 0.00119665 0.00119885 0.00117762 0.00113415 0.00106962 0.00098552 0.00088398 0.000767642 0.000639254 0.000501766 0.000360599 0.000228399 0.000124813 6.19207e-05 3.26512e-05 2.2035e-05 1.99901e-05 2.11381e-05 2.12868e-05 1.81837e-05 1.30272e-05 8.0858e-06 4.46284e-06 2.19102e-06 9.24231e-07 3.02823e-07 5.49892e-08 0 
0 8.21515e-06 3.37633e-05 7.6979e-05 0.000136727 0.000210377 0.000293936 0.000382371 0.000470109 0.000551665 0.000622253 0.00067823 0.000717283 0.000738355 0.000741429 0.000727304 0.000697414 0.000653736 0.000598699 0.000535055 0.000465651 0.000393189 0.000320124 0.000248987 0.000183157 0.000127156 8.4948e-05 5.71407e-05 4.0591e-05 3.07657e-05 2.39153e-05 1.79889e-05 1.2585e-05 8.0858e-06 4.77216e-06 2.58003e-06 1.25685e-06 5.28716e-07 1.73073e-07 3.14186e-08 0 
0 4.37531e-06 1.79853e-05 4.10208e-05 7.29087e-05 0.000112311 0.000157201 0.000205023 0.000252916 0.00029798 0.000337552 0.000369431 0.000392038 0.00040448 0.000406541 0.000398626 0.000381668 0.000357021 0.000326334 0.000291413 0.000254074 0.000216006 0.000178701 0.000143458 0.000111473 8.38674e-05 6.14637e-05 4.43928e-05 3.19432e-05 2.2918e-05 1.62016e-05 1.10877e-05 7.23714e-06 4.46284e-06 2.58003e-06 1.38207e-06 6.70749e-07 2.81763e-07 9.21869e-08 1.67321e-08 0 
0 2.11785e-06 8.70633e-06 1.986e-05 3.53069e-05 5.44098e-05 7.62047e-05 9.94746e-05 0.000122852 0.000144938 0.000164426 0.000180207 0.000191458 0.000197692 0.000198767 0.000194875 0.000186497 0.000174342 0.000159272 0.000142221 0.000124122 0.000105835 8.81078e-05 7.15498e-05 5.66336e-05 4.36925e-05 3.28987e-05 2.42322e-05 1.74876e-05 1.23491e-05 8.49216e-06 5.6471e-06 3.60419e-06 2.19102e-06 1.25685e-06 6.70749e-07 3.24997e-07 1.36431e-07 4.46262e-08 8.09901e-09 0 
0 8.8866e-07 3.65331e-06 8.33398e-06 1.48173e-05 2.28374e-05 3.1992e-05 4.17733e-05 5.16097e-05 6.09148e-05 6.91374e-05 7.58073e-05 8.05711e-05 8.32161e-05 8.36783e-05 8.20378e-05 7.85006e-05 7.33713e-05 6.70205e-05 5.98495e-05 5.22565e-05 4.46089e-05 3.72215e-05 3.0345e-05 2.41607e-05 1.87804e-05 1.42494e-05 1.05512e-05 7.61928e-06 5.3565e-06 3.65484e-06 2.41e-06 1.52752e-06 9.24231e-07 5.28716e-07 2.81763e-07 1.36431e-07 5.72566e-08 1.87262e-08 3.39839e-09 0 
0 2.90622e-07 1.19477e-06 2.72556e-06 4.84603e-06 7.46935e-06 1.04642e-05 1.36648e-05 1.68845e-05 1.99315e-05 2.26253e-05 2.48115e-05 2.63738e-05 2.72418e-05 2.73942e-05 2.68571e-05 2.56982e-05 2.4018e-05 2.19386e-05 1.95921e-05 1.71097e-05 1.46118e-05 1.22016e-05 9.96003e-06 7.94448e-06 6.18889e-06 4.70573e-06 3.48932e-06 2.52007e-06 1.76946e-06 1.20471e-06 7.92465e-07 5.01237e-07 3.02823e-07 1.73073e-07 9.21869e-08 4.46262e-08 1.87262e-08 6.12424e-09 1.11139e-09 0 
0 5.27397e-08 2.16817e-07 4.94618e-07 8.79434e-07 1.35552e-06 1.89907e-06 2.47999e-06 3.06443e-06 3.6176e-06 4.10671e-06 4.50372e-06 4.78748e-06 4.94517e-06 4.97289e-06 4.87538e-06 4.66497e-06 4.35992e-06 3.98245e-06 3.55658e-06 3.10616e-06 2.65308e-06 2.21602e-06 1.80963e-06 1.44421e-06 1.12577e-06 8.56482e-07 6.35322e-07 4.58857e-07 3.22075e-07 2.19147e-07 1.44058e-07 9.10611e-08 5.49892e-08 3.14186e-08 1.67321e-08 8.09901e-09 3.39839e-09 1.11139e-09 2.01687e-10 0 
0 0 0 0 0 0 0 0 0 0 0 0 0 0 0 0 0 0 0 0 0 0 0 0 0 0 0 0 0 0 0 0 0 0 0 0 0 0 0 0 0 
