0 0 0 0 0 0 0 0 0 0 0 0 0 0 0 0 0 0 0 0 0 0 0 0 0 0 0 0 0 0 0 0 0 0 0 0 0 0 0 0 0 
0 1.32147e-05 5.16054e-05 0.000107278 0.000164843 0.000207971 0.000228219 0.000227431 0.000213207 0.000193509 0.000174014 0.000157852 0.00014635 0.000139849 0.000138264 0.00014137 0.000148873 0.000160328 0.000174962 0.000191467 0.000207847 0.000221463 0.000229358 0.000228891 0.000218535 0.000198525 0.000171005 0.000139498 0.000107862 7.92405e-05 5.54636e-05 3.70568e-05 2.3628e-05 1.43298e-05 8.20381e-06 4.37279e-06 2.11736e-06 8.8858e-07 2.90612e-07 5.2739e-08 0 
0 5.16054e-05 0.00018738 0.000338799 0.000416794 0.000390069 0.000301675 0.000207341 0.00013459 8.67216e-05 5.77741e-05 4.11196e-05 3.20387e-05 2.77523e-05 2.68878e-05 2.90514e-05 3.46264e-05 4.47511e-05 6.13783e-05 8.72449e-05 0.000125471 0.00017844 0.000245785 0.000321916 0.000394594 0.000446765 0.000462793 0.000436564 0.000375478 0.000296413 0.000216929 0.000148654 9.60471e-05 5.86239e-05 3.36591e-05 1.79628e-05 8.70209e-06 3.65264e-06 1.19469e-06 2.16812e-07 0 
0 0.000107278 0.000338799 0.000470288 0.000389112 0.000222835 0.000100382 3.9465e-05 1.47508e-05 5.65437e-06 2.37938e-06 1.16456e-06 6.92862e-07 5.1523e-07 4.83846e-07 5.69961e-07 8.24013e-07 1.41348e-06 2.7588e-06 5.85239e-06 1.28913e-05 2.827e-05 5.95277e-05 0.000116895 0.00020921 0.000334905 0.000471677 0.000576522 0.000607413 0.00055424 0.000445234 0.000322019 0.000214025 0.000132412 7.64803e-05 4.0916e-05 1.98408e-05 8.33104e-06 2.72522e-06 4.94596e-07 0 
0 0.000164843 0.000416794 0.000389112 0.000187242 5.69058e-05 1.27737e-05 2.40621e-06 4.28966e-07 8.13974e-08 1.83424e-08 5.39226e-09 2.22187e-09 1.34222e-09 1.20813e-09 1.60115e-09 3.01165e-09 7.59772e-09 2.39728e-08 8.76462e-08 3.4402e-07 1.35107e-06 4.99958e-06 1.66356e-05 4.81731e-05 0.000118934 0.000246992 0.000425992 0.000601773 0.000690958 0.000651474 0.000519689 0.00036416 0.000231123 0.000135 7.25532e-05 3.52434e-05 1.48078e-05 4.84495e-06 8.79368e-07 0 
0 0.000207971 0.000390069 0.000222835 5.69058e-05 8.18769e-06 7.90021e-07 6.02696e-08 4.31346e-09 3.43961e-10 3.59033e-11 5.63336e-12 1.47651e-12 6.90546e-13 5.89942e-13 9.04006e-13 2.35126e-12 9.53894e-12 5.43863e-11 3.88877e-10 3.11186e-09 2.50793e-08 1.85958e-07 1.18168e-06 6.12629e-06 2.52033e-05 8.14442e-05 0.00020646 0.000408995 0.000626316 0.000737867 0.000683259 0.000521499 0.000345383 0.000205589 0.000111338 5.42392e-05 2.28124e-05 7.46658e-06 1.35536e-06 0 
0 0.000228219 0.000301675 0.000100382 1.27737e-05 7.90021e-07 2.90708e-08 7.89255e-10 1.99232e-11 5.90871e-13 2.56393e-14 1.96517e-15 3.07231e-16 1.07239e-16 8.63028e-17 1.56123e-16 5.88105e-16 4.10394e-15 4.5953e-14 7.06079e-13 1.27336e-11 2.33171e-10 3.82686e-09 5.10047e-08 5.15001e-07 3.78553e-06 2.00011e-05 7.6543e-05 0.000215263 0.000447037 0.000680309 0.000762016 0.00065502 0.000461796 0.000282825 0.000154953 7.58157e-05 3.1936e-05 1.04581e-05 1.89871e-06 0 
0 0.000227431 0.000207341 3.9465e-05 2.40621e-06 6.02696e-08 7.89255e-10 7.09037e-12 5.87139e-14 6.04587e-16 1.02623e-17 3.88249e-19 5.57443e-20 2.82129e-20 2.49901e-20 3.32412e-20 9.73441e-20 9.70426e-19 2.20052e-17 7.66496e-16 3.29575e-14 1.45143e-12 5.5743e-11 1.64306e-09 3.39395e-08 4.65665e-07 4.16581e-06 2.45693e-05 9.83873e-05 0.000275105 0.000541247 0.000746572 0.000740543 0.00056605 0.000360231 0.000200527 9.87019e-05 4.16634e-05 1.3653e-05 2.47931e-06 0 
0 0.000213207 0.00013459 1.47508e-05 4.28966e-07 4.31346e-09 1.99232e-11 5.87139e-14 1.58102e-16 5.66981e-19 7.31655e-21 1.20304e-21 5.27949e-22 4.26795e-22 4.09035e-22 4.15359e-22 5.95908e-22 1.58988e-21 1.29976e-20 7.5829e-19 7.78628e-17 8.30243e-15 7.50905e-13 4.92641e-11 2.09604e-09 5.40789e-08 8.25116e-07 7.53161e-06 4.2763e-05 0.000158516 0.000395888 0.0006686 0.000771979 0.000647415 0.000431526 0.000244993 0.000121493 5.14181e-05 1.68642e-05 3.06326e-06 0 
0 0.000193509 8.67216e-05 5.65437e-06 8.13974e-08 3.43961e-10 5.90871e-13 6.04587e-16 5.66981e-19 1.69267e-21 9.11518e-23 4.46257e-23 3.39921e-23 3.24142e-23 3.17849e-23 2.98492e-23 3.15588e-23 3.86586e-23 9.3446e-23 1.61084e-21 2.45593e-19 6.01815e-17 1.22688e-14 1.7195e-12 1.45272e-10 6.83236e-09 1.73395e-07 2.40138e-06 1.89831e-05 9.12575e-05 0.000281743 0.000570282 0.000760978 0.000701946 0.000491953 0.000285524 0.000142798 6.06143e-05 1.98998e-05 3.61579e-06 0 
0 0.000174014 5.77741e-05 2.37938e-06 1.83424e-08 3.59033e-11 2.56393e-14 1.02623e-17 7.31655e-21 9.11518e-23 9.09647e-24 4.85659e-24 4.58555e-24 4.73252e-24 4.6831e-24 4.24709e-24 3.78856e-24 3.26744e-24 4.57869e-24 3.04782e-23 1.90735e-21 7.49203e-19 3.1359e-16 8.61907e-14 1.33836e-11 1.07281e-09 4.28115e-08 8.59826e-07 9.12841e-06 5.51493e-05 0.000203954 0.000480455 0.000727005 0.000732387 0.000539041 0.000319878 0.000161375 6.87101e-05 2.25805e-05 4.10416e-06 0 
0 0.000157852 4.11196e-05 1.16456e-06 5.39226e-09 5.63336e-12 1.96517e-15 3.88249e-19 1.20304e-21 4.46258e-23 4.85659e-24 1.32881e-24 9.32273e-25 9.2268e-25 9.03727e-25 8.0127e-25 6.55199e-25 5.07897e-25 7.02426e-25 4.09815e-24 1.09402e-22 2.20416e-20 1.56007e-17 7.42942e-15 1.89541e-12 2.34751e-10 1.35588e-08 3.69129e-07 4.99016e-06 3.6319e-05 0.000155119 0.000411322 0.000687625 0.000745397 0.000572514 0.000346586 0.000176241 7.5252e-05 2.47535e-05 4.50044e-06 0 
0 0.00014635 3.20387e-05 6.92862e-07 2.22187e-09 1.47651e-12 3.07231e-16 5.57443e-20 5.27949e-22 3.39921e-23 4.58556e-24 9.32274e-25 3.33017e-25 2.29621e-25 2.03397e-25 1.74212e-25 1.38375e-25 1.22099e-25 2.68041e-25 1.7118e-24 2.74428e-23 2.32356e-21 1.7867e-18 1.26331e-15 4.60971e-13 7.81216e-11 5.89098e-09 1.9977e-07 3.21624e-06 2.67745e-05 0.000126709 0.000364978 0.000654432 0.000748272 0.000593533 0.000364912 0.000186725 7.99079e-05 2.63046e-05 4.78357e-06 0 
0 0.000139849 2.77523e-05 5.1523e-07 1.34222e-09 6.90546e-13 1.07239e-16 2.82129e-20 4.26795e-22 3.24143e-23 4.73253e-24 9.22681e-25 2.29621e-25 8.78881e-26 5.52457e-26 4.27515e-26 3.62512e-26 5.06911e-26 1.81409e-25 1.1799e-24 1.53655e-23 8.50736e-22 5.2367e-19 4.61628e-16 2.06287e-13 4.1754e-11 3.66202e-09 1.40649e-07 2.50032e-06 2.24612e-05 0.000112611 0.000339656 0.000633372 0.000746736 0.000603738 0.000374695 0.000192474 8.24841e-05 2.71654e-05 4.94087e-06 0 
0 0.000138264 2.68878e-05 4.83846e-07 1.20813e-09 5.89942e-13 8.63028e-17 2.49901e-20 4.09035e-22 3.17849e-23 4.68311e-24 9.03728e-25 2.03398e-25 5.52457e-26 2.15421e-26 1.33379e-26 1.43351e-26 3.58175e-26 1.62527e-25 1.07508e-24 1.35906e-23 7.00218e-22 4.05195e-19 3.73517e-16 1.74028e-13 3.65385e-11 3.30608e-09 1.30282e-07 2.3637e-06 2.15663e-05 0.000109395 0.000333094 0.000626484 0.000744024 0.000604503 0.000376135 0.000193429 8.29287e-05 2.73159e-05 4.96848e-06 0 
0 0.00014137 2.90514e-05 5.69961e-07 1.60115e-09 9.04006e-13 1.56123e-16 3.32412e-20 4.15359e-22 2.98492e-23 4.24709e-24 8.01271e-25 1.74212e-25 4.27515e-26 1.33379e-26 7.33519e-27 1.05604e-26 3.48467e-26 1.71761e-25 1.21438e-24 1.73037e-23 1.14304e-21 8.01185e-19 6.53086e-16 2.71422e-13 5.15614e-11 4.28487e-09 1.57406e-07 2.70013e-06 2.35922e-05 0.000115806 0.000343704 0.000633262 0.000740793 0.00059655 0.00036965 0.000189788 8.13226e-05 2.67823e-05 4.87116e-06 0 
0 0.000148873 3.46264e-05 8.24013e-07 3.01165e-09 2.35126e-12 5.88105e-16 9.73441e-20 5.95908e-22 3.15588e-23 3.78856e-24 6.55199e-25 1.38375e-25 3.62512e-26 1.43351e-26 1.05604e-26 1.53463e-26 4.46426e-26 2.2145e-25 1.84215e-24 3.76662e-23 4.61735e-21 3.72874e-18 2.29446e-15 7.3821e-13 1.12064e-10 7.69554e-09 2.41547e-07 3.65493e-06 2.89915e-05 0.00013224 0.000370463 0.000651092 0.000735374 0.000579929 0.000355808 0.000181963 7.78623e-05 2.56312e-05 4.66118e-06 0 
0 0.000160328 4.47511e-05 1.41348e-06 7.59772e-09 9.53894e-12 4.10394e-15 9.70426e-19 1.58988e-21 3.86586e-23 3.26744e-24 5.07897e-25 1.22099e-25 5.06911e-26 3.58174e-26 3.48467e-26 4.46425e-26 9.40407e-26 4.2055e-25 4.50239e-24 1.8855e-22 5.73755e-20 3.57033e-17 1.44914e-14 3.20106e-12 3.49467e-10 1.81287e-08 4.51551e-07 5.6832e-06 3.91179e-05 0.000160151 0.000411806 0.000674843 0.00072418 0.000554268 0.000335334 0.000170547 7.28359e-05 2.39616e-05 4.35671e-06 0 
0 0.000174962 6.13783e-05 2.7588e-06 2.39728e-08 5.43863e-11 4.5953e-14 2.20052e-17 1.29976e-20 9.3446e-23 4.57869e-24 7.02426e-25 2.68041e-25 1.81409e-25 1.62527e-25 1.71761e-25 2.2145e-25 4.2055e-25 1.94289e-24 3.56385e-23 4.05456e-21 1.62791e-18 5.938e-16 1.43347e-13 1.97906e-11 1.43022e-09 5.2219e-08 9.7381e-07 9.73665e-06 5.61403e-05 0.000200704 0.000463221 0.000695886 0.000702278 0.000519173 0.00030916 0.000156269 6.65954e-05 2.18936e-05 3.97987e-06 0 
0 0.000191467 8.72449e-05 5.85239e-06 8.76462e-08 3.88877e-10 7.06079e-13 7.66496e-16 7.5829e-19 1.61084e-21 3.04782e-23 4.09815e-24 1.71179e-24 1.1799e-24 1.07508e-24 1.21438e-24 1.84215e-24 4.50239e-24 3.56385e-23 1.64435e-21 3.14526e-19 7.35873e-17 1.42737e-14 1.90705e-12 1.53915e-10 6.93268e-09 1.69084e-07 2.26152e-06 1.73784e-05 8.19064e-05 0.00025101 0.000512932 0.000701111 0.00066423 0.000474643 0.000278446 0.000139949 5.9526e-05 1.95576e-05 3.5546e-06 0 
0 0.000207847 0.000125471 1.28913e-05 3.4402e-07 3.11186e-09 1.27336e-11 3.29575e-14 7.78628e-17 2.45593e-19 1.90735e-21 1.09402e-22 2.74428e-23 1.53655e-23 1.35906e-23 1.73037e-23 3.76662e-23 1.8855e-22 4.05456e-21 3.14526e-19 3.55928e-17 4.17084e-15 4.12046e-13 2.9173e-11 1.317e-09 3.53788e-08 5.53022e-07 5.12692e-06 2.95905e-05 0.000112674 0.000295062 0.000535877 0.000672949 0.000605203 0.000421374 0.000244553 0.000122442 5.20154e-05 1.70837e-05 3.10465e-06 0 
0 0.000221463 0.00017844 2.827e-05 1.35107e-06 2.50793e-08 2.33171e-10 1.45143e-12 8.30243e-15 6.01815e-17 7.49203e-19 2.20416e-20 2.32356e-21 8.50736e-22 7.00218e-22 1.14304e-21 4.61735e-21 5.73755e-20 1.62791e-18 7.35873e-17 4.17084e-15 2.41669e-13 1.19778e-11 4.39061e-10 1.06996e-08 1.63128e-07 1.54374e-06 9.4592e-06 4.01919e-05 0.000125239 0.000290629 0.000491347 0.000592383 0.000522271 0.000360863 0.000208967 0.00010458 4.44269e-05 1.45921e-05 2.65192e-06 0 
0 0.000229358 0.000245785 5.95277e-05 4.99958e-06 1.85958e-07 3.82686e-09 5.5743e-11 7.50905e-13 1.22688e-14 3.1359e-16 1.56007e-17 1.7867e-18 5.2367e-19 4.05195e-19 8.01185e-19 3.72874e-18 3.57033e-17 5.938e-16 1.42737e-14 4.12046e-13 1.19778e-11 2.98709e-10 5.55288e-09 6.86841e-08 5.30062e-07 2.61121e-06 9.3027e-06 2.81553e-05 7.81251e-05 0.000187462 0.000344883 0.000448842 0.000416171 0.000295429 0.000173202 8.71161e-05 3.7077e-05 1.21859e-05 2.2151e-06 0 
0 0.000228891 0.000321916 0.000116895 1.66356e-05 1.18168e-06 5.10047e-08 1.64306e-09 4.92641e-11 1.7195e-12 8.61907e-14 7.42942e-15 1.26331e-15 4.61628e-16 3.73517e-16 6.53086e-16 2.29446e-15 1.44914e-14 1.43347e-13 1.90705e-12 2.9173e-11 4.39061e-10 5.55288e-09 4.98931e-08 2.6761e-07 7.61494e-07 1.25085e-06 1.7533e-06 3.46421e-06 1.14402e-05 4.59296e-05 0.000141481 0.000262126 0.000294585 0.000228427 0.00013876 7.06994e-05 3.02216e-05 9.94669e-06 1.80886e-06 0 
0 0.000218535 0.000394594 0.00020921 4.81731e-05 6.12629e-06 5.15001e-07 3.39395e-08 2.09604e-09 1.45272e-10 1.33836e-11 1.89541e-12 4.60971e-13 2.06287e-13 1.74028e-13 2.71422e-13 7.3821e-13 3.20106e-12 1.97906e-11 1.53915e-10 1.317e-09 1.06996e-08 6.86841e-08 2.6761e-07 4.38641e-07 2.18636e-07 3.95359e-08 7.87724e-09 7.95338e-09 6.59774e-08 1.4841e-06 2.11031e-05 9.97416e-05 0.000176343 0.000164768 0.000107148 5.58552e-05 2.40494e-05 7.93267e-06 1.44353e-06 0 
0 0.000198525 0.000446765 0.000334905 0.000118934 2.52033e-05 3.78553e-06 4.65665e-07 5.40789e-08 6.83236e-09 1.07281e-09 2.34751e-10 7.81216e-11 4.1754e-11 3.65385e-11 5.15614e-11 1.12064e-10 3.49467e-10 1.43022e-09 6.93268e-09 3.53788e-08 1.63128e-07 5.30062e-07 7.61494e-07 2.18636e-07 5.36222e-09 1.44413e-11 5.50272e-14 1.54715e-14 1.56425e-12 1.77157e-09 6.83946e-07 2.13764e-05 8.68748e-05 0.000110686 7.98273e-05 4.29723e-05 1.86797e-05 6.17842e-06 1.12518e-06 0 
0 0.000171005 0.000462793 0.000471677 0.000246992 8.14442e-05 2.00011e-05 4.16581e-06 8.25116e-07 1.73395e-07 4.28115e-08 1.35588e-08 5.89098e-09 3.66202e-09 3.30608e-09 4.28487e-09 7.69554e-09 1.81287e-08 5.2219e-08 1.69084e-07 5.53022e-07 1.54374e-06 2.61121e-06 1.25085e-06 3.95359e-08 1.44413e-11 2.7372e-16 2.4977e-15 1.42792e-15 5.54867e-15 1.00888e-13 5.96268e-09 2.96032e-06 3.77076e-05 7.11248e-05 5.788e-05 3.22645e-05 1.41625e-05 4.69689e-06 8.55993e-07 0 
0 0.000139498 0.000436564 0.000576522 0.000425992 0.00020646 7.6543e-05 2.45693e-05 7.53161e-06 2.40138e-06 8.59826e-07 3.69129e-07 1.9977e-07 1.40649e-07 1.30282e-07 1.57406e-07 2.41547e-07 4.51551e-07 9.7381e-07 2.26152e-06 5.12692e-06 9.4592e-06 9.3027e-06 1.7533e-06 7.87724e-09 5.50272e-14 2.4977e-15 5.56831e-16 3.60084e-16 7.73312e-16 8.5398e-15 8.22933e-11 5.14513e-07 1.78331e-05 4.64826e-05 4.15065e-05 2.37245e-05 1.04827e-05 3.48245e-06 6.34947e-07 0 
0 0.000107862 0.000375478 0.000607413 0.000601773 0.000408995 0.000215263 9.83873e-05 4.2763e-05 1.89831e-05 9.12841e-06 4.99016e-06 3.21624e-06 2.50032e-06 2.3637e-06 2.70013e-06 3.65493e-06 5.6832e-06 9.73665e-06 1.73784e-05 2.95905e-05 4.01919e-05 2.81553e-05 3.46421e-06 7.95338e-09 1.54715e-14 1.42792e-15 3.60084e-16 7.12103e-16 3.57679e-15 7.5436e-14 2.27274e-11 2.69679e-07 1.18313e-05 3.29666e-05 2.98845e-05 1.7129e-05 7.57128e-06 2.51528e-06 4.58597e-07 0 
0 7.92405e-05 0.000296413 0.00055424 0.000690958 0.000626316 0.000447037 0.000275105 0.000158516 9.12575e-05 5.51493e-05 3.6319e-05 2.67745e-05 2.24612e-05 2.15663e-05 2.35922e-05 2.89915e-05 3.91179e-05 5.61403e-05 8.19064e-05 0.000112674 0.000125239 7.81251e-05 1.14402e-05 6.59774e-08 1.56425e-12 5.54866e-15 7.73312e-16 3.57679e-15 5.26339e-16 4.72524e-16 2.8009e-10 5.51894e-07 1.17968e-05 2.57499e-05 2.16405e-05 1.21295e-05 5.3271e-06 1.76651e-06 3.21914e-07 0 
0 5.54636e-05 0.000216929 0.000445234 0.000651474 0.000737867 0.000680309 0.000541247 0.000395888 0.000281743 0.000203954 0.000155119 0.000126709 0.000112611 0.000109395 0.000115806 0.00013224 0.000160151 0.000200704 0.00025101 0.000295062 0.000290629 0.000187462 4.59296e-05 1.4841e-06 1.77157e-09 1.00888e-13 8.5398e-15 7.5436e-14 4.72524e-16 5.934e-12 2.19036e-08 2.28828e-06 1.46015e-05 2.1021e-05 1.5524e-05 8.37678e-06 3.63924e-06 1.20312e-06 2.1906e-07 0 
0 3.70568e-05 0.000148654 0.000322019 0.000519689 0.000683259 0.000762016 0.000746572 0.0006686 0.000570282 0.000480455 0.000411322 0.000364978 0.000339656 0.000333094 0.000343704 0.000370463 0.000411806 0.000463221 0.000512932 0.000535877 0.000491347 0.000344883 0.000141481 2.11031e-05 6.83946e-07 5.96268e-09 8.22933e-11 2.27274e-11 2.8009e-10 2.19036e-08 9.39368e-07 7.94773e-06 1.71062e-05 1.66032e-05 1.07844e-05 5.59531e-06 2.40285e-06 7.9172e-07 1.44016e-07 0 
0 2.3628e-05 9.60471e-05 0.000214025 0.00036416 0.000521499 0.00065502 0.000740543 0.000771979 0.000760978 0.000727005 0.000687625 0.000654432 0.000633372 0.000626484 0.000633262 0.000651092 0.000674843 0.000695886 0.000701111 0.000672949 0.000592383 0.000448842 0.000262126 9.97416e-05 2.13764e-05 2.96032e-06 5.14513e-07 2.69679e-07 5.51894e-07 2.28828e-06 7.94773e-06 1.50898e-05 1.62605e-05 1.20489e-05 7.12304e-06 3.5843e-06 1.52468e-06 5.00932e-07 9.10433e-08 0 
0 1.43298e-05 5.86239e-05 0.000132412 0.000231123 0.000345383 0.000461796 0.00056605 0.000647415 0.000701946 0.000732387 0.000745397 0.000748272 0.000746736 0.000744024 0.000740793 0.000735374 0.00072418 0.000702278 0.00066423 0.000605203 0.000522271 0.000416171 0.000294585 0.000176343 8.68748e-05 3.77076e-05 1.78331e-05 1.18313e-05 1.17968e-05 1.46015e-05 1.71062e-05 1.62605e-05 1.23813e-05 7.91685e-06 4.4265e-06 2.18446e-06 9.23255e-07 3.02714e-07 5.49827e-08 0 
0 8.20381e-06 3.36591e-05 7.64803e-05 0.000135 0.000205589 0.000282825 0.000360231 0.000431526 0.000491953 0.000539041 0.000572514 0.000593533 0.000603738 0.000604503 0.00059655 0.000579929 0.000554268 0.000519173 0.000474643 0.000421374 0.000360863 0.000295429 0.000228427 0.000164768 0.000110686 7.11248e-05 4.64826e-05 3.29666e-05 2.57499e-05 2.1021e-05 1.66032e-05 1.20489e-05 7.91685e-06 4.72779e-06 2.57014e-06 1.25498e-06 5.28425e-07 1.73039e-07 3.14165e-08 0 
0 4.37279e-06 1.79628e-05 4.0916e-05 7.25532e-05 0.000111338 0.000154953 0.000200527 0.000244993 0.000285524 0.000319878 0.000346586 0.000364912 0.000374695 0.000376135 0.00036965 0.000355808 0.000335334 0.00030916 0.000278446 0.000244553 0.000208967 0.000173202 0.00013876 0.000107148 7.98273e-05 5.788e-05 4.15065e-05 2.98845e-05 2.16405e-05 1.5524e-05 1.07844e-05 7.12304e-06 4.4265e-06 2.57014e-06 1.37976e-06 6.7029e-07 2.81688e-07 9.21778e-08 1.67316e-08 0 
0 2.11736e-06 8.70209e-06 1.98408e-05 3.52434e-05 5.42392e-05 7.58157e-05 9.87019e-05 0.000121493 0.000142798 0.000161375 0.000176241 0.000186725 0.000192474 0.000193429 0.000189788 0.000181963 0.000170547 0.000156269 0.000139949 0.000122442 0.00010458 8.71161e-05 7.06994e-05 5.58552e-05 4.29723e-05 3.22645e-05 2.37245e-05 1.7129e-05 1.21295e-05 8.37678e-06 5.59531e-06 3.5843e-06 2.18446e-06 1.25498e-06 6.7029e-07 3.24901e-07 1.36415e-07 4.46241e-08 8.09887e-09 0 
0 8.8858e-07 3.65264e-06 8.33104e-06 1.48078e-05 2.28124e-05 3.1936e-05 4.16634e-05 5.14181e-05 6.06143e-05 6.87101e-05 7.5252e-05 7.99079e-05 8.24841e-05 8.29287e-05 8.13226e-05 7.78623e-05 7.28359e-05 6.65954e-05 5.9526e-05 5.20154e-05 4.44269e-05 3.7077e-05 3.02216e-05 2.40494e-05 1.86797e-05 1.41625e-05 1.04827e-05 7.57128e-06 5.3271e-06 3.63924e-06 2.40285e-06 1.52468e-06 9.23255e-07 5.28425e-07 2.81688e-07 1.36415e-07 5.72536e-08 1.87258e-08 3.39836e-09 0 
0 2.90612e-07 1.19469e-06 2.72522e-06 4.84495e-06 7.46658e-06 1.04581e-05 1.3653e-05 1.68642e-05 1.98998e-05 2.25805e-05 2.47535e-05 2.63046e-05 2.71654e-05 2.73159e-05 2.67823e-05 2.56312e-05 2.39616e-05 2.18936e-05 1.95576e-05 1.70837e-05 1.45921e-05 1.21859e-05 9.94669e-06 7.93267e-06 6.17842e-06 4.69689e-06 3.48245e-06 2.51528e-06 1.76651e-06 1.20312e-06 7.9172e-07 5.00932e-07 3.02714e-07 1.73039e-07 9.21778e-08 4.46241e-08 1.87258e-08 6.12419e-09 1.11139e-09 0 
0 5.2739e-08 2.16812e-07 4.94596e-07 8.79368e-07 1.35536e-06 1.89871e-06 2.47931e-06 3.06326e-06 3.61579e-06 4.10416e-06 4.50044e-06 4.78357e-06 4.94087e-06 4.96848e-06 4.87116e-06 4.66118e-06 4.35671e-06 3.97987e-06 3.5546e-06 3.10465e-06 2.65192e-06 2.2151e-06 1.80886e-06 1.44353e-06 1.12518e-06 8.55993e-07 6.34947e-07 4.58597e-07 3.21914e-07 2.1906e-07 1.44016e-07 9.10433e-08 5.49827e-08 3.14165e-08 1.67316e-08 8.09887e-09 3.39836e-09 1.11139e-09 2.01686e-10 0 
0 0 0 0 0 0 0 0 0 0 0 0 0 0 0 0 0 0 0 0 0 0 0 0 0 0 0 0 0 0 0 0 0 0 0 0 0 0 0 0 0 
