0 0 0 0 0 0 0 0 0 0 0 0 0 0 0 0 0 0 0 0 0 0 0 0 0 0 0 0 0 0 0 0 0 0 0 0 0 0 0 0 0 
0 1.3612e-05 5.50601e-05 0.00012176 0.000205267 0.00029177 0.000366221 0.000418274 0.000445644 0.000452843 0.000447405 0.000436591 0.000425801 0.000418336 0.000415728 0.000418156 0.00042471 0.00043351 0.000441789 0.000446092 0.000442723 0.000428508 0.000401708 0.000362771 0.000314477 0.000261303 0.00020819 0.000159314 0.000117329 8.32913e-05 5.70177e-05 3.75923e-05 2.37941e-05 1.43762e-05 8.21542e-06 4.37537e-06 2.11786e-06 8.88662e-07 2.90622e-07 5.27397e-08 0 
0 5.50601e-05 0.000217579 0.000458611 0.000709558 0.000883109 0.000926653 0.000854794 0.000724043 0.000587433 0.000473709 0.000391134 0.000337946 0.000309787 0.000303145 0.000316399 0.00034978 0.000404719 0.000482554 0.000582381 0.000698132 0.000815919 0.000913936 0.000967355 0.000957969 0.000883498 0.00075946 0.000611659 0.000465017 0.000336192 0.000232386 0.000153951 9.76607e-05 5.90629e-05 3.37658e-05 1.79859e-05 8.70643e-06 3.65333e-06 1.19477e-06 2.16818e-07 0 
0 0.00012176 0.000458611 0.000873883 0.00112996 0.00107553 0.000801985 0.000504741 0.000289921 0.000163104 9.53208e-05 6.06267e-05 4.34219e-05 3.57782e-05 3.42113e-05 3.78352e-05 4.77225e-05 6.71235e-05 0.000102322 0.000163727 0.000266028 0.000424816 0.00064638 0.000911127 0.00116237 0.00132137 0.00133213 0.00119897 0.000978151 0.000736636 0.000520312 0.000348354 0.000222043 0.000134561 7.69906e-05 4.10232e-05 1.98604e-05 8.33404e-06 2.72557e-06 4.94618e-07 0 
0 0.000205267 0.000709558 0.00112996 0.00107708 0.000672724 0.000306153 0.000114486 3.93316e-05 1.36777e-05 5.231e-06 2.35569e-06 1.31516e-06 9.40413e-07 8.72253e-07 1.0425e-06 1.56788e-06 2.8584e-06 6.02878e-06 1.39727e-05 3.37824e-05 8.11088e-05 0.000184936 0.000384844 0.000705499 0.00110563 0.00145182 0.00159242 0.00148339 0.00120956 0.000891732 0.00060966 0.000392279 0.000238664 0.000136767 7.29166e-05 3.53083e-05 1.48175e-05 4.84605e-06 8.79435e-07 0 
0 0.00029177 0.000883109 0.00107553 0.000672724 0.000246516 6.20031e-05 1.24948e-05 2.31988e-06 4.5081e-07 1.02831e-07 3.03463e-08 1.248e-08 7.49737e-09 6.69862e-09 8.80768e-09 1.64421e-08 4.12032e-08 1.29265e-07 4.70285e-07 1.83764e-06 7.18162e-06 2.63821e-05 8.65389e-05 0.000243021 0.000563543 0.00104578 0.00152192 0.00174295 0.00162208 0.00128803 0.000913855 0.000597931 0.000366322 0.000210489 0.000112332 5.44135e-05 2.28379e-05 7.4694e-06 1.35552e-06 0 
0 0.000366221 0.000926653 0.000801985 0.000306153 6.20031e-05 8.09079e-06 8.1527e-07 7.53687e-08 7.54515e-09 9.53494e-10 1.7349e-10 5.02776e-11 2.47395e-11 2.11723e-11 3.10443e-11 7.42012e-11 2.67545e-10 1.32157e-09 8.04652e-09 5.43295e-08 3.68873e-07 2.31544e-06 1.25667e-05 5.60945e-05 0.000198423 0.000539181 0.00109448 0.00163593 0.00183423 0.00162871 0.00122464 0.000822954 0.000509819 0.0002942 0.000157251 7.6213e-05 3.19932e-05 1.04643e-05 1.89907e-06 0 
0 0.000418274 0.000854794 0.000504741 0.000114486 1.24948e-05 8.1527e-07 3.92106e-08 1.71649e-09 8.42969e-11 5.64796e-12 6.11119e-13 1.21561e-13 4.82531e-14 3.94114e-14 6.49368e-14 2.02318e-13 1.07797e-12 8.66874e-12 9.17518e-11 1.11442e-09 1.36824e-08 1.52312e-07 1.41107e-06 1.02327e-05 5.58155e-05 0.000223035 0.000637842 0.00127764 0.00179236 0.00184167 0.00150052 0.0010475 0.000659447 0.000382912 0.000205125 9.94915e-05 4.17756e-05 1.36651e-05 2.48001e-06 0 
0 0.000445644 0.000724043 0.000289921 3.93316e-05 2.31988e-06 7.53687e-08 1.71649e-09 3.52612e-11 8.42004e-13 2.96727e-14 1.89659e-15 2.57645e-16 8.22419e-17 6.40307e-17 1.18642e-16 4.83093e-16 3.81966e-15 5.02868e-14 9.31336e-13 2.04961e-11 4.58414e-10 9.11269e-09 1.44885e-07 1.71023e-06 1.43249e-05 8.3185e-05 0.000330228 0.000881468 0.00156506 0.00190015 0.00170792 0.00125173 0.000804721 0.000471087 0.000253099 0.000122882 5.16138e-05 1.68849e-05 3.06446e-06 0 
0 0.000452843 0.000587433 0.000163104 1.36777e-05 4.5081e-07 7.54515e-09 8.42969e-11 8.42004e-13 1.01123e-14 1.93143e-16 7.47273e-18 7.05922e-19 1.83283e-19 1.36313e-19 2.81753e-19 1.47737e-18 1.69989e-17 3.57798e-16 1.12912e-14 4.37814e-13 1.73463e-11 5.99457e-10 1.59519e-08 2.99398e-07 3.76252e-06 3.09551e-05 0.000165779 0.000574512 0.00127446 0.0018329 0.0018333 0.00142042 0.000935949 0.000553241 0.000298276 0.000144986 6.09213e-05 1.99322e-05 3.61763e-06 0 
0 0.000447405 0.000473709 9.53208e-05 5.231e-06 1.02831e-07 9.53494e-10 5.64796e-12 2.96727e-14 1.93143e-16 2.13693e-18 5.29631e-20 3.66228e-21 8.07456e-22 5.79818e-22 1.29749e-21 8.35816e-21 1.33314e-19 4.25605e-18 2.15867e-16 1.38645e-14 9.1454e-13 5.17569e-11 2.1808e-09 6.19075e-08 1.11637e-06 1.24936e-05 8.67873e-05 0.000376059 0.00101198 0.0016989 0.00188546 0.00154625 0.00104567 0.000624538 0.000337981 0.000164495 6.91468e-05 2.26263e-05 4.10676e-06 0 
0 0.000436591 0.000391134 6.06267e-05 2.35569e-06 3.03463e-08 1.7349e-10 6.11119e-13 1.89659e-15 7.47273e-18 5.29631e-20 9.22318e-22 5.03824e-23 9.85267e-24 6.88542e-24 1.62556e-23 1.21308e-22 2.48339e-21 1.10788e-19 8.28034e-18 8.04092e-16 8.05551e-14 6.83274e-12 4.19848e-10 1.67416e-08 4.06074e-07 5.84494e-06 5.01211e-05 0.000259554 0.000814808 0.00155394 0.00188747 0.00162992 0.00112939 0.00068124 0.000369999 0.000180298 7.58196e-05 2.48128e-05 4.50379e-06 0 
0 0.000425801 0.000337946 4.34219e-05 1.31516e-06 1.248e-08 5.02776e-11 1.21561e-13 2.57645e-16 7.05922e-19 3.66228e-21 5.03824e-23 2.27627e-24 3.87885e-25 2.61095e-25 6.6092e-25 5.66469e-24 1.38652e-22 7.78464e-21 7.67584e-19 1.00532e-16 1.36352e-14 1.55132e-12 1.25382e-10 6.40101e-09 1.92625e-07 3.32895e-06 3.32405e-05 0.000195556 0.000685199 0.0014339 0.00186498 0.0016774 0.00118545 0.000720911 0.000392726 0.000191569 8.0586e-05 2.63753e-05 4.78756e-06 0 
0 0.000418336 0.000309787 3.57782e-05 9.40413e-07 7.49737e-09 2.47395e-11 4.82531e-14 8.22419e-17 1.83283e-19 8.07457e-22 9.85269e-24 3.87886e-25 5.77364e-26 3.72585e-26 1.01375e-25 9.76312e-25 2.66294e-23 1.68533e-21 1.93604e-19 3.00615e-17 4.84843e-15 6.52773e-13 6.17587e-11 3.63503e-09 1.23881e-07 2.37936e-06 2.59405e-05 0.000164237 0.000613147 0.00135525 0.00183782 0.00169609 0.00121415 0.000742381 0.000405245 0.000197815 8.32326e-05 2.72435e-05 4.94526e-06 0 
0 0.000415728 0.000303145 3.42113e-05 8.72253e-07 6.69862e-09 2.11723e-11 3.94114e-14 6.40307e-17 1.36313e-19 5.79819e-22 6.88544e-24 2.61096e-25 3.72586e-26 2.36413e-26 6.54728e-26 6.48968e-25 1.81108e-23 1.1724e-21 1.38906e-19 2.23656e-17 3.74642e-15 5.23688e-13 5.13473e-11 3.12289e-09 1.09566e-07 2.1578e-06 2.40303e-05 0.000154972 0.000588476 0.00132176 0.00181663 0.00169163 0.00121676 0.00074557 0.00040733 0.000198894 8.36954e-05 2.7396e-05 4.97299e-06 0 
0 0.000418156 0.000316399 3.78352e-05 1.0425e-06 8.80768e-09 3.10443e-11 6.49368e-14 1.18642e-16 2.81753e-19 1.29749e-21 1.62557e-23 6.60921e-25 1.01375e-25 6.54727e-26 1.72632e-25 1.59285e-24 4.17729e-23 2.53276e-21 2.75792e-19 4.0427e-17 6.16319e-15 7.87188e-13 7.10157e-11 4.00989e-09 1.31947e-07 2.46286e-06 2.62584e-05 0.00016357 0.000604397 0.00132975 0.00180268 0.00166631 0.00119476 0.000731268 0.000399383 0.000194997 8.20543e-05 2.68588e-05 4.87548e-06 0 
0 0.00042471 0.00034978 4.77225e-05 1.56788e-06 1.64421e-08 7.42012e-11 2.02318e-13 4.83093e-16 1.47737e-18 8.35816e-21 1.21308e-22 5.66469e-24 9.7631e-25 6.48966e-25 1.59285e-24 1.30124e-23 2.98873e-22 1.54556e-20 1.38322e-18 1.63809e-16 2.01434e-14 2.09134e-12 1.5565e-10 7.39585e-09 2.09519e-07 3.44813e-06 3.31631e-05 0.000190078 0.00065652 0.00136947 0.00178878 0.00161891 0.00114956 0.000700966 0.000382348 0.000186608 7.85155e-05 2.56997e-05 4.66505e-06 0 
0 0.00043351 0.000404719 6.71235e-05 2.8584e-06 4.12032e-08 2.67545e-10 1.07797e-12 3.81966e-15 1.69989e-17 1.33314e-19 2.48339e-21 1.38652e-22 2.66294e-23 1.81108e-23 4.17728e-23 2.98873e-22 5.66434e-21 2.27861e-19 1.51823e-17 1.31187e-15 1.17381e-13 8.96228e-12 5.0107e-10 1.84089e-08 4.16971e-07 5.6833e-06 4.68272e-05 0.000236771 0.00073875 0.00142321 0.00176051 0.00154578 0.00108268 0.000656736 0.000357596 0.000174436 7.33841e-05 2.40193e-05 4.35999e-06 0 
0 0.000441789 0.000482554 0.000102322 6.02878e-06 1.29265e-07 1.32157e-09 8.66874e-12 5.02868e-14 3.57798e-16 4.25605e-18 1.10788e-19 7.78464e-21 1.68533e-21 1.1724e-21 2.53276e-21 1.54556e-20 2.27861e-19 6.62881e-18 3.04772e-16 1.77451e-14 1.06534e-12 5.52579e-11 2.15341e-09 5.71341e-08 9.74188e-07 1.0445e-05 7.06445e-05 0.000304425 0.000835759 0.00146178 0.0016981 0.00144241 0.000996043 0.000601115 0.0003268 0.000159349 6.70311e-05 2.19397e-05 3.98251e-06 0 
0 0.000446092 0.000582381 0.000163727 1.39727e-05 4.70285e-07 8.04652e-09 9.17518e-11 9.31336e-13 1.12912e-14 2.15867e-16 8.28034e-18 7.67584e-19 1.93604e-19 1.38906e-19 2.75792e-19 1.38322e-18 1.51823e-17 3.04772e-16 9.18609e-15 3.41039e-13 1.29757e-11 4.31947e-10 1.1106e-08 2.02083e-07 2.47422e-06 2.00162e-05 0.000107311 0.000383741 0.000912259 0.00144234 0.00157919 0.00130497 0.00089216 0.000536946 0.000291782 0.000142283 5.9858e-05 1.9593e-05 3.55664e-06 0 
0 0.000442723 0.000698132 0.000266028 3.37824e-05 1.83764e-06 5.43295e-08 1.11442e-09 2.04961e-11 4.37814e-13 1.38645e-14 8.04092e-16 1.00532e-16 3.00615e-17 2.23656e-17 4.0427e-17 1.63809e-16 1.31187e-15 1.77451e-14 3.41039e-13 7.82732e-12 1.82556e-10 3.76548e-09 6.1565e-08 7.39265e-07 6.24846e-06 3.67219e-05 0.000151162 0.000439976 0.000904333 0.00131161 0.00138226 0.00113097 0.000773955 0.000467143 0.000254371 0.000124172 5.22637e-05 1.71104e-05 3.10621e-06 0 
0 0.000428508 0.000815919 0.000424816 8.11088e-05 7.18162e-06 3.68873e-07 1.36824e-08 4.58414e-10 1.73463e-11 9.1454e-13 8.05551e-14 1.36352e-14 4.84843e-15 3.74642e-15 6.16319e-15 2.01434e-14 1.17381e-13 1.06534e-12 1.29757e-11 1.82556e-10 2.57935e-09 3.24148e-08 3.28847e-07 2.51589e-06 1.40139e-05 5.68115e-05 0.000172167 0.000402278 0.000731409 0.00102146 0.00109127 0.000919248 0.000644309 0.000394432 0.000216261 0.000105879 4.46152e-05 1.46125e-05 2.65312e-06 0 
0 0.000401708 0.000913936 0.00064638 0.000184936 2.63821e-05 2.31544e-06 1.52312e-07 9.11269e-09 5.99457e-10 5.17569e-11 6.83274e-12 1.55132e-12 6.52773e-13 5.23688e-13 7.87188e-13 2.09134e-12 8.96228e-12 5.52579e-11 4.31947e-10 3.76548e-09 3.24148e-08 2.47035e-07 1.5184e-06 7.00793e-06 2.34578e-05 5.8444e-05 0.000118834 0.000219369 0.000380483 0.000581029 0.00071133 0.000672251 0.000506145 0.000321263 0.000178941 8.81498e-05 3.72276e-05 1.22022e-05 2.21606e-06 0 
0 0.000362771 0.000967355 0.000911127 0.000384844 8.65389e-05 1.25667e-05 1.41107e-06 1.44885e-07 1.59519e-08 2.1808e-09 4.19848e-10 1.25382e-10 6.17587e-11 5.13473e-11 7.10157e-11 1.5565e-10 5.0107e-10 2.15341e-09 1.1106e-08 6.1565e-08 3.28847e-07 1.5184e-06 5.41961e-06 1.33892e-05 2.14372e-05 2.40405e-05 2.51497e-05 3.48767e-05 7.11871e-05 0.000166936 0.000317297 0.000408718 0.000364679 0.00025013 0.000143704 7.15929e-05 3.03512e-05 9.96069e-06 1.80967e-06 0 
0 0.000314477 0.000957969 0.00116237 0.000705499 0.000243021 5.60945e-05 1.02327e-05 1.71023e-06 2.99398e-07 6.19075e-08 1.67416e-08 6.40101e-09 3.63503e-09 3.12289e-09 4.00989e-09 7.39585e-09 1.84089e-08 5.71341e-08 2.02083e-07 7.39265e-07 2.51589e-06 7.00793e-06 1.33892e-05 1.38254e-05 6.30371e-06 1.46929e-06 3.88391e-07 3.41732e-07 1.38287e-06 1.15651e-05 6.91302e-05 0.000182688 0.000232172 0.000184338 0.000111733 5.66787e-05 2.4167e-05 7.94514e-06 1.44425e-06 0 
0 0.000261303 0.000883498 0.00132137 0.00110563 0.000563543 0.000198423 5.58155e-05 1.43249e-05 3.76252e-06 1.11637e-06 4.06074e-07 1.92625e-07 1.23881e-07 1.09566e-07 1.31947e-07 2.09519e-07 4.16971e-07 9.74188e-07 2.47422e-06 6.24846e-06 1.40139e-05 2.34578e-05 2.14372e-05 6.30371e-06 3.35379e-07 3.88426e-09 6.55318e-11 2.56452e-11 5.44894e-10 7.75551e-08 5.11288e-06 5.4092e-05 0.000127916 0.000128319 8.41321e-05 4.37379e-05 1.87866e-05 6.18953e-06 1.1258e-06 0 
0 0.00020819 0.00075946 0.00133213 0.00145182 0.00104578 0.000539181 0.000223035 8.3185e-05 3.09551e-05 1.24936e-05 5.84494e-06 3.32895e-06 2.37936e-06 2.1578e-06 2.46286e-06 3.44813e-06 5.6833e-06 1.0445e-05 2.00162e-05 3.67219e-05 5.68115e-05 5.8444e-05 2.40405e-05 1.46929e-06 3.88426e-09 5.19077e-13 1.40025e-16 1.60591e-16 4.87367e-15 5.94709e-11 1.50106e-07 1.17591e-05 6.40979e-05 8.59829e-05 6.17106e-05 3.29407e-05 1.42551e-05 4.7063e-06 8.56513e-07 0 
0 0.000159314 0.000611659 0.00119897 0.00159242 0.00152192 0.00109448 0.000637842 0.000330228 0.000165779 8.67873e-05 5.01211e-05 3.32405e-05 2.59405e-05 2.40303e-05 2.62584e-05 3.31631e-05 4.68272e-05 7.06445e-05 0.000107311 0.000151162 0.000172167 0.000118834 2.51497e-05 3.88391e-07 6.55318e-11 1.40025e-16 2.76969e-18 2.31336e-18 4.03878e-17 8.19009e-14 6.27599e-09 3.0288e-06 3.40701e-05 5.79649e-05 4.45971e-05 2.42667e-05 1.05557e-05 3.48977e-06 6.35347e-07 0 
0 0.000117329 0.000465017 0.000978151 0.00148339 0.00174295 0.00163593 0.00127764 0.000881468 0.000574512 0.000376059 0.000259554 0.000195556 0.000164237 0.000154972 0.00016357 0.000190078 0.000236771 0.000304425 0.000383741 0.000439976 0.000402278 0.000219369 3.48767e-05 3.41732e-07 2.56452e-11 1.60591e-16 2.31338e-18 2.0641e-18 4.19403e-17 1.23648e-14 2.27773e-09 1.72702e-06 2.30236e-05 4.11858e-05 3.20906e-05 1.75124e-05 7.62255e-06 2.52039e-06 4.58874e-07 0 
0 8.32913e-05 0.000336192 0.000736636 0.00120956 0.00162208 0.00183423 0.00179236 0.00156506 0.00127446 0.00101198 0.000814808 0.000685199 0.000613147 0.000588476 0.000604397 0.00065652 0.00073875 0.000835759 0.000912259 0.000904333 0.000731409 0.000380483 7.11871e-05 1.38287e-06 5.44894e-10 4.87367e-15 4.03878e-17 4.19403e-17 1.09966e-17 7.41914e-13 1.2374e-08 2.61155e-06 2.07497e-05 3.11524e-05 2.30096e-05 1.23644e-05 5.35852e-06 1.76966e-06 3.22086e-07 0 
0 5.70177e-05 0.000232386 0.000520312 0.000891732 0.00128803 0.00162871 0.00184167 0.00190015 0.0018329 0.0016989 0.00155394 0.0014339 0.00135525 0.00132176 0.00132975 0.00136947 0.00142321 0.00146178 0.00144234 0.00131161 0.00102146 0.000581029 0.000166936 1.15651e-05 7.75551e-08 5.94709e-11 8.19009e-14 1.23648e-14 7.41914e-13 7.57486e-10 2.56975e-07 6.53627e-06 2.1699e-05 2.41332e-05 1.62501e-05 8.50023e-06 3.65592e-06 1.20482e-06 2.19153e-07 0 
0 3.75923e-05 0.000153951 0.000348354 0.00060966 0.000913855 0.00122464 0.00150052 0.00170792 0.0018333 0.00188546 0.00188747 0.00186498 0.00183782 0.00181663 0.00180268 0.00178878 0.00176051 0.0016981 0.00157919 0.00138226 0.00109127 0.00071133 0.000317297 6.91302e-05 5.11288e-06 1.50106e-07 6.27599e-09 2.27773e-09 1.2374e-08 2.56975e-07 3.46294e-06 1.42954e-05 2.16187e-05 1.80906e-05 1.11092e-05 5.65073e-06 2.4105e-06 7.92517e-07 1.44061e-07 0 
0 2.37941e-05 9.76607e-05 0.000222043 0.000392279 0.000597931 0.000822954 0.0010475 0.00125173 0.00142042 0.00154625 0.00162992 0.0016774 0.00169609 0.00169163 0.00166631 0.00161891 0.00154578 0.00144241 0.00130497 0.00113097 0.000919248 0.000672251 0.000408718 0.000182688 5.4092e-05 1.17591e-05 3.0288e-06 1.72702e-06 2.61155e-06 6.53627e-06 1.42954e-05 1.99931e-05 1.83278e-05 1.26236e-05 7.2452e-06 3.60558e-06 1.52772e-06 5.01258e-07 9.10623e-08 0 
0 1.43762e-05 5.90629e-05 0.000134561 0.000238664 0.000366322 0.000509819 0.000659447 0.000804721 0.000935949 0.00104567 0.00112939 0.00118545 0.00121415 0.00121676 0.00119476 0.00114956 0.00108268 0.000996043 0.00089216 0.000773955 0.000644309 0.000506145 0.000364679 0.000232172 0.000127916 6.40979e-05 3.40701e-05 2.30236e-05 2.07497e-05 2.1699e-05 2.16187e-05 1.83278e-05 1.30739e-05 8.0978e-06 4.46539e-06 2.19148e-06 9.24299e-07 3.0283e-07 5.49897e-08 0 
0 8.21542e-06 3.37658e-05 7.69906e-05 0.000136767 0.000210489 0.0002942 0.000382912 0.000471087 0.000553241 0.000624538 0.00068124 0.000720911 0.000742381 0.00074557 0.000731268 0.000700966 0.000656736 0.000601115 0.000536946 0.000467143 0.000394432 0.000321263 0.00025013 0.000184338 0.000128319 8.59829e-05 5.79649e-05 4.11858e-05 3.11524e-05 2.41332e-05 1.80906e-05 1.26236e-05 8.0978e-06 4.77529e-06 2.58072e-06 1.25698e-06 5.28736e-07 1.73075e-07 3.14188e-08 0 
0 4.37537e-06 1.79859e-05 4.10232e-05 7.29166e-05 0.000112332 0.000157251 0.000205125 0.000253099 0.000298276 0.000337981 0.000369999 0.000392726 0.000405245 0.00040733 0.000399383 0.000382348 0.000357596 0.0003268 0.000291782 0.000254371 0.000216261 0.000178941 0.000143704 0.000111733 8.41321e-05 6.17106e-05 4.45971e-05 3.20906e-05 2.30096e-05 1.62501e-05 1.11092e-05 7.2452e-06 4.46539e-06 2.58072e-06 1.38223e-06 6.70781e-07 2.81768e-07 9.21876e-08 1.67322e-08 0 
0 2.11786e-06 8.70643e-06 1.98604e-05 3.53083e-05 5.44135e-05 7.6213e-05 9.94915e-05 0.000122882 0.000144986 0.000164495 0.000180298 0.000191569 0.000197815 0.000198894 0.000194997 0.000186608 0.000174436 0.000159349 0.000142283 0.000124172 0.000105879 8.81498e-05 7.15929e-05 5.66787e-05 4.37379e-05 3.29407e-05 2.42667e-05 1.75124e-05 1.23644e-05 8.50023e-06 5.65073e-06 3.60558e-06 2.19148e-06 1.25698e-06 6.70781e-07 3.25003e-07 1.36433e-07 4.46263e-08 8.09902e-09 0 
0 8.88662e-07 3.65333e-06 8.33404e-06 1.48175e-05 2.28379e-05 3.19932e-05 4.17756e-05 5.16138e-05 6.09213e-05 6.91468e-05 7.58196e-05 8.0586e-05 8.32326e-05 8.36954e-05 8.20543e-05 7.85155e-05 7.33841e-05 6.70311e-05 5.9858e-05 5.22637e-05 4.46152e-05 3.72276e-05 3.03512e-05 2.4167e-05 1.87866e-05 1.42551e-05 1.05557e-05 7.62255e-06 5.35852e-06 3.65592e-06 2.4105e-06 1.52772e-06 9.24299e-07 5.28736e-07 2.81768e-07 1.36433e-07 5.72568e-08 1.87262e-08 3.39839e-09 0 
0 2.90622e-07 1.19477e-06 2.72557e-06 4.84605e-06 7.4694e-06 1.04643e-05 1.36651e-05 1.68849e-05 1.99322e-05 2.26263e-05 2.48128e-05 2.63753e-05 2.72435e-05 2.7396e-05 2.68588e-05 2.56997e-05 2.40193e-05 2.19397e-05 1.9593e-05 1.71104e-05 1.46125e-05 1.22022e-05 9.96069e-06 7.94514e-06 6.18953e-06 4.7063e-06 3.48977e-06 2.52039e-06 1.76966e-06 1.20482e-06 7.92517e-07 5.01258e-07 3.0283e-07 1.73075e-07 9.21876e-08 4.46263e-08 1.87262e-08 6.12425e-09 1.11139e-09 0 
0 5.27397e-08 2.16818e-07 4.94618e-07 8.79435e-07 1.35552e-06 1.89907e-06 2.48001e-06 3.06446e-06 3.61763e-06 4.10676e-06 4.50379e-06 4.78756e-06 4.94526e-06 4.97299e-06 4.87548e-06 4.66505e-06 4.35999e-06 3.98251e-06 3.55664e-06 3.10621e-06 2.65312e-06 2.21606e-06 1.80967e-06 1.44425e-06 1.1258e-06 8.56513e-07 6.35347e-07 4.58874e-07 3.22086e-07 2.19153e-07 1.44061e-07 9.10623e-08 5.49897e-08 3.14188e-08 1.67322e-08 8.09902e-09 3.39839e-09 1.11139e-09 2.01687e-10 0 
0 0 0 0 0 0 0 0 0 0 0 0 0 0 0 0 0 0 0 0 0 0 0 0 0 0 0 0 0 0 0 0 0 0 0 0 0 0 0 0 0 
