0 0 0 0 0 0 0 0 0 0 0 0 0 0 0 0 0 0 0 0 0 0 0 0 0 0 0 0 0 0 0 0 0 0 0 0 0 0 0 0 0 
0 1.379e-05 5.66858e-05 0.000129287 0.000229775 0.00035389 0.000495151 0.000645332 0.000795203 0.000935469 0.00105776 0.00115545 0.00122411 0.00126159 0.00126769 0.00124386 0.00119285 0.0011185 0.00102553 0.000919336 0.00080565 0.000690078 0.000577653 0.000472475 0.000377498 0.000294497 0.000224172 0.000166337 0.000120147 8.43243e-05 5.73641e-05 3.76988e-05 2.38241e-05 1.43839e-05 8.21723e-06 4.37575e-06 2.11793e-06 8.88673e-07 2.90623e-07 5.27398e-08 0 
0 5.66858e-05 0.00023298 0.000531189 0.000943373 0.00145093 0.00202517 0.00262926 0.00322199 0.00376341 0.00422079 0.00457288 0.00481067 0.00493469 0.00495073 0.00486619 0.0046886 0.00442623 0.00408994 0.00369474 0.00325995 0.00280758 0.0023596 0.0019352 0.0015488 0.00120945 0.000921128 0.000683667 0.000493883 0.00034665 0.000235825 0.000154982 9.79428e-05 5.91334e-05 3.37818e-05 1.79891e-05 8.70702e-06 3.65342e-06 1.19478e-06 2.16818e-07 0 
0 0.000129287 0.000531189 0.00121012 0.00214535 0.00328813 0.00456077 0.00586119 0.007077 0.00810928 0.00889715 0.00942927 0.00973517 0.00986257 0.00985373 0.00973087 0.00949337 0.00912514 0.00860836 0.00793824 0.00713283 0.00623327 0.00529472 0.00437339 0.00351553 0.00275213 0.00209882 0.00155879 0.00112642 0.000790726 0.000537961 0.000353551 0.000223433 0.000134899 7.70653e-05 4.10381e-05 1.98631e-05 8.33443e-06 2.72561e-06 4.94621e-07 0 
0 0.000229775 0.000943373 0.00214535 0.00378842 0.00575997 0.00787229 0.00987498 0.0115106 0.0126055 0.0131394 0.0132391 0.0131023 0.0129112 0.0127829 0.0127555 0.0127944 0.0128065 0.0126652 0.0122488 0.011487 0.0103919 0.00905433 0.00760696 0.00617875 0.00486546 0.00372185 0.00276832 0.00200181 0.00140565 0.00095643 0.000628602 0.000397263 0.000239852 0.000137023 7.29663e-05 3.53168e-05 1.48187e-05 4.84619e-06 8.79443e-07 0 
0 0.00035389 0.00145093 0.00328813 0.00575997 0.00861239 0.0114117 0.013608 0.0147523 0.0147533 0.0139244 0.0127641 0.0116982 0.0109752 0.0106947 0.0108685 0.0114508 0.0123319 0.0133134 0.0141072 0.0144007 0.0139826 0.012848 0.0111909 0.00929419 0.00741076 0.00570563 0.004257 0.00308257 0.00216581 0.001474 0.000968857 0.000612317 0.000369697 0.000211203 0.000112468 5.44362e-05 2.28411e-05 7.46975e-06 1.35555e-06 0 
0 0.000495151 0.00202517 0.00456077 0.00787229 0.0114117 0.0142816 0.0155442 0.0148588 0.012793 0.0103397 0.0082368 0.00676614 0.00592982 0.00565356 0.00588965 0.00664041 0.00793186 0.00974077 0.0118809 0.0139174 0.0152493 0.0154089 0.014349 0.0124294 0.0101506 0.00791233 0.00593825 0.00431117 0.00303228 0.00206457 0.00135725 0.000857831 0.00051794 0.000295894 0.000157567 7.6265e-05 3.20004e-05 1.04651e-05 1.89912e-06 0 
0 0.000645332 0.00262926 0.00586119 0.00987498 0.013608 0.0155442 0.0147108 0.0117304 0.00825709 0.00548818 0.00369499 0.00267388 0.00216878 0.00201689 0.00215915 0.00262655 0.00353255 0.00505289 0.00733789 0.0103019 0.013379 0.0155921 0.0161443 0.0149935 0.0127523 0.010154 0.0076981 0.00561367 0.00395557 0.0026951 0.00177221 0.0011202 0.000676377 0.000386411 0.000205769 9.95958e-05 4.17899e-05 1.36666e-05 2.48009e-06 0 
0 0.000795203 0.00322199 0.007077 0.0115106 0.0147523 0.0148588 0.0117304 0.00751863 0.00422057 0.00227738 0.0012888 0.000819838 0.000614735 0.000557089 0.000612241 0.000802903 0.00121595 0.00203124 0.00354138 0.00606461 0.00960687 0.0133966 0.0160083 0.0164282 0.014847 0.0122131 0.00940538 0.00690595 0.00487975 0.00332833 0.00218945 0.00138412 0.000835768 0.000477478 0.000254265 0.000123069 5.1639e-05 1.68875e-05 3.0646e-06 0 
0 0.000935469 0.00376341 0.00810928 0.0126055 0.0147533 0.012793 0.00825709 0.00422057 0.0018964 0.000838246 0.000402317 0.000226398 0.000157418 0.000139005 0.00015636 0.000219786 0.000371678 0.000717619 0.00148618 0.00308215 0.00596302 0.0100803 0.0142145 0.0165086 0.0161534 0.0138881 0.0109297 0.0081025 0.00574757 0.00392604 0.00258401 0.00163386 0.000986623 0.000563673 0.000300167 0.000145286 6.09615e-05 1.99363e-05 3.61786e-06 0 
0 0.00105776 0.00422079 0.00889715 0.0131394 0.0139244 0.0103397 0.00548818 0.00227738 0.000838246 0.000310208 0.000128449 6.46824e-05 4.19511e-05 3.61161e-05 4.13974e-05 6.18052e-05 0.000115143 0.000252462 0.000608153 0.0014935 0.00346013 0.00701151 0.0116743 0.0154911 0.0166024 0.0150503 0.0121651 0.00912704 0.00650612 0.00445245 0.00293244 0.00185459 0.00112 0.000639888 0.000340756 0.000164932 6.92049e-05 2.26322e-05 4.10709e-06 0 
0 0.00115545 0.00457288 0.00942927 0.0132391 0.0127641 0.0082368 0.00369499 0.0012888 0.000402317 0.000128449 4.6978e-05 2.15166e-05 1.31324e-05 1.10382e-05 1.28193e-05 2.00799e-05 4.04708e-05 9.8454e-05 0.000268343 0.000756586 0.00203318 0.00480096 0.00926032 0.0139321 0.016359 0.0156809 0.0130494 0.00992205 0.00711199 0.00487736 0.00321473 0.00203365 0.00122824 0.000701751 0.000373703 0.00018088 7.58966e-05 2.48205e-05 4.50422e-06 0 
0 0.00122411 0.00481067 0.00973517 0.0131023 0.0116982 0.00676614 0.00267388 0.000819838 0.000226398 6.46824e-05 2.15166e-05 9.15389e-06 5.32069e-06 4.37714e-06 5.11591e-06 8.28067e-06 1.76544e-05 4.63167e-05 0.000138189 0.000431255 0.00129331 0.00342629 0.00741161 0.0123634 0.0157195 0.0158597 0.0135702 0.0104541 0.00753488 0.0051785 0.0034159 0.00216151 0.00130559 0.000745965 0.000397252 0.000192279 8.06797e-05 2.63848e-05 4.78808e-06 0 
0 0.00126159 0.00493469 0.00986257 0.0129112 0.0109752 0.00592982 0.00216878 0.000614735 0.000157418 4.19511e-05 1.31324e-05 5.32069e-06 2.98848e-06 2.41486e-06 2.81982e-06 4.63557e-06 1.01882e-05 2.79041e-05 8.77931e-05 0.000291187 0.000933917 0.00265964 0.00620072 0.0111064 0.0149685 0.0157134 0.0137523 0.0107126 0.0077588 0.00534286 0.00352695 0.00223239 0.00134853 0.000770529 0.000410339 0.000198614 8.33379e-05 2.72541e-05 4.94585e-06 0 
0 0.00126769 0.00495073 0.00985373 0.0127829 0.0106947 0.00565356 0.00201689 0.000557089 0.000139005 3.61161e-05 1.10382e-05 4.37714e-06 2.41486e-06 1.92537e-06 2.22991e-06 3.65623e-06 8.05992e-06 2.22606e-05 7.09802e-05 0.000239711 0.000786474 0.00230245 0.0055437 0.010276 0.0142886 0.0153549 0.0136353 0.0107039 0.00778105 0.00536682 0.00354515 0.00224452 0.00135601 0.000774832 0.000412637 0.000199728 8.38055e-05 2.74071e-05 4.9736e-06 0 
0 0.00124386 0.00486619 0.00973087 0.0127555 0.0108685 0.00588965 0.00215915 0.000612241 0.00015636 4.13974e-05 1.28193e-05 5.11591e-06 2.81982e-06 2.22991e-06 2.54468e-06 4.08886e-06 8.79943e-06 2.36769e-05 7.35353e-05 0.000242262 0.000777871 0.00223939 0.00533583 0.00985708 0.01374 0.0148445 0.0132522 0.0104435 0.00760961 0.00525528 0.00347369 0.00219995 0.00132927 0.000759604 0.000404539 0.00019581 8.21621e-05 2.68697e-05 4.87608e-06 0 
0 0.00119285 0.0046886 0.00949337 0.0127944 0.0114508 0.00664041 0.00262655 0.000802903 0.000219786 6.18052e-05 2.00799e-05 8.28067e-06 4.63557e-06 3.65623e-06 4.08886e-06 6.33804e-06 1.299e-05 3.29806e-05 9.61266e-05 0.000296681 0.000893838 0.00242588 0.00549361 0.00976136 0.0132772 0.0141802 0.012619 0.0099496 0.00726005 0.00501996 0.00332078 0.00210406 0.00127163 0.00072675 0.000387062 0.000187356 7.86154e-05 2.57099e-05 4.66562e-06 0 
0 0.0011185 0.00442623 0.00912514 0.0128065 0.0123319 0.00793186 0.00353255 0.00121595 0.000371678 0.000115143 4.04708e-05 1.76544e-05 1.01882e-05 8.05992e-06 8.79943e-06 1.299e-05 2.48314e-05 5.78722e-05 0.000153215 0.000427283 0.00116274 0.00286292 0.00594225 0.00984638 0.0127773 0.0133105 0.0117351 0.00924016 0.0067521 0.00467711 0.00309818 0.00196467 0.00118795 0.000679087 0.000361719 0.000175097 7.34733e-05 2.40285e-05 4.36051e-06 0 
0 0.00102553 0.00408994 0.00860836 0.0126652 0.0133134 0.00974077 0.00505289 0.00203124 0.000717619 0.000252462 9.8454e-05 4.63167e-05 2.79041e-05 2.22606e-05 2.36769e-05 3.29806e-05 5.78722e-05 0.000121146 0.000283683 0.000693479 0.00164961 0.00356484 0.0065776 0.00991688 0.0120754 0.012162 0.0105905 0.00832968 0.00610535 0.00424421 0.00281922 0.00179098 0.00108403 0.000620015 0.000330338 0.000159925 6.71103e-05 2.1948e-05 3.98299e-06 0 
0 0.000919336 0.00369474 0.00793824 0.0122488 0.0141072 0.0118809 0.00733789 0.00354138 0.00148618 0.000608153 0.000268343 0.000138189 8.77931e-05 7.09802e-05 7.35353e-05 9.61266e-05 0.000153215 0.000283683 0.000576014 0.00120541 0.00244162 0.00451023 0.0072273 0.00974229 0.0110112 0.0106686 0.00917135 0.00722401 0.00533242 0.00373533 0.00249627 0.00159221 0.000965973 0.000553164 0.000294892 0.000142802 5.99309e-05 1.96008e-05 3.55709e-06 0 
0 0.00080565 0.00325995 0.00713283 0.011487 0.0144007 0.0139174 0.0103019 0.00606461 0.00308215 0.0014935 0.000756586 0.000431255 0.000291187 0.000239711 0.000242262 0.000296681 0.000427283 0.000693479 0.00120541 0.00212464 0.00359806 0.00558003 0.00764815 0.00911265 0.00948247 0.00879536 0.00746009 0.00591002 0.00442838 0.00315413 0.00213714 0.00137601 0.000839409 0.000482049 0.000257319 0.000124677 5.2336e-05 1.71183e-05 3.10667e-06 0 
0 0.000690078 0.00280758 0.00623327 0.0103919 0.0139826 0.0152493 0.013379 0.00960687 0.00596302 0.00346013 0.00203318 0.00129331 0.000933917 0.000786474 0.000777871 0.000893838 0.00116274 0.00164961 0.00244162 0.00359806 0.00505259 0.00652706 0.00759314 0.00791908 0.00748696 0.00655545 0.00544167 0.00435194 0.00336178 0.00248641 0.00174118 0.00114692 0.00070891 0.000409786 0.000219385 0.000106424 4.46941e-05 1.46212e-05 2.65364e-06 0 
0 0.000577653 0.0023596 0.00529472 0.00905433 0.012848 0.0154089 0.0155921 0.0133966 0.0100803 0.00701151 0.00480096 0.00342629 0.00265964 0.00230245 0.00223939 0.00242588 0.00286292 0.00356484 0.00451023 0.00558003 0.00652706 0.00704428 0.00692827 0.00621276 0.00515147 0.00406801 0.00318825 0.00256355 0.00211026 0.00170909 0.00129982 0.000905914 0.000577741 0.000338944 0.000182591 8.87871e-05 3.73195e-05 1.22122e-05 2.21665e-06 0 
0 0.000472475 0.0019352 0.00437339 0.00760696 0.0111909 0.014349 0.0161443 0.0160083 0.0142145 0.0116743 0.00926032 0.00741161 0.00620072 0.0055437 0.00533583 0.00549361 0.00594225 0.0065776 0.0072273 0.00764815 0.00759314 0.00692827 0.00571806 0.00422088 0.00279854 0.00174944 0.00115306 0.00090464 0.000859048 0.000874637 0.000819554 0.000655114 0.000448715 0.000271657 0.000148151 7.23586e-05 3.04596e-05 9.97224e-06 1.81034e-06 0 
0 0.000377498 0.0015488 0.00351553 0.00617875 0.00929419 0.0124294 0.0149935 0.0164282 0.0165086 0.0154911 0.0139321 0.0123634 0.0111064 0.010276 0.00985708 0.00976136 0.00984638 0.00991688 0.00974229 0.00911265 0.00791908 0.00621276 0.00422088 0.00233886 0.00100798 0.000363655 0.000149397 0.00010473 0.000138795 0.000246941 0.000379182 0.000411512 0.000326707 0.000210001 0.000117027 5.75707e-05 2.429e-05 7.95793e-06 1.44497e-06 0 
0 0.000294497 0.00120945 0.00275213 0.00486546 0.00741076 0.0101506 0.0127523 0.014847 0.0161534 0.0166024 0.016359 0.0157195 0.0149685 0.0142886 0.01374 0.0132772 0.0127773 0.0120754 0.0110112 0.00948247 0.00748696 0.00515147 0.00279854 0.00100798 0.000198275 2.31516e-05 3.35954e-06 1.78324e-06 4.75426e-06 2.70988e-05 0.000111664 0.000215166 0.000220911 0.000156338 8.99623e-05 4.47001e-05 1.89159e-05 6.20263e-06 1.12653e-06 0 
0 0.000224172 0.000921128 0.00209882 0.00372185 0.00570563 0.00791233 0.010154 0.0122131 0.0138881 0.0150503 0.0156809 0.0158597 0.0157134 0.0153549 0.0148445 0.0141802 0.0133105 0.012162 0.0106686 0.00879536 0.00655545 0.00406801 0.00174944 0.000363655 2.31516e-05 4.79882e-07 1.34589e-08 4.55245e-09 3.63107e-08 1.25051e-06 2.24934e-05 9.78655e-05 0.000141526 0.000112887 6.74264e-05 3.38699e-05 1.43772e-05 4.71844e-06 8.57172e-07 0 
0 0.000166337 0.000683667 0.00155879 0.00276832 0.004257 0.00593825 0.0076981 0.00940538 0.0109297 0.0121651 0.0130494 0.0135702 0.0137523 0.0136353 0.0132522 0.012619 0.0117351 0.0105905 0.00917135 0.00746009 0.00544167 0.00318825 0.00115306 0.000149397 3.35954e-06 1.34589e-08 7.73053e-11 1.68159e-11 3.83525e-10 7.30743e-08 5.18936e-06 4.70521e-05 9.14332e-05 8.04492e-05 4.94681e-05 2.50515e-05 1.06575e-05 3.49976e-06 6.35883e-07 0 
0 0.000120147 0.000493883 0.00112642 0.00200181 0.00308257 0.00431117 0.00561367 0.00690595 0.0081025 0.00912704 0.00992205 0.0104541 0.0107126 0.0107039 0.0104435 0.0099496 0.00924016 0.00832968 0.00722401 0.00591002 0.00435194 0.00256355 0.00090464 0.00010473 1.78324e-06 4.55245e-09 1.68159e-11 3.19013e-12 9.46758e-11 2.8011e-08 2.82368e-06 3.07285e-05 6.40616e-05 5.76234e-05 3.56507e-05 1.80833e-05 7.69624e-06 2.5276e-06 4.5926e-07 0 
0 8.43243e-05 0.00034665 0.000790726 0.00140565 0.00216581 0.00303228 0.00395557 0.00487975 0.00574757 0.00650612 0.00711199 0.00753488 0.0077588 0.00778105 0.00760961 0.00726005 0.0067521 0.00610535 0.00533242 0.00442838 0.00336178 0.00211026 0.000859048 0.000138795 4.75426e-06 3.63107e-08 3.83525e-10 9.46758e-11 1.31384e-09 1.165e-07 4.49124e-06 2.92485e-05 4.95706e-05 4.16126e-05 2.52206e-05 1.27189e-05 5.40455e-06 1.77419e-06 3.2233e-07 0 
0 5.73641e-05 0.000235825 0.000537961 0.00095643 0.001474 0.00206457 0.0026951 0.00332833 0.00392604 0.00445245 0.00487736 0.0051785 0.00534286 0.00536682 0.00525528 0.00501996 0.00467711 0.00424421 0.00373533 0.00315413 0.00248641 0.00170909 0.000874637 0.000246941 2.70988e-05 1.25051e-06 7.30743e-08 2.8011e-08 1.165e-07 1.49171e-06 1.20339e-05 3.34898e-05 3.99915e-05 2.97884e-05 1.74077e-05 8.68727e-06 3.68063e-06 1.20729e-06 2.19289e-07 0 
0 3.76988e-05 0.000154982 0.000353551 0.000628602 0.000968857 0.00135725 0.00177221 0.00218945 0.00258401 0.00293244 0.00321473 0.0034159 0.00352695 0.00354515 0.00347369 0.00332078 0.00309818 0.00281922 0.00249627 0.00213714 0.00174118 0.00129982 0.000819554 0.000379182 0.000111664 2.24934e-05 5.18936e-06 2.82368e-06 4.49124e-06 1.20339e-05 2.65607e-05 3.55948e-05 3.101e-05 2.06204e-05 1.16183e-05 5.73467e-06 2.42191e-06 7.93691e-07 1.44127e-07 0 
0 2.38241e-05 9.79428e-05 0.000223433 0.000397263 0.000612317 0.000857831 0.0011202 0.00138412 0.00163386 0.00185459 0.00203365 0.00216151 0.00223239 0.00224452 0.00219995 0.00210406 0.00196467 0.00179098 0.00159221 0.00137601 0.00114692 0.000905914 0.000655114 0.000411512 0.000215166 9.78655e-05 4.70521e-05 3.07285e-05 2.92485e-05 3.34898e-05 3.55948e-05 3.08898e-05 2.20245e-05 1.35521e-05 7.43385e-06 3.63776e-06 1.53225e-06 5.01742e-07 9.10904e-08 0 
0 1.43839e-05 5.91334e-05 0.000134899 0.000239852 0.000369697 0.00051794 0.000676377 0.000835768 0.000986623 0.00112 0.00122824 0.00130559 0.00134853 0.00135601 0.00132927 0.00127163 0.00118795 0.00108403 0.000965973 0.000839409 0.00070891 0.000577741 0.000448715 0.000326707 0.000220911 0.000141526 9.14332e-05 6.40616e-05 4.95706e-05 3.99915e-05 3.101e-05 2.20245e-05 1.42075e-05 8.38064e-06 4.5248e-06 2.20208e-06 9.25862e-07 3.03004e-07 5.50001e-08 0 
0 8.21723e-06 3.37818e-05 7.70653e-05 0.000137023 0.000211203 0.000295894 0.000386411 0.000477478 0.000563673 0.000639888 0.000701751 0.000745965 0.000770529 0.000774832 0.000759604 0.00072675 0.000679087 0.000620015 0.000553164 0.000482049 0.000409786 0.000338944 0.000271657 0.000210001 0.000156338 0.000112887 8.04492e-05 5.76234e-05 4.16126e-05 2.97884e-05 2.06204e-05 1.35521e-05 8.38064e-06 4.84812e-06 2.59676e-06 1.25999e-06 5.29203e-07 1.73129e-07 3.14222e-08 0 
0 4.37575e-06 1.79891e-05 4.10381e-05 7.29663e-05 0.000112468 0.000157567 0.000205769 0.000254265 0.000300167 0.000340756 0.000373703 0.000397252 0.000410339 0.000412637 0.000404539 0.000387062 0.000361719 0.000330338 0.000294892 0.000257319 0.000219385 0.000182591 0.000148151 0.000117027 8.99623e-05 6.74264e-05 4.94681e-05 3.56507e-05 2.52206e-05 1.74077e-05 1.16183e-05 7.43385e-06 4.5248e-06 2.59676e-06 1.38596e-06 6.71519e-07 2.81888e-07 9.22022e-08 1.67331e-08 0 
0 2.11793e-06 8.70702e-06 1.98631e-05 3.53168e-05 5.44362e-05 7.6265e-05 9.95958e-05 0.000123069 0.000145286 0.000164932 0.00018088 0.000192279 0.000198614 0.000199728 0.00019581 0.000187356 0.000175097 0.000159925 0.000142802 0.000124677 0.000106424 8.87871e-05 7.23586e-05 5.75707e-05 4.47001e-05 3.38699e-05 2.50515e-05 1.80833e-05 1.27189e-05 8.68727e-06 5.73467e-06 3.63776e-06 2.20208e-06 1.25999e-06 6.71519e-07 3.25157e-07 1.36459e-07 4.46297e-08 8.09925e-09 0 
0 8.88673e-07 3.65342e-06 8.33443e-06 1.48187e-05 2.28411e-05 3.20004e-05 4.17899e-05 5.1639e-05 6.09615e-05 6.92049e-05 7.58966e-05 8.06797e-05 8.33379e-05 8.38055e-05 8.21621e-05 7.86154e-05 7.34733e-05 6.71103e-05 5.99309e-05 5.2336e-05 4.46941e-05 3.73195e-05 3.04596e-05 2.429e-05 1.89159e-05 1.43772e-05 1.06575e-05 7.69624e-06 5.40455e-06 3.68063e-06 2.42191e-06 1.53225e-06 9.25862e-07 5.29203e-07 2.81888e-07 1.36459e-07 5.72615e-08 1.87269e-08 3.39843e-09 0 
0 2.90623e-07 1.19478e-06 2.72561e-06 4.84619e-06 7.46975e-06 1.04651e-05 1.36666e-05 1.68875e-05 1.99363e-05 2.26322e-05 2.48205e-05 2.63848e-05 2.72541e-05 2.74071e-05 2.68697e-05 2.57099e-05 2.40285e-05 2.1948e-05 1.96008e-05 1.71183e-05 1.46212e-05 1.22122e-05 9.97224e-06 7.95793e-06 6.20263e-06 4.71844e-06 3.49976e-06 2.5276e-06 1.77419e-06 1.20729e-06 7.93691e-07 5.01742e-07 3.03004e-07 1.73129e-07 9.22022e-08 4.46297e-08 1.87269e-08 6.12434e-09 1.1114e-09 0 
0 5.27398e-08 2.16818e-07 4.94621e-07 8.79443e-07 1.35555e-06 1.89912e-06 2.48009e-06 3.0646e-06 3.61786e-06 4.10709e-06 4.50422e-06 4.78808e-06 4.94585e-06 4.9736e-06 4.87608e-06 4.66562e-06 4.36051e-06 3.98299e-06 3.55709e-06 3.10667e-06 2.65364e-06 2.21665e-06 1.81034e-06 1.44497e-06 1.12653e-06 8.57172e-07 6.35883e-07 4.5926e-07 3.2233e-07 2.19289e-07 1.44127e-07 9.10904e-08 5.50001e-08 3.14222e-08 1.67331e-08 8.09925e-09 3.39843e-09 1.1114e-09 2.01687e-10 0 
0 0 0 0 0 0 0 0 0 0 0 0 0 0 0 0 0 0 0 0 0 0 0 0 0 0 0 0 0 0 0 0 0 0 0 0 0 0 0 0 0 
