0 0 0 0 0 0 0 0 0 0 0 0 0 0 0 0 0 0 0 0 0 0 0 0 0 0 0 0 0 0 0 0 0 0 0 0 0 0 0 0 0 
0 1.36189e-05 5.51217e-05 0.000122035 0.000206109 0.00029373 0.00036987 0.000423949 0.000453307 0.000462155 0.000457901 0.000447833 0.000437451 0.000430154 0.000427547 0.000429834 0.00043609 0.000444396 0.000451938 0.000455225 0.000450575 0.00043488 0.000406535 0.000366145 0.000316634 0.000262554 0.000208847 0.000159624 0.000117462 8.33426e-05 5.70356e-05 3.7598e-05 2.37958e-05 1.43766e-05 8.21553e-06 4.3754e-06 2.11787e-06 8.88662e-07 2.90622e-07 5.27397e-08 0 
0 5.51217e-05 0.000218147 0.00046113 0.000716831 0.000898086 0.000949921 0.000883719 0.00075468 0.000616769 0.000500406 0.000415137 0.000359863 0.000330472 0.000323495 0.000337282 0.000371994 0.000428927 0.000509145 0.000611256 0.000728461 0.000846036 0.000941574 0.000990302 0.000974907 0.000894479 0.000765681 0.000614741 0.000466361 0.000336712 0.000232566 0.000154008 9.76766e-05 5.90669e-05 3.37667e-05 1.7986e-05 8.70646e-06 3.65333e-06 1.19477e-06 2.16818e-07 0 
0 0.000122035 0.00046113 0.000884236 0.00115505 0.00111437 0.00084358 0.000538883 0.000313787 0.000178656 0.000105462 6.76064e-05 4.86884e-05 4.02396e-05 3.84982e-05 4.24982e-05 5.33898e-05 7.46547e-05 0.000112961 0.000179199 0.0002884 0.000455842 0.000686153 0.000956547 0.00120701 0.00135813 0.00135711 0.00121298 0.00098473 0.000739271 0.000521231 0.000348638 0.000222122 0.00013458 7.6995e-05 4.10241e-05 1.98606e-05 8.33407e-06 2.72557e-06 4.94618e-07 0 
0 0.000206109 0.000716831 0.00115505 0.00112084 0.000715313 0.000332844 0.00012714 4.45495e-05 1.57704e-05 6.12441e-06 2.79198e-06 1.57231e-06 1.1297e-06 1.04873e-06 1.24975e-06 1.86767e-06 3.37356e-06 7.03361e-06 1.6088e-05 3.83471e-05 9.07155e-05 0.00020374 0.000417525 0.00075361 0.0011629 0.00150489 0.00163008 0.00150406 0.00121861 0.000895023 0.000610688 0.000392561 0.000238734 0.000136782 7.29196e-05 3.53088e-05 1.48176e-05 4.84606e-06 8.79436e-07 0 
0 0.00029373 0.000898086 0.00111437 0.000715313 0.000269796 6.9866e-05 1.44886e-05 2.76513e-06 5.51161e-07 1.28538e-07 3.86151e-08 1.60833e-08 9.73036e-09 8.70469e-09 1.13963e-08 2.10771e-08 5.21066e-08 1.60739e-07 5.73707e-07 2.19646e-06 8.40697e-06 3.02539e-05 9.72677e-05 0.000267845 0.000609135 0.00110877 0.00158454 0.00178711 0.0016448 0.00129704 0.000916775 0.00059874 0.000366519 0.000210531 0.00011234 5.44149e-05 2.28381e-05 7.46942e-06 1.35553e-06 0 
0 0.00036987 0.000949921 0.00084358 0.000332844 6.9866e-05 9.4614e-06 9.89931e-07 9.49489e-08 9.83728e-09 1.28109e-09 2.38819e-10 7.04153e-11 3.49821e-11 2.99893e-11 4.37155e-11 1.03169e-10 3.65181e-10 1.76292e-09 1.0458e-08 6.86831e-08 4.53413e-07 2.76911e-06 1.46424e-05 6.37802e-05 0.000220431 0.000585557 0.00116241 0.00170206 0.00187708 0.00164824 0.00123142 0.000824881 0.000510289 0.000294301 0.00015727 7.62162e-05 3.19936e-05 1.04644e-05 1.89908e-06 0 
0 0.000423949 0.000883719 0.000538883 0.00012714 1.44886e-05 9.89931e-07 4.99295e-08 2.29073e-09 1.17544e-10 8.18438e-12 9.13484e-13 1.85766e-13 7.46489e-14 6.11035e-14 9.99237e-14 3.06295e-13 1.59376e-12 1.2445e-11 1.274e-10 1.49346e-09 1.76887e-08 1.90142e-07 1.70448e-06 1.19918e-05 6.36253e-05 0.000247757 0.000690994 0.00135085 0.00185488 0.00187591 0.00151368 0.00105142 0.000660415 0.00038312 0.000205164 9.94979e-05 4.17765e-05 1.36652e-05 2.48001e-06 0 
0 0.000453307 0.00075468 0.000313787 4.45495e-05 2.76513e-06 9.49489e-08 2.29073e-09 4.98209e-11 1.25495e-12 4.63459e-14 3.07637e-15 4.29308e-16 1.39095e-16 1.08579e-16 1.99347e-16 7.95744e-16 6.1126e-15 7.76389e-14 1.38061e-12 2.90969e-11 6.22874e-10 1.18654e-08 1.8125e-07 2.0628e-06 1.67223e-05 9.42922e-05 0.00036418 0.000946479 0.00163896 0.00195009 0.0017297 0.00125862 0.000806466 0.000471462 0.00025317 0.000122894 5.16153e-05 1.68851e-05 3.06447e-06 0 
0 0.000462155 0.000616769 0.000178656 1.57704e-05 5.51161e-07 9.83728e-09 1.17544e-10 1.25495e-12 1.60414e-14 3.23606e-16 1.30845e-17 1.27502e-18 3.3657e-19 2.51001e-19 5.13611e-19 2.63284e-18 2.92925e-17 5.91255e-16 1.77926e-14 6.55891e-13 2.46889e-11 8.11742e-10 2.06142e-08 3.70795e-07 4.48713e-06 3.57105e-05 0.00018561 0.000625227 0.00134957 0.00189561 0.00186469 0.0014311 0.000938742 0.000553846 0.000298389 0.000145005 6.09238e-05 1.99324e-05 3.61765e-06 0 
0 0.000457901 0.000500406 0.000105462 6.12441e-06 1.28538e-07 1.28109e-09 8.18438e-12 4.63459e-14 3.23606e-16 3.80739e-18 9.90602e-20 7.05996e-21 1.57364e-21 1.13077e-21 2.51666e-21 1.59099e-20 2.4498e-19 7.46336e-18 3.58819e-16 2.177e-14 1.35548e-12 7.25235e-11 2.89899e-09 7.84471e-08 1.35597e-06 1.46263e-05 9.83696e-05 0.000413723 0.00108178 0.00176946 0.00192582 0.00156107 0.00104968 0.000625418 0.000338146 0.000164521 6.91504e-05 2.26266e-05 4.10678e-06 0 
0 0.000447833 0.000415137 6.76064e-05 2.79198e-06 3.86151e-08 2.38819e-10 9.13484e-13 3.07637e-15 1.30845e-17 9.90602e-20 1.81001e-21 1.01329e-22 1.9901e-23 1.38922e-23 3.2777e-23 2.41756e-22 4.79409e-21 2.03701e-19 1.43659e-17 1.31106e-15 1.23333e-13 9.83997e-12 5.7087e-10 2.16055e-08 5.00435e-07 6.92165e-06 5.73434e-05 0.000287882 0.000877363 0.00162783 0.00193493 0.00164858 0.00113462 0.000682402 0.000370217 0.000180333 7.58243e-05 2.48132e-05 4.50381e-06 0 
0 0.000437451 0.000359863 4.86884e-05 1.57231e-06 1.60833e-08 7.04153e-11 1.85766e-13 4.29308e-16 1.27502e-18 7.05996e-21 1.01329e-22 4.70847e-24 8.13824e-25 5.48839e-25 1.38049e-24 1.16245e-23 2.7588e-22 1.47809e-20 1.37238e-18 1.68317e-16 2.13574e-14 2.2774e-12 1.73201e-10 8.36671e-09 2.39791e-07 3.9734e-06 3.82711e-05 0.000218078 0.000741446 0.00150826 0.00191713 0.00169906 0.00119168 0.000722313 0.000392989 0.000191612 8.05916e-05 2.63759e-05 4.78759e-06 0 
0 0.000430154 0.000330472 4.02396e-05 1.1297e-06 9.73036e-09 3.49821e-11 7.46489e-14 1.39095e-16 3.3657e-19 1.57364e-21 1.9901e-23 8.13826e-25 1.25328e-25 8.15584e-26 2.17808e-25 2.03248e-24 5.36219e-23 3.25043e-21 3.51756e-19 5.10525e-17 7.68751e-15 9.68147e-13 8.60309e-11 4.78332e-09 1.55027e-07 2.85157e-06 2.99626e-05 0.00018366 0.000665203 0.00142879 0.00189226 0.00171951 0.00122102 0.000743939 0.00040554 0.000197863 8.32389e-05 2.72442e-05 4.9453e-06 0 
0 0.000427547 0.000323495 3.84982e-05 1.04873e-06 8.70469e-09 2.99893e-11 6.11035e-14 1.08579e-16 2.51001e-19 1.13077e-21 1.38922e-23 5.4884e-25 8.15585e-26 5.23112e-26 1.41583e-25 1.35335e-24 3.64888e-23 2.2648e-21 2.52882e-19 3.80479e-17 5.94832e-15 7.77511e-13 7.15822e-11 4.11154e-09 1.37158e-07 2.5865e-06 2.77597e-05 0.000173331 0.000638657 0.00139413 0.00187121 0.00171543 0.0012238 0.000747173 0.000407634 0.000198943 8.37019e-05 2.73966e-05 4.97303e-06 0 
0 0.000429834 0.000337282 4.24982e-05 1.24975e-06 1.13963e-08 4.37155e-11 9.99237e-14 1.99347e-16 5.13611e-19 2.51666e-21 3.2777e-23 1.38049e-24 2.17808e-25 1.41583e-25 3.6746e-25 3.29468e-24 8.35303e-23 4.84093e-21 4.96419e-19 6.80689e-17 9.69748e-15 1.15967e-12 9.83526e-11 5.25058e-09 1.6444e-07 2.94162e-06 3.02472e-05 0.000182533 0.000654772 0.00140077 0.00185544 0.00168914 0.00120149 0.000732804 0.000399675 0.000195044 8.20606e-05 2.68594e-05 4.87551e-06 0 
0 0.00043609 0.000371994 5.33898e-05 1.86767e-06 2.10771e-08 1.03169e-10 3.06295e-13 7.95744e-16 2.63284e-18 1.59099e-20 2.41756e-22 1.16245e-23 2.03248e-24 1.35335e-24 3.29468e-24 2.63764e-23 5.85536e-22 2.88391e-20 2.43162e-18 2.70045e-16 3.1116e-14 3.03273e-12 2.12732e-10 9.57908e-09 2.58816e-07 4.08942e-06 3.79861e-05 0.000211147 0.000708585 0.00143855 0.00183788 0.00163964 0.00115561 0.000702343 0.000382609 0.00018665 7.85212e-05 2.57003e-05 4.66509e-06 0 
0 0.000444396 0.000428927 7.46547e-05 3.37356e-06 5.21066e-08 3.65181e-10 1.59376e-12 6.1126e-15 2.92925e-17 2.4498e-19 4.79409e-21 2.7588e-22 5.36219e-23 3.64887e-23 8.35303e-23 5.85536e-22 1.07007e-20 4.09799e-19 2.57962e-17 2.09822e-15 1.76605e-13 1.2707e-11 6.71993e-10 2.34739e-08 5.08597e-07 6.67217e-06 5.32015e-05 0.000261263 0.000792974 0.00148888 0.00180427 0.00156361 0.00108781 0.0006579 0.000357818 0.000174473 7.3389e-05 2.40198e-05 4.36002e-06 0 
0 0.000451938 0.000509145 0.000112961 7.03361e-06 1.60739e-07 1.76292e-09 1.2445e-11 7.76389e-14 5.91255e-16 7.46336e-18 2.03701e-19 1.47809e-20 3.25043e-21 2.2648e-21 4.84093e-21 2.88391e-20 4.09799e-19 1.13814e-17 4.96515e-16 2.73423e-14 1.5516e-12 7.61964e-11 2.82115e-09 7.14559e-08 1.16962e-06 1.21066e-05 7.94315e-05 0.000333053 0.000890913 0.00152159 0.00173515 0.00145696 0.00100018 0.000602054 0.00032698 0.000159378 6.70351e-05 2.19401e-05 3.98253e-06 0 
0 0.000455225 0.000611256 0.000179199 1.6088e-05 5.73707e-07 1.0458e-08 1.274e-10 1.38061e-12 1.77926e-14 3.58819e-16 1.43659e-17 1.37238e-18 3.51756e-19 2.52882e-19 4.96419e-19 2.43162e-18 2.57962e-17 4.96515e-16 1.42714e-14 5.03798e-13 1.82162e-11 5.77139e-10 1.41676e-08 2.472e-07 2.91689e-06 2.28568e-05 0.00011919 0.000415628 0.000964844 0.00149333 0.00160883 0.00131632 0.000895382 0.000537685 0.000291926 0.000142307 5.98614e-05 1.95934e-05 3.55666e-06 0 
0 0.000450575 0.000728461 0.0002884 3.83471e-05 2.19646e-06 6.86831e-08 1.49346e-09 2.90969e-11 6.55891e-13 2.177e-14 1.31106e-15 1.68317e-16 5.10525e-17 3.80479e-17 6.80689e-17 2.70045e-16 2.09822e-15 2.73423e-14 5.03798e-13 1.10568e-11 2.46461e-10 4.86484e-09 7.63283e-08 8.82953e-07 7.2217e-06 4.12521e-05 0.00016565 0.000471413 0.000948878 0.00135126 0.00140465 0.00113961 0.000776458 0.00046773 0.000254487 0.000124192 5.22664e-05 1.71107e-05 3.10622e-06 0 
0 0.00043488 0.000846036 0.000455842 9.07155e-05 8.40697e-06 4.53413e-07 1.76887e-08 6.22874e-10 2.46889e-11 1.35548e-12 1.23333e-13 2.13574e-14 7.68751e-15 5.94832e-15 9.69748e-15 3.1116e-14 1.76605e-13 1.5516e-12 1.82162e-11 2.46461e-10 3.347e-09 4.0471e-08 3.96004e-07 2.93223e-06 1.58713e-05 6.2772e-05 0.000186197 0.000426775 0.000762432 0.00104865 0.00110735 0.000925863 0.000646336 0.000394928 0.000216362 0.000105897 4.46177e-05 1.46128e-05 2.65314e-06 0 
0 0.000406535 0.000941574 0.000686153 0.00020374 3.02539e-05 2.76911e-06 1.90142e-07 1.18654e-08 8.11742e-10 7.25235e-11 9.83997e-12 2.2774e-12 9.68147e-13 7.77511e-13 1.15967e-12 3.03273e-12 1.2707e-11 7.61964e-11 5.77139e-10 4.86484e-09 4.0471e-08 2.98323e-07 1.7774e-06 7.97797e-06 2.60767e-05 6.36958e-05 0.000127358 0.000231546 0.000395801 0.000596395 0.000722246 0.000677501 0.000507927 0.000321725 0.000179038 8.81668e-05 3.723e-05 1.22025e-05 2.21607e-06 0 
0 0.000366145 0.000990302 0.000956547 0.000417525 9.72677e-05 1.46424e-05 1.70448e-06 1.8125e-07 2.06142e-08 2.89899e-09 5.7087e-10 1.73201e-10 8.60309e-11 7.15822e-11 9.83526e-11 2.12732e-10 6.71993e-10 2.82115e-09 1.41676e-08 7.63283e-08 3.96004e-07 1.7774e-06 6.18118e-06 1.49396e-05 2.35308e-05 2.6097e-05 2.70633e-05 3.71371e-05 7.47435e-05 0.000172585 0.000323629 0.000412904 0.000366365 0.000250599 0.000143805 7.16105e-05 3.03537e-05 9.96095e-06 1.80969e-06 0 
0 0.000316634 0.000974907 0.00120701 0.00075361 0.000267845 6.37802e-05 1.19918e-05 2.0628e-06 3.70795e-07 7.84471e-08 2.16055e-08 8.36671e-09 4.78332e-09 4.11154e-09 5.25058e-09 9.57908e-09 2.34739e-08 7.14559e-08 2.472e-07 8.82953e-07 2.93223e-06 7.97797e-06 1.49396e-05 1.5226e-05 6.92359e-06 1.62462e-06 4.32603e-07 3.79009e-07 1.5034e-06 1.22314e-05 7.13611e-05 0.000185563 0.000233751 0.000184828 0.000111841 5.66973e-05 2.41695e-05 7.94542e-06 1.44426e-06 0 
0 0.000262554 0.000894479 0.00135813 0.0011629 0.000609135 0.000220431 6.36253e-05 1.67223e-05 4.48713e-06 1.35597e-06 5.00435e-07 2.39791e-07 1.55027e-07 1.37158e-07 1.6444e-07 2.58816e-07 5.08597e-07 1.16962e-06 2.91689e-06 7.2217e-06 1.58713e-05 2.60767e-05 2.35308e-05 6.92359e-06 3.76319e-07 4.53692e-09 7.95015e-11 3.12808e-11 6.4047e-10 8.60962e-08 5.40394e-06 5.54715e-05 0.000129228 0.000128804 8.42419e-05 4.37567e-05 1.87892e-05 6.18979e-06 1.12582e-06 0 
0 0.000208847 0.000765681 0.00135711 0.00150489 0.00110877 0.000585557 0.000247757 9.42922e-05 3.57105e-05 1.46263e-05 6.92165e-06 3.9734e-06 2.85157e-06 2.5865e-06 2.94162e-06 4.08942e-06 6.67217e-06 1.21066e-05 2.28568e-05 4.12521e-05 6.2772e-05 6.36958e-05 2.6097e-05 1.62462e-06 4.53692e-09 6.62534e-13 1.87916e-16 1.36824e-16 6.45413e-15 7.09643e-11 1.64093e-07 1.22136e-05 6.50266e-05 8.64168e-05 6.18134e-05 3.29582e-05 1.42574e-05 4.70654e-06 8.56526e-07 0 
0 0.000159624 0.000614741 0.00121298 0.00163008 0.00158454 0.00116241 0.000690994 0.00036418 0.00018561 9.83696e-05 5.73434e-05 3.82711e-05 2.99626e-05 2.77597e-05 3.02472e-05 3.79861e-05 5.32015e-05 7.94315e-05 0.00011919 0.00016565 0.000186197 0.000127358 2.70633e-05 4.32603e-07 7.95015e-11 1.87916e-16 3.19459e-18 1.97876e-18 3.93301e-17 1.04456e-13 7.07076e-09 3.18034e-06 3.46793e-05 5.83115e-05 4.46823e-05 2.42811e-05 1.05576e-05 3.48996e-06 6.35357e-07 0 
0 0.000117462 0.000466361 0.00098473 0.00150406 0.00178711 0.00170206 0.00135085 0.000946479 0.000625227 0.000413723 0.000287882 0.000218078 0.00018366 0.000173331 0.000182533 0.000211147 0.000261263 0.000333053 0.000415628 0.000471413 0.000426775 0.000231546 3.71371e-05 3.79009e-07 3.12808e-11 1.36823e-16 1.97877e-18 1.95575e-18 4.35647e-17 1.60512e-14 2.5846e-09 1.81766e-06 2.34485e-05 4.14361e-05 3.21522e-05 1.75227e-05 7.62391e-06 2.52052e-06 4.58881e-07 0 
0 8.33426e-05 0.000336712 0.000739271 0.00121861 0.0016448 0.00187708 0.00185488 0.00163896 0.00134957 0.00108178 0.000877363 0.000741446 0.000665203 0.000638657 0.000654772 0.000708585 0.000792974 0.000890913 0.000964844 0.000948878 0.000762432 0.000395801 7.47435e-05 1.5034e-06 6.4047e-10 6.45413e-15 3.93301e-17 4.35646e-17 1.26375e-17 9.17273e-13 1.37378e-08 2.72605e-06 2.10747e-05 3.1315e-05 2.30479e-05 1.23708e-05 5.35936e-06 1.76974e-06 3.2209e-07 0 
0 5.70356e-05 0.000232566 0.000521231 0.000895023 0.00129704 0.00164824 0.00187591 0.00195009 0.00189561 0.00176946 0.00162783 0.00150826 0.00142879 0.00139413 0.00140077 0.00143855 0.00148888 0.00152159 0.00149333 0.00135126 0.00104865 0.000596395 0.000172585 1.22314e-05 8.60962e-08 7.09643e-11 1.04456e-13 1.60512e-14 9.17273e-13 8.66522e-10 2.75119e-07 6.72884e-06 2.19371e-05 2.42246e-05 1.62703e-05 8.50359e-06 3.65637e-06 1.20486e-06 2.19156e-07 0 
0 3.7598e-05 0.000154008 0.000348638 0.000610688 0.000916775 0.00123142 0.00151368 0.0017297 0.00186469 0.00192582 0.00193493 0.00191713 0.00189226 0.00187121 0.00185544 0.00183788 0.00180427 0.00173515 0.00160883 0.00140465 0.00110735 0.000722246 0.000323629 7.13611e-05 5.40394e-06 1.64093e-07 7.07076e-09 2.5846e-09 1.37378e-08 2.75119e-07 3.59048e-06 1.45294e-05 2.17585e-05 1.81332e-05 1.11182e-05 5.65223e-06 2.41071e-06 7.92538e-07 1.44062e-07 0 
0 2.37958e-05 9.76766e-05 0.000222122 0.000392561 0.00059874 0.000824881 0.00105142 0.00125862 0.0014311 0.00156107 0.00164858 0.00169906 0.00171951 0.00171543 0.00168914 0.00163964 0.00156361 0.00145696 0.00131632 0.00113961 0.000925863 0.000677501 0.000412904 0.000185563 5.54715e-05 1.22136e-05 3.18034e-06 1.81766e-06 2.72605e-06 6.72884e-06 1.45294e-05 2.0149e-05 1.83882e-05 1.26397e-05 7.24856e-06 3.60616e-06 1.5278e-06 5.01267e-07 9.10628e-08 0 
0 1.43766e-05 5.90669e-05 0.00013458 0.000238734 0.000366519 0.000510289 0.000660415 0.000806466 0.000938742 0.00104968 0.00113462 0.00119168 0.00122102 0.0012238 0.00120149 0.00115561 0.00108781 0.00100018 0.000895382 0.000776458 0.000646336 0.000507927 0.000366365 0.000233751 0.000129228 6.50266e-05 3.46793e-05 2.34485e-05 2.10747e-05 2.19371e-05 2.17585e-05 1.83882e-05 1.30935e-05 8.1028e-06 4.46646e-06 2.19167e-06 9.24327e-07 3.02834e-07 5.49899e-08 0 
0 8.21553e-06 3.37667e-05 7.6995e-05 0.000136782 0.000210531 0.000294301 0.00038312 0.000471462 0.000553846 0.000625418 0.000682402 0.000722313 0.000743939 0.000747173 0.000732804 0.000702343 0.0006579 0.000602054 0.000537685 0.00046773 0.000394928 0.000321725 0.000250599 0.000184828 0.000128804 8.64168e-05 5.83115e-05 4.14361e-05 3.1315e-05 2.42246e-05 1.81332e-05 1.26397e-05 8.1028e-06 4.77659e-06 2.58101e-06 1.25703e-06 5.28745e-07 1.73076e-07 3.14188e-08 0 
0 4.3754e-06 1.7986e-05 4.10241e-05 7.29196e-05 0.00011234 0.00015727 0.000205164 0.00025317 0.000298389 0.000338146 0.000370217 0.000392989 0.00040554 0.000407634 0.000399675 0.000382609 0.000357818 0.00032698 0.000291926 0.000254487 0.000216362 0.000179038 0.000143805 0.000111841 8.42419e-05 6.18134e-05 4.46823e-05 3.21522e-05 2.30479e-05 1.62703e-05 1.11182e-05 7.24856e-06 4.46646e-06 2.58101e-06 1.3823e-06 6.70794e-07 2.81771e-07 9.21878e-08 1.67322e-08 0 
0 2.11787e-06 8.70646e-06 1.98606e-05 3.53088e-05 5.44149e-05 7.62162e-05 9.94979e-05 0.000122894 0.000145005 0.000164521 0.000180333 0.000191612 0.000197863 0.000198943 0.000195044 0.00018665 0.000174473 0.000159378 0.000142307 0.000124192 0.000105897 8.81668e-05 7.16105e-05 5.66973e-05 4.37567e-05 3.29582e-05 2.42811e-05 1.75227e-05 1.23708e-05 8.50359e-06 5.65223e-06 3.60616e-06 2.19167e-06 1.25703e-06 6.70794e-07 3.25006e-07 1.36433e-07 4.46264e-08 8.09902e-09 0 
0 8.88662e-07 3.65333e-06 8.33407e-06 1.48176e-05 2.28381e-05 3.19936e-05 4.17765e-05 5.16153e-05 6.09238e-05 6.91504e-05 7.58243e-05 8.05916e-05 8.32389e-05 8.37019e-05 8.20606e-05 7.85212e-05 7.3389e-05 6.70351e-05 5.98614e-05 5.22664e-05 4.46177e-05 3.723e-05 3.03537e-05 2.41695e-05 1.87892e-05 1.42574e-05 1.05576e-05 7.62391e-06 5.35936e-06 3.65637e-06 2.41071e-06 1.5278e-06 9.24327e-07 5.28745e-07 2.81771e-07 1.36433e-07 5.72569e-08 1.87262e-08 3.39839e-09 0 
0 2.90622e-07 1.19477e-06 2.72557e-06 4.84606e-06 7.46942e-06 1.04644e-05 1.36652e-05 1.68851e-05 1.99324e-05 2.26266e-05 2.48132e-05 2.63759e-05 2.72442e-05 2.73966e-05 2.68594e-05 2.57003e-05 2.40198e-05 2.19401e-05 1.95934e-05 1.71107e-05 1.46128e-05 1.22025e-05 9.96095e-06 7.94542e-06 6.18979e-06 4.70654e-06 3.48996e-06 2.52052e-06 1.76974e-06 1.20486e-06 7.92538e-07 5.01267e-07 3.02834e-07 1.73076e-07 9.21878e-08 4.46264e-08 1.87262e-08 6.12425e-09 1.11139e-09 0 
0 5.27397e-08 2.16818e-07 4.94618e-07 8.79436e-07 1.35553e-06 1.89908e-06 2.48001e-06 3.06447e-06 3.61765e-06 4.10678e-06 4.50381e-06 4.78759e-06 4.9453e-06 4.97303e-06 4.87551e-06 4.66509e-06 4.36002e-06 3.98253e-06 3.55666e-06 3.10622e-06 2.65314e-06 2.21607e-06 1.80969e-06 1.44426e-06 1.12582e-06 8.56526e-07 6.35357e-07 4.58881e-07 3.2209e-07 2.19156e-07 1.44062e-07 9.10628e-08 5.49899e-08 3.14188e-08 1.67322e-08 8.09902e-09 3.39839e-09 1.11139e-09 2.01687e-10 0 
0 0 0 0 0 0 0 0 0 0 0 0 0 0 0 0 0 0 0 0 0 0 0 0 0 0 0 0 0 0 0 0 0 0 0 0 0 0 0 0 0 
