0 0 0 0 0 0 0 0 0 0 0 0 0 0 0 0 0 0 0 0 0 0 0 0 0 0 0 0 0 0 0 0 0 0 0 0 0 0 0 0 0 
0 1.35421e-05 5.44361e-05 0.000119011 0.000197009 0.000273056 0.000332399 0.000367264 0.000378711 0.00037352 0.000359797 0.000344187 0.000331053 0.000322763 0.000320269 0.000323554 0.000331858 0.000343705 0.000356845 0.000368265 0.000374406 0.000371729 0.000357567 0.000331043 0.00029361 0.000248847 0.000201479 0.000156057 0.000115906 8.27306e-05 5.68177e-05 3.75276e-05 2.37751e-05 1.43711e-05 8.2142e-06 4.37511e-06 2.11781e-06 8.88654e-07 2.90621e-07 5.27396e-08 0 
0 5.44361e-05 0.000211882 0.000433936 0.000640901 0.000748592 0.000729118 0.000622614 0.000490284 0.000372983 0.000285103 0.000225847 0.000189611 0.000171101 0.00016695 0.000175887 0.00019849 0.000236788 0.000293563 0.000370978 0.000468217 0.000578403 0.000686275 0.000769353 0.000804697 0.000779389 0.00069788 0.000579961 0.000450746 0.000330525 0.000230383 0.000153316 9.74788e-05 5.90157e-05 3.37547e-05 1.79835e-05 8.706e-06 3.65326e-06 1.19476e-06 2.16817e-07 0 
0 0.000119011 0.000433936 0.00077677 0.000910411 0.000764093 0.000497341 0.000274478 0.000139885 7.08535e-05 3.79061e-05 2.24882e-05 1.53376e-05 1.23014e-05 1.17062e-05 1.31603e-05 1.72025e-05 2.54934e-05 4.14986e-05 7.16426e-05 0.000126552 0.000220946 0.000369148 0.000573113 0.000805784 0.00100562 0.00110197 0.0010615 0.000910215 0.000708318 0.000510136 0.000345141 0.000221139 0.000134332 7.69385e-05 4.10126e-05 1.98586e-05 8.33376e-06 2.72554e-06 4.94616e-07 0 
0 0.000197009 0.000640901 0.000910411 0.000734356 0.000377819 0.000141405 4.38694e-05 1.26568e-05 3.75619e-06 1.25262e-06 5.05434e-07 2.61021e-07 1.78752e-07 1.64521e-07 2.01891e-07 3.21515e-07 6.37063e-07 1.49041e-06 3.88695e-06 1.06671e-05 2.91907e-05 7.59606e-05 0.000180512 0.000378381 0.000678633 0.00101583 0.00125281 0.00128132 0.00111528 0.000855874 0.000598114 0.000389039 0.000237858 0.000136587 7.28809e-05 3.53021e-05 1.48166e-05 4.84595e-06 8.79429e-07 0 
0 0.000273056 0.000748592 0.000764093 0.000377819 0.000107268 2.08573e-05 3.2572e-06 4.72635e-07 7.30852e-08 1.36541e-08 3.43058e-09 1.25816e-09 7.09276e-10 6.2654e-10 8.56428e-10 1.73922e-09 4.92619e-09 1.79937e-08 7.77857e-08 3.65224e-07 1.72029e-06 7.59206e-06 2.97192e-05 9.89568e-05 0.000271245 0.000594765 0.00101783 0.0013453 0.00139751 0.00119267 0.000881514 0.000588712 0.000364036 0.000209987 0.000112235 5.43968e-05 2.28355e-05 7.46914e-06 1.35551e-06 0 
0 0.000332399 0.000729118 0.000497341 0.000141405 2.08573e-05 1.95513e-06 1.40549e-07 9.3244e-09 6.84797e-10 6.59617e-11 9.6403e-12 2.39013e-12 1.07848e-12 9.08793e-13 1.40504e-12 3.76695e-12 1.60512e-11 9.75633e-11 7.51446e-10 6.51472e-09 5.69755e-08 4.57622e-07 3.13499e-06 1.73728e-05 7.52019e-05 0.000248182 0.000610629 0.00109751 0.00143972 0.00143078 0.00115125 0.000801224 0.000504386 0.000293016 0.000157024 7.6175e-05 3.19878e-05 1.04638e-05 1.89904e-06 0 
0 0.000367264 0.000622614 0.000274478 4.38694e-05 3.2572e-06 1.40549e-07 4.40373e-09 1.26202e-10 4.16935e-12 1.97304e-13 1.61247e-14 2.6265e-15 9.33156e-16 7.47299e-16 1.31796e-15 4.75786e-15 3.14044e-14 3.29509e-13 4.71491e-12 7.89192e-11 1.34059e-09 2.046e-08 2.54916e-07 2.4236e-06 1.68814e-05 8.43924e-05 0.000299062 0.000739746 0.00126161 0.0015127 0.00136235 0.00100406 0.000648348 0.00038049 0.000204664 9.94152e-05 4.1765e-05 1.3664e-05 2.47994e-06 0 
0 0.000378711 0.000490284 0.000139885 1.26568e-05 4.72635e-07 9.3244e-09 1.26202e-10 1.54804e-12 2.28091e-14 5.2628e-16 2.39019e-17 2.54763e-18 7.12132e-19 5.41865e-19 1.08891e-18 5.29912e-18 5.4389e-17 9.90373e-16 2.6493e-14 8.62135e-13 2.86549e-11 8.3714e-10 1.90982e-08 3.13058e-07 3.51104e-06 2.64056e-05 0.000132783 0.000445358 0.000986175 0.00144777 0.00148737 0.0011767 0.000784905 0.000466726 0.000252272 0.000122747 5.15951e-05 1.6883e-05 3.06435e-06 0 
0 0.00037352 0.000372983 7.08535e-05 3.75619e-06 7.30852e-08 6.84797e-10 4.16935e-12 2.28091e-14 1.55879e-16 1.81648e-18 4.76264e-20 3.59704e-21 8.90138e-22 6.65785e-22 1.3919e-21 8.21708e-21 1.24413e-19 3.81209e-18 1.84856e-16 1.13225e-14 7.12847e-13 3.86465e-11 1.56887e-09 4.32124e-08 7.62178e-07 8.42266e-06 5.85236e-05 0.000258516 0.000726423 0.00129637 0.00152711 0.00130653 0.000904603 0.000546243 0.000296948 0.00014477 6.08918e-05 1.99291e-05 3.61746e-06 0 
0 0.000359797 0.000285103 3.79061e-05 1.25262e-06 1.36541e-08 6.59617e-11 1.97304e-13 5.2628e-16 1.81648e-18 1.16888e-20 2.08344e-22 1.48261e-23 4.02574e-24 3.08161e-24 5.92133e-24 3.24334e-23 5.75817e-22 2.6631e-20 2.18093e-18 2.34427e-16 2.60574e-14 2.44964e-12 1.66164e-10 7.26852e-09 1.91922e-07 2.98509e-06 2.75523e-05 0.000154244 0.000530971 0.00112477 0.00150533 0.00139158 0.00100117 0.000614433 0.000336057 0.000164182 6.91045e-05 2.26219e-05 4.10652e-06 0 
0 0.000344187 0.000225847 2.24882e-05 5.05434e-07 3.43058e-09 9.6403e-12 1.61247e-14 2.39019e-17 4.76264e-20 2.08345e-22 3.10603e-24 1.99501e-25 5.36784e-26 4.1207e-26 7.64696e-26 4.18044e-25 8.04988e-24 4.68608e-22 5.69353e-20 9.67062e-18 1.71149e-15 2.52499e-13 2.60818e-11 1.66694e-09 6.1278e-08 1.26112e-06 1.46699e-05 9.93402e-05 0.000401607 0.000976021 0.00145363 0.00143866 0.00107204 0.000667985 0.000367462 0.000179886 7.5764e-05 2.48071e-05 4.50347e-06 0 
0 0.000331053 0.000189611 1.53376e-05 2.61021e-07 1.25816e-09 2.39013e-12 2.6265e-15 2.54763e-18 3.59704e-21 1.48261e-23 1.99502e-25 8.6409e-27 1.64496e-27 1.18023e-27 2.4402e-27 1.77509e-26 4.2824e-25 2.74919e-23 4.07772e-21 9.5171e-19 2.35733e-16 4.8193e-14 6.75123e-12 5.68023e-10 2.65474e-08 6.6947e-07 9.20734e-06 7.14789e-05 0.000323906 0.000868184 0.00139876 0.00145864 0.00111761 0.000704993 0.000389662 0.000191071 8.0519e-05 2.63685e-05 4.78718e-06 0 
0 0.000322763 0.000171101 1.23014e-05 1.78752e-07 7.09276e-10 1.07848e-12 9.33156e-16 7.12132e-19 8.90139e-22 4.02577e-24 5.36792e-26 1.64499e-27 1.45427e-28 7.72129e-29 2.44031e-28 3.03956e-27 9.07662e-26 5.93468e-24 9.13071e-22 2.50402e-19 7.50666e-17 1.84878e-14 3.08279e-12 3.03601e-10 1.62838e-08 4.61459e-07 6.98694e-06 5.86549e-05 0.000283674 0.00080438 0.00135755 0.00146172 0.00113984 0.000724759 0.000401839 0.000197261 8.3158e-05 2.72359e-05 4.94484e-06 0 
0 0.000320269 0.00016695 1.17062e-05 1.64521e-07 6.2654e-10 9.08793e-13 7.47299e-16 5.41865e-19 6.65786e-22 3.08163e-24 4.12076e-26 1.18025e-27 7.7214e-29 3.17973e-29 1.35566e-28 2.05474e-27 6.45216e-26 4.22332e-24 6.48979e-22 1.83493e-19 5.72923e-17 1.46922e-14 2.5455e-12 2.59613e-10 1.43616e-08 4.17882e-07 6.46781e-06 5.5295e-05 0.000271686 0.000781839 0.00133726 0.0014544 0.00114087 0.000727482 0.000403824 0.000198323 8.36184e-05 2.73881e-05 4.97255e-06 0 
0 0.000323554 0.000175887 1.31603e-05 2.01891e-07 8.56428e-10 1.40504e-12 1.31796e-15 1.08891e-18 1.3919e-21 5.92136e-24 7.64705e-26 2.44023e-27 2.4403e-28 1.35564e-28 4.08824e-28 4.71277e-27 1.37317e-25 9.09823e-24 1.39831e-21 3.63789e-19 1.02276e-16 2.36945e-14 3.73626e-12 3.50223e-10 1.80061e-08 4.92646e-07 7.25168e-06 5.95698e-05 0.000283618 0.000796245 0.00133741 0.0014384 0.00112215 0.000713969 0.000396026 0.000194449 8.19803e-05 2.68512e-05 4.87506e-06 0 
0 0.000331858 0.00019849 1.72025e-05 3.21515e-07 1.73922e-09 3.76695e-12 4.75786e-15 5.29912e-18 8.21708e-21 3.24335e-23 4.18046e-25 1.77509e-26 3.03953e-27 2.05471e-27 4.71273e-27 3.75067e-26 9.27292e-25 6.01779e-23 8.49428e-21 1.78345e-18 3.94881e-16 7.25944e-14 9.23035e-12 7.12933e-10 3.09691e-08 7.35068e-07 9.63258e-06 7.20944e-05 0.000318574 0.000842038 0.0013509 0.00141091 0.00108425 0.000685477 0.00037934 0.000186115 7.84487e-05 2.56928e-05 4.66467e-06 0 
0 0.000343705 0.000236788 2.54934e-05 6.37063e-07 4.92619e-09 1.60512e-11 3.14044e-14 5.4389e-17 1.24413e-19 5.75817e-22 8.04988e-24 4.28239e-25 9.07655e-26 6.4521e-26 1.37316e-25 9.2729e-25 2.00583e-23 1.15057e-21 1.25891e-19 1.87753e-17 2.92019e-15 3.8139e-13 3.52569e-11 2.04334e-09 6.90979e-08 1.32755e-06 1.46307e-05 9.52948e-05 0.000376585 0.000909636 0.00136406 0.00136562 0.00102726 0.000643672 0.000355057 0.000174019 7.33271e-05 2.40134e-05 4.35966e-06 0 
0 0.000356845 0.000293563 4.14986e-05 1.49041e-06 1.79937e-08 9.75633e-11 3.29509e-13 9.90373e-16 3.81209e-18 2.6631e-20 4.68608e-22 2.74919e-23 5.93466e-24 4.22331e-24 9.09821e-24 6.01778e-23 1.15057e-21 5.00365e-20 3.69292e-18 3.55893e-16 3.55602e-14 3.02414e-12 1.87235e-10 7.5556e-09 1.86208e-07 2.73746e-06 2.4221e-05 0.000132242 0.000453732 0.000980221 0.00135645 0.00129441 0.000951411 0.000590635 0.000324755 0.00015901 6.69845e-05 2.19348e-05 3.98223e-06 0 
0 0.000368265 0.000370978 7.16426e-05 3.88695e-06 7.77857e-08 7.51446e-10 4.71491e-12 2.6493e-14 1.84856e-16 2.18093e-18 5.69353e-20 4.07772e-21 9.13071e-22 6.48978e-22 1.39831e-21 8.49428e-21 1.25891e-19 3.69292e-18 1.71e-16 1.00127e-14 6.03863e-13 3.14358e-11 1.22838e-09 3.26497e-08 5.57548e-07 5.99996e-06 4.10659e-05 0.000182522 0.000532825 0.00101964 0.00130195 0.00118927 0.00085762 0.000528805 0.000290178 0.000142014 5.98206e-05 1.95891e-05 3.55641e-06 0 
0 0.000374406 0.000468217 0.000126552 1.06671e-05 3.65224e-07 6.51472e-09 7.89192e-11 8.62135e-13 1.13225e-14 2.34427e-16 9.67062e-18 9.5171e-19 2.50402e-19 1.83493e-19 3.63789e-19 1.78345e-18 1.87753e-17 3.55893e-16 1.00127e-14 3.4443e-13 1.20975e-11 3.71395e-10 8.81242e-09 1.48239e-07 1.68424e-06 1.27594e-05 6.5336e-05 0.000231131 0.00057012 0.000975736 0.00117191 0.00104379 0.000747611 0.000460821 0.000253102 0.000123956 5.22331e-05 1.71072e-05 3.10602e-06 0 
0 0.000371729 0.000578403 0.000220946 2.91907e-05 1.72029e-06 5.69755e-08 1.34059e-09 2.86549e-11 7.12847e-13 2.60574e-14 1.71149e-15 2.35733e-16 7.50666e-17 5.72923e-17 1.02276e-16 3.94881e-16 2.92019e-15 3.55602e-14 6.03863e-13 1.20975e-11 2.44563e-10 4.35504e-09 6.12445e-08 6.29401e-07 4.53756e-06 2.29325e-05 8.39619e-05 0.000232076 0.000492538 0.000790051 0.000942311 0.000854223 0.000623669 0.000389291 0.000215202 0.000105695 4.45889e-05 1.46097e-05 2.65295e-06 0 
0 0.000357567 0.000686275 0.000369148 7.59606e-05 7.59206e-06 4.57622e-07 2.046e-08 8.3714e-10 3.86465e-11 2.44964e-12 2.52499e-13 4.8193e-14 1.84878e-14 1.46922e-14 2.36945e-14 7.25944e-14 3.8139e-13 3.02414e-12 3.14358e-11 3.71395e-10 4.35504e-09 4.48571e-08 3.65342e-07 2.16788e-06 8.98962e-06 2.67356e-05 6.30982e-05 0.000133292 0.000263101 0.000453364 0.000613875 0.000622808 0.000488789 0.00031669 0.000177972 8.79796e-05 3.72031e-05 1.21996e-05 2.2159e-06 0 
0 0.000331043 0.000769353 0.000573113 0.000180512 2.97192e-05 3.13499e-06 2.54916e-07 1.90982e-08 1.56887e-09 1.66164e-10 2.60818e-11 6.75123e-12 3.08279e-12 2.5455e-12 3.73626e-12 9.23035e-12 3.52569e-11 1.87235e-10 1.22838e-09 8.81242e-09 6.12445e-08 3.65342e-07 1.64932e-06 4.9657e-06 9.21529e-06 1.14158e-05 1.29112e-05 1.96709e-05 4.55426e-05 0.000122787 0.000263888 0.000371238 0.000348985 0.000245668 0.000142737 7.14228e-05 3.03269e-05 9.95809e-06 1.80952e-06 0 
0 0.00029361 0.000804697 0.000805784 0.000378381 9.89568e-05 1.73728e-05 2.4236e-06 3.13058e-07 4.32124e-08 7.26852e-09 1.66694e-09 5.68023e-10 3.03601e-10 2.59613e-10 3.50223e-10 7.12933e-10 2.04334e-09 7.5556e-09 3.26497e-08 1.48239e-07 6.29401e-07 2.16788e-06 4.9657e-06 5.77038e-06 2.69568e-06 5.91053e-07 1.46121e-07 1.33557e-07 6.47418e-07 6.94827e-06 5.17214e-05 0.000158236 0.000218017 0.000179822 0.00011073 5.65039e-05 2.41425e-05 7.94257e-06 1.4441e-06 0 
0 0.000248847 0.000779389 0.00100562 0.000678633 0.000271245 7.52019e-05 1.68814e-05 3.51104e-06 7.62178e-07 1.91922e-07 6.1278e-08 2.65474e-08 1.62838e-08 1.43616e-08 1.80061e-08 3.09691e-08 6.90979e-08 1.86208e-07 5.57548e-07 1.68424e-06 4.53756e-06 8.98962e-06 9.21529e-06 2.69568e-06 1.18181e-07 9.51049e-10 1.13639e-11 4.22976e-12 1.25909e-10 3.00855e-08 3.09396e-06 4.30124e-05 0.000116511 0.000123934 8.31223e-05 4.35638e-05 1.87627e-05 6.18707e-06 1.12567e-06 0 
0 0.000201479 0.00069788 0.00110197 0.00101583 0.000594765 0.000248182 8.43924e-05 2.64056e-05 8.42266e-06 2.98509e-06 1.26112e-06 6.6947e-07 4.61459e-07 4.17882e-07 4.92646e-07 7.35068e-07 1.32755e-06 2.73746e-06 5.99996e-06 1.27594e-05 2.29325e-05 2.67356e-05 1.14158e-05 5.91053e-07 9.51049e-10 5.69288e-14 1.05801e-16 8.61475e-16 3.81518e-16 1.20024e-11 6.69646e-08 8.33632e-06 5.62344e-05 8.21175e-05 6.07754e-05 3.27807e-05 1.42335e-05 4.70413e-06 8.56394e-07 0 
0 0.000156057 0.000579961 0.0010615 0.00125281 0.00101783 0.000610629 0.000299062 0.000132783 5.85236e-05 2.75523e-05 1.46699e-05 9.20734e-06 6.98694e-06 6.46781e-06 7.25168e-06 9.63258e-06 1.46307e-05 2.4221e-05 4.10659e-05 6.5336e-05 8.39619e-05 6.30982e-05 1.29112e-05 1.46121e-07 1.13639e-11 1.05801e-16 3.73782e-18 1.78998e-17 4.08812e-17 8.99343e-15 2.13031e-09 1.94588e-06 2.90073e-05 5.49031e-05 4.38263e-05 2.41354e-05 1.05383e-05 3.48804e-06 6.35253e-07 0 
0 0.000115906 0.000450746 0.000910215 0.00128132 0.0013453 0.00109751 0.000739746 0.000445358 0.000258516 0.000154244 9.93402e-05 7.14789e-05 5.86549e-05 5.5295e-05 5.95698e-05 7.20944e-05 9.52948e-05 0.000132242 0.000182522 0.000231131 0.000232076 0.000133292 1.96709e-05 1.33557e-07 4.22976e-12 8.61474e-16 1.78998e-17 3.36155e-18 2.06398e-17 1.138e-15 7.24342e-10 1.08638e-06 1.95043e-05 3.89793e-05 3.15352e-05 1.74184e-05 7.61015e-06 2.51916e-06 4.58808e-07 0 
0 8.27306e-05 0.000330525 0.000708318 0.00111528 0.00139751 0.00143972 0.00126161 0.000986175 0.000726423 0.000530971 0.000401607 0.000323906 0.000283674 0.000271686 0.000283618 0.000318574 0.000376585 0.000453732 0.000532825 0.00057012 0.000492538 0.000263101 4.55426e-05 6.47418e-07 1.25909e-10 3.81518e-16 4.08812e-17 2.06397e-17 1.72873e-17 1.08568e-13 4.79896e-09 1.77031e-06 1.80221e-05 2.97144e-05 2.26644e-05 1.23065e-05 5.35085e-06 1.7689e-06 3.22044e-07 0 
0 5.68177e-05 0.000230383 0.000510136 0.000855874 0.00119267 0.00143078 0.0015127 0.00144777 0.00129637 0.00112477 0.000976021 0.000868184 0.00080438 0.000781839 0.000796245 0.000842038 0.000909636 0.000980221 0.00101964 0.000975736 0.000790051 0.000453364 0.000122787 6.94827e-06 3.00855e-08 1.20024e-11 8.99343e-15 1.138e-15 1.08568e-13 2.24106e-10 1.38537e-07 5.02447e-06 1.96546e-05 2.33191e-05 1.60675e-05 8.46971e-06 3.65183e-06 1.2044e-06 2.19131e-07 0 
0 3.75276e-05 0.000153316 0.000345141 0.000598114 0.000881514 0.00115125 0.00136235 0.00148737 0.00152711 0.00150533 0.00145363 0.00139876 0.00135755 0.00133726 0.00133741 0.0013509 0.00136406 0.00135645 0.00130195 0.00117191 0.000942311 0.000613875 0.000263888 5.17214e-05 3.09396e-06 6.69646e-08 2.13031e-09 7.24342e-10 4.79896e-09 1.38537e-07 2.49563e-06 1.23394e-05 2.03909e-05 1.77088e-05 1.10279e-05 5.63701e-06 2.40862e-06 7.92322e-07 1.4405e-07 0 
0 2.37751e-05 9.74788e-05 0.000221139 0.000389039 0.000588712 0.000801224 0.00100406 0.0011767 0.00130653 0.00139158 0.00143866 0.00145864 0.00146172 0.0014544 0.0014384 0.00141091 0.00136562 0.00129441 0.00118927 0.00104379 0.000854223 0.000622808 0.000371238 0.000158236 4.30124e-05 8.33632e-06 1.94588e-06 1.08638e-06 1.77031e-06 5.02447e-06 1.23394e-05 1.86342e-05 1.77888e-05 1.24783e-05 7.21475e-06 3.60032e-06 1.52697e-06 5.01178e-07 9.10577e-08 0 
0 1.43711e-05 5.90157e-05 0.000134332 0.000237858 0.000364036 0.000504386 0.000648348 0.000784905 0.000904603 0.00100117 0.00107204 0.00111761 0.00113984 0.00114087 0.00112215 0.00108425 0.00102726 0.000951411 0.00085762 0.000747611 0.000623669 0.000488789 0.000348985 0.000218017 0.000116511 5.62344e-05 2.90073e-05 1.95043e-05 1.80221e-05 1.96546e-05 2.03909e-05 1.77888e-05 1.2898e-05 8.05249e-06 4.45573e-06 2.18975e-06 9.24042e-07 3.02802e-07 5.4988e-08 0 
0 8.2142e-06 3.37547e-05 7.69385e-05 0.000136587 0.000209987 0.000293016 0.00038049 0.000466726 0.000546243 0.000614433 0.000667985 0.000704993 0.000724759 0.000727482 0.000713969 0.000685477 0.000643672 0.000590635 0.000528805 0.000460821 0.000389291 0.00031669 0.000245668 0.000179822 0.000123934 8.21175e-05 5.49031e-05 3.89793e-05 2.97144e-05 2.33191e-05 1.77088e-05 1.24783e-05 8.05249e-06 4.76347e-06 2.5781e-06 1.25648e-06 5.2866e-07 1.73066e-07 3.14182e-08 0 
0 4.37511e-06 1.79835e-05 4.10126e-05 7.28809e-05 0.000112235 0.000157024 0.000204664 0.000252272 0.000296948 0.000336057 0.000367462 0.000389662 0.000401839 0.000403824 0.000396026 0.00037934 0.000355057 0.000324755 0.000290178 0.000253102 0.000215202 0.000177972 0.000142737 0.00011073 8.31223e-05 6.07754e-05 4.38263e-05 3.15352e-05 2.26644e-05 1.60675e-05 1.10279e-05 7.21475e-06 4.45573e-06 2.5781e-06 1.38162e-06 6.7066e-07 2.81749e-07 9.21851e-08 1.6732e-08 0 
0 2.11781e-06 8.706e-06 1.98586e-05 3.53021e-05 5.43968e-05 7.6175e-05 9.94152e-05 0.000122747 0.00014477 0.000164182 0.000179886 0.000191071 0.000197261 0.000198323 0.000194449 0.000186115 0.000174019 0.00015901 0.000142014 0.000123956 0.000105695 8.79796e-05 7.14228e-05 5.65039e-05 4.35638e-05 3.27807e-05 2.41354e-05 1.74184e-05 1.23065e-05 8.46971e-06 5.63701e-06 3.60032e-06 2.18975e-06 1.25648e-06 6.7066e-07 3.24978e-07 1.36428e-07 4.46258e-08 8.09898e-09 0 
0 8.88654e-07 3.65326e-06 8.33376e-06 1.48166e-05 2.28355e-05 3.19878e-05 4.1765e-05 5.15951e-05 6.08918e-05 6.91045e-05 7.5764e-05 8.0519e-05 8.3158e-05 8.36184e-05 8.19803e-05 7.84487e-05 7.33271e-05 6.69845e-05 5.98206e-05 5.22331e-05 4.45889e-05 3.72031e-05 3.03269e-05 2.41425e-05 1.87627e-05 1.42335e-05 1.05383e-05 7.61015e-06 5.35085e-06 3.65183e-06 2.40862e-06 1.52697e-06 9.24042e-07 5.2866e-07 2.81749e-07 1.36428e-07 5.7256e-08 1.87261e-08 3.39838e-09 0 
0 2.90621e-07 1.19476e-06 2.72554e-06 4.84595e-06 7.46914e-06 1.04638e-05 1.3664e-05 1.6883e-05 1.99291e-05 2.26219e-05 2.48071e-05 2.63685e-05 2.72359e-05 2.73881e-05 2.68512e-05 2.56928e-05 2.40134e-05 2.19348e-05 1.95891e-05 1.71072e-05 1.46097e-05 1.21996e-05 9.95809e-06 7.94257e-06 6.18707e-06 4.70413e-06 3.48804e-06 2.51916e-06 1.7689e-06 1.2044e-06 7.92322e-07 5.01178e-07 3.02802e-07 1.73066e-07 9.21851e-08 4.46258e-08 1.87261e-08 6.12423e-09 1.11139e-09 0 
0 5.27396e-08 2.16817e-07 4.94616e-07 8.79429e-07 1.35551e-06 1.89904e-06 2.47994e-06 3.06435e-06 3.61746e-06 4.10652e-06 4.50347e-06 4.78718e-06 4.94484e-06 4.97255e-06 4.87506e-06 4.66467e-06 4.35966e-06 3.98223e-06 3.55641e-06 3.10602e-06 2.65295e-06 2.2159e-06 1.80952e-06 1.4441e-06 1.12567e-06 8.56394e-07 6.35253e-07 4.58808e-07 3.22044e-07 2.19131e-07 1.4405e-07 9.10577e-08 5.4988e-08 3.14182e-08 1.6732e-08 8.09898e-09 3.39838e-09 1.11139e-09 2.01687e-10 0 
0 0 0 0 0 0 0 0 0 0 0 0 0 0 0 0 0 0 0 0 0 0 0 0 0 0 0 0 0 0 0 0 0 0 0 0 0 0 0 0 0 
