0 0 0 0 0 0 0 0 0 0 0 0 0 0 0 0 0 0 0 0 0 0 0 0 0 0 0 0 0 0 0 0 0 0 0 0 0 0 0 0 0 
0 1.3636e-05 5.52758e-05 0.000122725 0.000208239 0.000298728 0.000379276 0.000438737 0.000473486 0.000486901 0.000486005 0.000478112 0.000468952 0.000462185 0.000459595 0.00046146 0.000466827 0.000473679 0.000479086 0.000479494 0.000471273 0.000451533 0.000419028 0.000374793 0.000322107 0.000265699 0.000210481 0.000160391 0.000117787 8.34674e-05 5.70791e-05 3.76119e-05 2.37998e-05 1.43776e-05 8.21578e-06 4.37545e-06 2.11788e-06 8.88664e-07 2.90622e-07 5.27397e-08 0 
0 5.52758e-05 0.000219573 0.000467496 0.000735448 0.000937082 0.00101173 0.000962167 0.000839395 0.000699262 0.000576516 0.000484281 0.00042345 0.000390717 0.000382809 0.000398014 0.000436279 0.000498458 0.000584778 0.00069241 0.000812534 0.00092825 0.00101578 0.00105086 0.00101885 0.000922513 0.00078133 0.000622397 0.000469663 0.000337979 0.000233001 0.000154143 9.77146e-05 5.90766e-05 3.37689e-05 1.79865e-05 8.70655e-06 3.65334e-06 1.19477e-06 2.16818e-07 0 
0 0.000122725 0.000467496 0.000910791 0.00122095 0.00121964 0.000960268 0.000637889 0.000385057 0.000226264 0.00013714 8.97511e-05 6.5579e-05 5.46329e-05 5.2344e-05 5.75051e-05 7.14878e-05 9.84296e-05 0.000146058 0.000226495 0.00035544 0.000546774 0.000799907 0.00108307 0.001328 0.0014551 0.00142141 0.00124831 0.00100104 0.00074572 0.000523459 0.000349322 0.000222311 0.000134627 7.70056e-05 4.10262e-05 1.9861e-05 8.33412e-06 2.72558e-06 4.94619e-07 0 
0 0.000208239 0.000735448 0.00122095 0.00124045 0.000837399 0.000413086 0.00016688 6.15903e-05 2.28452e-05 9.23489e-06 4.34692e-06 2.50412e-06 1.82194e-06 1.69515e-06 2.0047e-06 2.94654e-06 5.195e-06 1.05088e-05 2.32207e-05 5.33197e-05 0.000121316 0.000261809 0.000515169 0.000892349 0.00132199 0.00164699 0.0017276 0.00155616 0.00124098 0.00090304 0.000613167 0.000393238 0.000238899 0.000136819 7.29267e-05 3.53101e-05 1.48178e-05 4.84608e-06 8.79437e-07 0 
0 0.000298728 0.000937082 0.00121964 0.000837399 0.000340715 9.52669e-05 2.12997e-05 4.36873e-06 9.30594e-07 2.29953e-07 7.23742e-08 3.11589e-08 1.92007e-08 1.72334e-08 2.23106e-08 4.02711e-08 9.60958e-08 2.83675e-07 9.63144e-07 3.49582e-06 1.26703e-05 4.31963e-05 0.000131724 0.000344366 0.000743709 0.0012864 0.00175327 0.00190146 0.00170185 0.00131919 0.00092385 0.000600681 0.000366988 0.000210633 0.00011236 5.44182e-05 2.28386e-05 7.46948e-06 1.35553e-06 0 
0 0.000379276 0.00101173 0.000960268 0.000413086 9.52669e-05 1.42197e-05 1.64165e-06 1.73358e-07 1.96444e-08 2.76697e-09 5.49492e-10 1.69479e-10 8.63281e-11 7.43383e-11 1.0672e-10 2.43652e-10 8.21866e-10 3.73701e-09 2.07137e-08 1.26553e-07 7.7637e-07 4.41345e-06 2.17966e-05 8.90198e-05 0.000289306 0.000723572 0.00135415 0.00187939 0.0019871 0.00169683 0.00124796 0.000829524 0.000511413 0.000294541 0.000157316 7.62238e-05 3.19947e-05 1.04645e-05 1.89908e-06 0 
0 0.000438737 0.000962167 0.000637889 0.00016688 2.12997e-05 1.64165e-06 9.37475e-08 4.86128e-09 2.79691e-10 2.15297e-11 2.6056e-12 5.61309e-13 2.32887e-13 1.91715e-13 3.07426e-13 9.03164e-13 4.41801e-12 3.19506e-11 2.99829e-10 3.20407e-09 3.45526e-08 3.39013e-07 2.78843e-06 1.81215e-05 8.93896e-05 0.000325029 0.000848014 0.00155483 0.0020199 0.00196258 0.00154607 0.00106089 0.000662735 0.000383613 0.000205257 9.9513e-05 4.17786e-05 1.36654e-05 2.48002e-06 0 
0 0.000473486 0.000839395 0.000385057 6.15903e-05 4.36873e-06 1.73358e-07 4.86128e-09 1.22696e-10 3.55253e-12 1.48242e-13 1.08592e-14 1.62549e-15 5.47531e-16 4.30343e-16 7.71386e-16 2.92375e-15 2.08302e-14 2.40951e-13 3.85363e-12 7.25511e-11 1.38535e-09 2.36133e-08 3.24934e-07 3.36155e-06 2.50117e-05 0.000130502 0.000468553 0.00113436 0.00183981 0.00207894 0.00178389 0.0012754 0.000810661 0.000472358 0.000253336 0.000122921 5.1619e-05 1.68855e-05 3.06449e-06 0 
0 0.000486901 0.000699262 0.000226264 2.28452e-05 9.30594e-07 1.96444e-08 2.79691e-10 3.55253e-12 5.34286e-14 1.243e-15 5.63819e-17 5.96046e-18 1.64484e-18 1.23596e-18 2.46092e-18 1.18809e-17 1.21065e-16 2.19068e-15 5.82418e-14 1.88177e-12 6.19757e-11 1.78942e-09 4.02245e-08 6.47494e-07 7.09873e-06 5.17724e-05 0.0002486 0.000776443 0.00155935 0.00206065 0.00194372 0.00145728 0.000945475 0.000555294 0.000298658 0.000145048 6.09296e-05 1.9933e-05 3.61768e-06 0 
0 0.000486005 0.000576516 0.00013714 9.23489e-06 2.29953e-07 2.76697e-09 2.15297e-11 1.48242e-13 1.243e-15 1.71688e-17 5.07776e-19 3.94238e-20 9.14039e-21 6.60112e-21 1.43631e-20 8.56251e-20 1.19805e-18 3.2285e-17 1.35e-15 7.06019e-14 3.78176e-12 1.74786e-10 6.08972e-09 1.45433e-07 2.25054e-06 2.20417e-05 0.000136116 0.000528832 0.00128127 0.0019585 0.00202864 0.0015976 0.00105938 0.000627526 0.000338538 0.000164584 6.91588e-05 2.26275e-05 4.10683e-06 0 
0 0.000478112 0.000484281 8.97511e-05 4.34692e-06 7.23742e-08 5.49492e-10 2.6056e-12 1.08592e-14 5.63819e-17 5.07776e-19 1.05971e-20 6.42509e-22 1.29924e-22 9.08667e-23 2.11204e-22 1.48306e-21 2.67546e-20 9.97469e-19 6.04351e-17 4.69078e-15 3.74487e-13 2.54697e-11 1.272e-09 4.20103e-08 8.62696e-07 1.075e-05 8.13357e-05 0.000376048 0.00105929 0.00182874 0.00205704 0.00169487 0.00114729 0.000685188 0.000370736 0.000180416 7.58354e-05 2.48144e-05 4.50388e-06 0 
0 0.000468952 0.00042345 6.5579e-05 2.50412e-06 3.11589e-08 1.69479e-10 5.61309e-13 1.62549e-15 5.96046e-18 3.94238e-20 6.42509e-22 3.24864e-23 5.86893e-24 3.98451e-24 9.78119e-24 7.77106e-23 1.67873e-21 7.88659e-20 6.24522e-18 6.45297e-16 6.88213e-14 6.19747e-12 4.02183e-10 1.6819e-08 4.24407e-07 6.30016e-06 5.51984e-05 0.000289023 0.000906995 0.00171259 0.0020523 0.00175301 0.00120684 0.000725682 0.000393619 0.000191712 8.06051e-05 2.63773e-05 4.78767e-06 0 
0 0.000462185 0.000390717 5.46329e-05 1.82194e-06 1.92007e-08 8.63281e-11 2.32887e-13 5.47531e-16 1.64484e-18 9.14039e-21 1.29924e-22 5.86894e-24 9.74703e-25 6.45069e-25 1.64833e-24 1.41946e-23 3.39622e-22 1.81256e-20 1.66971e-18 2.03129e-16 2.55727e-14 2.70582e-12 2.04184e-10 9.7855e-09 2.78179e-07 4.56993e-06 4.35849e-05 0.000245222 0.000819409 0.00163212 0.00203404 0.00177803 0.00123775 0.000747688 0.000406242 0.000197975 8.32539e-05 2.72457e-05 4.94538e-06 0 
0 0.000459595 0.000382809 5.2344e-05 1.69515e-06 1.72334e-08 7.43383e-11 1.91715e-13 4.30343e-16 1.23596e-18 6.60112e-21 9.08667e-23 3.98451e-24 6.45069e-25 4.22238e-25 1.08604e-24 9.50618e-24 2.32001e-22 1.26959e-20 1.2068e-18 1.52064e-16 1.98579e-14 2.17896e-12 1.70231e-10 8.42265e-09 2.46324e-07 4.14723e-06 4.03963e-05 0.000231567 0.000787509 0.00159456 0.00201358 0.00177497 0.00124096 0.000751035 0.00040836 0.000199059 8.37175e-05 2.73982e-05 4.97311e-06 0 
0 0.00046146 0.000398014 5.75051e-05 2.0047e-06 2.23106e-08 1.0672e-10 3.07426e-13 7.71386e-16 2.46092e-18 1.43631e-20 2.11204e-22 9.78119e-24 1.64833e-24 1.08604e-24 2.70924e-24 2.25203e-23 5.17285e-22 2.63265e-20 2.29932e-18 2.64838e-16 3.16202e-14 3.18468e-12 2.29917e-10 1.0604e-08 2.91909e-07 4.67275e-06 4.36895e-05 0.000242422 0.000803682 0.00159702 0.00199291 0.00174626 0.00121793 0.000736506 0.000400372 0.000195156 8.20756e-05 2.68609e-05 4.8756e-06 0 
0 0.000466827 0.000436279 7.14878e-05 2.94654e-06 4.02711e-08 2.43652e-10 9.03164e-13 2.92375e-15 1.18809e-17 8.56251e-20 1.48306e-21 7.77106e-23 1.41946e-23 9.50617e-24 2.25202e-23 1.69391e-22 3.40655e-21 1.46878e-19 1.05875e-17 9.94343e-16 9.66994e-14 7.99305e-12 4.80423e-10 1.88028e-08 4.48966e-07 6.37724e-06 5.40641e-05 0.000277081 0.000861297 0.00162829 0.00196538 0.00169142 0.00117038 0.000705665 0.000383237 0.000186751 7.85348e-05 2.57017e-05 4.66516e-06 0 
0 0.000473679 0.000498458 9.84296e-05 5.195e-06 9.60958e-08 8.21866e-10 4.41801e-12 2.08302e-14 1.21065e-16 1.19805e-18 2.67546e-20 1.67873e-21 3.39622e-22 2.32001e-22 5.17285e-22 3.40655e-21 5.63107e-20 1.89375e-18 1.0277e-16 7.13986e-15 5.12393e-13 3.15797e-11 1.44455e-09 4.42395e-08 8.53584e-07 1.01324e-05 7.41179e-05 0.000336885 0.000950195 0.00166767 0.0019173 0.00160804 0.00110033 0.000660712 0.000358351 0.000174559 7.34007e-05 2.4021e-05 4.36009e-06 0 
0 0.000479086 0.000584778 0.000146058 1.05088e-05 2.83675e-07 3.73701e-09 3.19506e-11 2.40951e-13 2.19068e-15 3.2285e-17 9.97469e-19 7.88659e-20 1.81256e-20 1.26959e-20 2.63265e-20 1.46878e-19 1.89375e-18 4.65964e-17 1.77265e-15 8.4415e-14 4.13585e-12 1.76113e-10 5.70535e-09 1.2803e-07 1.88363e-06 1.77808e-05 0.000107691 0.000419939 0.00104856 0.00168281 0.00183036 0.00149318 0.00101028 0.000604329 0.000327414 0.000159449 6.70449e-05 2.19411e-05 3.98259e-06 0 
0 0.000479494 0.00069241 0.000226495 2.32207e-05 9.63144e-07 2.07137e-08 2.99829e-10 3.85363e-12 5.82418e-14 1.35e-15 6.04351e-17 6.24522e-18 1.66971e-18 1.2068e-18 2.29932e-18 1.05875e-17 1.0277e-16 1.77265e-15 4.50181e-14 1.39352e-12 4.41188e-11 1.22868e-09 2.67304e-08 4.18041e-07 4.47925e-06 3.22865e-05 0.000156503 0.000510507 0.00111285 0.00162947 0.00168472 0.00134462 0.000903285 0.000539483 0.000292274 0.000142365 5.98694e-05 1.95942e-05 3.5567e-06 0 
0 0.000471273 0.000812534 0.00035544 5.33197e-05 3.49582e-06 1.26553e-07 3.20407e-09 7.25511e-11 1.88177e-12 7.06019e-14 4.69078e-15 6.45297e-16 2.03129e-16 1.52064e-16 2.64838e-16 9.94343e-16 7.13986e-15 8.4415e-14 1.39352e-12 2.72151e-11 5.39074e-10 9.48745e-09 1.33687e-07 1.40292e-06 1.05304e-05 5.58328e-05 0.000210008 0.000563071 0.00107253 0.00145642 0.00146201 0.00116124 0.000782643 0.000469173 0.000254773 0.00012424 5.22733e-05 1.71115e-05 3.10627e-06 0 
0 0.000451533 0.00092825 0.000546774 0.000121316 1.26703e-05 7.7637e-07 3.45526e-08 1.38535e-09 6.19757e-11 3.78176e-12 3.74487e-13 6.88213e-14 2.55727e-14 1.98579e-14 3.16202e-14 9.66994e-14 5.12393e-13 4.13585e-12 4.41188e-11 5.39074e-10 6.60212e-09 7.2195e-08 6.42872e-07 4.37081e-06 2.19497e-05 8.13715e-05 0.000228127 0.000497017 0.000847861 0.00112082 0.00114882 0.000942593 0.000651407 0.000396162 0.000216614 0.00010594 4.46239e-05 1.46135e-05 2.65318e-06 0 
0 0.000419028 0.00101578 0.000799907 0.000261809 4.31963e-05 4.41345e-06 3.39013e-07 2.36133e-08 1.78942e-09 1.74786e-10 2.54697e-11 6.19747e-12 2.70582e-12 2.17896e-12 3.18468e-12 7.99305e-12 3.15797e-11 1.76113e-10 1.22868e-09 9.48745e-09 7.2195e-08 4.87868e-07 2.67982e-06 1.11852e-05 3.43549e-05 7.96786e-05 0.00015245 0.00026628 0.000438147 0.000637618 0.000750806 0.000690992 0.000512458 0.000322891 0.000179282 8.82095e-05 3.72361e-05 1.22032e-05 2.21611e-06 0 
0 0.000374793 0.00105086 0.00108307 0.000515169 0.000131724 2.17966e-05 2.78843e-06 3.24934e-07 4.02245e-08 6.08972e-09 1.272e-09 4.02183e-10 2.04184e-10 1.70231e-10 2.29917e-10 4.80423e-10 1.44455e-09 5.70535e-09 2.67304e-08 1.33687e-07 6.42872e-07 2.67982e-06 8.70822e-06 1.98775e-05 2.99963e-05 3.23158e-05 3.27528e-05 4.37212e-05 8.48229e-05 0.000188109 0.00034055 0.000423859 0.00037072 0.000251802 0.000144062 7.16554e-05 3.03601e-05 9.96163e-06 1.80973e-06 0 
0 0.000322107 0.00101885 0.001328 0.000892349 0.000344366 8.90198e-05 1.81215e-05 3.36155e-06 6.47494e-07 1.45433e-07 4.20103e-08 1.6819e-08 9.7855e-09 8.42265e-09 1.0604e-08 1.88028e-08 4.42395e-08 1.2803e-07 4.18041e-07 1.40292e-06 4.37081e-06 1.11852e-05 1.98775e-05 1.95799e-05 8.84073e-06 2.11095e-06 5.72882e-07 4.96324e-07 1.86889e-06 1.41507e-05 7.75007e-05 0.000193229 0.000237882 0.000186097 0.000112117 5.6745e-05 2.41762e-05 7.94611e-06 1.4443e-06 0 
0 0.000265699 0.000922513 0.0014551 0.00132199 0.000743709 0.000289306 8.93896e-05 2.50117e-05 7.09873e-06 2.25054e-06 8.62696e-07 4.24407e-07 2.78179e-07 2.46324e-07 2.91909e-07 4.48966e-07 8.53584e-07 1.88363e-06 4.47925e-06 1.05304e-05 2.19497e-05 3.43549e-05 2.99963e-05 8.84073e-06 5.08071e-07 6.80084e-09 1.31541e-10 5.24855e-11 9.75862e-10 1.13036e-07 6.2423e-06 5.92282e-05 0.000132699 0.000130071 8.45268e-05 4.38053e-05 1.87958e-05 6.19047e-06 1.12586e-06 0 
0 0.000210481 0.00078133 0.00142141 0.00164699 0.0012864 0.000723572 0.000325029 0.000130502 5.17724e-05 2.20417e-05 1.075e-05 6.30016e-06 4.56993e-06 4.14723e-06 4.67275e-06 6.37724e-06 1.01324e-05 1.77808e-05 3.22865e-05 5.58328e-05 8.13715e-05 7.96786e-05 3.23158e-05 2.11095e-06 6.80084e-09 1.25152e-12 4.27663e-16 1.143e-16 1.34187e-14 1.12472e-10 2.06979e-07 1.34821e-05 6.75073e-05 8.75546e-05 6.20809e-05 3.30034e-05 1.42635e-05 4.70714e-06 8.56559e-07 0 
0 0.000160391 0.000622397 0.00124831 0.0017276 0.00175327 0.00135415 0.000848014 0.000468553 0.0002486 0.000136116 8.13357e-05 5.51984e-05 4.35849e-05 4.03963e-05 4.36895e-05 5.40641e-05 7.41179e-05 0.000107691 0.000156503 0.000210008 0.000228127 0.00015245 3.27528e-05 5.72882e-07 1.31541e-10 4.27663e-16 4.63244e-18 1.66593e-18 3.59566e-17 1.96881e-13 9.64782e-09 3.61181e-06 3.63176e-05 5.92229e-05 4.49046e-05 2.43185e-05 1.05626e-05 3.49045e-06 6.35383e-07 0 
0 0.000117787 0.000469663 0.00100104 0.00155616 0.00190146 0.00187939 0.00155483 0.00113436 0.000776443 0.000528832 0.000376048 0.000289023 0.000245222 0.000231567 0.000242422 0.000277081 0.000336885 0.000419939 0.000510507 0.000563071 0.000497017 0.00026628 4.37212e-05 4.96324e-07 5.24855e-11 1.143e-16 1.66594e-18 1.64671e-18 4.64613e-17 3.16485e-14 3.59293e-09 2.07686e-06 2.45928e-05 4.20948e-05 3.23129e-05 1.75496e-05 7.62743e-06 2.52087e-06 4.589e-07 0 
0 8.34674e-05 0.000337979 0.00074572 0.00124098 0.00170185 0.0019871 0.0020199 0.00183981 0.00155935 0.00128127 0.00105929 0.000906995 0.000819409 0.000787509 0.000803682 0.000861297 0.000950195 0.00104856 0.00111285 0.00107253 0.000847861 0.000438147 8.48229e-05 1.86889e-06 9.75862e-10 1.34187e-14 3.59567e-17 4.64612e-17 2.28653e-17 1.59468e-12 1.80411e-08 3.04864e-06 2.19456e-05 3.17422e-05 2.31478e-05 1.23874e-05 5.36154e-06 1.76996e-06 3.22102e-07 0 
0 5.70791e-05 0.000233001 0.000523459 0.00090304 0.00131919 0.00169683 0.00196258 0.00207894 0.00206065 0.0019585 0.00182874 0.00171259 0.00163212 0.00159456 0.00159702 0.00162829 0.00166767 0.00168281 0.00162947 0.00145642 0.00112082 0.000637618 0.000188109 1.41507e-05 1.13036e-07 1.12472e-10 1.96881e-13 3.16485e-14 1.59468e-12 1.23033e-09 3.28664e-07 7.25784e-06 2.25698e-05 2.44642e-05 1.6323e-05 8.51234e-06 3.65754e-06 1.20498e-06 2.19162e-07 0 
0 3.76119e-05 0.000154143 0.000349322 0.000613167 0.00092385 0.00124796 0.00154607 0.00178389 0.00194372 0.00202864 0.00205704 0.0020523 0.00203404 0.00201358 0.00199291 0.00196538 0.0019173 0.00183036 0.00168472 0.00146201 0.00114882 0.000750806 0.00034055 7.75007e-05 6.2423e-06 2.06979e-07 9.64782e-09 3.59293e-09 1.80411e-08 3.28664e-07 3.94546e-06 1.51575e-05 2.21271e-05 1.82445e-05 1.11416e-05 5.65616e-06 2.41125e-06 7.92594e-07 1.44065e-07 0 
0 2.37998e-05 9.77146e-05 0.000222311 0.000393238 0.000600681 0.000829524 0.00106089 0.0012754 0.00145728 0.0015976 0.00169487 0.00175301 0.00177803 0.00177497 0.00174626 0.00169142 0.00160804 0.00149318 0.00134462 0.00116124 0.000942593 0.000690992 0.000423859 0.000193229 5.92282e-05 1.34821e-05 3.61181e-06 2.07686e-06 3.04864e-06 7.25784e-06 1.51575e-05 2.05607e-05 1.85465e-05 1.26818e-05 7.25731e-06 3.60767e-06 1.52801e-06 5.0129e-07 9.10642e-08 0 
0 1.43776e-05 5.90766e-05 0.000134627 0.000238899 0.000366988 0.000511413 0.000662735 0.000810661 0.000945475 0.00105938 0.00114729 0.00120684 0.00123775 0.00124096 0.00121793 0.00117038 0.00110033 0.00101028 0.000903285 0.000782643 0.000651407 0.000512458 0.00037072 0.000237882 0.000132699 6.75073e-05 3.63176e-05 2.45928e-05 2.19456e-05 2.25698e-05 2.21271e-05 1.85465e-05 1.31444e-05 8.11584e-06 4.46923e-06 2.19217e-06 9.24401e-07 3.02842e-07 5.49904e-08 0 
0 8.21578e-06 3.37689e-05 7.70056e-05 0.000136819 0.000210633 0.000294541 0.000383613 0.000472358 0.000555294 0.000627526 0.000685188 0.000725682 0.000747688 0.000751035 0.000736506 0.000705665 0.000660712 0.000604329 0.000539483 0.000469173 0.000396162 0.000322891 0.000251802 0.000186097 0.000130071 8.75546e-05 5.92229e-05 4.20948e-05 3.17422e-05 2.44642e-05 1.82445e-05 1.26818e-05 8.11584e-06 4.77998e-06 2.58176e-06 1.25717e-06 5.28767e-07 1.73079e-07 3.1419e-08 0 
0 4.37545e-06 1.79865e-05 4.10262e-05 7.29267e-05 0.00011236 0.000157316 0.000205257 0.000253336 0.000298658 0.000338538 0.000370736 0.000393619 0.000406242 0.00040836 0.000400372 0.000383237 0.000358351 0.000327414 0.000292274 0.000254773 0.000216614 0.000179282 0.000144062 0.000112117 8.45268e-05 6.20809e-05 4.49046e-05 3.23129e-05 2.31478e-05 1.6323e-05 1.11416e-05 7.25731e-06 4.46923e-06 2.58176e-06 1.38247e-06 6.70829e-07 2.81776e-07 9.21885e-08 1.67323e-08 0 
0 2.11788e-06 8.70655e-06 1.9861e-05 3.53101e-05 5.44182e-05 7.62238e-05 9.9513e-05 0.000122921 0.000145048 0.000164584 0.000180416 0.000191712 0.000197975 0.000199059 0.000195156 0.000186751 0.000174559 0.000159449 0.000142365 0.00012424 0.00010594 8.82095e-05 7.16554e-05 5.6745e-05 4.38053e-05 3.30034e-05 2.43185e-05 1.75496e-05 1.23874e-05 8.51234e-06 5.65616e-06 3.60767e-06 2.19217e-06 1.25717e-06 6.70829e-07 3.25013e-07 1.36434e-07 4.46265e-08 8.09903e-09 0 
0 8.88664e-07 3.65334e-06 8.33412e-06 1.48178e-05 2.28386e-05 3.19947e-05 4.17786e-05 5.1619e-05 6.09296e-05 6.91588e-05 7.58354e-05 8.06051e-05 8.32539e-05 8.37175e-05 8.20756e-05 7.85348e-05 7.34007e-05 6.70449e-05 5.98694e-05 5.22733e-05 4.46239e-05 3.72361e-05 3.03601e-05 2.41762e-05 1.87958e-05 1.42635e-05 1.05626e-05 7.62743e-06 5.36154e-06 3.65754e-06 2.41125e-06 1.52801e-06 9.24401e-07 5.28767e-07 2.81776e-07 1.36434e-07 5.72571e-08 1.87263e-08 3.39839e-09 0 
0 2.90622e-07 1.19477e-06 2.72558e-06 4.84608e-06 7.46948e-06 1.04645e-05 1.36654e-05 1.68855e-05 1.9933e-05 2.26275e-05 2.48144e-05 2.63773e-05 2.72457e-05 2.73982e-05 2.68609e-05 2.57017e-05 2.4021e-05 2.19411e-05 1.95942e-05 1.71115e-05 1.46135e-05 1.22032e-05 9.96163e-06 7.94611e-06 6.19047e-06 4.70714e-06 3.49045e-06 2.52087e-06 1.76996e-06 1.20498e-06 7.92594e-07 5.0129e-07 3.02842e-07 1.73079e-07 9.21885e-08 4.46265e-08 1.87263e-08 6.12425e-09 1.11139e-09 0 
0 5.27397e-08 2.16818e-07 4.94619e-07 8.79437e-07 1.35553e-06 1.89908e-06 2.48002e-06 3.06449e-06 3.61768e-06 4.10683e-06 4.50388e-06 4.78767e-06 4.94538e-06 4.97311e-06 4.8756e-06 4.66516e-06 4.36009e-06 3.98259e-06 3.5567e-06 3.10627e-06 2.65318e-06 2.21611e-06 1.80973e-06 1.4443e-06 1.12586e-06 8.56559e-07 6.35383e-07 4.589e-07 3.22102e-07 2.19162e-07 1.44065e-07 9.10642e-08 5.49904e-08 3.1419e-08 1.67323e-08 8.09903e-09 3.39839e-09 1.11139e-09 2.01687e-10 0 
0 0 0 0 0 0 0 0 0 0 0 0 0 0 0 0 0 0 0 0 0 0 0 0 0 0 0 0 0 0 0 0 0 0 0 0 0 0 0 0 0 
