0 0 0 0 0 0 0 0 0 0 0 0 0 0 0 0 0 0 0 0 0 0 0 0 0 0 0 0 0 0 0 0 0 0 0 0 0 0 0 0 0 
0 1.31773e-05 5.12921e-05 0.000106056 0.000161779 0.000202427 0.000220341 0.000217993 0.000203098 0.000183389 0.000164231 0.000148505 0.000137384 0.000131126 0.000129615 0.000132626 0.000139891 0.000151013 0.000165292 0.00018152 0.000197824 0.000211689 0.00022025 0.00022089 0.000212004 0.000193641 0.000167704 0.000137503 0.000106794 7.87347e-05 5.52521e-05 3.69784e-05 2.36023e-05 1.43222e-05 8.20185e-06 4.37234e-06 2.11727e-06 8.88565e-07 2.9061e-07 5.27389e-08 0 
0 5.12921e-05 0.000184804 0.000329823 0.00039891 0.000366785 0.000279239 0.000189414 0.000121601 7.76124e-05 5.12922e-05 3.62729e-05 2.81338e-05 2.43086e-05 2.35418e-05 2.54774e-05 3.0471e-05 3.95754e-05 5.46097e-05 7.81559e-05 0.000113225 0.000162262 0.000225306 0.000297651 0.000368334 0.000421439 0.000441526 0.000421299 0.000366211 0.000291662 0.000214858 0.000147877 9.57937e-05 5.85512e-05 3.36407e-05 1.79587e-05 8.7013e-06 3.65252e-06 1.19467e-06 2.16811e-07 0 
0 0.000106056 0.000329823 0.000446722 0.000359367 0.00020066 8.84657e-05 3.41044e-05 1.25105e-05 4.71176e-06 1.95185e-06 9.43125e-07 5.55967e-07 4.11313e-07 3.85917e-07 4.56066e-07 6.63904e-07 1.15017e-06 2.27224e-06 4.8856e-06 1.09131e-05 2.42621e-05 5.17548e-05 0.000102876 0.000186327 0.000302109 0.000431844 0.000537009 0.000576312 0.00053502 0.000435813 0.000318265 0.000212774 0.000132055 7.63915e-05 4.08968e-05 1.98372e-05 8.33048e-06 2.72516e-06 4.94592e-07 0 
0 0.000161779 0.00039891 0.000359367 0.000166929 4.91558e-05 1.06987e-05 1.95229e-06 3.3709e-07 6.20457e-08 1.36083e-08 3.91328e-09 1.58715e-09 9.50367e-10 8.54088e-10 1.1381e-09 2.16591e-09 5.55741e-09 1.79045e-08 6.70065e-08 2.6951e-07 1.0843e-06 4.10427e-06 1.39358e-05 4.10678e-05 0.000102968 0.000217117 0.000381183 0.000550456 0.000647881 0.00062522 0.000507749 0.000359909 0.000229881 0.000134693 7.24876e-05 3.52314e-05 1.4806e-05 4.84474e-06 8.79355e-07 0 
0 0.000202427 0.000366785 0.00020066 4.91558e-05 6.78043e-06 6.25001e-07 4.54225e-08 3.09595e-09 2.35715e-10 2.36164e-11 3.58385e-12 9.1706e-13 4.23177e-13 3.60651e-13 5.57212e-13 1.47524e-12 6.14035e-12 3.6132e-11 2.67676e-10 2.22341e-09 1.85993e-08 1.4289e-07 9.377e-07 4.99824e-06 2.10378e-05 6.92698e-05 0.000178684 0.000361287 0.000568085 0.000689709 0.000656233 0.000510646 0.000342032 0.000204746 0.000111159 5.4207e-05 2.28076e-05 7.46604e-06 1.35532e-06 0 
0 0.000220341 0.000279239 8.84657e-05 1.06987e-05 6.25001e-07 2.15798e-08 5.4759e-10 1.29172e-11 3.59305e-13 1.47287e-14 1.07744e-15 1.62834e-16 5.57653e-17 4.47245e-17 8.18487e-17 3.1618e-16 2.28749e-15 2.67681e-14 4.32071e-13 8.20653e-12 1.58286e-10 2.7307e-09 3.81049e-08 4.006e-07 3.04547e-06 1.65252e-05 6.45781e-05 0.000185161 0.000393797 0.000618384 0.00071658 0.000633335 0.000454466 0.000280911 0.000154544 7.57425e-05 3.19253e-05 1.04569e-05 1.89864e-06 0 
0 0.000217993 0.000189414 3.41044e-05 1.95229e-06 4.54225e-08 5.4759e-10 4.50651e-12 3.41796e-14 3.23793e-16 5.11415e-18 2.02542e-19 4.4159e-20 2.9512e-20 2.72431e-20 3.12991e-20 6.1988e-20 4.80119e-19 1.11507e-17 4.1409e-16 1.90484e-14 8.97454e-13 3.67804e-11 1.15142e-09 2.50949e-08 3.60394e-07 3.34462e-06 2.02842e-05 8.3006e-05 0.000237161 0.000480206 0.000686905 0.000705485 0.000552675 0.000356533 0.000199721 9.85579e-05 4.16425e-05 1.36508e-05 2.47917e-06 0 
0 0.000203098 0.000121601 1.25105e-05 3.3709e-07 3.09595e-09 1.29172e-11 3.41796e-14 8.25875e-17 2.73069e-19 5.58862e-21 1.38903e-21 8.7595e-22 8.89612e-22 8.81365e-22 8.01754e-22 8.30203e-22 1.6306e-21 8.13642e-21 3.65402e-19 4.03554e-17 4.67712e-15 4.58254e-13 3.23837e-11 1.47281e-09 4.02466e-08 6.43691e-07 6.09274e-06 3.55286e-05 0.000134611 0.000344913 0.000603388 0.000724353 0.000626529 0.000425325 0.000243603 0.000121243 5.13818e-05 1.68603e-05 3.06303e-06 0 
0 0.000183389 7.76124e-05 4.71176e-06 6.20457e-08 2.35715e-10 3.59305e-13 3.23793e-16 2.73069e-19 1.29809e-21 1.40186e-22 8.97069e-23 8.19332e-23 9.25526e-23 9.36322e-23 8.03634e-23 6.89514e-23 7.62512e-23 1.11257e-22 1.02466e-21 1.16322e-19 3.10535e-17 6.95776e-15 1.06438e-12 9.72892e-11 4.89929e-09 1.31603e-07 1.90564e-06 1.55653e-05 7.66627e-05 0.000242399 0.000506909 0.000704275 0.000673284 0.000482749 0.000283386 0.000142409 6.0558e-05 1.98938e-05 3.61544e-06 0 
0 0.000164231 5.12922e-05 1.95185e-06 1.36083e-08 2.36164e-11 1.47287e-14 5.11415e-18 5.58862e-21 1.40186e-22 2.14512e-23 1.39179e-23 1.42413e-23 1.63221e-23 1.65451e-23 1.41035e-23 1.12037e-23 9.30272e-24 8.9711e-24 3.27981e-23 1.09041e-21 3.59298e-19 1.66727e-16 5.06116e-14 8.59279e-12 7.44481e-10 3.17092e-08 6.70723e-07 7.40049e-06 4.59572e-05 0.000174009 0.000422449 0.000665335 0.000696882 0.000526733 0.000316914 0.000160828 6.86308e-05 2.2572e-05 4.10368e-06 0 
0 0.000148505 3.62729e-05 9.43125e-07 3.91328e-09 3.58385e-12 1.07744e-15 2.02542e-19 1.38903e-21 8.97069e-23 1.39179e-23 4.72555e-24 3.52987e-24 3.684e-24 3.65729e-24 3.11624e-24 2.39541e-24 1.80334e-24 1.81635e-24 6.53857e-24 9.63022e-23 1.08618e-20 7.87389e-18 4.18141e-15 1.17638e-12 1.58669e-10 9.84645e-09 2.83963e-07 4.00888e-06 3.00868e-05 0.000131635 0.000359083 0.000624138 0.000704709 0.00055744 0.000342834 0.00017554 7.515e-05 2.47426e-05 4.49981e-06 0 
0 0.000137384 2.81338e-05 5.55967e-07 1.58715e-09 9.1706e-13 1.62834e-16 4.4159e-20 8.7595e-22 8.19333e-23 1.42413e-23 3.52987e-24 1.4442e-24 1.05011e-24 9.34435e-25 7.79646e-25 5.96521e-25 4.81508e-25 7.26291e-25 3.1635e-24 3.25896e-23 1.48164e-21 8.71273e-19 6.90092e-16 2.79382e-13 5.18371e-11 4.21941e-09 1.52189e-07 2.56756e-06 2.20951e-05 0.000107195 0.000317299 0.000590878 0.000704259 0.000576387 0.000360533 0.000185897 7.9787e-05 2.62917e-05 4.78284e-06 0 
0 0.000131126 2.43086e-05 4.11313e-07 9.50367e-10 4.23177e-13 5.57653e-17 2.9512e-20 8.89612e-22 9.25527e-23 1.63221e-23 3.68401e-24 1.05011e-24 4.45808e-25 2.88426e-25 2.18711e-25 1.74097e-25 1.92717e-25 4.90128e-25 2.41781e-24 2.1889e-23 6.59759e-22 2.52187e-19 2.48183e-16 1.23467e-13 2.74397e-11 2.6043e-09 1.06624e-07 1.98999e-06 1.85054e-05 9.51614e-05 0.000294775 0.000570399 0.000701135 0.000585432 0.000369943 0.000191569 8.23516e-05 2.71513e-05 4.94006e-06 0 
0 0.000129615 2.35418e-05 3.85917e-07 8.54088e-10 3.60651e-13 4.47245e-17 2.72432e-20 8.81365e-22 9.36323e-23 1.65451e-23 3.65729e-24 9.34435e-25 2.88426e-25 1.23215e-25 7.56183e-26 6.82396e-26 1.23054e-25 4.32968e-25 2.24956e-24 1.99833e-23 5.61478e-22 1.95209e-19 2.00513e-16 1.04059e-13 2.39994e-11 2.35078e-09 9.87806e-08 1.88212e-06 1.77803e-05 9.25092e-05 0.000289198 0.000564167 0.000698387 0.000586028 0.000371315 0.000192509 8.27938e-05 2.73015e-05 4.96766e-06 0 
0 0.000132626 2.54774e-05 4.56066e-07 1.1381e-09 5.57212e-13 8.18487e-17 3.12991e-20 8.01754e-22 8.03634e-23 1.41035e-23 3.11624e-24 7.79647e-25 2.18711e-25 7.56183e-26 4.00214e-26 4.42825e-26 1.10391e-25 4.36509e-25 2.37864e-24 2.30761e-23 8.22881e-22 3.89188e-19 3.54987e-16 1.63966e-13 3.41497e-11 3.06705e-09 1.19969e-07 2.15859e-06 1.951e-05 9.81797e-05 0.000299143 0.000571599 0.000696556 0.000578868 0.000365064 0.000188914 8.11944e-05 2.67685e-05 4.87038e-06 0 
0 0.000139891 3.0471e-05 6.63904e-07 2.16591e-09 1.47524e-12 3.1618e-16 6.1988e-20 8.30203e-22 6.89515e-23 1.12037e-23 2.39541e-24 5.96522e-25 1.74097e-25 6.82396e-26 4.42825e-26 5.48679e-26 1.32019e-25 5.21805e-25 3.15115e-24 3.93242e-23 2.59218e-21 1.85786e-18 1.27881e-15 4.55165e-13 7.54525e-11 5.58022e-09 1.85935e-07 2.94352e-06 2.41061e-05 0.00011262 0.000323924 0.000590446 0.000693956 0.00056388 0.000351708 0.000181187 7.77485e-05 2.5619e-05 4.66048e-06 0 
0 0.000151013 3.95754e-05 1.15017e-06 5.55741e-09 6.14035e-12 2.28749e-15 4.80119e-19 1.6306e-21 7.62512e-23 9.30272e-24 1.80334e-24 4.81508e-25 1.92717e-25 1.23054e-25 1.10391e-25 1.32019e-25 2.44893e-25 8.59589e-25 6.29353e-24 1.44303e-22 2.75778e-20 1.85587e-17 8.37024e-15 2.03217e-12 2.40894e-10 1.33917e-08 3.52574e-07 4.6258e-06 3.27858e-05 0.000137323 0.000362635 0.000616305 0.000686996 0.000540492 0.000331891 0.0001699 7.27412e-05 2.39514e-05 4.35613e-06 0 
0 0.000165292 5.46097e-05 2.27224e-06 1.79045e-08 3.6132e-11 2.67681e-14 1.11507e-17 8.13642e-21 1.11257e-22 8.9711e-24 1.81635e-24 7.26291e-25 4.90128e-25 4.32968e-25 4.36509e-25 5.21805e-25 8.59589e-25 2.84819e-24 3.00543e-23 2.06741e-21 8.04722e-19 3.25442e-16 8.65223e-14 1.30271e-11 1.01523e-09 3.94843e-08 7.74251e-07 8.03515e-06 4.75637e-05 0.000173776 0.000412016 0.000641494 0.000670619 0.000508039 0.000306444 0.000155763 6.65214e-05 2.18856e-05 3.97941e-06 0 
0 0.00018152 7.81559e-05 4.8856e-06 6.70065e-08 2.67676e-10 4.32071e-13 4.1409e-16 3.65402e-19 1.02466e-21 3.27981e-23 6.53856e-24 3.1635e-24 2.41781e-24 2.24956e-24 2.37864e-24 3.15115e-24 6.29353e-24 3.00543e-23 8.62417e-22 1.51809e-19 3.89808e-17 8.3029e-15 1.20996e-12 1.05591e-10 5.09027e-09 1.31377e-07 1.83734e-06 1.45891e-05 7.03919e-05 0.000220267 0.000462327 0.000653686 0.000639001 0.000466206 0.000276432 0.000139576 5.94713e-05 1.95517e-05 3.55425e-06 0 
0 0.000197824 0.000113225 1.09131e-05 2.6951e-07 2.22341e-09 8.20653e-12 1.90484e-14 4.03554e-17 1.16322e-19 1.09041e-21 9.63021e-23 3.25896e-23 2.1889e-23 1.99833e-23 2.30761e-23 3.93242e-23 1.44303e-22 2.06741e-21 1.51809e-19 1.86333e-17 2.37925e-15 2.55311e-13 1.95235e-11 9.44676e-10 2.695e-08 4.42812e-07 4.26875e-06 2.53557e-05 9.8622e-05 0.000263495 0.000490896 0.000635319 0.000586603 0.000415379 0.000243141 0.000122181 5.1977e-05 1.70796e-05 3.10441e-06 0 
0 0.000211689 0.000162262 2.42621e-05 1.0843e-06 1.85993e-08 1.58286e-10 8.97454e-13 4.67712e-15 3.10535e-17 3.59298e-19 1.08618e-20 1.48164e-21 6.59759e-22 5.61478e-22 8.22881e-22 2.59218e-21 2.75778e-20 8.04722e-19 3.89808e-17 2.37925e-15 1.48524e-13 7.91217e-12 3.10249e-10 8.03273e-09 1.29037e-07 1.27482e-06 8.07952e-06 3.5216e-05 0.000111944 0.00026479 0.00045792 0.000566037 0.000509627 0.000356827 0.000208015 0.000104403 4.44007e-05 1.45892e-05 2.65175e-06 0 
0 0.00022025 0.000225306 5.17548e-05 4.10427e-06 1.4289e-07 2.7307e-09 3.67804e-11 4.58254e-13 6.95776e-15 1.66727e-16 7.87389e-18 8.71273e-19 2.52187e-19 1.95209e-19 3.89188e-19 1.85786e-18 1.85587e-17 3.25442e-16 8.3029e-15 2.55311e-13 7.91217e-12 2.09985e-10 4.13652e-09 5.38668e-08 4.3407e-07 2.21342e-06 8.10244e-06 2.50761e-05 7.09766e-05 0.000173619 0.000325929 0.000432882 0.000408108 0.00029277 0.000172564 8.6996e-05 3.7059e-05 1.21839e-05 2.21498e-06 0 
0 0.00022089 0.000297651 0.000102876 1.39358e-05 9.377e-07 3.81049e-08 1.15142e-09 3.23837e-11 1.06438e-12 5.06116e-14 4.18141e-15 6.90092e-16 2.48183e-16 2.00513e-16 3.54987e-16 1.27881e-15 8.37024e-15 8.65223e-14 1.20996e-12 1.95235e-11 3.10249e-10 4.13652e-09 3.90052e-08 2.17817e-07 6.3835e-07 1.06848e-06 1.51823e-06 3.05057e-06 1.03154e-05 4.25263e-05 0.000134222 0.000253769 0.000289541 0.000226619 0.000138312 7.06142e-05 3.02089e-05 9.94529e-06 1.80877e-06 0 
0 0.000212004 0.000368334 0.000186327 4.10678e-05 4.99824e-06 4.006e-07 2.50949e-08 1.47281e-09 9.72892e-11 8.59279e-12 1.17638e-12 2.79382e-13 1.23467e-13 1.04059e-13 1.63966e-13 4.55165e-13 2.03217e-12 1.30271e-11 1.05591e-10 9.44676e-10 8.03273e-09 5.38668e-08 2.17817e-07 3.65592e-07 1.82879e-07 3.25627e-08 6.37164e-09 6.46911e-09 5.58324e-08 1.32477e-06 1.97203e-05 9.61233e-05 0.000173145 0.000163445 0.000106807 5.57902e-05 2.40398e-05 7.93162e-06 1.44347e-06 0 
0 0.000193641 0.000421439 0.000302109 0.000102968 2.10378e-05 3.04547e-06 3.60394e-07 4.02466e-08 4.89929e-09 7.44481e-10 1.58669e-10 5.18371e-11 2.74397e-11 2.39994e-11 3.41497e-11 7.54525e-11 2.40894e-10 1.01523e-09 5.09027e-09 2.695e-08 1.29037e-07 4.3407e-07 6.3835e-07 1.82879e-07 4.2976e-09 1.06847e-11 3.60709e-14 9.85026e-15 1.13062e-12 1.44337e-09 6.12755e-07 2.02924e-05 8.4911e-05 0.000109662 7.95498e-05 4.29199e-05 1.86721e-05 6.17761e-06 1.12513e-06 0 
0 0.000167704 0.000441526 0.000431844 0.000217117 6.92698e-05 1.65252e-05 3.34462e-06 6.43691e-07 1.31603e-07 3.17092e-08 9.84645e-09 4.21941e-09 2.6043e-09 2.35078e-09 3.06705e-09 5.58022e-09 1.33917e-08 3.94843e-08 1.31377e-07 4.42812e-07 1.27482e-06 2.21342e-06 1.06848e-06 3.25627e-08 1.06847e-11 3.53423e-16 2.26774e-15 1.47605e-15 1.02208e-14 7.10354e-14 5.00283e-09 2.74484e-06 3.66003e-05 7.03389e-05 5.7654e-05 3.22222e-05 1.41565e-05 4.69626e-06 8.55958e-07 0 
0 0.000137503 0.000421299 0.000537009 0.000381183 0.000178684 6.45781e-05 2.02842e-05 6.09274e-06 1.90564e-06 6.70723e-07 2.83963e-07 1.52189e-07 1.06624e-07 9.87806e-08 1.19969e-07 1.85935e-07 3.52574e-07 7.74251e-07 1.83734e-06 4.26875e-06 8.07952e-06 8.10244e-06 1.51823e-06 6.37164e-09 3.60709e-14 2.26774e-15 6.69712e-16 6.84761e-16 2.3924e-15 2.86034e-14 6.4863e-11 4.66971e-07 1.72067e-05 4.59044e-05 4.13326e-05 2.36923e-05 1.04782e-05 3.48199e-06 6.34922e-07 0 
0 0.000106794 0.000366211 0.000576312 0.000550456 0.000361287 0.000185161 8.3006e-05 3.55286e-05 1.55653e-05 7.40049e-06 4.00888e-06 2.56756e-06 1.98999e-06 1.88212e-06 2.15859e-06 2.94352e-06 4.6258e-06 8.03515e-06 1.45891e-05 2.53557e-05 3.5216e-05 2.50761e-05 3.05057e-06 6.46911e-09 9.85026e-15 1.47605e-15 6.84761e-16 1.90876e-15 8.68159e-15 1.44443e-13 1.75213e-11 2.43631e-07 1.14064e-05 3.25591e-05 2.97631e-05 1.71069e-05 7.56825e-06 2.51497e-06 4.5858e-07 0 
0 7.87347e-05 0.000291662 0.00053502 0.000647881 0.000568085 0.000393797 0.000237161 0.000134611 7.66627e-05 4.59572e-05 3.00868e-05 2.20951e-05 1.85054e-05 1.77803e-05 1.951e-05 2.41061e-05 3.27858e-05 4.75637e-05 7.03919e-05 9.8622e-05 0.000111944 7.09766e-05 1.03154e-05 5.58324e-08 1.13062e-12 1.02208e-14 2.3924e-15 8.68159e-15 1.50322e-15 1.00515e-15 2.27736e-10 5.07042e-07 1.14374e-05 2.5479e-05 2.15657e-05 1.21162e-05 5.32527e-06 1.76633e-06 3.21904e-07 0 
0 5.52521e-05 0.000214858 0.000435813 0.00062522 0.000689709 0.000618384 0.000480206 0.000344913 0.000242399 0.000174009 0.000131635 0.000107195 9.51614e-05 9.25092e-05 9.81797e-05 0.00011262 0.000137323 0.000173776 0.000220267 0.000263495 0.00026479 0.000173619 4.25263e-05 1.32477e-06 1.44337e-09 7.10354e-14 2.86034e-14 1.44443e-13 1.00515e-15 4.56555e-12 1.91641e-08 2.1614e-06 1.42884e-05 2.08609e-05 1.54842e-05 8.36982e-06 3.63828e-06 1.20303e-06 2.19054e-07 0 
0 3.69784e-05 0.000147877 0.000318265 0.000507749 0.000656233 0.00071658 0.000686905 0.000603388 0.000506909 0.000422449 0.000359083 0.000317299 0.000294775 0.000289198 0.000299143 0.000323924 0.000362635 0.000412016 0.000462327 0.000490896 0.00045792 0.000325929 0.000134222 1.97203e-05 6.12755e-07 5.00283e-09 6.4863e-11 1.75213e-11 2.27736e-10 1.91641e-08 8.75282e-07 7.69814e-06 1.68881e-05 1.65246e-05 1.07666e-05 5.5922e-06 2.40241e-06 7.91675e-07 1.44013e-07 0 
0 2.36023e-05 9.57937e-05 0.000212774 0.000359909 0.000510646 0.000633335 0.000705485 0.000724353 0.000704275 0.000665335 0.000624138 0.000590878 0.000570399 0.000564167 0.000571599 0.000590446 0.000616305 0.000641494 0.000653686 0.000635319 0.000566037 0.000432882 0.000253769 9.61233e-05 2.02924e-05 2.74484e-06 4.66971e-07 2.43631e-07 5.07042e-07 2.1614e-06 7.69814e-06 1.48597e-05 1.61539e-05 1.20179e-05 7.11627e-06 3.58311e-06 1.52451e-06 5.00914e-07 9.10422e-08 0 
0 1.43222e-05 5.85512e-05 0.000132055 0.000229881 0.000342032 0.000454466 0.000552675 0.000626529 0.000673284 0.000696882 0.000704709 0.000704259 0.000701135 0.000698387 0.000696556 0.000693956 0.000686996 0.000670619 0.000639001 0.000586603 0.000509627 0.000408108 0.000289541 0.000173145 8.4911e-05 3.66003e-05 1.72067e-05 1.14064e-05 1.14374e-05 1.42884e-05 1.68881e-05 1.61539e-05 1.23441e-05 7.90691e-06 4.42433e-06 2.18407e-06 9.23196e-07 3.02707e-07 5.49823e-08 0 
0 8.20185e-06 3.36407e-05 7.63915e-05 0.000134693 0.000204746 0.000280911 0.000356533 0.000425325 0.000482749 0.000526733 0.00055744 0.000576387 0.000585432 0.000586028 0.000578868 0.00056388 0.000540492 0.000508039 0.000466206 0.000415379 0.000356827 0.00029277 0.000226619 0.000163445 0.000109662 7.03389e-05 4.59044e-05 3.25591e-05 2.5479e-05 2.08609e-05 1.65246e-05 1.20179e-05 7.90691e-06 4.72515e-06 2.56955e-06 1.25487e-06 5.28408e-07 1.73037e-07 3.14164e-08 0 
0 4.37234e-06 1.79587e-05 4.08968e-05 7.24876e-05 0.000111159 0.000154544 0.000199721 0.000243603 0.000283386 0.000316914 0.000342834 0.000360533 0.000369943 0.000371315 0.000365064 0.000351708 0.000331891 0.000306444 0.000276432 0.000243141 0.000208015 0.000172564 0.000138312 0.000106807 7.95498e-05 5.7654e-05 4.13326e-05 2.97631e-05 2.15657e-05 1.54842e-05 1.07666e-05 7.11627e-06 4.42433e-06 2.56955e-06 1.37962e-06 6.70263e-07 2.81684e-07 9.21772e-08 1.67315e-08 0 
0 2.11727e-06 8.7013e-06 1.98372e-05 3.52314e-05 5.4207e-05 7.57425e-05 9.85579e-05 0.000121243 0.000142409 0.000160828 0.00017554 0.000185897 0.000191569 0.000192509 0.000188914 0.000181187 0.0001699 0.000155763 0.000139576 0.000122181 0.000104403 8.6996e-05 7.06142e-05 5.57902e-05 4.29199e-05 3.22222e-05 2.36923e-05 1.71069e-05 1.21162e-05 8.36982e-06 5.5922e-06 3.58311e-06 2.18407e-06 1.25487e-06 6.70263e-07 3.24895e-07 1.36414e-07 4.46239e-08 8.09886e-09 0 
0 8.88565e-07 3.65252e-06 8.33048e-06 1.4806e-05 2.28076e-05 3.19253e-05 4.16425e-05 5.13818e-05 6.0558e-05 6.86308e-05 7.515e-05 7.9787e-05 8.23516e-05 8.27938e-05 8.11944e-05 7.77485e-05 7.27412e-05 6.65214e-05 5.94713e-05 5.1977e-05 4.44007e-05 3.7059e-05 3.02089e-05 2.40398e-05 1.86721e-05 1.41565e-05 1.04782e-05 7.56825e-06 5.32527e-06 3.63828e-06 2.40241e-06 1.52451e-06 9.23196e-07 5.28408e-07 2.81684e-07 1.36414e-07 5.72534e-08 1.87258e-08 3.39836e-09 0 
0 2.9061e-07 1.19467e-06 2.72516e-06 4.84474e-06 7.46604e-06 1.04569e-05 1.36508e-05 1.68603e-05 1.98938e-05 2.2572e-05 2.47426e-05 2.62917e-05 2.71513e-05 2.73015e-05 2.67685e-05 2.5619e-05 2.39514e-05 2.18856e-05 1.95517e-05 1.70796e-05 1.45892e-05 1.21839e-05 9.94529e-06 7.93162e-06 6.17761e-06 4.69626e-06 3.48199e-06 2.51497e-06 1.76633e-06 1.20303e-06 7.91675e-07 5.00914e-07 3.02707e-07 1.73037e-07 9.21772e-08 4.46239e-08 1.87258e-08 6.12419e-09 1.11139e-09 0 
0 5.27389e-08 2.16811e-07 4.94592e-07 8.79355e-07 1.35532e-06 1.89864e-06 2.47917e-06 3.06303e-06 3.61544e-06 4.10368e-06 4.49981e-06 4.78284e-06 4.94006e-06 4.96766e-06 4.87038e-06 4.66048e-06 4.35613e-06 3.97941e-06 3.55425e-06 3.10441e-06 2.65175e-06 2.21498e-06 1.80877e-06 1.44347e-06 1.12513e-06 8.55958e-07 6.34922e-07 4.5858e-07 3.21904e-07 2.19054e-07 1.44013e-07 9.10422e-08 5.49823e-08 3.14164e-08 1.67315e-08 8.09886e-09 3.39836e-09 1.11139e-09 2.01686e-10 0 
0 0 0 0 0 0 0 0 0 0 0 0 0 0 0 0 0 0 0 0 0 0 0 0 0 0 0 0 0 0 0 0 0 0 0 0 0 0 0 0 0 
