0 0 0 0 0 0 0 0 0 0 0 0 0 0 0 0 0 0 0 0 0 0 0 0 0 0 0 0 0 0 0 0 0 0 0 0 0 0 0 0 0 
0 1.32155e-05 5.16125e-05 0.000107306 0.000164913 0.0002081 0.000228405 0.000227656 0.00021345 0.000193755 0.000174252 0.00015808 0.00014657 0.000140063 0.000138476 0.000141584 0.000149092 0.000160555 0.000175198 0.000191708 0.000208088 0.000221697 0.000229574 0.000229079 0.000218687 0.000198637 0.00017108 0.000139542 0.000107886 7.92515e-05 5.54682e-05 3.70584e-05 2.36286e-05 1.433e-05 8.20386e-06 4.3728e-06 2.11736e-06 8.8858e-07 2.90612e-07 5.2739e-08 0 
0 5.16125e-05 0.000187439 0.000339006 0.000417213 0.000390625 0.00030222 0.000207783 0.000134914 8.69507e-05 5.79381e-05 4.12428e-05 3.21383e-05 2.78403e-05 2.69733e-05 2.91427e-05 3.47322e-05 4.48825e-05 6.15494e-05 8.74733e-05 0.000125776 0.000178841 0.000246288 0.000322504 0.000395223 0.000447362 0.000463285 0.000436912 0.000375685 0.000296517 0.000216974 0.000148671 9.60525e-05 5.86254e-05 3.36594e-05 1.79629e-05 8.70211e-06 3.65265e-06 1.19469e-06 2.16812e-07 0 
0 0.000107306 0.000339006 0.000470842 0.00038983 0.000223383 0.000100682 3.96023e-05 1.48089e-05 5.67907e-06 2.39068e-06 1.17045e-06 6.96524e-07 5.18016e-07 4.86473e-07 5.73012e-07 8.28287e-07 1.42048e-06 2.77163e-06 5.87771e-06 1.29427e-05 2.83732e-05 5.97259e-05 0.000117248 0.000209779 0.000335707 0.000472632 0.000577447 0.000608123 0.000554668 0.00044544 0.0003221 0.000214052 0.00013242 7.64822e-05 4.09164e-05 1.98409e-05 8.33105e-06 2.72522e-06 4.94596e-07 0 
0 0.000164913 0.000417213 0.00038983 0.000187748 5.71038e-05 1.28278e-05 2.41827e-06 4.31449e-07 8.19284e-08 1.8474e-08 5.43384e-09 2.23985e-09 1.35337e-09 1.21821e-09 1.6143e-09 3.03553e-09 7.65486e-09 2.41411e-08 8.82118e-08 3.46037e-07 1.3582e-06 5.02322e-06 1.6706e-05 4.83558e-05 0.000119339 0.000247734 0.00042708 0.000602984 0.000691943 0.000652058 0.000519949 0.000364251 0.000231149 0.000135007 7.25546e-05 3.52437e-05 1.48079e-05 4.84496e-06 8.79368e-07 0 
0 0.0002081 0.000390625 0.000223383 5.71038e-05 8.22463e-06 7.94463e-07 6.06793e-08 4.34788e-09 3.4709e-10 3.62654e-11 5.69473e-12 1.49345e-12 6.98692e-13 5.96936e-13 9.14544e-13 2.37767e-12 9.64014e-12 5.49219e-11 3.92373e-10 3.13703e-09 2.52596e-08 1.87135e-07 1.18824e-06 6.15613e-06 2.53118e-05 8.17561e-05 0.000207157 0.00041016 0.000627691 0.000738965 0.000683856 0.000521733 0.000345454 0.000205607 0.000111341 5.42399e-05 2.28125e-05 7.46659e-06 1.35536e-06 0 
0 0.000228405 0.00030222 0.000100682 1.28278e-05 7.94463e-07 2.92791e-08 7.96199e-10 2.01311e-11 5.97955e-13 2.5982e-14 1.99365e-15 3.11933e-16 1.08929e-16 8.76705e-17 1.58553e-16 5.96905e-16 4.16178e-15 4.65517e-14 7.14438e-13 1.28684e-11 2.35346e-10 3.85794e-09 5.13623e-08 5.18108e-07 3.80525e-06 2.00922e-05 7.68507e-05 0.000216019 0.000448333 0.00068176 0.00076304 0.000655494 0.000461953 0.000282866 0.000154962 7.58172e-05 3.19362e-05 1.04582e-05 1.89871e-06 0 
0 0.000227656 0.000207783 3.96023e-05 2.41827e-06 6.06793e-08 7.96199e-10 7.16779e-12 5.948e-14 6.13695e-16 1.04351e-17 3.94784e-19 5.62777e-20 2.82992e-20 2.50409e-20 3.34291e-20 9.86856e-20 9.87276e-19 2.23663e-17 7.77884e-16 3.33933e-14 1.46825e-12 5.63013e-11 1.65712e-09 3.41859e-08 4.6853e-07 4.18772e-06 2.46814e-05 9.87816e-05 0.000276052 0.000542715 0.000747947 0.000741321 0.000566339 0.000360309 0.000200543 9.87049e-05 4.16639e-05 1.36531e-05 2.47931e-06 0 
0 0.00021345 0.000134914 1.48089e-05 4.31449e-07 4.34788e-09 2.01311e-11 5.948e-14 1.60579e-16 5.77115e-19 7.38763e-21 1.20339e-21 5.24654e-22 4.21667e-22 4.0371e-22 4.11307e-22 5.94219e-22 1.59389e-21 1.31785e-20 7.71748e-19 7.90982e-17 8.41739e-15 7.59847e-13 4.9762e-11 2.11384e-09 5.44631e-08 8.30034e-07 7.5698e-06 4.29512e-05 0.000159123 0.000397139 0.000670134 0.000773052 0.000647869 0.000431658 0.000245023 0.000121499 5.14188e-05 1.68642e-05 3.06327e-06 0 
0 0.000193755 8.69507e-05 5.67907e-06 8.19284e-08 3.4709e-10 5.97955e-13 6.13695e-16 5.77115e-19 1.70867e-21 9.07536e-23 4.4043e-23 3.3469e-23 3.17962e-23 3.11529e-23 2.93251e-23 3.11191e-23 3.81846e-23 9.35358e-23 1.63259e-21 2.5006e-19 6.11429e-17 1.24367e-14 1.73939e-12 1.46675e-10 6.88703e-09 1.74544e-07 2.41469e-06 1.90729e-05 9.16326e-05 0.000282724 0.000571799 0.000762275 0.000702576 0.00049215 0.000285569 0.000142806 6.06155e-05 1.99e-05 3.6158e-06 0 
0 0.000174252 5.79381e-05 2.39068e-06 1.8474e-08 3.62654e-11 2.5982e-14 1.04351e-17 7.38764e-21 9.07536e-23 8.96264e-24 4.75483e-24 4.48625e-24 4.62095e-24 4.5702e-24 4.15047e-24 3.70846e-24 3.20075e-24 4.52853e-24 3.05683e-23 1.93716e-21 7.62539e-19 3.18372e-16 8.72976e-14 1.35266e-11 1.08225e-09 4.31206e-08 8.64952e-07 9.17421e-06 5.53876e-05 0.000204709 0.000481862 0.000728433 0.000733175 0.000539306 0.000319941 0.000161386 6.87118e-05 2.25807e-05 4.10417e-06 0 
0 0.00015808 4.12428e-05 1.17045e-06 5.43384e-09 5.69473e-12 1.99365e-15 3.94784e-19 1.20339e-21 4.4043e-23 4.75484e-24 1.29444e-24 9.07592e-25 8.97666e-25 8.79032e-25 7.7995e-25 6.38155e-25 4.9503e-25 6.90165e-25 4.07017e-24 1.10086e-22 2.24379e-20 1.58583e-17 7.53246e-15 1.9172e-12 2.36966e-10 1.36631e-08 3.71454e-07 5.01632e-06 3.64815e-05 0.000155715 0.000412602 0.00068911 0.000746307 0.000572841 0.000346665 0.000176256 7.52541e-05 2.47537e-05 4.50045e-06 0 
0 0.00014657 3.21383e-05 6.96524e-07 2.23985e-09 1.49345e-12 3.11933e-16 5.62777e-20 5.24654e-22 3.3469e-23 4.48625e-24 9.07592e-25 3.23156e-25 2.22634e-25 1.97218e-25 1.68988e-25 1.34263e-25 1.18753e-25 2.63038e-25 1.69439e-24 2.7454e-23 2.35501e-21 1.81775e-18 1.28175e-15 4.66537e-13 7.88935e-11 5.93829e-09 2.01076e-07 3.2336e-06 2.6897e-05 0.000127207 0.000366153 0.000655929 0.000749262 0.000593905 0.000365006 0.000186742 7.99104e-05 2.63048e-05 4.78359e-06 0 
0 0.000140063 2.78403e-05 5.18016e-07 1.35337e-09 6.98692e-13 1.08929e-16 2.82992e-20 4.21667e-22 3.17962e-23 4.62095e-24 8.97667e-25 2.22634e-25 8.49983e-26 5.33964e-26 4.13341e-26 3.5093e-26 4.93666e-26 1.78023e-25 1.1654e-24 1.53082e-23 8.58525e-22 5.3297e-19 4.68543e-16 2.08841e-13 4.21763e-11 3.69206e-09 1.41586e-07 2.51401e-06 2.25649e-05 0.000113057 0.000340765 0.00063486 0.000747764 0.000604137 0.000374796 0.000192493 8.24869e-05 2.71657e-05 4.94088e-06 0 
0 0.000138476 2.69733e-05 4.86473e-07 1.21821e-09 5.96936e-13 8.76705e-17 2.50409e-20 4.0371e-22 3.11529e-23 4.57021e-24 8.79033e-25 1.97219e-25 5.33965e-26 2.07734e-26 1.28643e-26 1.38869e-26 3.49594e-26 1.59523e-25 1.06134e-24 1.35288e-23 7.06058e-22 4.12397e-19 3.79126e-16 1.76186e-13 3.69085e-11 3.33322e-09 1.31149e-07 2.37661e-06 2.16656e-05 0.000109827 0.000334179 0.000627958 0.000745054 0.000604905 0.000376238 0.000193448 8.29315e-05 2.73162e-05 4.9685e-06 0 
0 0.000141584 2.91427e-05 5.73012e-07 1.6143e-09 9.14544e-13 1.58553e-16 3.34291e-20 4.11307e-22 2.93251e-23 4.15047e-24 7.79951e-25 1.68989e-25 4.13342e-26 1.28643e-26 7.08299e-27 1.02605e-26 3.40613e-26 1.68734e-25 1.20061e-24 1.72677e-23 1.15548e-21 8.15208e-19 6.62696e-16 2.7472e-13 5.20732e-11 4.31935e-09 1.58434e-07 2.71462e-06 2.3699e-05 0.000116256 0.000344804 0.000634717 0.00074179 0.000596935 0.000369748 0.000189806 8.13253e-05 2.67825e-05 4.87118e-06 0 
0 0.000149092 3.47322e-05 8.28287e-07 3.03553e-09 2.37767e-12 5.96905e-16 9.86856e-20 5.94219e-22 3.11191e-23 3.70846e-24 6.38156e-25 1.34263e-25 3.5093e-26 1.38869e-26 1.02605e-26 1.49584e-26 4.36955e-26 2.17869e-25 1.82595e-24 3.7775e-23 4.69068e-21 3.79151e-18 2.32683e-15 7.46817e-13 1.13132e-10 7.75505e-09 2.43066e-07 3.67389e-06 2.91189e-05 0.000132739 0.000371607 0.000652517 0.000736306 0.000580278 0.000355895 0.00018198 7.78647e-05 2.56315e-05 4.66119e-06 0 
0 0.000160555 4.48825e-05 1.42048e-06 7.65486e-09 9.64014e-12 4.16178e-15 9.87276e-19 1.5939e-21 3.81846e-23 3.20075e-24 4.9503e-25 1.18753e-25 4.93666e-26 3.49593e-26 3.40613e-26 4.36955e-26 9.23548e-26 4.15449e-25 4.48786e-24 1.90305e-22 5.84115e-20 3.62673e-17 1.46833e-14 3.23612e-12 3.52598e-10 1.82607e-08 4.54234e-07 5.71121e-06 3.92821e-05 0.000160728 0.000413006 0.000676209 0.000725013 0.000554567 0.000335407 0.000170561 7.28379e-05 2.39618e-05 4.35673e-06 0 
0 0.000175198 6.15494e-05 2.77163e-06 2.41411e-08 5.49219e-11 4.65517e-14 2.23663e-17 1.31785e-20 9.35358e-23 4.52853e-24 6.90165e-25 2.63038e-25 1.78023e-25 1.59522e-25 1.68734e-25 2.17869e-25 4.15449e-25 1.93393e-24 3.5905e-23 4.12541e-21 1.65563e-18 6.02418e-16 1.45092e-13 1.999e-11 1.44202e-09 5.257e-08 9.79171e-07 9.78138e-06 5.63611e-05 0.000201379 0.00046446 0.000697146 0.000702983 0.000519414 0.000309218 0.00015628 6.6597e-05 2.18937e-05 3.97988e-06 0 
0 0.000191708 8.74733e-05 5.87771e-06 8.82118e-08 3.92373e-10 7.14438e-13 7.77884e-16 7.71748e-19 1.63259e-21 3.05683e-23 4.07017e-24 1.69439e-24 1.1654e-24 1.06134e-24 1.20061e-24 1.82595e-24 4.48786e-24 3.59049e-23 1.67241e-21 3.20076e-19 7.4716e-17 1.44602e-14 1.92796e-12 1.55312e-10 6.9842e-09 1.70109e-07 2.27279e-06 1.7451e-05 8.22e-05 0.000251773 0.000514143 0.0007022 0.000664789 0.000474826 0.000278489 0.000139957 5.95271e-05 1.95577e-05 3.5546e-06 0 
0 0.000208088 0.000125776 1.29427e-05 3.46037e-07 3.13703e-09 1.28684e-11 3.33933e-14 7.90982e-17 2.5006e-19 1.93716e-21 1.10086e-22 2.7454e-23 1.53082e-23 1.35288e-23 1.72677e-23 3.7775e-23 1.90305e-22 4.12541e-21 3.20076e-19 3.6149e-17 4.22732e-15 4.16801e-13 2.94553e-11 1.32754e-09 3.56103e-08 5.55974e-07 5.14943e-06 2.96995e-05 0.000113028 0.000295836 0.000536943 0.000673808 0.000605615 0.000421504 0.000244583 0.000122448 5.20162e-05 1.70838e-05 3.10466e-06 0 
0 0.000221697 0.000178841 2.83732e-05 1.3582e-06 2.52596e-08 2.35346e-10 1.46825e-12 8.41739e-15 6.11429e-17 7.62539e-19 2.24379e-20 2.35501e-21 8.58525e-22 7.06058e-22 1.15548e-21 4.69068e-21 5.84115e-20 1.65563e-18 7.4716e-17 4.22732e-15 2.44506e-13 1.20975e-11 4.42732e-10 1.07734e-08 1.64047e-07 1.55083e-06 9.49492e-06 4.03185e-05 0.00012557 0.000291257 0.000492135 0.000592984 0.000522552 0.000360951 0.000208987 0.000104583 4.44274e-05 1.45922e-05 2.65193e-06 0 
0 0.000229574 0.000246288 5.97259e-05 5.02322e-06 1.87135e-07 3.85794e-09 5.63013e-11 7.59847e-13 1.24367e-14 3.18372e-16 1.58583e-17 1.81775e-18 5.3297e-19 4.12397e-19 8.15208e-19 3.79151e-18 3.62673e-17 6.02418e-16 1.44602e-14 4.16801e-13 1.20975e-11 3.01243e-10 5.59221e-09 6.90854e-08 5.32606e-07 2.62157e-06 9.33347e-06 2.82331e-05 7.83026e-05 0.000187798 0.000345331 0.000449209 0.000416352 0.000295487 0.000173216 8.71187e-05 3.70773e-05 1.21859e-05 2.2151e-06 0 
0 0.000229079 0.000322504 0.000117248 1.6706e-05 1.18824e-06 5.13623e-08 1.65712e-09 4.9762e-11 1.73939e-12 8.72976e-14 7.53246e-15 1.28175e-15 4.68543e-16 3.79126e-16 6.62696e-16 2.32683e-15 1.46833e-14 1.45092e-13 1.92796e-12 2.94553e-11 4.42732e-10 5.59221e-09 5.01884e-08 2.68933e-07 7.64719e-07 1.25558e-06 1.75935e-06 3.47473e-06 1.14684e-05 4.60133e-05 0.000141656 0.000262322 0.000294701 0.000228467 0.00013877 7.07013e-05 3.02219e-05 9.94673e-06 1.80886e-06 0 
0 0.000218687 0.000395223 0.000209779 4.83558e-05 6.15613e-06 5.18108e-07 3.41859e-08 2.11384e-09 1.46675e-10 1.35266e-11 1.9172e-12 4.66537e-13 2.08841e-13 1.76186e-13 2.7472e-13 7.46817e-13 3.23612e-12 1.999e-11 1.55312e-10 1.32754e-09 1.07734e-08 6.90854e-08 2.68933e-07 4.40559e-07 2.19573e-07 3.97197e-08 7.91722e-09 7.99265e-09 6.62407e-08 1.48813e-06 2.11371e-05 9.98285e-05 0.000176418 0.000164799 0.000107156 5.58567e-05 2.40496e-05 7.93269e-06 1.44353e-06 0 
0 0.000198637 0.000447362 0.000335707 0.000119339 2.53118e-05 3.80525e-06 4.6853e-07 5.44631e-08 6.88703e-09 1.08225e-09 2.36966e-10 7.88935e-11 4.21763e-11 3.69085e-11 5.20732e-11 1.13132e-10 3.52598e-10 1.44202e-09 6.9842e-09 3.56103e-08 1.64047e-07 5.32606e-07 7.64719e-07 2.19573e-07 5.39068e-09 1.45456e-11 5.55758e-14 1.56372e-14 1.57632e-12 1.78026e-09 6.85743e-07 2.14029e-05 8.69218e-05 0.00011071 7.98338e-05 4.29735e-05 1.86799e-05 6.17844e-06 1.12518e-06 0 
0 0.00017108 0.000463285 0.000472632 0.000247734 8.17561e-05 2.00922e-05 4.18772e-06 8.30034e-07 1.74544e-07 4.31206e-08 1.36631e-08 5.93829e-09 3.69206e-09 3.33322e-09 4.31935e-09 7.75505e-09 1.82607e-08 5.257e-08 1.70109e-07 5.55974e-07 1.55083e-06 2.62157e-06 1.25558e-06 3.97197e-08 1.45456e-11 2.72815e-16 2.50263e-15 1.43017e-15 5.46671e-15 1.01732e-13 5.98773e-09 2.96567e-06 3.77343e-05 7.11435e-05 5.78853e-05 3.22655e-05 1.41627e-05 4.6969e-06 8.55994e-07 0 
0 0.000139542 0.000436912 0.000577447 0.00042708 0.000207157 7.68507e-05 2.46814e-05 7.5698e-06 2.41469e-06 8.64952e-07 3.71454e-07 2.01076e-07 1.41586e-07 1.31149e-07 1.58434e-07 2.43066e-07 4.54234e-07 9.79171e-07 2.27279e-06 5.14943e-06 9.49492e-06 9.33347e-06 1.75935e-06 7.91722e-09 5.55758e-14 2.50264e-15 5.54904e-16 3.56329e-16 7.54062e-16 8.30213e-15 8.2762e-11 5.15705e-07 1.78483e-05 4.64964e-05 4.15106e-05 2.37252e-05 1.04828e-05 3.48246e-06 6.34948e-07 0 
0 0.000107886 0.000375685 0.000608123 0.000602984 0.00041016 0.000216019 9.87816e-05 4.29512e-05 1.90729e-05 9.17421e-06 5.01632e-06 3.2336e-06 2.51401e-06 2.37661e-06 2.71462e-06 3.67389e-06 5.71121e-06 9.78138e-06 1.7451e-05 2.96995e-05 4.03185e-05 2.82331e-05 3.47473e-06 7.99265e-09 1.56372e-14 1.43017e-15 3.56329e-16 6.965e-16 3.50316e-15 7.42495e-14 2.28674e-11 2.70334e-07 1.18416e-05 3.29764e-05 2.98874e-05 1.71295e-05 7.57135e-06 2.51529e-06 4.58597e-07 0 
0 7.92515e-05 0.000296517 0.000554668 0.000691943 0.000627691 0.000448333 0.000276052 0.000159123 9.16326e-05 5.53876e-05 3.64815e-05 2.6897e-05 2.25649e-05 2.16656e-05 2.3699e-05 2.91189e-05 3.92821e-05 5.63611e-05 8.22e-05 0.000113028 0.00012557 7.83026e-05 1.14684e-05 6.62407e-08 1.57632e-12 5.46671e-15 7.54062e-16 3.50316e-15 5.14192e-16 4.69592e-16 2.81477e-10 5.53013e-07 1.18055e-05 2.57564e-05 2.16423e-05 1.21298e-05 5.32714e-06 1.76652e-06 3.21914e-07 0 
0 5.54682e-05 0.000216974 0.00044544 0.000652058 0.000738965 0.00068176 0.000542715 0.000397139 0.000282724 0.000204709 0.000155715 0.000127207 0.000113057 0.000109827 0.000116256 0.000132739 0.000160728 0.000201379 0.000251773 0.000295836 0.000291257 0.000187798 4.60133e-05 1.48813e-06 1.78026e-09 1.01732e-13 8.30213e-15 7.42495e-14 4.69592e-16 5.97129e-12 2.19736e-08 2.2914e-06 1.46091e-05 2.10248e-05 1.55249e-05 8.37695e-06 3.63926e-06 1.20313e-06 2.1906e-07 0 
0 3.70584e-05 0.000148671 0.0003221 0.000519949 0.000683856 0.00076304 0.000747947 0.000670134 0.000571799 0.000481862 0.000412602 0.000366153 0.000340765 0.000334179 0.000344804 0.000371607 0.000413006 0.00046446 0.000514143 0.000536943 0.000492135 0.000345331 0.000141656 2.11371e-05 6.85743e-07 5.98773e-09 8.2762e-11 2.28674e-11 2.81477e-10 2.19736e-08 9.40955e-07 7.95379e-06 1.71114e-05 1.66051e-05 1.07849e-05 5.59538e-06 2.40286e-06 7.91721e-07 1.44016e-07 0 
0 2.36286e-05 9.60525e-05 0.000214052 0.000364251 0.000521733 0.000655494 0.000741321 0.000773052 0.000762275 0.000728433 0.00068911 0.000655929 0.00063486 0.000627958 0.000634717 0.000652517 0.000676209 0.000697146 0.0007022 0.000673808 0.000592984 0.000449209 0.000262322 9.98285e-05 2.14029e-05 2.96567e-06 5.15705e-07 2.70334e-07 5.53013e-07 2.2914e-06 7.95379e-06 1.50953e-05 1.62631e-05 1.20497e-05 7.1232e-06 3.58433e-06 1.52468e-06 5.00933e-07 9.10433e-08 0 
0 1.433e-05 5.86254e-05 0.00013242 0.000231149 0.000345454 0.000461953 0.000566339 0.000647869 0.000702576 0.000733175 0.000746307 0.000749262 0.000747764 0.000745054 0.00074179 0.000736306 0.000725013 0.000702983 0.000664789 0.000605615 0.000522552 0.000416352 0.000294701 0.000176418 8.69218e-05 3.77343e-05 1.78483e-05 1.18416e-05 1.18055e-05 1.46091e-05 1.71114e-05 1.62631e-05 1.23822e-05 7.91709e-06 4.42655e-06 2.18447e-06 9.23257e-07 3.02714e-07 5.49827e-08 0 
0 8.20386e-06 3.36594e-05 7.64822e-05 0.000135007 0.000205607 0.000282866 0.000360309 0.000431658 0.00049215 0.000539306 0.000572841 0.000593905 0.000604137 0.000604905 0.000596935 0.000580278 0.000554567 0.000519414 0.000474826 0.000421504 0.000360951 0.000295487 0.000228467 0.000164799 0.00011071 7.11435e-05 4.64964e-05 3.29764e-05 2.57564e-05 2.10248e-05 1.66051e-05 1.20497e-05 7.91709e-06 4.72785e-06 2.57015e-06 1.25498e-06 5.28426e-07 1.73039e-07 3.14165e-08 0 
0 4.3728e-06 1.79629e-05 4.09164e-05 7.25546e-05 0.000111341 0.000154962 0.000200543 0.000245023 0.000285569 0.000319941 0.000346665 0.000365006 0.000374796 0.000376238 0.000369748 0.000355895 0.000335407 0.000309218 0.000278489 0.000244583 0.000208987 0.000173216 0.00013877 0.000107156 7.98338e-05 5.78853e-05 4.15106e-05 2.98874e-05 2.16423e-05 1.55249e-05 1.07849e-05 7.1232e-06 4.42655e-06 2.57015e-06 1.37976e-06 6.70291e-07 2.81688e-07 9.21778e-08 1.67316e-08 0 
0 2.11736e-06 8.70211e-06 1.98409e-05 3.52437e-05 5.42399e-05 7.58172e-05 9.87049e-05 0.000121499 0.000142806 0.000161386 0.000176256 0.000186742 0.000192493 0.000193448 0.000189806 0.00018198 0.000170561 0.00015628 0.000139957 0.000122448 0.000104583 8.71187e-05 7.07013e-05 5.58567e-05 4.29735e-05 3.22655e-05 2.37252e-05 1.71295e-05 1.21298e-05 8.37695e-06 5.59538e-06 3.58433e-06 2.18447e-06 1.25498e-06 6.70291e-07 3.24901e-07 1.36415e-07 4.46241e-08 8.09887e-09 0 
0 8.8858e-07 3.65265e-06 8.33105e-06 1.48079e-05 2.28125e-05 3.19362e-05 4.16639e-05 5.14188e-05 6.06155e-05 6.87118e-05 7.52541e-05 7.99104e-05 8.24869e-05 8.29315e-05 8.13253e-05 7.78647e-05 7.28379e-05 6.6597e-05 5.95271e-05 5.20162e-05 4.44274e-05 3.70773e-05 3.02219e-05 2.40496e-05 1.86799e-05 1.41627e-05 1.04828e-05 7.57135e-06 5.32714e-06 3.63926e-06 2.40286e-06 1.52468e-06 9.23257e-07 5.28426e-07 2.81688e-07 1.36415e-07 5.72536e-08 1.87258e-08 3.39836e-09 0 
0 2.90612e-07 1.19469e-06 2.72522e-06 4.84496e-06 7.46659e-06 1.04582e-05 1.36531e-05 1.68642e-05 1.99e-05 2.25807e-05 2.47537e-05 2.63048e-05 2.71657e-05 2.73162e-05 2.67825e-05 2.56315e-05 2.39618e-05 2.18937e-05 1.95577e-05 1.70838e-05 1.45922e-05 1.21859e-05 9.94673e-06 7.93269e-06 6.17844e-06 4.6969e-06 3.48246e-06 2.51529e-06 1.76652e-06 1.20313e-06 7.91721e-07 5.00933e-07 3.02714e-07 1.73039e-07 9.21778e-08 4.46241e-08 1.87258e-08 6.12419e-09 1.11139e-09 0 
0 5.2739e-08 2.16812e-07 4.94596e-07 8.79368e-07 1.35536e-06 1.89871e-06 2.47931e-06 3.06327e-06 3.6158e-06 4.10417e-06 4.50045e-06 4.78359e-06 4.94088e-06 4.9685e-06 4.87118e-06 4.66119e-06 4.35673e-06 3.97988e-06 3.5546e-06 3.10466e-06 2.65193e-06 2.2151e-06 1.80886e-06 1.44353e-06 1.12518e-06 8.55994e-07 6.34948e-07 4.58597e-07 3.21914e-07 2.1906e-07 1.44016e-07 9.10433e-08 5.49827e-08 3.14165e-08 1.67316e-08 8.09887e-09 3.39836e-09 1.11139e-09 2.01686e-10 0 
0 0 0 0 0 0 0 0 0 0 0 0 0 0 0 0 0 0 0 0 0 0 0 0 0 0 0 0 0 0 0 0 0 0 0 0 0 0 0 0 0 
