0 0 0 0 0 0 0 0 0 0 0 0 0 0 0 0 0 0 0 0 0 0 0 0 0 0 0 0 0 0 0 0 0 0 0 0 0 0 0 0 0 
0 1.32362e-05 5.17869e-05 0.000107995 0.000166666 0.000211331 0.000233081 0.000233352 0.000219634 0.000200012 0.000180351 0.000163941 0.000152213 0.000145565 0.000143933 0.000147094 0.000154738 0.000166387 0.000181219 0.000197858 0.000214233 0.000227627 0.000235031 0.000233804 0.000222481 0.000201423 0.000172927 0.000140636 0.00010846 7.95188e-05 5.55782e-05 3.70986e-05 2.36417e-05 1.43338e-05 8.20484e-06 4.37302e-06 2.11741e-06 8.88588e-07 2.90613e-07 5.27391e-08 0 
0 5.17869e-05 0.000188886 0.000344142 0.000427722 0.000404723 0.000316186 0.0002192 0.000143335 9.29362e-05 6.22409e-05 4.44841e-05 3.47627e-05 3.01609e-05 2.92292e-05 3.15484e-05 3.75194e-05 4.83355e-05 6.60334e-05 9.3442e-05 0.000133733 0.000189219 0.000259225 0.000337554 0.000411162 0.000462361 0.000475548 0.000445474 0.000380745 0.000299049 0.000218055 0.000149069 9.61808e-05 5.86618e-05 3.36686e-05 1.79649e-05 8.70249e-06 3.65271e-06 1.1947e-06 2.16813e-07 0 
0 0.000107995 0.000344142 0.000484763 0.000408147 0.000237586 0.000108559 4.32341e-05 1.63576e-05 6.34187e-06 2.6956e-06 1.33016e-06 7.96039e-07 5.93886e-07 5.58025e-07 6.56007e-07 9.44284e-07 1.60964e-06 3.11749e-06 6.55661e-06 1.43134e-05 3.11102e-05 6.49499e-05 0.0001265 0.000224552 0.00035632 0.000496875 0.000600631 0.000625692 0.000565145 0.000450421 0.000324037 0.000214686 0.000132599 7.65262e-05 4.09259e-05 1.98427e-05 8.33133e-06 2.72526e-06 4.94598e-07 0 
0 0.000166666 0.000427722 0.000408147 0.000200896 6.23308e-05 1.42753e-05 2.74457e-06 4.99367e-07 9.66052e-08 2.21455e-08 6.60167e-09 2.74749e-09 1.669e-09 1.50375e-09 1.98613e-09 3.70828e-09 9.25575e-09 2.88222e-08 1.0383e-07 4.01276e-07 1.5519e-06 5.65999e-06 1.85871e-05 5.32013e-05 0.000129965 0.000267027 0.000454942 0.000633487 0.000716358 0.000666302 0.000526204 0.000366422 0.000231772 0.000135159 7.25868e-05 3.52496e-05 1.48087e-05 4.84506e-06 8.79374e-07 0 
0 0.000211331 0.000404723 0.000237586 6.23308e-05 9.2164e-06 9.1568e-07 7.20432e-08 5.31801e-09 4.36643e-10 4.67708e-11 7.49429e-12 1.99407e-12 9.40479e-13 8.04679e-13 1.22673e-12 3.15533e-12 1.25966e-11 7.04067e-11 4.923e-10 3.84772e-09 3.02873e-08 2.19577e-07 1.36698e-06 6.9614e-06 2.82115e-05 9.00032e-05 0.000225355 0.000440093 0.000662351 0.000766088 0.000698357 0.000527349 0.000347146 0.000206026 0.00011143 5.42557e-05 2.28149e-05 7.46685e-06 1.35537e-06 0 
0 0.000233081 0.000316186 0.000108559 1.42753e-05 9.1568e-07 3.50848e-08 9.94153e-10 2.61925e-11 8.08817e-13 3.63737e-14 2.87047e-15 4.58319e-16 1.6188e-16 1.30556e-16 2.34476e-16 8.6956e-16 5.93311e-15 6.4627e-14 9.62745e-13 1.68047e-11 2.97794e-10 4.73578e-09 6.13096e-08 6.03359e-07 4.34013e-06 2.25337e-05 8.50041e-05 0.000235771 0.000481568 0.000718159 0.000788193 0.000666932 0.000465693 0.000283823 0.000155164 7.5853e-05 3.19415e-05 1.04587e-05 1.89874e-06 0 
0 0.000233352 0.0002192 4.32341e-05 2.74457e-06 7.20432e-08 9.94153e-10 9.43932e-12 8.26123e-14 8.96387e-16 1.59321e-17 6.08401e-19 7.50036e-20 3.22292e-20 2.77605e-20 4.06492e-20 1.43703e-19 1.53157e-18 3.37845e-17 1.13037e-15 4.65868e-14 1.96628e-12 7.24834e-11 2.05672e-09 4.1065e-08 5.47309e-07 4.78199e-06 2.76877e-05 0.000109212 0.000300669 0.000580073 0.000782125 0.000760245 0.000573255 0.00036217 0.000200943 9.87757e-05 4.16741e-05 1.36542e-05 2.47937e-06 0 
0 0.000219634 0.000143335 1.63576e-05 4.99367e-07 5.31801e-09 2.61925e-11 8.26123e-14 2.38116e-16 9.05708e-19 9.82888e-21 1.25839e-21 4.7842e-22 3.34684e-22 3.11843e-22 3.46038e-22 5.82319e-22 1.75946e-21 1.92572e-20 1.2063e-18 1.17871e-16 1.19276e-14 1.02575e-12 6.42118e-11 2.61929e-09 6.51637e-08 9.64848e-07 8.60265e-06 4.79744e-05 0.000175079 0.000429389 0.000708714 0.000799396 0.000658835 0.000434806 0.000245715 0.000121622 5.14366e-05 1.68662e-05 3.06338e-06 0 
0 0.000200012 9.29362e-05 6.34187e-06 9.66052e-08 4.36643e-10 8.08817e-13 8.96387e-16 9.05708e-19 2.25315e-21 8.70854e-23 3.28952e-23 2.39365e-23 2.09867e-23 2.01565e-23 2.00513e-23 2.28207e-23 2.95596e-23 1.00854e-22 2.36413e-21 3.95249e-19 9.13658e-17 1.75527e-14 2.32795e-12 1.87138e-10 8.42906e-09 2.06347e-07 2.77737e-06 2.14881e-05 0.000101572 0.000308245 0.000610325 0.000794372 0.000717857 0.000496865 0.000286638 0.000142998 6.06432e-05 1.99029e-05 3.61596e-06 0 
0 0.000180351 6.22409e-05 2.6956e-06 2.21455e-08 4.67708e-11 3.63737e-14 1.59321e-17 9.82889e-21 8.70854e-23 6.5657e-24 2.91421e-24 2.71768e-24 2.69678e-24 2.63601e-24 2.46411e-24 2.25841e-24 2.01585e-24 3.63201e-24 3.4598e-23 2.93698e-21 1.19281e-18 4.67236e-16 1.20637e-13 1.77064e-11 1.35126e-09 5.17441e-08 1.00549e-06 1.04115e-05 6.17358e-05 0.00022448 0.000517875 0.000764034 0.000752374 0.000545665 0.000321432 0.000161657 6.87508e-05 2.25848e-05 4.10441e-06 0 
0 0.000163941 4.44841e-05 1.33016e-06 6.60167e-09 7.49429e-12 2.87047e-15 6.08401e-19 1.25839e-21 3.28952e-23 2.91421e-24 6.98759e-25 4.84419e-25 4.75714e-25 4.64172e-25 4.17256e-25 3.43037e-25 2.74259e-25 4.70855e-25 3.62054e-24 1.33727e-22 3.55293e-20 2.40175e-17 1.06802e-14 2.56182e-12 3.00651e-10 1.65941e-08 4.35527e-07 5.72584e-06 4.08268e-05 0.000171406 0.000445524 0.00072632 0.000768566 0.000580687 0.000348561 0.000176604 7.53044e-05 2.4759e-05 4.50075e-06 0 
0 0.000152213 3.47627e-05 7.96039e-07 2.74749e-09 1.99407e-12 4.58319e-16 7.50036e-20 4.7842e-22 2.39366e-23 2.71768e-24 4.84419e-25 1.58814e-25 1.07753e-25 9.58084e-26 8.25959e-26 6.56815e-26 6.24431e-26 1.72776e-25 1.37429e-24 2.9137e-23 3.41412e-21 2.81332e-18 1.85053e-15 6.32458e-13 1.01226e-10 7.27308e-09 2.37175e-07 3.70564e-06 3.01791e-05 0.000140341 0.000396491 0.000693568 0.000773545 0.00060288 0.000367226 0.000187155 7.99701e-05 2.63112e-05 4.78395e-06 0 
0 0.000145565 3.01609e-05 5.93886e-07 1.669e-09 9.40479e-13 1.6188e-16 3.22292e-20 3.34684e-22 2.09867e-23 2.69679e-24 4.75715e-25 1.07753e-25 3.85123e-26 2.38471e-26 1.85752e-26 1.62723e-26 2.68894e-26 1.16716e-25 9.00413e-25 1.47689e-23 1.12419e-21 8.33263e-19 6.82999e-16 2.85275e-13 5.44332e-11 4.54162e-09 1.67509e-07 2.88653e-06 2.53471e-05 0.000124843 0.000369463 0.000672368 0.000773048 0.000613753 0.000377211 0.000192944 8.25524e-05 2.71727e-05 4.94128e-06 0 
0 0.000143933 2.92292e-05 5.58025e-07 1.50375e-09 8.04679e-13 1.30556e-16 2.77605e-20 3.11844e-22 2.01566e-23 2.63602e-24 4.64172e-25 9.58085e-26 2.38471e-26 8.73807e-27 5.44166e-27 6.60984e-27 2.00514e-26 1.04926e-25 8.10759e-25 1.27911e-23 9.05873e-22 6.45156e-19 5.53147e-16 2.40809e-13 4.765e-11 4.10064e-09 1.55148e-07 2.72807e-06 2.4328e-05 0.000121234 0.000362268 0.000665122 0.000770393 0.000614622 0.00037869 0.000193908 8.29983e-05 2.73233e-05 4.9689e-06 0 
0 0.000147094 3.15484e-05 6.56007e-07 1.98613e-09 1.22673e-12 2.34476e-16 4.06492e-20 3.46038e-22 2.00513e-23 2.46411e-24 4.17256e-25 8.25961e-26 1.85752e-26 5.44167e-27 3.10514e-27 5.25814e-27 2.01546e-26 1.13107e-25 9.47689e-25 1.73243e-23 1.57688e-21 1.266e-18 9.59618e-16 3.73158e-13 6.6889e-11 5.29239e-09 1.86833e-07 3.10849e-06 2.65611e-05 0.000128127 0.000373229 0.000671385 0.000766304 0.000606227 0.000372081 0.000190243 8.13888e-05 2.67893e-05 4.87156e-06 0 
0 0.000154738 3.75194e-05 9.44284e-07 3.70828e-09 3.15533e-12 8.6956e-16 1.43703e-19 5.82319e-22 2.28208e-23 2.25841e-24 3.43037e-25 6.56816e-26 1.62723e-26 6.60984e-27 5.25813e-27 8.2699e-27 2.67533e-26 1.51602e-25 1.53045e-24 4.23378e-23 7.13337e-21 5.78829e-18 3.31867e-15 1.00191e-12 1.43875e-10 9.42745e-09 2.84904e-07 4.18791e-06 3.25243e-05 0.000145872 0.000401088 0.000688338 0.000759147 0.00058869 0.000357979 0.000182368 7.79211e-05 2.56375e-05 4.66154e-06 0 
0 0.000166387 4.83355e-05 1.60964e-06 9.25575e-09 1.25966e-11 5.93311e-15 1.53157e-18 1.75946e-21 2.95596e-23 2.01585e-24 2.74259e-25 6.24431e-26 2.68894e-26 2.00514e-26 2.01546e-26 2.67533e-26 6.18528e-26 3.23875e-25 4.39399e-24 2.49407e-22 9.22032e-20 5.39535e-17 2.04944e-14 4.26521e-12 4.42052e-10 2.19496e-08 5.27815e-07 6.46789e-06 4.36575e-05 0.000175865 0.000443824 0.00071044 0.000745377 0.000561762 0.000337156 0.000170884 7.28849e-05 2.39668e-05 4.35701e-06 0 
0 0.000181219 6.60334e-05 3.11749e-06 2.88222e-08 7.04067e-11 6.4627e-14 3.37845e-17 1.92572e-20 1.00854e-22 3.63201e-24 4.70855e-25 1.72775e-25 1.16716e-25 1.04926e-25 1.13107e-25 1.51601e-25 3.23875e-25 1.82558e-24 4.50163e-23 6.47402e-21 2.53997e-18 8.67978e-16 1.97182e-13 2.5774e-11 1.77592e-09 6.22995e-08 1.12528e-06 1.09837e-05 6.22169e-05 0.000219004 0.000496107 0.000728563 0.000720184 0.000525209 0.000310596 0.000156533 6.66338e-05 2.18977e-05 3.98011e-06 0 
0 0.000197858 9.3442e-05 6.55661e-06 1.0383e-07 4.923e-10 9.62745e-13 1.13037e-15 1.2063e-18 2.36413e-21 3.4598e-23 3.62054e-24 1.37429e-24 9.00412e-25 8.10758e-25 9.47688e-25 1.53045e-24 4.39398e-24 4.50163e-23 2.60638e-21 4.98757e-19 1.09891e-16 2.00969e-14 2.54198e-12 1.95283e-10 8.42642e-09 1.98281e-07 2.57773e-06 1.9391e-05 8.9942e-05 0.00027157 0.000544913 0.000729245 0.000678403 0.00047921 0.000279512 0.000140144 5.95544e-05 1.95607e-05 3.55477e-06 0 
0 0.000214233 0.000133733 1.43134e-05 4.01276e-07 3.84772e-09 1.68047e-11 4.65868e-14 1.17871e-16 3.95249e-19 2.93698e-21 1.33727e-22 2.9137e-23 1.47689e-23 1.27911e-23 1.73243e-23 4.23378e-23 2.49407e-22 6.47402e-21 4.98757e-19 5.35473e-17 5.94503e-15 5.57501e-13 3.75982e-11 1.6246e-09 4.20135e-08 6.36299e-07 5.75364e-06 3.25907e-05 0.000122306 0.000315797 0.000563863 0.000695054 0.000615623 0.000424627 0.000245305 0.00012258 5.20356e-05 1.70859e-05 3.10478e-06 0 
0 0.000227627 0.000189219 3.11102e-05 1.5519e-06 3.02873e-08 2.97794e-10 1.96628e-12 1.19276e-14 9.13658e-17 1.19281e-18 3.55293e-20 3.41412e-21 1.12419e-21 9.05872e-22 1.57688e-21 7.13337e-21 9.22032e-20 2.53997e-18 1.09891e-16 5.94503e-15 3.28669e-13 1.55645e-11 5.46765e-10 1.28239e-08 1.8916e-07 1.7419e-06 1.04456e-05 4.36513e-05 0.000134196 0.000307354 0.000511952 0.000607834 0.000529393 0.000363076 0.00020948 0.000104674 4.44408e-05 1.45936e-05 2.65201e-06 0 
0 0.000235031 0.000259225 6.49499e-05 5.65999e-06 2.19577e-07 4.73578e-09 7.24834e-11 1.02575e-12 1.75527e-14 4.67236e-16 2.40175e-17 2.81332e-18 8.33263e-19 6.45156e-19 1.266e-18 5.78829e-18 5.39535e-17 8.67978e-16 2.00969e-14 5.57501e-13 1.55645e-11 3.732e-10 6.68814e-09 8.00788e-08 6.01326e-07 2.8981e-06 1.01473e-05 3.02712e-05 8.2905e-05 0.000196405 0.00035663 0.000458323 0.000420797 0.000296918 0.000173555 8.71818e-05 3.70867e-05 1.21869e-05 2.21516e-06 0 
0 0.000233804 0.000337554 0.0001265 1.85871e-05 1.36698e-06 6.13096e-08 2.05672e-09 6.42118e-11 2.32795e-12 1.20637e-13 1.06802e-14 1.85053e-15 6.82999e-16 5.53147e-16 9.59618e-16 3.31867e-15 2.04944e-14 1.97182e-13 2.54198e-12 3.75982e-11 5.46765e-10 6.68814e-09 5.82878e-08 3.04763e-07 8.51152e-07 1.38143e-06 1.91939e-06 3.7517e-06 1.22039e-05 4.81708e-05 0.000146093 0.00026724 0.000297573 0.000229473 0.000139016 7.07476e-05 3.02288e-05 9.94748e-06 1.8089e-06 0 
0 0.000222481 0.000411162 0.000224552 5.32013e-05 6.9614e-06 6.03359e-07 4.1065e-08 2.61929e-09 1.87138e-10 1.77064e-11 2.56182e-12 6.32458e-13 2.85275e-13 2.40809e-13 3.73158e-13 1.00191e-12 4.26521e-12 2.5774e-11 1.95283e-10 1.6246e-09 1.28239e-08 8.00788e-08 3.04763e-07 4.92078e-07 2.44683e-07 4.46682e-08 8.99849e-09 9.05251e-09 7.32592e-08 1.59352e-06 2.20128e-05 0.000102034 0.000178306 0.000165562 0.00010735 5.58932e-05 2.4055e-05 7.93328e-06 1.44357e-06 0 
0 0.000201423 0.000462361 0.00035632 0.000129965 2.82115e-05 4.34013e-06 5.47309e-07 6.51637e-08 8.42906e-09 1.35126e-09 3.00651e-10 1.01226e-10 5.44332e-11 4.765e-11 6.6889e-11 1.43875e-10 4.42052e-10 1.77592e-09 8.42642e-09 4.20135e-08 1.8916e-07 6.01326e-07 8.51152e-07 2.44683e-07 6.16362e-09 1.74528e-11 7.12788e-14 2.04333e-14 1.91348e-12 2.01511e-09 7.32804e-07 2.20829e-05 8.81123e-05 0.000111316 7.99956e-05 4.30038e-05 1.86842e-05 6.1789e-06 1.12521e-06 0 
0 0.000172927 0.000475548 0.000496875 0.000267027 9.00032e-05 2.25337e-05 4.78199e-06 9.64848e-07 2.06347e-07 5.17441e-08 1.65941e-08 7.27308e-09 4.54162e-09 4.10064e-09 5.29239e-09 9.42745e-09 2.19496e-08 6.22995e-08 1.98281e-07 6.36299e-07 1.7419e-06 2.8981e-06 1.38143e-06 4.46682e-08 1.74528e-11 2.57875e-16 2.6087e-15 1.51981e-15 3.7336e-15 1.25523e-13 6.65809e-09 3.10413e-06 3.84163e-05 7.16161e-05 5.80194e-05 3.22903e-05 1.41662e-05 4.69727e-06 8.56015e-07 0 
0 0.000140636 0.000445474 0.000600631 0.000454942 0.000225355 8.50041e-05 2.76877e-05 8.60265e-06 2.77737e-06 1.00549e-06 4.35527e-07 2.37175e-07 1.67509e-07 1.55148e-07 1.86833e-07 2.84904e-07 5.27815e-07 1.12528e-06 2.57773e-06 5.75364e-06 1.04456e-05 1.01473e-05 1.91939e-06 8.99849e-09 7.12788e-14 2.6087e-15 5.08829e-16 2.89554e-16 4.07821e-16 4.07734e-15 9.55461e-11 5.46812e-07 1.82372e-05 4.68467e-05 4.16146e-05 2.37443e-05 1.04854e-05 3.48273e-06 6.34963e-07 0 
0 0.00010846 0.000380745 0.000625692 0.000633487 0.000440093 0.000235771 0.000109212 4.79744e-05 2.14881e-05 1.04115e-05 5.72584e-06 3.70564e-06 2.88653e-06 2.72807e-06 3.10849e-06 4.18791e-06 6.46789e-06 1.09837e-05 1.9391e-05 3.25907e-05 4.36513e-05 3.02712e-05 3.7517e-06 9.05251e-09 2.04333e-14 1.51981e-15 2.89554e-16 4.05863e-16 2.07304e-15 4.93928e-14 2.66936e-11 2.87436e-07 1.21058e-05 3.3224e-05 2.99603e-05 1.71427e-05 7.57316e-06 2.51547e-06 4.58607e-07 0 
0 7.95188e-05 0.000299049 0.000565145 0.000716358 0.000662351 0.000481568 0.000300669 0.000175079 0.000101572 6.17358e-05 4.08268e-05 3.01791e-05 2.53471e-05 2.4328e-05 2.65611e-05 3.25243e-05 4.36575e-05 6.22169e-05 8.9942e-05 0.000122306 0.000134196 8.2905e-05 1.22039e-05 7.32592e-08 1.91348e-12 3.7336e-15 4.07821e-16 2.07304e-15 2.93671e-16 4.66027e-16 3.18947e-10 5.82065e-07 1.2028e-05 2.59209e-05 2.16873e-05 1.21378e-05 5.32823e-06 1.76663e-06 3.2192e-07 0 
0 5.55782e-05 0.000218055 0.000450421 0.000666302 0.000766088 0.000718159 0.000580073 0.000429389 0.000308245 0.00022448 0.000171406 0.000140341 0.000124843 0.000121234 0.000128127 0.000145872 0.000175865 0.000219004 0.00027157 0.000315797 0.000307354 0.000196405 4.81708e-05 1.59352e-06 2.01511e-09 1.25523e-13 4.07734e-15 4.93928e-14 4.66027e-16 6.99715e-12 2.38215e-08 2.37176e-06 1.48014e-05 2.11218e-05 1.55489e-05 8.38112e-06 3.63983e-06 1.20318e-06 2.19063e-07 0 
0 3.70986e-05 0.000149069 0.000324037 0.000526204 0.000698357 0.000788193 0.000782125 0.000708714 0.000610325 0.000517875 0.000445524 0.000396491 0.000369463 0.000362268 0.000373229 0.000401088 0.000443824 0.000496107 0.000544913 0.000563863 0.000511952 0.00035663 0.000146093 2.20128e-05 7.32804e-07 6.65809e-09 9.55461e-11 2.66936e-11 3.18947e-10 2.38215e-08 9.82018e-07 8.10859e-06 1.72443e-05 1.66526e-05 1.07956e-05 5.59725e-06 2.40312e-06 7.91749e-07 1.44017e-07 0 
0 2.36417e-05 9.61808e-05 0.000214686 0.000366422 0.000527349 0.000666932 0.000760245 0.000799396 0.000794372 0.000764034 0.00072632 0.000693568 0.000672368 0.000665122 0.000671385 0.000688338 0.00071044 0.000728563 0.000729245 0.000695054 0.000607834 0.000458323 0.00026724 0.000102034 2.20829e-05 3.10413e-06 5.46812e-07 2.87436e-07 5.82065e-07 2.37176e-06 8.10859e-06 1.52359e-05 1.63277e-05 1.20684e-05 7.12727e-06 3.58505e-06 1.52479e-06 5.00944e-07 9.1044e-08 0 
0 1.43338e-05 5.86618e-05 0.000132599 0.000231772 0.000347146 0.000465693 0.000573255 0.000658835 0.000717857 0.000752374 0.000768566 0.000773545 0.000773048 0.000770393 0.000766304 0.000759147 0.000745377 0.000720184 0.000678403 0.000615623 0.000529393 0.000420797 0.000297573 0.000178306 8.81123e-05 3.84163e-05 1.82372e-05 1.21058e-05 1.2028e-05 1.48014e-05 1.72443e-05 1.63277e-05 1.24047e-05 7.92308e-06 4.42785e-06 2.18471e-06 9.23292e-07 3.02718e-07 5.49829e-08 0 
0 8.20484e-06 3.36686e-05 7.65262e-05 0.000135159 0.000206026 0.000283823 0.00036217 0.000434806 0.000496865 0.000545665 0.000580687 0.00060288 0.000613753 0.000614622 0.000606227 0.00058869 0.000561762 0.000525209 0.00047921 0.000424627 0.000363076 0.000296918 0.000229473 0.000165562 0.000111316 7.16161e-05 4.68467e-05 3.3224e-05 2.59209e-05 2.11218e-05 1.66526e-05 1.20684e-05 7.92308e-06 4.72943e-06 2.57051e-06 1.25505e-06 5.28436e-07 1.7304e-07 3.14166e-08 0 
0 4.37302e-06 1.79649e-05 4.09259e-05 7.25868e-05 0.00011143 0.000155164 0.000200943 0.000245715 0.000286638 0.000321432 0.000348561 0.000367226 0.000377211 0.00037869 0.000372081 0.000357979 0.000337156 0.000310596 0.000279512 0.000245305 0.00020948 0.000173555 0.000139016 0.00010735 7.99956e-05 5.80194e-05 4.16146e-05 2.99603e-05 2.16873e-05 1.55489e-05 1.07956e-05 7.12727e-06 4.42785e-06 2.57051e-06 1.37985e-06 6.70308e-07 2.81691e-07 9.21781e-08 1.67316e-08 0 
0 2.11741e-06 8.70249e-06 1.98427e-05 3.52496e-05 5.42557e-05 7.5853e-05 9.87757e-05 0.000121622 0.000142998 0.000161657 0.000176604 0.000187155 0.000192944 0.000193908 0.000190243 0.000182368 0.000170884 0.000156533 0.000140144 0.00012258 0.000104674 8.71818e-05 7.07476e-05 5.58932e-05 4.30038e-05 3.22903e-05 2.37443e-05 1.71427e-05 1.21378e-05 8.38112e-06 5.59725e-06 3.58505e-06 2.18471e-06 1.25505e-06 6.70308e-07 3.24904e-07 1.36416e-07 4.46241e-08 8.09887e-09 0 
0 8.88588e-07 3.65271e-06 8.33133e-06 1.48087e-05 2.28149e-05 3.19415e-05 4.16741e-05 5.14366e-05 6.06432e-05 6.87508e-05 7.53044e-05 7.99701e-05 8.25524e-05 8.29983e-05 8.13888e-05 7.79211e-05 7.28849e-05 6.66338e-05 5.95544e-05 5.20356e-05 4.44408e-05 3.70867e-05 3.02288e-05 2.4055e-05 1.86842e-05 1.41662e-05 1.04854e-05 7.57316e-06 5.32823e-06 3.63983e-06 2.40312e-06 1.52479e-06 9.23292e-07 5.28436e-07 2.81691e-07 1.36416e-07 5.72537e-08 1.87258e-08 3.39836e-09 0 
0 2.90613e-07 1.1947e-06 2.72526e-06 4.84506e-06 7.46685e-06 1.04587e-05 1.36542e-05 1.68662e-05 1.99029e-05 2.25848e-05 2.4759e-05 2.63112e-05 2.71727e-05 2.73233e-05 2.67893e-05 2.56375e-05 2.39668e-05 2.18977e-05 1.95607e-05 1.70859e-05 1.45936e-05 1.21869e-05 9.94748e-06 7.93328e-06 6.1789e-06 4.69727e-06 3.48273e-06 2.51547e-06 1.76663e-06 1.20318e-06 7.91749e-07 5.00944e-07 3.02718e-07 1.7304e-07 9.21781e-08 4.46241e-08 1.87258e-08 6.12419e-09 1.11139e-09 0 
0 5.27391e-08 2.16813e-07 4.94598e-07 8.79374e-07 1.35537e-06 1.89874e-06 2.47937e-06 3.06338e-06 3.61596e-06 4.10441e-06 4.50075e-06 4.78395e-06 4.94128e-06 4.9689e-06 4.87156e-06 4.66154e-06 4.35701e-06 3.98011e-06 3.55477e-06 3.10478e-06 2.65201e-06 2.21516e-06 1.8089e-06 1.44357e-06 1.12521e-06 8.56015e-07 6.34963e-07 4.58607e-07 3.2192e-07 2.19063e-07 1.44017e-07 9.1044e-08 5.49829e-08 3.14166e-08 1.67316e-08 8.09887e-09 3.39836e-09 1.11139e-09 2.01686e-10 0 
0 0 0 0 0 0 0 0 0 0 0 0 0 0 0 0 0 0 0 0 0 0 0 0 0 0 0 0 0 0 0 0 0 0 0 0 0 0 0 0 0 
