0 0 0 0 0 0 0 0 0 0 0 0 0 0 0 0 0 0 0 0 0 0 0 0 0 0 0 0 0 0 0 0 0 0 0 0 0 0 0 0 0 
0 1.31825e-05 5.13355e-05 0.000106224 0.000162196 0.000203174 0.000221392 0.00021924 0.000204423 0.000184708 0.000165499 0.000149713 0.00013854 0.000132249 0.000130728 0.000133753 0.00014105 0.000152218 0.000166547 0.000182816 0.000199136 0.000212976 0.000221458 0.00022196 0.000212886 0.000194307 0.000168159 0.000137781 0.000106944 7.88068e-05 5.52825e-05 3.69898e-05 2.3606e-05 1.43234e-05 8.20214e-06 4.3724e-06 2.11728e-06 8.88567e-07 2.9061e-07 5.27389e-08 0 
0 5.13355e-05 0.000185159 0.000331046 0.00040131 0.000369857 0.000282153 0.000191713 0.000123249 7.87598e-05 5.2104e-05 3.68774e-05 2.86195e-05 2.47363e-05 2.39573e-05 2.59216e-05 3.09884e-05 4.02218e-05 5.54584e-05 7.93011e-05 0.000114777 0.000164328 0.000227943 0.000300809 0.000371794 0.000424824 0.000444411 0.000423403 0.000367508 0.000292336 0.000215155 0.00014799 9.58307e-05 5.85619e-05 3.36434e-05 1.79593e-05 8.70142e-06 3.65254e-06 1.19467e-06 2.16811e-07 0 
0 0.000106224 0.000331046 0.000449875 0.000363255 0.000203495 8.99623e-05 3.47684e-05 1.27849e-05 4.82614e-06 2.00332e-06 9.6962e-07 5.72275e-07 4.23663e-07 3.9755e-07 4.69616e-07 6.83013e-07 1.18174e-06 2.33093e-06 5.003e-06 1.11551e-05 2.47563e-05 5.2722e-05 0.000104638 0.000189239 0.000306348 0.000437087 0.000542318 0.000580582 0.000537713 0.000437155 0.000318807 0.000212957 0.000132107 7.64047e-05 4.08996e-05 1.98378e-05 8.33056e-06 2.72517e-06 4.94593e-07 0 
0 0.000162196 0.00040131 0.000363255 0.000169511 5.01184e-05 1.09516e-05 2.0067e-06 3.47934e-07 6.42971e-08 1.41522e-08 4.08148e-09 1.65881e-09 9.94429e-10 8.9387e-10 1.19026e-09 2.26169e-09 5.79029e-09 1.86038e-08 6.94109e-08 2.7829e-07 1.1161e-06 4.21223e-06 1.42651e-05 4.19449e-05 0.000104966 0.000220921 0.000387011 0.000557302 0.000653784 0.000628908 0.00050946 0.000360527 0.000230063 0.000134738 7.24974e-05 3.52332e-05 1.48063e-05 4.84478e-06 8.79357e-07 0 
0 0.000203174 0.000369857 0.000203495 5.01184e-05 6.95099e-06 6.44546e-07 4.7141e-08 3.2337e-09 2.47701e-10 2.49513e-11 3.80309e-12 9.76244e-13 4.51287e-13 3.84731e-13 5.9377e-13 1.56835e-12 6.50589e-12 3.81243e-11 2.81124e-10 2.32371e-09 1.93436e-08 1.4792e-07 9.66639e-07 5.13399e-06 2.15462e-05 7.07785e-05 0.000182192 0.000367461 0.000575848 0.000696332 0.000660053 0.000512211 0.000342522 0.00020487 0.000111185 5.42118e-05 2.28084e-05 7.46612e-06 1.35533e-06 0 
0 0.000221392 0.000282153 8.99623e-05 1.09516e-05 6.44546e-07 2.24408e-08 5.74503e-10 1.36731e-11 3.8355e-13 1.58409e-14 1.16596e-15 1.77006e-16 6.07722e-17 4.87622e-17 8.91017e-17 3.4305e-16 2.47004e-15 2.87365e-14 4.60842e-13 8.69356e-12 1.6654e-10 2.85436e-09 3.95917e-08 4.14041e-07 3.13392e-06 1.69473e-05 6.60561e-05 0.000188959 0.000400707 0.000626699 0.00072289 0.000636429 0.000455532 0.000281192 0.000154604 7.57534e-05 3.19269e-05 1.04571e-05 1.89865e-06 0 
0 0.00021924 0.000191713 3.47684e-05 2.0067e-06 4.7141e-08 5.74503e-10 4.78271e-12 3.66957e-14 3.51471e-16 5.60324e-18 2.19052e-19 4.45524e-20 2.86805e-20 2.63315e-20 3.08363e-20 6.46714e-20 5.25336e-19 1.2192e-17 4.48965e-16 2.04697e-14 9.55896e-13 3.88428e-11 1.20641e-09 2.61093e-08 3.72733e-07 3.44269e-06 2.08049e-05 8.49113e-05 0.00024198 0.000488217 0.000695033 0.000710423 0.000554605 0.000357075 0.00019984 9.85793e-05 4.16456e-05 1.36511e-05 2.47919e-06 0 
0 0.000204423 0.000123249 1.27849e-05 3.47934e-07 3.2337e-09 1.36731e-11 3.66957e-14 8.99415e-17 3.00134e-19 5.69104e-21 1.33269e-21 7.93907e-22 7.85717e-22 7.7593e-22 7.1329e-22 7.71614e-22 1.59524e-21 8.52759e-21 4.01878e-19 4.39931e-17 5.04302e-15 4.88935e-13 3.42164e-11 1.54261e-09 4.1838e-08 6.65041e-07 6.26537e-06 3.64129e-05 0.000137598 0.000351479 0.000612112 0.00073097 0.000629517 0.000426229 0.000243808 0.00012128 5.13872e-05 1.68608e-05 3.06307e-06 0 
0 0.000184708 7.87598e-05 4.82614e-06 6.42971e-08 2.47701e-10 3.8355e-13 3.51471e-16 3.00134e-19 1.32166e-21 1.28405e-22 8.01221e-23 7.07136e-23 7.81909e-23 7.88391e-23 6.83056e-23 6.04838e-23 6.83402e-23 1.05471e-22 1.07218e-21 1.2821e-19 3.3872e-17 7.49548e-15 1.13352e-12 1.02544e-10 5.11785e-09 1.36456e-07 1.96449e-06 1.5979e-05 7.84663e-05 0.000247396 0.000515257 0.000712051 0.000677349 0.000484084 0.0002837 0.000142466 6.05664e-05 1.98947e-05 3.61549e-06 0 
0 0.000165499 5.2104e-05 2.00332e-06 1.41522e-08 2.49513e-11 1.58409e-14 5.60324e-18 5.69104e-21 1.28405e-22 1.85681e-23 1.18384e-23 1.19036e-23 1.34412e-23 1.35845e-23 1.16662e-23 9.45063e-24 7.92126e-24 7.9757e-24 3.16014e-23 1.15951e-21 3.95586e-19 1.81143e-16 5.42739e-14 9.10718e-12 7.81039e-10 3.29836e-08 6.92975e-07 7.60808e-06 4.70842e-05 0.000177775 0.00043 0.000673699 0.000701878 0.00052851 0.000317349 0.000160909 6.86426e-05 2.25733e-05 4.10375e-06 0 
0 0.000149713 3.68774e-05 9.6962e-07 4.08148e-09 3.80309e-12 1.16596e-15 2.19052e-19 1.33269e-21 8.01221e-23 1.18384e-23 3.90358e-24 2.87726e-24 2.97523e-24 2.94766e-24 2.52537e-24 1.96438e-24 1.4885e-24 1.55871e-24 6.00806e-24 9.61377e-23 1.18553e-20 8.61348e-18 4.50905e-15 1.25235e-12 1.67037e-10 1.02687e-08 2.93916e-07 4.12614e-06 3.08467e-05 0.000134568 0.000365827 0.000632676 0.000710397 0.000559607 0.000343382 0.000175643 7.51651e-05 2.47442e-05 4.49991e-06 0 
0 0.00013854 2.86195e-05 5.72275e-07 1.65881e-09 9.76244e-13 1.77006e-16 4.45524e-20 7.93907e-22 7.07136e-23 1.19036e-23 2.87726e-24 1.15592e-24 8.33203e-25 7.40524e-25 6.20371e-25 4.78403e-25 3.90957e-25 6.19263e-25 2.84442e-24 3.10588e-23 1.54883e-21 9.57267e-19 7.47096e-16 2.98356e-13 5.47032e-11 4.4083e-09 1.57724e-07 2.64479e-06 2.26639e-05 0.000109623 0.00032342 0.000599374 0.000710382 0.000578844 0.000361172 0.000186019 7.98049e-05 2.62936e-05 4.78295e-06 0 
0 0.000132249 2.47363e-05 4.23663e-07 9.94429e-10 4.51287e-13 6.07722e-17 2.86805e-20 7.85718e-22 7.81909e-23 1.34413e-23 2.97524e-24 8.33204e-25 3.48901e-25 2.24792e-25 1.71011e-25 1.37487e-25 1.56802e-25 4.18272e-25 2.14298e-24 2.03804e-23 6.71179e-22 2.77396e-19 2.69249e-16 1.3207e-13 2.89935e-11 2.72342e-09 1.10572e-07 2.05064e-06 1.89854e-05 9.73278e-05 0.000300522 0.000578791 0.000707462 0.00058805 0.000370635 0.000191702 8.23712e-05 2.71534e-05 4.94018e-06 0 
0 0.000130728 2.39573e-05 3.9755e-07 8.9387e-10 3.84731e-13 4.87622e-17 2.63315e-20 7.7593e-22 7.88391e-23 1.35845e-23 2.94766e-24 7.40525e-25 2.24792e-25 9.49103e-26 5.83239e-26 5.38354e-26 1.01526e-25 3.70552e-25 1.9888e-24 1.85395e-23 5.68683e-22 2.14676e-19 2.17575e-16 1.11324e-13 2.53602e-11 2.45836e-09 1.02436e-07 1.93937e-06 1.82398e-05 9.46054e-05 0.000294816 0.000572465 0.000704714 0.000588669 0.000372017 0.000192644 8.28137e-05 2.73036e-05 4.96778e-06 0 
0 0.000133753 2.59216e-05 4.69616e-07 1.19026e-09 5.9377e-13 8.91017e-17 3.08363e-20 7.13291e-22 6.83057e-23 1.16662e-23 2.52537e-24 6.20372e-25 1.71011e-25 5.83239e-26 3.09963e-26 3.55367e-26 9.22867e-26 3.76299e-25 2.12111e-24 2.165e-23 8.45597e-22 4.27727e-19 3.84563e-16 1.75177e-13 3.60467e-11 3.20462e-09 1.24324e-07 2.22309e-06 2.00063e-05 0.000100371 0.000304856 0.000579824 0.000702696 0.000581396 0.000365732 0.000189043 8.12134e-05 2.67706e-05 4.87049e-06 0 
0 0.00014105 3.09884e-05 6.83013e-07 2.26169e-09 1.56835e-12 3.4305e-16 6.46714e-20 7.71614e-22 6.04839e-23 9.45064e-24 1.96438e-24 4.78403e-25 1.37487e-25 5.38354e-26 3.55367e-26 4.51313e-26 1.11612e-25 4.55308e-25 2.86997e-24 3.82118e-23 2.76521e-21 2.03573e-18 1.38079e-15 4.84982e-13 7.94719e-11 5.8206e-09 1.92434e-07 3.02856e-06 2.47019e-05 0.000115068 0.000329914 0.000598566 0.00069972 0.000566178 0.000352305 0.000181301 7.77653e-05 2.56208e-05 4.66058e-06 0 
0 0.000152218 4.02218e-05 1.18174e-06 5.79029e-09 6.50589e-12 2.47004e-15 5.25336e-19 1.59524e-21 6.83403e-23 7.92127e-24 1.4885e-24 3.90957e-25 1.56802e-25 1.01526e-25 9.22867e-26 1.11612e-25 2.10347e-25 7.62334e-25 5.87533e-24 1.47118e-22 3.0295e-20 2.02236e-17 8.99542e-15 2.15701e-12 2.52945e-10 1.39346e-08 3.64218e-07 4.75288e-06 3.35618e-05 0.000140187 0.000369002 0.000624188 0.000692192 0.000542469 0.000332393 0.000169995 7.27552e-05 2.39529e-05 4.35622e-06 0 
0 0.000166547 5.54584e-05 2.33093e-06 1.86038e-08 3.81243e-11 2.87365e-14 1.2192e-17 8.52759e-21 1.05471e-22 7.9757e-24 1.55871e-24 6.19263e-25 4.18272e-25 3.70552e-25 3.76299e-25 4.55308e-25 7.62334e-25 2.64503e-24 3.01284e-23 2.24254e-21 8.82661e-19 3.52173e-16 9.24485e-14 1.37618e-11 1.06192e-09 4.09598e-08 7.97929e-07 8.24107e-06 4.86218e-05 0.000177179 0.000418699 0.00064887 0.000675063 0.00050964 0.00030684 0.000155837 6.65323e-05 2.18868e-05 3.97948e-06 0 
0 0.000182816 7.93011e-05 5.003e-06 6.94109e-08 2.81124e-10 4.60842e-13 4.48965e-16 4.01878e-19 1.07218e-21 3.16014e-23 6.00806e-24 2.84442e-24 2.14298e-24 1.98879e-24 2.12111e-24 2.86997e-24 5.87533e-24 3.01283e-23 9.307e-22 1.66999e-19 4.23721e-17 8.91477e-15 1.28439e-12 1.10943e-10 5.30083e-09 1.35801e-07 1.88818e-06 1.49296e-05 7.18247e-05 0.000224187 0.000468993 0.000660164 0.000642556 0.000467421 0.000276725 0.000139631 5.94794e-05 1.95526e-05 3.5543e-06 0 
0 0.000199136 0.000114777 1.11551e-05 2.7829e-07 2.32371e-09 8.69356e-12 2.04697e-14 4.39931e-17 1.2821e-19 1.15951e-21 9.61377e-23 3.10588e-23 2.03804e-23 1.85395e-23 2.165e-23 3.82118e-23 1.47118e-22 2.24254e-21 1.66999e-19 2.02859e-17 2.56115e-15 2.7186e-13 2.05799e-11 9.86768e-10 2.79297e-08 4.55921e-07 4.3728e-06 2.5878e-05 0.000100388 0.000267562 0.000496875 0.000640488 0.000589229 0.000416241 0.000243346 0.000122219 5.19826e-05 1.70802e-05 3.10444e-06 0 
0 0.000212976 0.000164328 2.47563e-05 1.1161e-06 1.93436e-08 1.6654e-10 9.55896e-13 5.04302e-15 3.3872e-17 3.95586e-19 1.18553e-20 1.54883e-21 6.71178e-22 5.68683e-22 8.45597e-22 2.76521e-21 3.0295e-20 8.82661e-19 4.23721e-17 2.56115e-15 1.58321e-13 8.35454e-12 3.24711e-10 8.34062e-09 1.33068e-07 1.30726e-06 8.2488e-06 3.58362e-05 0.000113631 0.000268147 0.000462387 0.000569661 0.000511407 0.000357404 0.000208153 0.000104428 4.44045e-05 1.45896e-05 2.65178e-06 0 
0 0.000221458 0.000227943 5.2722e-05 4.21223e-06 1.4792e-07 2.85436e-09 3.88428e-11 4.88935e-13 7.49548e-15 1.81143e-16 8.61348e-18 9.57267e-19 2.77396e-19 2.14676e-19 4.27727e-19 2.03573e-18 2.02236e-17 3.52173e-16 8.91477e-15 2.7186e-13 8.35454e-12 2.19922e-10 4.29945e-09 5.56119e-08 4.45602e-07 2.26198e-06 8.25101e-06 2.54624e-05 7.18874e-05 0.000175419 0.000328453 0.000435061 0.000409231 0.000293146 0.000172655 8.70132e-05 3.70616e-05 1.21842e-05 2.215e-06 0 
0 0.00022196 0.000300809 0.000104638 1.42651e-05 9.66639e-07 3.95917e-08 1.20641e-09 3.42164e-11 1.13352e-12 5.42739e-14 4.50905e-15 7.47096e-16 2.69249e-16 2.17575e-16 3.84563e-16 1.38079e-15 8.99542e-15 9.24485e-14 1.28439e-12 2.05799e-11 3.24711e-10 4.29945e-09 4.02856e-08 2.23782e-07 6.53306e-07 1.09084e-06 1.54726e-06 3.10213e-06 1.04575e-05 4.29636e-05 0.000135175 0.00025489 0.000290231 0.00022687 0.000138375 7.06262e-05 3.02107e-05 9.94549e-06 1.80879e-06 0 
0 0.000212886 0.000371794 0.000189239 4.19449e-05 5.13399e-06 4.14041e-07 2.61093e-08 1.54261e-09 1.02544e-10 9.10718e-12 1.25235e-12 2.98356e-13 1.3207e-13 1.11324e-13 1.75177e-13 4.84982e-13 2.15701e-12 1.37618e-11 1.10943e-10 9.86768e-10 8.34062e-09 5.56119e-08 2.23782e-07 3.7444e-07 1.8722e-07 3.34045e-08 6.55221e-09 6.64768e-09 5.70745e-08 1.34476e-06 1.98981e-05 9.65985e-05 0.000173573 0.000163624 0.000106853 5.57992e-05 2.40411e-05 7.93177e-06 1.44348e-06 0 
0 0.000194307 0.000424824 0.000306348 0.000104966 2.15462e-05 3.13392e-06 3.72733e-07 4.1838e-08 5.11785e-09 7.81039e-10 1.67037e-10 5.47032e-11 2.89935e-11 2.53602e-11 3.60467e-11 7.94719e-11 2.52945e-10 1.06192e-09 5.30083e-09 2.79297e-08 1.33068e-07 4.45602e-07 6.53306e-07 1.8722e-07 4.4245e-09 1.11168e-11 3.81675e-14 1.04571e-14 1.1805e-12 1.48281e-09 6.2169e-07 2.04324e-05 8.51695e-05 0.000109799 7.95872e-05 4.2927e-05 1.86731e-05 6.17772e-06 1.12514e-06 0 
0 0.000168159 0.000444411 0.000437087 0.000220921 7.07785e-05 1.69473e-05 3.44269e-06 6.65041e-07 1.36456e-07 3.29836e-08 1.02687e-08 4.4083e-09 2.72342e-09 2.45836e-09 3.20462e-09 5.8206e-09 1.39346e-08 4.09598e-08 1.35801e-07 4.55921e-07 1.30726e-06 2.26198e-06 1.09084e-06 3.34045e-08 1.11168e-11 3.35238e-16 2.29841e-15 1.44865e-15 9.44242e-15 7.44172e-14 5.11973e-09 2.7723e-06 3.67447e-05 7.04428e-05 5.76841e-05 3.22279e-05 1.41573e-05 4.69635e-06 8.55963e-07 0 
0 0.000137781 0.000423403 0.000542318 0.000387011 0.000182192 6.60561e-05 2.08049e-05 6.26537e-06 1.96449e-06 6.92975e-07 2.93916e-07 1.57724e-07 1.10572e-07 1.02436e-07 1.24324e-07 1.92434e-07 3.64218e-07 7.97929e-07 1.88818e-06 4.3728e-06 8.2488e-06 8.25101e-06 1.54726e-06 6.55221e-09 3.81675e-14 2.29841e-15 6.48389e-16 6.134e-16 2.0421e-15 2.42825e-14 6.69301e-11 4.72971e-07 1.7288e-05 4.59805e-05 4.13557e-05 2.36966e-05 1.04788e-05 3.48205e-06 6.34925e-07 0 
0 0.000106944 0.000367508 0.000580582 0.000557302 0.000367461 0.000188959 8.49113e-05 3.64129e-05 1.5979e-05 7.60808e-06 4.12614e-06 2.64479e-06 2.05064e-06 1.93937e-06 2.22309e-06 3.02856e-06 4.75288e-06 8.24107e-06 1.49296e-05 2.5878e-05 3.58362e-05 2.54624e-05 3.10213e-06 6.64768e-09 1.04571e-14 1.44865e-15 6.134e-16 1.66426e-15 7.7041e-15 1.32776e-13 1.81397e-11 2.46912e-07 1.14615e-05 3.26126e-05 2.97792e-05 1.71098e-05 7.56865e-06 2.51501e-06 4.58582e-07 0 
0 7.88068e-05 0.000292336 0.000537713 0.000653784 0.000575848 0.000400707 0.00024198 0.000137598 7.84663e-05 4.70842e-05 3.08467e-05 2.26639e-05 1.89854e-05 1.82398e-05 2.00063e-05 2.47019e-05 3.35618e-05 4.86218e-05 7.18247e-05 0.000100388 0.000113631 7.18874e-05 1.04575e-05 5.70745e-08 1.1805e-12 9.44242e-15 2.0421e-15 7.7041e-15 1.29841e-15 8.65284e-16 2.34026e-10 5.12733e-07 1.14841e-05 2.55146e-05 2.15756e-05 1.21179e-05 5.32552e-06 1.76635e-06 3.21905e-07 0 
0 5.52825e-05 0.000215155 0.000437155 0.000628908 0.000696332 0.000626699 0.000488217 0.000351479 0.000247396 0.000177775 0.000134568 0.000109623 9.73278e-05 9.46054e-05 0.000100371 0.000115068 0.000140187 0.000177179 0.000224187 0.000267562 0.000268147 0.000175419 4.29636e-05 1.34476e-06 1.48281e-09 7.44172e-14 2.42825e-14 1.32776e-13 8.65284e-16 4.72578e-12 1.95042e-08 2.17769e-06 1.43292e-05 2.08819e-05 1.54895e-05 8.37074e-06 3.63841e-06 1.20304e-06 2.19055e-07 0 
0 3.69898e-05 0.00014799 0.000318807 0.00050946 0.000660053 0.00072289 0.000695033 0.000612112 0.000515257 0.00043 0.000365827 0.00032342 0.000300522 0.000294816 0.000304856 0.000329914 0.000369002 0.000418699 0.000468993 0.000496875 0.000462387 0.000328453 0.000135175 1.98981e-05 6.2169e-07 5.11973e-09 6.69301e-11 1.81397e-11 2.34026e-10 1.95042e-08 8.8346e-07 7.73055e-06 1.69167e-05 1.65349e-05 1.07689e-05 5.59261e-06 2.40247e-06 7.91681e-07 1.44013e-07 0 
0 2.3606e-05 9.58307e-05 0.000212957 0.000360527 0.000512211 0.000636429 0.000710423 0.00073097 0.000712051 0.000673699 0.000632676 0.000599374 0.000578791 0.000572465 0.000579824 0.000598566 0.000624188 0.00064887 0.000660164 0.000640488 0.000569661 0.000435061 0.00025489 9.65985e-05 2.04324e-05 2.7723e-06 4.72971e-07 2.46912e-07 5.12733e-07 2.17769e-06 7.73055e-06 1.48898e-05 1.61679e-05 1.2022e-05 7.11717e-06 3.58327e-06 1.52453e-06 5.00916e-07 9.10424e-08 0 
0 1.43234e-05 5.85619e-05 0.000132107 0.000230063 0.000342522 0.000455532 0.000554605 0.000629517 0.000677349 0.000701878 0.000710397 0.000710382 0.000707462 0.000704714 0.000702696 0.00069972 0.000692192 0.000675063 0.000642556 0.000589229 0.000511407 0.000409231 0.000290231 0.000173573 8.51695e-05 3.67447e-05 1.7288e-05 1.14615e-05 1.14841e-05 1.43292e-05 1.69167e-05 1.61679e-05 1.2349e-05 7.90822e-06 4.42462e-06 2.18412e-06 9.23204e-07 3.02708e-07 5.49823e-08 0 
0 8.20214e-06 3.36434e-05 7.64047e-05 0.000134738 0.00020487 0.000281192 0.000357075 0.000426229 0.000484084 0.00052851 0.000559607 0.000578844 0.00058805 0.000588669 0.000581396 0.000566178 0.000542469 0.00050964 0.000467421 0.000416241 0.000357404 0.000293146 0.00022687 0.000163624 0.000109799 7.04428e-05 4.59805e-05 3.26126e-05 2.55146e-05 2.08819e-05 1.65349e-05 1.2022e-05 7.90822e-06 4.7255e-06 2.56963e-06 1.25488e-06 5.2841e-07 1.73037e-07 3.14164e-08 0 
0 4.3724e-06 1.79593e-05 4.08996e-05 7.24974e-05 0.000111185 0.000154604 0.00019984 0.000243808 0.0002837 0.000317349 0.000343382 0.000361172 0.000370635 0.000372017 0.000365732 0.000352305 0.000332393 0.00030684 0.000276725 0.000243346 0.000208153 0.000172655 0.000138375 0.000106853 7.95872e-05 5.76841e-05 4.13557e-05 2.97792e-05 2.15756e-05 1.54895e-05 1.07689e-05 7.11717e-06 4.42462e-06 2.56963e-06 1.37964e-06 6.70266e-07 2.81684e-07 9.21773e-08 1.67315e-08 0 
0 2.11728e-06 8.70142e-06 1.98378e-05 3.52332e-05 5.42118e-05 7.57534e-05 9.85793e-05 0.00012128 0.000142466 0.000160909 0.000175643 0.000186019 0.000191702 0.000192644 0.000189043 0.000181301 0.000169995 0.000155837 0.000139631 0.000122219 0.000104428 8.70132e-05 7.06262e-05 5.57992e-05 4.2927e-05 3.22279e-05 2.36966e-05 1.71098e-05 1.21179e-05 8.37074e-06 5.59261e-06 3.58327e-06 2.18412e-06 1.25488e-06 6.70266e-07 3.24896e-07 1.36414e-07 4.4624e-08 8.09886e-09 0 
0 8.88567e-07 3.65254e-06 8.33056e-06 1.48063e-05 2.28084e-05 3.19269e-05 4.16456e-05 5.13872e-05 6.05664e-05 6.86426e-05 7.51651e-05 7.98049e-05 8.23712e-05 8.28137e-05 8.12134e-05 7.77653e-05 7.27552e-05 6.65323e-05 5.94794e-05 5.19826e-05 4.44045e-05 3.70616e-05 3.02107e-05 2.40411e-05 1.86731e-05 1.41573e-05 1.04788e-05 7.56865e-06 5.32552e-06 3.63841e-06 2.40247e-06 1.52453e-06 9.23204e-07 5.2841e-07 2.81684e-07 1.36414e-07 5.72535e-08 1.87258e-08 3.39836e-09 0 
0 2.9061e-07 1.19467e-06 2.72517e-06 4.84478e-06 7.46612e-06 1.04571e-05 1.36511e-05 1.68608e-05 1.98947e-05 2.25733e-05 2.47442e-05 2.62936e-05 2.71534e-05 2.73036e-05 2.67706e-05 2.56208e-05 2.39529e-05 2.18868e-05 1.95526e-05 1.70802e-05 1.45896e-05 1.21842e-05 9.94549e-06 7.93177e-06 6.17772e-06 4.69635e-06 3.48205e-06 2.51501e-06 1.76635e-06 1.20304e-06 7.91681e-07 5.00916e-07 3.02708e-07 1.73037e-07 9.21773e-08 4.4624e-08 1.87258e-08 6.12419e-09 1.11139e-09 0 
0 5.27389e-08 2.16811e-07 4.94593e-07 8.79357e-07 1.35533e-06 1.89865e-06 2.47919e-06 3.06307e-06 3.61549e-06 4.10375e-06 4.49991e-06 4.78295e-06 4.94018e-06 4.96778e-06 4.87049e-06 4.66058e-06 4.35622e-06 3.97948e-06 3.5543e-06 3.10444e-06 2.65178e-06 2.215e-06 1.80879e-06 1.44348e-06 1.12514e-06 8.55963e-07 6.34925e-07 4.58582e-07 3.21905e-07 2.19055e-07 1.44013e-07 9.10424e-08 5.49823e-08 3.14164e-08 1.67315e-08 8.09886e-09 3.39836e-09 1.11139e-09 2.01686e-10 0 
0 0 0 0 0 0 0 0 0 0 0 0 0 0 0 0 0 0 0 0 0 0 0 0 0 0 0 0 0 0 0 0 0 0 0 0 0 0 0 0 0 
