0 0 0 0 0 0 0 0 0 0 0 0 0 0 0 0 0 0 0 0 0 0 0 0 0 0 0 0 0 0 0 0 0 0 0 0 0 0 0 0 0 
0 1.3791e-05 5.66955e-05 0.000129335 0.000229952 0.000354415 0.000496475 0.000648229 0.000800776 0.000944984 0.00107228 0.00117541 0.00124894 0.0012897 0.00129677 0.00127145 0.0012169 0.00113777 0.00103974 0.000928991 0.000811687 0.000693553 0.000579497 0.000473377 0.000377906 0.000294668 0.000224238 0.000166361 0.000120155 8.43267e-05 5.73649e-05 3.7699e-05 2.38241e-05 1.43839e-05 8.21723e-06 4.37575e-06 2.11793e-06 8.88673e-07 2.90623e-07 5.27398e-08 0 
0 5.66955e-05 0.000233075 0.000531682 0.000945245 0.00145669 0.0020401 0.00266267 0.00328737 0.00387629 0.00439417 0.00481169 0.0051078 0.00527082 0.00529823 0.00519571 0.00497578 0.00465638 0.00425949 0.00380947 0.00333119 0.00284817 0.00238083 0.0019454 0.00155331 0.00121129 0.000921824 0.000683912 0.000493963 0.000346674 0.000235832 0.000154984 9.79433e-05 5.91335e-05 3.37818e-05 1.79891e-05 8.70702e-06 3.65342e-06 1.19478e-06 2.16818e-07 0 
0 0.000129335 0.000531682 0.00121277 0.00215577 0.00332113 0.00464847 0.00606069 0.00747041 0.00878855 0.00993435 0.0108446 0.011479 0.0118209 0.0118723 0.011649 0.011176 0.0104862 0.00962092 0.00862885 0.00756347 0.00647839 0.00542207 0.00443386 0.00354184 0.00276265 0.00210271 0.00156011 0.00112684 0.00079085 0.000537995 0.00035356 0.000223435 0.000134899 7.70654e-05 4.10381e-05 1.98631e-05 8.33443e-06 2.72561e-06 4.94621e-07 0 
0 0.000229952 0.000945245 0.00215577 0.00383065 0.0058969 0.00824137 0.0107167 0.0131534 0.0153809 0.017254 0.018678 0.0196183 0.0200897 0.0201311 0.0197818 0.0190706 0.0180213 0.0166667 0.0150618 0.0132858 0.0114335 0.00959985 0.00786572 0.00629033 0.00490941 0.00373775 0.00277362 0.00200346 0.00140612 0.000956557 0.000628634 0.000397271 0.000239853 0.000137024 7.29663e-05 3.53168e-05 1.48187e-05 4.84619e-06 8.79444e-07 0 
0 0.000354415 0.00145669 0.00332113 0.0058969 0.00906241 0.0126225 0.0163128 0.0198221 0.0228459 0.0251629 0.0266986 0.0275287 0.0278167 0.0277231 0.0273376 0.0266589 0.0256214 0.0241511 0.0222247 0.0199028 0.0173218 0.014654 0.0120625 0.00967152 0.00755846 0.00575833 0.00427427 0.0030878 0.00216728 0.00147439 0.000968951 0.000612339 0.000369702 0.000211204 0.000112468 5.44362e-05 2.28411e-05 7.46975e-06 1.35555e-06 0 
0 0.000496475 0.0020401 0.00464847 0.00824137 0.0126225 0.0174587 0.0222731 0.0264966 0.0296181 0.0313908 0.0319481 0.0317171 0.0311952 0.0307514 0.030534 0.0304682 0.0303033 0.0297056 0.0283904 0.0262498 0.0233995 0.0201171 0.0167224 0.0134809 0.0105649 0.00805942 0.00598583 0.00432532 0.00303618 0.00206557 0.00135749 0.000857884 0.000517951 0.000295896 0.000157567 7.62651e-05 3.20004e-05 1.04651e-05 1.89912e-06 0 
0 0.000648229 0.00266267 0.00606069 0.0107167 0.0163128 0.0222731 0.0277387 0.0317226 0.0335231 0.0331584 0.0313785 0.0292068 0.0274612 0.0265819 0.0266865 0.0276509 0.0291269 0.0305458 0.0312211 0.0305991 0.0285222 0.0252795 0.0214092 0.0174386 0.0137384 0.0105061 0.00781138 0.00564696 0.00396459 0.00269737 0.00177275 0.00112032 0.000676401 0.000386415 0.00020577 9.95959e-05 4.17899e-05 1.36666e-05 2.48009e-06 0 
0 0.000800776 0.00328737 0.00747041 0.0131534 0.0198221 0.0264966 0.0317226 0.0340443 0.0329471 0.0293675 0.0250176 0.0212888 0.0188311 0.0177837 0.0181031 0.0197117 0.0224504 0.0259016 0.0292371 0.0313549 0.0314006 0.0292694 0.02558 0.0212055 0.0168557 0.0129436 0.00964105 0.00697476 0.00489819 0.0033329 0.00219051 0.00138435 0.000835814 0.000477486 0.000254266 0.000123069 5.1639e-05 1.68875e-05 3.0646e-06 0 
0 0.000944984 0.00387629 0.00878855 0.0153809 0.0228459 0.0296181 0.0335231 0.0329471 0.0283769 0.0221884 0.0166674 0.0127943 0.0105678 0.00970441 0.0100163 0.0115036 0.0142922 0.0184252 0.0234894 0.0283138 0.0312831 0.0313437 0.0286975 0.0244297 0.0196842 0.0152118 0.0113615 0.00822849 0.0057811 0.00393427 0.00258589 0.00163426 0.000986702 0.000563687 0.000300169 0.000145287 6.09615e-05 1.99363e-05 3.61786e-06 0 
0 0.00107228 0.00439417 0.00993435 0.017254 0.0251629 0.0313908 0.0331584 0.0293675 0.0221884 0.0150931 0.00997864 0.00692178 0.00534908 0.00477601 0.00498411 0.00600807 0.00810165 0.0116453 0.0168313 0.0230575 0.0285674 0.0312896 0.0304198 0.0268263 0.0220169 0.0171626 0.0128667 0.00933275 0.00656071 0.00446577 0.00293545 0.00185522 0.00112012 0.000639911 0.00034076 0.000164933 6.9205e-05 2.26322e-05 4.10709e-06 0 
0 0.00117541 0.00481169 0.0108446 0.018678 0.0266986 0.0319481 0.0313785 0.0250176 0.0166674 0.00997864 0.00589158 0.00374113 0.00272722 0.0023723 0.00249179 0.00312009 0.00449964 0.00709401 0.0114597 0.0176961 0.0245752 0.0295827 0.0307561 0.0282603 0.0237102 0.0186787 0.0140682 0.0102235 0.00719209 0.00489686 0.00321913 0.00203457 0.00122842 0.000701784 0.000373709 0.000180881 7.58967e-05 2.48206e-05 4.50422e-06 0 
0 0.00124894 0.0051078 0.011479 0.0196183 0.0275287 0.0317171 0.0292068 0.0212888 0.0127943 0.00692178 0.00374113 0.00221684 0.0015421 0.00131091 0.00137864 0.00176995 0.00267665 0.00451661 0.00794391 0.0135046 0.0206667 0.0271001 0.0300504 0.0287786 0.0247074 0.0196866 0.014903 0.0108532 0.00764147 0.00520449 0.00342176 0.00216274 0.00130583 0.000746009 0.00039726 0.00019228 8.06798e-05 2.63848e-05 4.78808e-06 0 
0 0.0012897 0.00527082 0.0118209 0.0200897 0.0278167 0.0311952 0.0274612 0.0188311 0.0105678 0.00534908 0.00272722 0.0015421 0.00103738 0.000865171 0.000906138 0.00117614 0.00182498 0.00320478 0.00594285 0.0107632 0.0176335 0.0246575 0.0287927 0.0285631 0.0250333 0.0201597 0.0153374 0.0111938 0.00788845 0.00537467 0.00353416 0.00223391 0.00134883 0.000770585 0.000410348 0.000198616 8.33381e-05 2.72541e-05 4.94585e-06 0 
0 0.00129677 0.00529823 0.0118723 0.0201311 0.0277231 0.0307514 0.0265819 0.0177837 0.00970441 0.00477601 0.0023723 0.00131091 0.000865171 0.000711192 0.000738108 0.000955066 0.00148718 0.00263997 0.00498788 0.00927717 0.0157069 0.0227445 0.0274032 0.0278307 0.0247607 0.0201094 0.0153653 0.0112374 0.00792664 0.00540299 0.00355346 0.0022463 0.00135636 0.0007749 0.000412649 0.00019973 8.38058e-05 2.74071e-05 4.9736e-06 0 
0 0.00127145 0.00519571 0.011649 0.0197818 0.0273376 0.030534 0.0266865 0.0181031 0.0100163 0.00498411 0.00249179 0.00137864 0.000906138 0.000738108 0.000755899 0.000962212 0.00147178 0.00256725 0.00477782 0.00879381 0.0148265 0.0215207 0.026111 0.0267441 0.0239705 0.0195706 0.0150033 0.0109936 0.00776275 0.00529416 0.00348286 0.00220198 0.00132969 0.000759686 0.000404553 0.000195813 8.21624e-05 2.68697e-05 4.87609e-06 0 
0 0.0012169 0.00497578 0.011176 0.0190706 0.0266589 0.0304682 0.0276509 0.0197117 0.0115036 0.00600807 0.00312009 0.00176995 0.00117614 0.000955066 0.000962212 0.00119101 0.00175501 0.00293031 0.00520495 0.00915455 0.0148373 0.0209151 0.0249424 0.0253693 0.0227227 0.0185878 0.0142835 0.0104862 0.00741418 0.00506057 0.00333077 0.00210637 0.00127214 0.000726853 0.000387082 0.000187359 7.86159e-05 2.57099e-05 4.66563e-06 0 
0 0.00113777 0.00465638 0.0104862 0.0180213 0.0256214 0.0303033 0.0291269 0.0224504 0.0142922 0.00810165 0.00449964 0.00267665 0.00182498 0.00148718 0.00147178 0.00175501 0.00245053 0.00382831 0.00631263 0.0102892 0.0155454 0.0207076 0.0237702 0.0236873 0.0210519 0.0172059 0.0132458 0.00974717 0.00690531 0.00471992 0.0031094 0.00196745 0.00118859 0.000679227 0.000361747 0.000175102 7.34741e-05 2.40286e-05 4.36052e-06 0 
0 0.00103974 0.00425949 0.00962092 0.0166667 0.0241511 0.0297056 0.0305458 0.0259016 0.0184252 0.0116453 0.00709401 0.00451661 0.00320478 0.00263997 0.00256725 0.00293031 0.00382831 0.00549539 0.00822734 0.01213 0.0166852 0.0205793 0.0223891 0.0216388 0.0189787 0.0154664 0.0119296 0.00880909 0.00626206 0.00429192 0.00283285 0.00179463 0.00108494 0.000620224 0.000330382 0.000159934 6.71115e-05 2.19481e-05 3.983e-06 0 
0 0.000928991 0.00380947 0.00862885 0.0150618 0.0222247 0.0283904 0.0312211 0.0292371 0.0234894 0.0168313 0.0114597 0.00794391 0.00594285 0.00498788 0.00477782 0.00520495 0.00631263 0.00822734 0.0110215 0.0144752 0.0178735 0.0201712 0.0206046 0.0191795 0.0165263 0.0134031 0.010362 0.00769396 0.00550389 0.00379352 0.00251457 0.0015975 0.000967371 0.000553498 0.000294963 0.000142815 5.99329e-05 1.96011e-05 3.55711e-06 0 
0 0.000811687 0.00333119 0.00756347 0.0132858 0.0199028 0.0262498 0.0305991 0.0313549 0.0283138 0.0230575 0.0176961 0.0135046 0.0107632 0.00927717 0.00879381 0.00915455 0.0102892 0.01213 0.0144752 0.0168684 0.0186381 0.0191838 0.018315 0.0163209 0.0137316 0.011035 0.00854304 0.00639723 0.00463186 0.00323198 0.002164 0.00138429 0.000841679 0.000482601 0.000257437 0.000124699 5.23394e-05 1.71187e-05 3.1067e-06 0 
0 0.000693553 0.00284817 0.00647839 0.0114335 0.0173218 0.0233995 0.0285222 0.0314006 0.0312831 0.0285674 0.0245752 0.0206667 0.0176335 0.0157069 0.0148265 0.0148373 0.0155454 0.0166852 0.0178735 0.0186381 0.0185649 0.017487 0.015558 0.0131462 0.0106508 0.00836666 0.00643736 0.00487391 0.00361531 0.0025964 0.00178265 0.00116037 0.000712671 0.000410699 0.000219578 0.000106459 4.46994e-05 1.46218e-05 2.65367e-06 0 
0 0.000579497 0.00238083 0.00542207 0.00959985 0.014654 0.0201171 0.0252795 0.0292694 0.0313437 0.0312896 0.0295827 0.0271001 0.0246575 0.0227445 0.0215207 0.0209151 0.0207076 0.0205793 0.0201712 0.0191838 0.017487 0.0151717 0.0125016 0.0098073 0.00738866 0.00544737 0.00404164 0.00308513 0.00240981 0.00186 0.00136302 0.000927538 0.000583867 0.000340414 0.000182894 8.88406e-05 3.73273e-05 1.22131e-05 2.2167e-06 0 
0 0.000473377 0.0019454 0.00443386 0.00786572 0.0120625 0.0167224 0.0214092 0.02558 0.0286975 0.0304198 0.0307561 0.0300504 0.0287927 0.0274032 0.026111 0.0249424 0.0237702 0.0223891 0.0206046 0.018315 0.015558 0.0125016 0.00939763 0.00653811 0.00421289 0.00260931 0.00169768 0.00127719 0.001123 0.00104376 0.000904948 0.000687391 0.000458117 0.000273882 0.000148596 7.24344e-05 3.04703e-05 9.97339e-06 1.81041e-06 0 
0 0.000377906 0.00155331 0.00354184 0.00629033 0.00967152 0.0134809 0.0174386 0.0212055 0.0244297 0.0268263 0.0282603 0.0287786 0.0285631 0.0278307 0.0267441 0.0253693 0.0236873 0.0216388 0.0191795 0.0163209 0.0131462 0.0098073 0.00653811 0.0036991 0.0017078 0.000684571 0.000306248 0.000211806 0.000245229 0.000359273 0.000465105 0.000452406 0.000339625 0.000213065 0.000117622 5.76685e-05 2.43033e-05 7.95932e-06 1.44505e-06 0 
0 0.000294668 0.00121129 0.00276265 0.00490941 0.00755846 0.0105649 0.0137384 0.0168557 0.0196842 0.0220169 0.0237102 0.0247074 0.0250333 0.0247607 0.0239705 0.0227227 0.0210519 0.0189787 0.0165263 0.0137316 0.0106508 0.00738866 0.00421289 0.0017078 0.000421917 6.84937e-05 1.33217e-05 7.40922e-06 1.51705e-05 5.71847e-05 0.000164868 0.000255363 0.000236035 0.000160044 9.06686e-05 4.48125e-05 1.89307e-05 6.20413e-06 1.12661e-06 0 
0 0.000224238 0.000921824 0.00210271 0.00373775 0.00575833 0.00805942 0.0105061 0.0129436 0.0152118 0.0171626 0.0186787 0.0196866 0.0201597 0.0201094 0.0195706 0.0185878 0.0172059 0.0154664 0.0134031 0.011035 0.00836666 0.00544737 0.00260931 0.000684571 6.84937e-05 2.77458e-06 1.44064e-07 5.59528e-08 2.7854e-07 4.50035e-06 4.27643e-05 0.000128103 0.000156261 0.000116727 6.81534e-05 3.39829e-05 1.43918e-05 4.71987e-06 8.5725e-07 0 
0 0.000166361 0.000683912 0.00156011 0.00277362 0.00427427 0.00598583 0.00781138 0.00964105 0.0113615 0.0128667 0.0140682 0.014903 0.0153374 0.0153653 0.0150033 0.0142835 0.0132458 0.0119296 0.010362 0.00854304 0.00643736 0.00404164 0.00169768 0.000306248 1.33217e-05 1.44064e-07 2.08812e-09 5.69429e-10 6.63438e-09 4.27274e-07 1.23224e-05 6.68688e-05 0.000103625 8.38179e-05 5.0106e-05 2.51493e-05 1.06699e-05 3.50096e-06 6.35947e-07 0 
0 0.000120155 0.000493963 0.00112684 0.00200346 0.0030878 0.00432532 0.00564696 0.00697476 0.00822849 0.00933275 0.0102235 0.0108532 0.0111938 0.0112374 0.0109936 0.0104862 0.00974717 0.00880909 0.00769396 0.00639723 0.00487391 0.00308513 0.00127719 0.000211806 7.40922e-06 5.59528e-08 5.69429e-10 1.39261e-10 2.00875e-09 1.8467e-07 7.06999e-06 4.44804e-05 7.29924e-05 6.01199e-05 3.61229e-05 1.81554e-05 7.70537e-06 2.52848e-06 4.59307e-07 0 
0 8.43267e-05 0.000346674 0.00079085 0.00140612 0.00216728 0.00303618 0.00396459 0.00489819 0.0057811 0.00656071 0.00719209 0.00764147 0.00788845 0.00792664 0.00776275 0.00741418 0.00690531 0.00626206 0.00550389 0.00463186 0.00361531 0.00240981 0.001123 0.000245229 1.51705e-05 2.7854e-07 6.63438e-09 2.00875e-09 1.56871e-08 5.45016e-07 9.60014e-06 3.98994e-05 5.5406e-05 4.31691e-05 2.55136e-05 1.27639e-05 5.4103e-06 1.77475e-06 3.2236e-07 0 
0 5.73649e-05 0.000235832 0.000537995 0.000956557 0.00147439 0.00206557 0.00269737 0.0033329 0.00393427 0.00446577 0.00489686 0.00520449 0.00537467 0.00540299 0.00529416 0.00506057 0.00471992 0.00429192 0.00379352 0.00323198 0.0025964 0.00186 0.00104376 0.000359273 5.71847e-05 4.50035e-06 4.27274e-07 1.8467e-07 5.45016e-07 3.96695e-06 1.9751e-05 4.13093e-05 4.32417e-05 3.0596e-05 1.75597e-05 8.71107e-06 3.68373e-06 1.2076e-06 2.19306e-07 0 
0 3.7699e-05 0.000154984 0.00035356 0.000628634 0.000968951 0.00135749 0.00177275 0.00219051 0.00258589 0.00293545 0.00321913 0.00342176 0.00353416 0.00355346 0.00348286 0.00333077 0.0031094 0.00283285 0.00251457 0.002164 0.00178265 0.00136302 0.000904948 0.000465105 0.000164868 4.27643e-05 1.23224e-05 7.06999e-06 9.60014e-06 1.9751e-05 3.45162e-05 4.00107e-05 3.24715e-05 2.09662e-05 1.16844e-05 5.74534e-06 2.42334e-06 7.93838e-07 1.44135e-07 0 
0 2.38241e-05 9.79433e-05 0.000223435 0.000397271 0.000612339 0.000857884 0.00112032 0.00138435 0.00163426 0.00185522 0.00203457 0.00216274 0.00223391 0.0022463 0.00220198 0.00210637 0.00196745 0.00179463 0.0015975 0.00138429 0.00116037 0.000927538 0.000687391 0.000452406 0.000255363 0.000128103 6.68688e-05 4.44804e-05 3.98994e-05 4.13093e-05 4.00107e-05 3.26565e-05 2.25463e-05 1.36748e-05 7.45808e-06 3.64184e-06 1.53283e-06 5.01803e-07 9.10939e-08 0 
0 1.43839e-05 5.91335e-05 0.000134899 0.000239853 0.000369702 0.000517951 0.000676401 0.000835814 0.000986702 0.00112012 0.00122842 0.00130583 0.00134883 0.00135636 0.00132969 0.00127214 0.00118859 0.00108494 0.000967371 0.000841679 0.000712671 0.000583867 0.000458117 0.000339625 0.000236035 0.000156261 0.000103625 7.29924e-05 5.5406e-05 4.32417e-05 3.24715e-05 2.25463e-05 1.43585e-05 8.41722e-06 4.53238e-06 2.20342e-06 9.26059e-07 3.03026e-07 5.50014e-08 0 
0 8.21723e-06 3.37818e-05 7.70654e-05 0.000137024 0.000211204 0.000295896 0.000386415 0.000477486 0.000563687 0.000639911 0.000701784 0.000746009 0.000770585 0.0007749 0.000759686 0.000726853 0.000679227 0.000620224 0.000553498 0.000482601 0.000410699 0.000340414 0.000273882 0.000213065 0.000160044 0.000116727 8.38179e-05 6.01199e-05 4.31691e-05 3.0596e-05 2.09662e-05 1.36748e-05 8.41722e-06 4.85742e-06 2.5988e-06 1.26037e-06 5.29261e-07 1.73136e-07 3.14226e-08 0 
0 4.37575e-06 1.79891e-05 4.10381e-05 7.29663e-05 0.000112468 0.000157567 0.00020577 0.000254266 0.000300169 0.00034076 0.000373709 0.00039726 0.000410348 0.000412649 0.000404553 0.000387082 0.000361747 0.000330382 0.000294963 0.000257437 0.000219578 0.000182894 0.000148596 0.000117622 9.06686e-05 6.81534e-05 5.0106e-05 3.61229e-05 2.55136e-05 1.75597e-05 1.16844e-05 7.45808e-06 4.53238e-06 2.5988e-06 1.38643e-06 6.71612e-07 2.81904e-07 9.2204e-08 1.67333e-08 0 
0 2.11793e-06 8.70702e-06 1.98631e-05 3.53168e-05 5.44362e-05 7.62651e-05 9.95959e-05 0.000123069 0.000145287 0.000164933 0.000180881 0.00019228 0.000198616 0.00019973 0.000195813 0.000187359 0.000175102 0.000159934 0.000142815 0.000124699 0.000106459 8.88406e-05 7.24344e-05 5.76685e-05 4.48125e-05 3.39829e-05 2.51493e-05 1.81554e-05 1.27639e-05 8.71107e-06 5.74534e-06 3.64184e-06 2.20342e-06 1.26037e-06 6.71612e-07 3.25177e-07 1.36462e-07 4.46301e-08 8.09928e-09 0 
0 8.88673e-07 3.65342e-06 8.33443e-06 1.48187e-05 2.28411e-05 3.20004e-05 4.17899e-05 5.1639e-05 6.09615e-05 6.9205e-05 7.58967e-05 8.06798e-05 8.33381e-05 8.38058e-05 8.21624e-05 7.86159e-05 7.34741e-05 6.71115e-05 5.99329e-05 5.23394e-05 4.46994e-05 3.73273e-05 3.04703e-05 2.43033e-05 1.89307e-05 1.43918e-05 1.06699e-05 7.70537e-06 5.4103e-06 3.68373e-06 2.42334e-06 1.53283e-06 9.26059e-07 5.29261e-07 2.81904e-07 1.36462e-07 5.72621e-08 1.87269e-08 3.39844e-09 0 
0 2.90623e-07 1.19478e-06 2.72561e-06 4.84619e-06 7.46975e-06 1.04651e-05 1.36666e-05 1.68875e-05 1.99363e-05 2.26322e-05 2.48206e-05 2.63848e-05 2.72541e-05 2.74071e-05 2.68697e-05 2.57099e-05 2.40286e-05 2.19481e-05 1.96011e-05 1.71187e-05 1.46218e-05 1.22131e-05 9.97339e-06 7.95932e-06 6.20413e-06 4.71987e-06 3.50096e-06 2.52848e-06 1.77475e-06 1.2076e-06 7.93838e-07 5.01803e-07 3.03026e-07 1.73136e-07 9.2204e-08 4.46301e-08 1.87269e-08 6.12435e-09 1.1114e-09 0 
0 5.27398e-08 2.16818e-07 4.94621e-07 8.79444e-07 1.35555e-06 1.89912e-06 2.48009e-06 3.0646e-06 3.61786e-06 4.10709e-06 4.50422e-06 4.78808e-06 4.94585e-06 4.9736e-06 4.87609e-06 4.66563e-06 4.36052e-06 3.983e-06 3.55711e-06 3.1067e-06 2.65367e-06 2.2167e-06 1.81041e-06 1.44505e-06 1.12661e-06 8.5725e-07 6.35947e-07 4.59307e-07 3.2236e-07 2.19306e-07 1.44135e-07 9.10939e-08 5.50014e-08 3.14226e-08 1.67333e-08 8.09928e-09 3.39844e-09 1.1114e-09 2.01687e-10 0 
0 0 0 0 0 0 0 0 0 0 0 0 0 0 0 0 0 0 0 0 0 0 0 0 0 0 0 0 0 0 0 0 0 0 0 0 0 0 0 0 0 
