0 0 0 0 0 0 0 0 0 0 0 0 0 0 0 0 0 0 0 0 0 0 0 0 0 0 0 0 0 0 0 0 0 0 0 0 0 0 0 0 0 
0 1.3393e-05 5.31292e-05 0.000113448 0.000181152 0.000239464 0.000276067 0.000288406 0.000282034 0.000265395 0.000245815 0.000228104 0.00021482 0.000207033 0.000204989 0.000208503 0.000217091 0.000229911 0.000245601 0.000262105 0.000276633 0.000285887 0.000286639 0.000276593 0.000255239 0.000224285 0.000187311 0.000148728 0.000112512 8.13219e-05 5.62925e-05 3.73513e-05 2.37216e-05 1.43564e-05 8.21059e-06 4.37432e-06 2.11766e-06 8.88629e-07 2.90618e-07 5.27394e-08 0 
0 5.31292e-05 0.000200301 0.000386799 0.000522069 0.000543485 0.000466705 0.000352419 0.000248219 0.000171477 0.000121046 9.01523e-05 7.25149e-05 6.39205e-05 6.21121e-05 6.63779e-05 7.72738e-05 9.65041e-05 0.000126807 0.000171558 0.000233678 0.000313508 0.000405873 0.000497762 0.000569327 0.000600281 0.000579761 0.00051284 0.00041783 0.000316494 0.000225131 0.000151573 9.69617e-05 5.8878e-05 3.37218e-05 1.79765e-05 8.7047e-06 3.65306e-06 1.19474e-06 2.16815e-07 0 
0 0.000113448 0.000386799 0.000611924 0.000599026 0.000407249 0.000214617 9.73142e-05 4.14997e-05 1.79432e-05 8.38668e-06 4.46815e-06 2.82418e-06 2.17183e-06 2.05147e-06 2.36672e-06 3.27158e-06 5.25949e-06 9.47559e-06 1.83693e-05 3.6786e-05 7.32442e-05 0.000140149 0.000250215 0.000406239 0.000586515 0.000739853 0.00080806 0.000766632 0.000641542 0.000484063 0.000336389 0.000218564 0.00013366 7.67818e-05 4.09802e-05 1.98527e-05 8.33286e-06 2.72544e-06 4.9461e-07 0 
0 0.000181152 0.000522069 0.000599026 0.00036432 0.000138738 3.87161e-05 9.05304e-06 1.99505e-06 4.61892e-07 1.24033e-07 4.20322e-08 1.91703e-08 1.22533e-08 1.11403e-08 1.42608e-08 2.48858e-08 5.63172e-08 1.55364e-07 4.8832e-07 1.63444e-06 5.47329e-06 1.73826e-05 5.01629e-05 0.000127303 0.000276867 0.000504396 0.000754432 0.000916909 0.000913729 0.000768795 0.000567458 0.000379901 0.000235488 0.000136045 7.27711e-05 3.52827e-05 1.48137e-05 4.84562e-06 8.79409e-07 0 
0 0.000239464 0.000543485 0.000407249 0.000138738 2.67406e-05 3.50548e-06 3.6757e-07 3.6098e-08 3.87691e-09 5.26095e-10 1.02101e-10 3.11517e-11 1.58552e-11 1.37521e-11 2.00101e-11 4.65291e-11 1.60456e-10 7.48195e-10 4.26382e-09 2.68427e-08 1.70032e-07 1.00052e-06 5.13719e-06 2.20209e-05 7.66187e-05 0.000212438 0.000461482 0.000771434 0.000985184 0.000981223 0.000799688 0.000563295 0.000357383 0.000208476 0.000111934 5.43448e-05 2.2828e-05 7.46831e-06 1.35546e-06 0 
0 0.000276067 0.000466705 0.000214617 3.87161e-05 3.50548e-06 1.95568e-07 8.21824e-09 3.20574e-10 1.43167e-11 8.91078e-13 9.15201e-14 1.76466e-14 6.92468e-15 5.69132e-15 9.58384e-15 3.09199e-14 1.72433e-13 1.46368e-12 1.64553e-11 2.1318e-10 2.79762e-09 3.3297e-08 3.29508e-07 2.55147e-06 1.49215e-05 6.49153e-05 0.000208929 0.000493181 0.000842399 0.001044 0.000978468 0.000743497 0.000488849 0.000289477 0.000156326 7.6056e-05 3.19709e-05 1.04619e-05 1.89893e-06 0 
0 0.000288406 0.000352419 9.73142e-05 9.05304e-06 3.6757e-07 8.21824e-09 1.29618e-10 1.88036e-12 3.28195e-14 8.86925e-16 4.60993e-17 5.44477e-18 1.6241e-18 1.26192e-18 2.47388e-18 1.12995e-17 1.05348e-16 1.69751e-15 3.94838e-14 1.10756e-12 3.17151e-11 8.03263e-10 1.60696e-08 2.345e-07 2.38363e-06 1.66014e-05 7.95373e-05 0.000264302 0.000607467 0.000959168 0.00106572 0.000894284 0.000617402 0.000373342 0.000203258 9.9178e-05 4.17317e-05 1.36604e-05 2.47974e-06 0 
0 0.000282034 0.000248219 4.14997e-05 1.99505e-06 3.6098e-08 3.20574e-10 1.88036e-12 1.00573e-14 6.80606e-17 7.9581e-19 2.29669e-20 2.70879e-21 1.09972e-21 9.20651e-22 1.41992e-21 5.0512e-21 5.96304e-20 1.76941e-18 8.55675e-17 5.23059e-15 3.29029e-13 1.78589e-11 7.27514e-10 2.01512e-08 3.58174e-07 4.00248e-06 2.83755e-05 0.000130659 0.000397136 0.000795647 0.00106031 0.000998031 0.000731359 0.000454062 0.000249771 0.000122327 5.15368e-05 1.68768e-05 3.06399e-06 0 
0 0.000265395 0.000171477 1.79432e-05 4.61892e-07 3.87691e-09 1.43167e-11 3.28195e-14 6.80606e-17 1.88713e-19 1.28103e-21 6.30609e-23 1.45483e-23 8.15962e-24 7.24164e-24 9.14678e-24 2.05419e-23 1.15728e-22 2.82824e-21 2.45688e-19 3.13709e-17 4.16624e-15 4.66438e-13 3.73534e-11 1.90377e-09 5.7621e-08 1.00986e-06 1.03652e-05 6.44918e-05 0.000251878 0.000625716 0.000992507 0.00105182 0.000822759 0.000526298 0.000292975 0.000144105 6.07998e-05 1.99195e-05 3.61691e-06 0 
0 0.000245815 0.000121046 8.38668e-06 1.24033e-07 5.26095e-10 8.91078e-13 8.86925e-16 7.9581e-19 1.28103e-21 1.23823e-23 9.29268e-25 3.3742e-25 2.38863e-25 2.20284e-25 2.4252e-25 3.78963e-25 1.23225e-24 1.77582e-23 1.44916e-21 3.27848e-19 8.44103e-17 1.79764e-14 2.62455e-12 2.30042e-10 1.11826e-08 2.92643e-07 4.17357e-06 3.3824e-05 0.000163732 0.000487812 0.000900812 0.0010658 0.000888879 0.000586163 0.000330362 0.000163228 6.8973e-05 2.26082e-05 4.10575e-06 0 
0 0.000228104 9.01523e-05 4.46815e-06 4.20322e-08 1.02101e-10 9.15201e-14 4.60993e-17 2.29669e-20 6.3061e-23 9.29271e-25 5.71102e-26 1.85726e-26 1.44034e-26 1.3548e-26 1.3655e-26 1.71883e-26 4.62676e-26 5.92074e-25 3.42482e-23 8.06419e-21 3.45481e-18 1.2438e-15 2.96593e-13 4.04915e-11 2.90013e-09 1.05385e-07 1.96746e-06 1.97735e-05 0.000113658 0.000390628 0.00081422 0.00105605 0.000931622 0.000631537 0.000360032 0.000178638 7.55924e-05 2.47893e-05 4.50247e-06 0 
0 0.00021482 7.25149e-05 2.82418e-06 1.91703e-08 3.11517e-11 1.76466e-14 5.44477e-18 2.70879e-21 1.45484e-23 3.37422e-25 1.85727e-26 2.54423e-27 1.32033e-27 1.18013e-27 1.13388e-27 1.45911e-27 6.04563e-27 9.4597e-26 4.11387e-24 6.37167e-22 3.41928e-19 1.79472e-16 6.09872e-14 1.14669e-11 1.0868e-09 5.00772e-08 1.13609e-06 1.33375e-05 8.66804e-05 0.000329452 0.000748139 0.00103776 0.000955426 0.000661839 0.000380774 0.000189574 8.03131e-05 2.63472e-05 4.78599e-06 0 
0 0.000207033 6.39205e-05 2.17183e-06 1.22533e-08 1.58552e-11 6.92468e-15 1.6241e-18 1.09972e-21 8.15965e-24 2.38865e-25 1.44035e-26 1.32034e-27 2.365e-28 1.30741e-28 1.2863e-28 3.12077e-28 2.62155e-27 4.32464e-26 1.52819e-24 1.755e-22 9.1638e-20 5.93147e-17 2.46502e-14 5.55998e-12 6.18033e-10 3.26015e-08 8.26513e-07 1.06007e-05 7.38584e-05 0.000297078 0.000708173 0.00102149 0.000964966 0.000677469 0.000392028 0.000195604 8.29301e-05 2.72124e-05 4.94352e-06 0 
0 0.000204989 6.21121e-05 2.05147e-06 1.11403e-08 1.37521e-11 5.69132e-15 1.26192e-18 9.20652e-22 7.24167e-24 2.20285e-25 1.35482e-26 1.18014e-27 1.30742e-28 2.85062e-29 3.45984e-29 2.04757e-28 2.19298e-27 3.63484e-26 1.23601e-24 1.3443e-22 6.86979e-20 4.64232e-17 2.01299e-14 4.71922e-12 5.42711e-10 2.94686e-08 7.65077e-07 1.00005e-05 7.07296e-05 0.0002881 0.000694792 0.00101252 0.000963526 0.000679226 0.000393778 0.000196622 8.33843e-05 2.73639e-05 4.9712e-06 0 
0 0.000208503 6.63779e-05 2.36672e-06 1.42608e-08 2.00101e-11 9.58384e-15 2.47388e-18 1.41992e-21 9.14681e-24 2.42521e-25 1.36551e-26 1.13389e-27 1.28631e-28 3.45983e-29 4.84286e-29 2.63067e-28 2.80545e-27 5.03281e-26 1.97411e-24 2.57079e-22 1.39218e-19 8.38588e-17 3.25178e-14 6.89334e-12 7.26033e-10 3.65956e-08 8.93832e-07 1.11295e-05 7.57938e-05 0.000299722 0.000706039 0.00101126 0.000952284 0.000667915 0.000386442 0.000192825 8.17563e-05 2.6828e-05 4.87376e-06 0 
0 0.000217091 7.72738e-05 3.27158e-06 2.48858e-08 4.65291e-11 3.09199e-14 1.12995e-17 5.0512e-21 2.05419e-23 3.78965e-25 1.71885e-26 1.45911e-27 3.12076e-28 2.04755e-28 2.63065e-28 7.73273e-28 6.5364e-27 1.32165e-25 7.05591e-24 1.36101e-21 7.00485e-19 3.23298e-16 9.74206e-14 1.64485e-11 1.41983e-09 6.04618e-08 1.28591e-06 1.43423e-05 8.96284e-05 0.000331092 0.000738004 0.00101387 0.000930362 0.000644239 0.000370788 0.000184665 7.82483e-05 2.5672e-05 4.6635e-06 0 
0 0.000229911 9.65041e-05 5.25949e-06 5.63172e-08 1.60456e-10 1.72433e-13 1.05348e-16 5.96304e-20 1.15729e-22 1.23225e-24 4.62677e-26 6.0456e-27 2.62153e-27 2.19296e-27 2.80543e-27 6.53637e-27 4.28689e-26 9.72786e-25 7.7034e-23 2.02991e-20 7.60166e-18 2.35861e-15 4.90147e-13 5.91599e-11 3.80695e-09 1.26381e-07 2.19109e-06 2.07711e-05 0.000114294 0.000381526 0.000783446 0.00101265 0.000895418 0.000608921 0.000347884 0.000172801 7.31582e-05 2.39958e-05 4.35866e-06 0 
0 0.000245601 0.000126807 9.47559e-06 1.55364e-07 7.48195e-10 1.46368e-12 1.69751e-15 1.76941e-18 2.82824e-21 1.77582e-23 5.92073e-25 9.45965e-26 4.32462e-26 3.63482e-26 5.03278e-26 1.32165e-25 9.72785e-25 2.82649e-23 3.11457e-21 6.5478e-19 1.48689e-16 2.80503e-14 3.66032e-12 2.89996e-10 1.29039e-08 3.13217e-07 4.19944e-06 3.24452e-05 0.00015208 0.000446858 0.000829063 0.000996551 0.000844567 0.000562939 0.000319058 0.00015804 6.68492e-05 2.19206e-05 3.98142e-06 0 
0 0.000262105 0.000171558 1.83693e-05 4.8832e-07 4.26382e-09 1.64553e-11 3.94838e-14 8.55675e-17 2.45688e-19 1.44916e-21 3.42482e-23 4.11386e-24 1.52818e-24 1.236e-24 1.97411e-24 7.0559e-24 7.7034e-23 3.11457e-21 2.79088e-19 3.40441e-17 4.31386e-15 4.61512e-13 3.53828e-11 1.7298e-09 5.03334e-08 8.50907e-07 8.47354e-06 5.16851e-05 0.000201471 0.000512558 0.000852368 0.000952228 0.000775386 0.000507713 0.000285835 0.00014127 5.9716e-05 1.9578e-05 3.55577e-06 0 
0 0.000276633 0.000233678 3.6786e-05 1.63444e-06 2.68427e-08 2.1318e-10 1.10756e-12 5.23059e-15 3.13709e-17 3.27848e-19 8.06419e-21 6.37167e-22 1.755e-22 1.3443e-22 2.57078e-22 1.36101e-21 2.02991e-20 6.5478e-19 3.40441e-17 2.24827e-15 1.52731e-13 8.89731e-12 3.84499e-10 1.11189e-08 2.02762e-07 2.29271e-06 1.6386e-05 7.70171e-05 0.000246667 0.000543809 0.000820472 0.000866083 0.000686693 0.000445144 0.000249844 0.000123392 5.21529e-05 1.70986e-05 3.10552e-06 0 
0 0.000285887 0.000313508 7.32442e-05 5.47329e-06 1.70032e-07 2.79762e-09 3.17151e-11 3.29029e-13 4.16624e-15 8.44103e-17 3.45481e-18 3.41928e-19 9.1638e-20 6.86979e-20 1.39218e-19 7.00485e-19 7.60166e-18 1.48689e-16 4.31386e-15 1.52731e-13 5.49848e-12 1.71635e-10 4.0825e-09 6.73984e-08 7.3366e-07 5.24718e-06 2.56612e-05 9.09355e-05 0.00024229 0.000482211 0.000696022 0.000727362 0.00057893 0.00037748 0.000212698 0.000105255 4.45256e-05 1.46028e-05 2.65255e-06 0 
0 0.000286639 0.000405873 0.000140149 1.73826e-05 1.00052e-06 3.3297e-08 8.03263e-10 1.78589e-11 4.66438e-13 1.79764e-14 1.2438e-15 1.79472e-16 5.93147e-17 4.64232e-17 8.38588e-17 3.23298e-16 2.35861e-15 2.80503e-14 4.61512e-13 8.89731e-12 1.71635e-10 2.87133e-09 3.67798e-08 3.26696e-07 1.90704e-06 7.50035e-06 2.22963e-05 5.78091e-05 0.000138867 0.000289196 0.000463483 0.000534646 0.000454746 0.000307218 0.00017591 8.76123e-05 3.71499e-05 1.21938e-05 2.21557e-06 0 
0 0.000276593 0.000497762 0.000250215 5.01629e-05 5.13719e-06 3.29508e-07 1.60696e-08 7.27514e-10 3.73534e-11 2.62455e-12 2.96593e-13 6.09872e-14 2.46502e-14 2.01299e-14 3.25178e-14 9.74206e-14 4.90147e-13 3.66032e-12 3.53828e-11 3.84499e-10 4.0825e-09 3.67798e-08 2.42267e-07 1.00185e-06 2.35351e-06 3.41134e-06 4.35492e-06 7.68055e-06 2.16797e-05 7.29453e-05 0.00019123 0.000311916 0.000321451 0.000237353 0.000140874 7.10897e-05 3.02789e-05 9.95293e-06 1.80922e-06 0 
0 0.000255239 0.000569327 0.000406239 0.000127303 2.20209e-05 2.55147e-06 2.345e-07 2.01512e-08 1.90377e-09 2.30042e-10 4.04915e-11 1.14669e-11 5.55998e-12 4.71922e-12 6.89334e-12 1.64485e-11 5.91599e-11 2.89996e-10 1.7298e-09 1.11189e-08 6.73984e-08 3.26696e-07 1.00185e-06 1.40718e-06 6.82444e-07 1.35125e-07 2.98493e-08 2.89257e-08 1.87732e-07 3.01538e-06 3.19816e-05 0.000124078 0.000195458 0.000172072 0.000108941 5.61855e-05 2.40973e-05 7.93781e-06 1.44383e-06 0 
0 0.000224285 0.000600281 0.000586515 0.000276867 7.66187e-05 1.49215e-05 2.38363e-06 3.58174e-07 5.7621e-08 1.11826e-08 2.90013e-09 1.0868e-09 6.18033e-10 5.42711e-10 7.26033e-10 1.41983e-09 3.80695e-09 1.29039e-08 5.03334e-08 2.02762e-07 7.3366e-07 1.90704e-06 2.35351e-06 6.82444e-07 2.18353e-08 9.70264e-11 6.5509e-13 2.19339e-13 1.16299e-11 6.45606e-09 1.36463e-06 2.95108e-05 9.96795e-05 0.000116818 8.14064e-05 4.32611e-05 1.87207e-05 6.18273e-06 1.12542e-06 0 
0 0.000187311 0.000579761 0.000739853 0.000504396 0.000212438 6.49153e-05 1.66014e-05 4.00248e-06 1.00986e-06 2.92643e-07 1.05385e-07 5.00772e-08 3.26015e-08 2.94686e-08 3.65956e-08 6.04618e-08 1.26381e-07 3.13217e-07 8.50907e-07 2.29271e-06 5.24718e-06 7.50035e-06 3.41134e-06 1.35125e-07 9.70264e-11 1.57592e-15 1.43946e-15 2.91685e-15 9.09548e-17 8.93919e-13 1.80221e-08 4.75748e-06 4.53471e-05 7.60645e-05 5.92315e-05 3.251e-05 1.41967e-05 4.7004e-06 8.56189e-07 0 
0 0.000148728 0.00051284 0.00080806 0.000754432 0.000461482 0.000208929 7.95373e-05 2.83755e-05 1.03652e-05 4.17357e-06 1.96746e-06 1.13609e-06 8.26513e-07 7.65077e-07 8.93832e-07 1.28591e-06 2.19109e-06 4.19944e-06 8.47354e-06 1.6386e-05 2.56612e-05 2.22963e-05 4.35492e-06 2.98493e-08 6.5509e-13 1.43946e-15 1.20162e-16 1.62248e-16 2.32221e-17 2.28951e-16 3.66105e-10 9.46347e-07 2.22983e-05 5.02057e-05 4.25738e-05 2.3917e-05 1.0509e-05 3.48511e-06 6.35093e-07 0 
0 0.000112512 0.00041783 0.000766632 0.000916909 0.000771434 0.000493181 0.000264302 0.000130659 6.44918e-05 3.3824e-05 1.97735e-05 1.33375e-05 1.06007e-05 1.00005e-05 1.11295e-05 1.43423e-05 2.07711e-05 3.24452e-05 5.16851e-05 7.70171e-05 9.09355e-05 5.78091e-05 7.68055e-06 2.89257e-08 2.19339e-13 2.91685e-15 1.62248e-16 2.87258e-17 1.46151e-17 4.44694e-16 1.11587e-10 5.10501e-07 1.48788e-05 3.56123e-05 3.06389e-05 1.72634e-05 7.58948e-06 2.51711e-06 4.58697e-07 0 
0 8.13219e-05 0.000316494 0.000641542 0.000913729 0.000985184 0.000842399 0.000607467 0.000397136 0.000251878 0.000163732 0.000113658 8.66804e-05 7.38584e-05 7.07296e-05 7.57938e-05 8.96284e-05 0.000114294 0.00015208 0.000201471 0.000246667 0.00024229 0.000138867 2.16797e-05 1.87732e-07 1.16299e-11 9.09548e-17 2.32221e-17 1.46151e-17 6.91701e-17 4.73937e-15 1.02754e-09 9.40458e-07 1.43233e-05 2.75023e-05 2.21077e-05 1.22114e-05 5.33816e-06 1.76763e-06 3.21975e-07 0 
0 5.62925e-05 0.000225131 0.000484063 0.000768795 0.000981223 0.001044 0.000959168 0.000795647 0.000625716 0.000487812 0.000390628 0.000329452 0.000297078 0.0002881 0.000299722 0.000331092 0.000381526 0.000446858 0.000512558 0.000543809 0.000482211 0.000289196 7.29453e-05 3.01538e-06 6.45606e-09 8.93919e-13 2.28951e-16 4.44695e-16 4.73937e-15 3.10578e-11 5.08181e-08 3.27702e-06 1.67286e-05 2.20469e-05 1.57723e-05 8.41966e-06 3.64508e-06 1.20372e-06 2.19093e-07 0 
0 3.73513e-05 0.000151573 0.000336389 0.000567458 0.000799688 0.000978468 0.00106572 0.00106031 0.000992507 0.000900812 0.00081422 0.000748139 0.000708173 0.000694792 0.000706039 0.000738004 0.000783446 0.000829063 0.000852368 0.000820472 0.000696022 0.000463483 0.00019123 3.19816e-05 1.36463e-06 1.80221e-08 3.66105e-10 1.11587e-10 1.02754e-09 5.08181e-08 1.46667e-06 9.7154e-06 1.85381e-05 1.7102e-05 1.08959e-05 5.61454e-06 2.40552e-06 7.91999e-07 1.44031e-07 0 
0 2.37216e-05 9.69617e-05 0.000218564 0.000379901 0.000563295 0.000743497 0.000894284 0.000998031 0.00105182 0.0010658 0.00105605 0.00103776 0.00102149 0.00101252 0.00101126 0.00101387 0.00101265 0.000996551 0.000952228 0.000866083 0.000727362 0.000534646 0.000311916 0.000124078 2.95108e-05 4.75748e-06 9.46347e-07 5.10501e-07 9.40458e-07 3.27702e-06 9.7154e-06 1.66175e-05 1.69436e-05 1.22442e-05 7.16512e-06 3.59169e-06 1.52574e-06 5.01046e-07 9.105e-08 0 
0 1.43564e-05 5.8878e-05 0.00013366 0.000235488 0.000357383 0.000488849 0.000617402 0.000731359 0.000822759 0.000888879 0.000931622 0.000955426 0.000964966 0.000963526 0.000952284 0.000930362 0.000895418 0.000844567 0.000775386 0.000686693 0.00057893 0.000454746 0.000321451 0.000195458 9.96795e-05 4.53471e-05 2.22983e-05 1.48788e-05 1.43233e-05 1.67286e-05 1.85381e-05 1.69436e-05 1.26158e-05 7.97891e-06 4.43993e-06 2.1869e-06 9.23618e-07 3.02754e-07 5.49851e-08 0 
0 8.21059e-06 3.37218e-05 7.67818e-05 0.000136045 0.000208476 0.000289477 0.000373342 0.000454062 0.000526298 0.000586163 0.000631537 0.000661839 0.000677469 0.000679226 0.000667915 0.000644239 0.000608921 0.000562939 0.000507713 0.000445144 0.00037748 0.000307218 0.000237353 0.000172072 0.000116818 7.60645e-05 5.02057e-05 3.56123e-05 2.75023e-05 2.20469e-05 1.7102e-05 1.22442e-05 7.97891e-06 4.74417e-06 2.5738e-06 1.25567e-06 5.28533e-07 1.73051e-07 3.14173e-08 0 
0 4.37432e-06 1.79765e-05 4.09802e-05 7.27711e-05 0.000111934 0.000156326 0.000203258 0.000249771 0.000292975 0.000330362 0.000360032 0.000380774 0.000392028 0.000393778 0.000386442 0.000370788 0.000347884 0.000319058 0.000285835 0.000249844 0.000212698 0.00017591 0.000140874 0.000108941 8.14064e-05 5.92315e-05 4.25738e-05 3.06389e-05 2.21077e-05 1.57723e-05 1.08959e-05 7.16512e-06 4.43993e-06 2.5738e-06 1.38062e-06 6.70461e-07 2.81716e-07 9.21812e-08 1.67318e-08 0 
0 2.11766e-06 8.7047e-06 1.98527e-05 3.52827e-05 5.43448e-05 7.6056e-05 9.9178e-05 0.000122327 0.000144105 0.000163228 0.000178638 0.000189574 0.000195604 0.000196622 0.000192825 0.000184665 0.000172801 0.00015804 0.00014127 0.000123392 0.000105255 8.76123e-05 7.10897e-05 5.61855e-05 4.32611e-05 3.251e-05 2.3917e-05 1.72634e-05 1.22114e-05 8.41966e-06 5.61454e-06 3.59169e-06 2.1869e-06 1.25567e-06 6.70461e-07 3.24937e-07 1.36421e-07 4.46248e-08 8.09892e-09 0 
0 8.88629e-07 3.65306e-06 8.33286e-06 1.48137e-05 2.2828e-05 3.19709e-05 4.17317e-05 5.15368e-05 6.07998e-05 6.8973e-05 7.55924e-05 8.03131e-05 8.29301e-05 8.33843e-05 8.17563e-05 7.82483e-05 7.31582e-05 6.68492e-05 5.9716e-05 5.21529e-05 4.45256e-05 3.71499e-05 3.02789e-05 2.40973e-05 1.87207e-05 1.41967e-05 1.0509e-05 7.58948e-06 5.33816e-06 3.64508e-06 2.40552e-06 1.52574e-06 9.23618e-07 5.28533e-07 2.81716e-07 1.36421e-07 5.72547e-08 1.8726e-08 3.39837e-09 0 
0 2.90618e-07 1.19474e-06 2.72544e-06 4.84562e-06 7.46831e-06 1.04619e-05 1.36604e-05 1.68768e-05 1.99195e-05 2.26082e-05 2.47893e-05 2.63472e-05 2.72124e-05 2.73639e-05 2.6828e-05 2.5672e-05 2.39958e-05 2.19206e-05 1.9578e-05 1.70986e-05 1.46028e-05 1.21938e-05 9.95293e-06 7.93781e-06 6.18273e-06 4.7004e-06 3.48511e-06 2.51711e-06 1.76763e-06 1.20372e-06 7.91999e-07 5.01046e-07 3.02754e-07 1.73051e-07 9.21812e-08 4.46248e-08 1.8726e-08 6.12421e-09 1.11139e-09 0 
0 5.27394e-08 2.16815e-07 4.9461e-07 8.79409e-07 1.35546e-06 1.89893e-06 2.47974e-06 3.06399e-06 3.61691e-06 4.10575e-06 4.50247e-06 4.78599e-06 4.94352e-06 4.9712e-06 4.87376e-06 4.6635e-06 4.35866e-06 3.98142e-06 3.55577e-06 3.10552e-06 2.65255e-06 2.21557e-06 1.80922e-06 1.44383e-06 1.12542e-06 8.56189e-07 6.35093e-07 4.58697e-07 3.21975e-07 2.19093e-07 1.44031e-07 9.105e-08 5.49851e-08 3.14173e-08 1.67318e-08 8.09892e-09 3.39837e-09 1.11139e-09 2.01686e-10 0 
0 0 0 0 0 0 0 0 0 0 0 0 0 0 0 0 0 0 0 0 0 0 0 0 0 0 0 0 0 0 0 0 0 0 0 0 0 0 0 0 0 
