0 0 0 0 0 0 0 0 0 0 0 0 0 0 0 0 0 0 0 0 0 0 0 0 0 0 0 0 0 0 0 0 0 0 0 0 0 0 0 0 0 
0 1.32496e-05 5.19001e-05 0.000108444 0.000167819 0.000213478 0.000236222 0.000237212 0.000223858 0.000204313 0.000184561 0.000168 0.000156131 0.000149388 0.000147726 0.000150922 0.000158654 0.000170423 0.000185374 0.000202085 0.000218434 0.000231658 0.000238716 0.000236968 0.000224999 0.000203254 0.000174128 0.00014134 0.000108827 7.96874e-05 5.5647e-05 3.71236e-05 2.36497e-05 1.43361e-05 8.20543e-06 4.37316e-06 2.11743e-06 8.88592e-07 2.90613e-07 5.27391e-08 0 
0 5.19001e-05 0.00018983 0.000347525 0.000434746 0.000414305 0.000325829 0.000227186 0.000149287 9.72008e-05 6.53252e-05 4.6818e-05 3.66581e-05 3.18396e-05 3.08615e-05 3.32875e-05 3.95299e-05 5.08182e-05 6.92438e-05 9.7693e-05 0.000139365 0.00019651 0.000268233 0.000347923 0.000422012 0.000472432 0.00048366 0.000451054 0.000383996 0.000300655 0.000218732 0.000149317 9.62599e-05 5.86841e-05 3.36741e-05 1.79662e-05 8.70273e-06 3.65274e-06 1.1947e-06 2.16813e-07 0 
0 0.000108444 0.000347525 0.000494097 0.000420719 0.000247557 0.000114192 4.58705e-05 1.74957e-05 6.83405e-06 2.92402e-06 1.45063e-06 8.71473e-07 6.51552e-07 6.12435e-07 7.19014e-07 1.03203e-06 1.75198e-06 3.37604e-06 7.06033e-06 1.53221e-05 3.31066e-05 6.87237e-05 0.000133111 0.000234975 0.000370639 0.000513407 0.000616121 0.000637187 0.000571868 0.000453566 0.000325245 0.000215078 0.000132708 7.65531e-05 4.09317e-05 1.98438e-05 8.33149e-06 2.72528e-06 4.946e-07 0 
0 0.000167819 0.000434746 0.000420719 0.000210185 6.61152e-05 1.53449e-05 2.99021e-06 5.51386e-07 1.08027e-07 2.50427e-08 7.53358e-09 3.15583e-09 1.92401e-09 1.73463e-09 2.28597e-09 4.24759e-09 1.05282e-08 3.25037e-08 1.15966e-07 4.4366e-07 1.69861e-06 6.13619e-06 1.99762e-05 5.67332e-05 0.000137598 0.000280642 0.000474178 0.000654016 0.00073236 0.00067542 0.000530133 0.000367767 0.000232154 0.000135252 7.26064e-05 3.52531e-05 1.48093e-05 4.84512e-06 8.79378e-07 0 
0 0.000213478 0.000414305 0.000247557 6.61152e-05 9.95394e-06 1.00816e-06 8.09371e-08 6.09652e-09 5.10209e-10 5.55799e-11 9.02859e-12 2.42598e-12 1.15046e-12 9.85309e-13 1.49708e-12 3.82293e-12 1.51025e-11 8.33275e-11 5.74211e-10 4.4194e-09 3.42555e-08 2.44717e-07 1.50312e-06 7.56499e-06 3.03516e-05 9.59908e-05 0.000238308 0.000460869 0.000685696 0.000783803 0.000707584 0.000530855 0.000348188 0.000206282 0.000111483 5.42653e-05 2.28163e-05 7.46701e-06 1.35538e-06 0 
0 0.000236222 0.000325829 0.000114192 1.53449e-05 1.00816e-06 3.96641e-08 1.15576e-09 3.13128e-11 9.92733e-13 4.5696e-14 3.67517e-15 5.94875e-16 2.11728e-16 1.70994e-16 3.05667e-16 1.12216e-15 7.54579e-15 8.07324e-14 1.17867e-12 2.01403e-11 3.4935e-10 5.44243e-09 6.91309e-08 6.6898e-07 4.74412e-06 2.43457e-05 9.0945e-05 0.000249844 0.000504567 0.000742501 0.000804469 0.000674144 0.000468011 0.000284409 0.000155287 7.58748e-05 3.19447e-05 1.04591e-05 1.89876e-06 0 
0 0.000237212 0.000227186 4.58705e-05 2.99021e-06 8.09371e-08 1.15576e-09 1.13774e-11 1.03233e-13 1.15896e-15 2.12277e-17 8.21772e-19 9.50046e-20 3.7128e-20 3.13852e-20 4.88602e-20 1.89942e-19 2.06718e-18 4.4685e-17 1.45644e-15 5.83925e-14 2.3972e-12 8.60362e-11 2.38136e-09 4.65026e-08 6.08106e-07 5.23119e-06 2.99172e-05 0.000116789 0.000318091 0.000605632 0.000804656 0.000772324 0.000577571 0.000363316 0.000201187 9.88187e-05 4.16803e-05 1.36549e-05 2.47941e-06 0 
0 0.000223858 0.000149287 1.74957e-05 5.51386e-07 6.09652e-09 3.13128e-11 1.03233e-13 3.1103e-16 1.23108e-18 1.24024e-20 1.34118e-21 4.76318e-22 3.08153e-22 2.81995e-22 3.30249e-22 6.00083e-22 1.94807e-21 2.55438e-20 1.63407e-18 1.54488e-16 1.51092e-14 1.25735e-12 7.63371e-11 3.02938e-09 7.35938e-08 1.06843e-06 9.37946e-06 5.16763e-05 0.000186562 0.000451879 0.000734606 0.000816434 0.000665731 0.000436752 0.000246139 0.000121697 5.14473e-05 1.68673e-05 3.06344e-06 0 
0 0.000204313 9.72008e-05 6.83405e-06 1.08027e-07 5.10209e-10 9.92733e-13 1.15896e-15 1.23108e-18 2.82183e-21 9.01035e-23 2.8164e-23 2.00303e-23 1.69228e-23 1.60749e-23 1.64609e-23 1.9237e-23 2.64039e-23 1.10943e-22 3.12478e-21 5.39566e-19 1.19975e-16 2.21749e-14 2.83698e-12 2.20775e-10 9.66734e-09 2.31146e-07 3.05336e-06 2.32871e-05 0.000108811 0.000326303 0.000636582 0.000815392 0.000727546 0.000499792 0.000287295 0.000143115 6.06599e-05 1.99047e-05 3.61607e-06 0 
0 0.000184561 6.53252e-05 2.92402e-06 2.50427e-08 5.55799e-11 4.5696e-14 2.12277e-17 1.24024e-20 9.01035e-23 5.63818e-24 2.19254e-24 2.0253e-24 1.98425e-24 1.92917e-24 1.82481e-24 1.68003e-24 1.56802e-24 3.31149e-24 3.93174e-23 3.97444e-21 1.61602e-18 6.06101e-16 1.50241e-13 2.12558e-11 1.57092e-09 5.8555e-08 1.11348e-06 1.13407e-05 6.63989e-05 0.000238616 0.000542716 0.000787602 0.000764639 0.000549631 0.000322348 0.000161822 6.87745e-05 2.25873e-05 4.10456e-06 0 
0 0.000168 4.6818e-05 1.45063e-06 7.53358e-09 9.02859e-12 3.67517e-15 8.21772e-19 1.34118e-21 2.8164e-23 2.19255e-24 4.82127e-25 3.31175e-25 3.26213e-25 3.18153e-25 2.86822e-25 2.34842e-25 1.95156e-25 3.86983e-25 3.54074e-24 1.58172e-22 4.8836e-20 3.18265e-17 1.3535e-14 3.11861e-12 3.5335e-10 1.89326e-08 4.85138e-07 6.26185e-06 4.40372e-05 0.000182705 0.000468431 0.000751162 0.000782875 0.0005856 0.000349729 0.000176817 7.53351e-05 2.47623e-05 4.50094e-06 0 
0 0.000156131 3.66581e-05 8.71473e-07 3.15583e-09 2.42598e-12 5.94875e-16 9.50046e-20 4.76319e-22 2.00303e-23 2.02531e-24 3.31176e-25 1.02545e-25 6.9208e-26 6.18166e-26 5.32987e-26 4.22823e-26 4.28784e-26 1.3712e-25 1.24899e-24 3.16931e-23 4.51509e-21 3.7837e-18 2.37407e-15 7.77486e-13 1.19878e-10 8.34562e-09 2.65271e-07 4.06366e-06 3.26127e-05 0.000149839 0.000417718 0.000718844 0.000789227 0.000608516 0.000368598 0.000187407 8.00064e-05 2.6315e-05 4.78417e-06 0 
0 0.000149388 3.18396e-05 6.51552e-07 1.92401e-09 1.15046e-12 2.11728e-16 3.7128e-20 3.08153e-22 1.69228e-23 1.98425e-24 3.26213e-25 6.92081e-26 2.36068e-26 1.44908e-26 1.1317e-26 1.01588e-26 1.88974e-26 9.22013e-26 7.95427e-25 1.52262e-23 1.40214e-21 1.12892e-18 8.81947e-16 3.52504e-13 6.47203e-11 5.22676e-09 1.8774e-07 3.16961e-06 2.74136e-05 0.000133385 0.0003896 0.000697637 0.00078942 0.000619802 0.000378705 0.000193221 8.25923e-05 2.71769e-05 4.94152e-06 0 
0 0.000147726 3.08615e-05 6.12435e-07 1.73463e-09 9.85309e-13 1.70994e-16 3.13852e-20 2.81995e-22 1.60749e-23 1.92917e-24 3.18153e-25 6.18167e-26 1.44908e-26 5.09056e-27 3.19023e-27 4.23691e-27 1.45082e-26 8.29607e-26 7.11607e-25 1.30267e-23 1.11494e-21 8.74585e-19 7.14701e-16 2.97676e-13 5.66677e-11 4.71959e-09 1.73875e-07 2.99512e-06 2.63052e-05 0.000129502 0.000381986 0.000690178 0.000786815 0.000620739 0.000380207 0.00019419 8.3039e-05 2.73277e-05 4.96915e-06 0 
0 0.000150922 3.32875e-05 7.19014e-07 2.28597e-09 1.49708e-12 3.05667e-16 4.88602e-20 3.30249e-22 1.64609e-23 1.82481e-24 2.86823e-25 5.32988e-26 1.1317e-26 3.19023e-27 1.88114e-27 3.53858e-27 1.48278e-26 9.03654e-26 8.46991e-25 1.8268e-23 2.01604e-21 1.70694e-18 1.23357e-15 4.59339e-13 7.92754e-11 6.07455e-09 2.08936e-07 3.40712e-06 2.86827e-05 0.000136716 0.000393146 0.000696065 0.000782175 0.000612075 0.000373525 0.000190511 8.14275e-05 2.67934e-05 4.8718e-06 0 
0 0.000158654 3.95299e-05 1.03203e-06 4.24759e-09 3.82293e-12 1.12216e-15 1.89942e-19 6.00084e-22 1.9237e-23 1.68004e-24 2.34843e-25 4.22823e-26 1.01589e-26 4.23691e-27 3.53858e-27 5.83722e-27 2.01846e-26 1.24605e-25 1.42318e-24 4.74724e-23 9.64132e-21 7.71206e-18 4.22251e-15 1.22296e-12 1.69365e-10 1.0763e-08 3.173e-07 4.57606e-06 3.50399e-05 0.000155339 0.000421662 0.000712359 0.000773897 0.000593978 0.000359268 0.000182606 7.79555e-05 2.56412e-05 4.66175e-06 0 
0 0.000170423 5.08182e-05 1.75198e-06 1.05282e-08 1.51025e-11 7.54579e-15 2.06718e-18 1.94807e-21 2.64039e-23 1.56802e-24 1.95156e-25 4.28784e-26 1.88974e-26 1.45082e-26 1.48278e-26 2.01846e-26 4.97798e-26 2.89694e-25 4.58823e-24 3.10382e-22 1.25954e-19 7.06346e-17 2.5697e-14 5.14407e-12 5.15347e-10 2.48678e-08 5.84369e-07 7.0359e-06 4.68724e-05 0.000186716 0.000465201 0.000733267 0.000758478 0.000566277 0.000338236 0.000171083 7.29136e-05 2.39699e-05 4.35719e-06 0 
0 0.000185374 6.92438e-05 3.37604e-06 3.25037e-08 8.33275e-11 8.07324e-14 4.4685e-17 2.55438e-20 1.10943e-22 3.31149e-24 3.86983e-25 1.3712e-25 9.22011e-26 8.29606e-26 9.03652e-26 1.24604e-25 2.89693e-25 1.86158e-24 5.44019e-23 8.87349e-21 3.39547e-18 1.112e-15 2.42805e-13 3.06246e-11 2.04548e-09 6.99055e-08 1.23652e-06 1.18791e-05 6.64886e-05 0.000231542 0.000517882 0.000749373 0.000731205 0.000528838 0.000311448 0.000156688 6.66563e-05 2.19001e-05 3.98025e-06 0 
0 0.000202085 9.7693e-05 7.06033e-06 1.15966e-07 5.74211e-10 1.17867e-12 1.45644e-15 1.63407e-18 3.12478e-21 3.93174e-23 3.54074e-24 1.24899e-24 7.95426e-25 7.11606e-25 8.4699e-25 1.42318e-24 4.58823e-24 5.44019e-23 3.56645e-21 6.73963e-19 1.4276e-16 2.51256e-14 3.06651e-12 2.28114e-10 9.57103e-09 2.2e-07 2.80729e-06 2.0822e-05 9.55375e-05 0.000285517 0.000565889 0.000747034 0.000687095 0.000481954 0.000280145 0.000140259 5.95711e-05 1.95625e-05 3.55488e-06 0 
0 0.000218434 0.000139365 1.53221e-05 4.4366e-07 4.4194e-09 2.01403e-11 5.83925e-14 1.54488e-16 5.39566e-19 3.97444e-21 1.58172e-22 3.16931e-23 1.52262e-23 1.30267e-23 1.8268e-23 4.74724e-23 3.10382e-22 8.87349e-21 6.73963e-19 6.98997e-17 7.49241e-15 6.7913e-13 4.43707e-11 1.86318e-09 4.70016e-08 6.97282e-07 6.20266e-06 3.46991e-05 0.000128939 0.000329713 0.000582054 0.000708956 0.000622004 0.000426584 0.000245753 0.000122661 5.20475e-05 1.70872e-05 3.10486e-06 0 
0 0.000231658 0.00019651 3.31066e-05 1.69861e-06 3.42555e-08 3.4935e-10 2.3972e-12 1.51092e-14 1.19975e-16 1.61602e-18 4.8836e-20 4.51509e-21 1.40214e-21 1.11494e-21 2.01604e-21 9.64132e-21 1.25954e-19 3.39547e-18 1.4276e-16 7.49241e-15 4.01723e-13 1.84671e-11 6.30954e-10 1.44332e-08 2.08351e-07 1.88468e-06 1.11428e-05 4.60536e-05 0.000140298 0.000318478 0.000525272 0.000617543 0.000533768 0.000364416 0.000209788 0.000104731 4.44492e-05 1.45945e-05 2.65207e-06 0 
0 0.000238716 0.000268233 6.87237e-05 6.13619e-06 2.44717e-07 5.44243e-09 8.60362e-11 1.25735e-12 2.21749e-14 6.06101e-16 3.18265e-17 3.7837e-18 1.12892e-18 8.74585e-19 1.70694e-18 7.71206e-18 7.06346e-17 1.112e-15 2.51256e-14 6.7913e-13 1.84671e-11 4.31584e-10 7.55169e-09 8.85179e-08 6.52923e-07 3.10198e-06 1.07381e-05 3.17295e-05 8.61453e-05 0.000202346 0.000364247 0.000464326 0.00042367 0.000297831 0.000173769 8.72216e-05 3.70926e-05 1.21876e-05 2.2152e-06 0 
0 0.000236968 0.000347923 0.000133111 1.99762e-05 1.50312e-06 6.91309e-08 2.38136e-09 7.63371e-11 2.83698e-12 1.50241e-13 1.3535e-14 2.37407e-15 8.81947e-16 7.14701e-16 1.23357e-15 4.22251e-15 2.5697e-14 2.42805e-13 3.06651e-12 4.43707e-11 6.30954e-10 7.55169e-09 6.45155e-08 3.3175e-07 9.15259e-07 1.4738e-06 2.0359e-06 3.95129e-06 1.27263e-05 4.96759e-05 0.000149125 0.000270532 0.000299462 0.000230126 0.000139175 7.07772e-05 3.02332e-05 9.94796e-06 1.80893e-06 0 
0 0.000224999 0.000422012 0.000234975 5.67332e-05 7.56499e-06 6.6898e-07 4.65026e-08 3.02938e-09 2.20775e-10 2.12558e-11 3.11861e-12 7.77486e-13 3.52504e-13 2.97676e-13 4.59339e-13 1.22296e-12 5.14407e-12 3.06246e-11 2.28114e-10 1.86318e-09 1.44332e-08 8.85179e-08 3.3175e-07 5.30403e-07 2.63314e-07 4.83637e-08 9.81195e-09 9.84701e-09 7.84194e-08 1.6689e-06 2.2623e-05 0.000103538 0.000179571 0.000166067 0.000107477 5.5917e-05 2.40585e-05 7.93365e-06 1.44359e-06 0 
0 0.000203254 0.000472432 0.000370639 0.000137598 3.03516e-05 4.74412e-06 6.08106e-07 7.35938e-08 9.66734e-09 1.57092e-09 3.5335e-10 1.19878e-10 6.47203e-11 5.66677e-11 7.92754e-11 1.69365e-10 5.15347e-10 2.04548e-09 9.57103e-09 4.70016e-08 2.08351e-07 6.52923e-07 9.15259e-07 2.63314e-07 6.74903e-09 1.97433e-11 8.41716e-14 2.44342e-14 2.18054e-12 2.19139e-09 7.66449e-07 2.25539e-05 8.89208e-05 0.000111723 8.01033e-05 4.30238e-05 1.86871e-05 6.17921e-06 1.12523e-06 0 
0 0.000174128 0.00048366 0.000513407 0.000280642 9.59908e-05 2.43457e-05 5.23119e-06 1.06843e-06 2.31146e-07 5.8555e-08 1.89326e-08 8.34562e-09 5.22676e-09 4.71959e-09 6.07455e-09 1.0763e-08 2.48678e-08 6.99055e-08 2.2e-07 6.97282e-07 1.88468e-06 3.10198e-06 1.4738e-06 4.83637e-08 1.97433e-11 2.5582e-16 2.65484e-15 1.60876e-15 2.86977e-15 1.44645e-13 7.15376e-09 3.20141e-06 3.88832e-05 7.19355e-05 5.81093e-05 3.23069e-05 1.41685e-05 4.69751e-06 8.56028e-07 0 
0 0.00014134 0.000451054 0.000616121 0.000474178 0.000238308 9.0945e-05 2.99172e-05 9.37946e-06 3.05336e-06 1.11348e-06 4.85138e-07 2.65271e-07 1.8774e-07 1.73875e-07 2.08936e-07 3.173e-07 5.84369e-07 1.23652e-06 2.80729e-06 6.20266e-06 1.11428e-05 1.07381e-05 2.0359e-06 9.81195e-09 8.41716e-14 2.65484e-15 4.78232e-16 2.64571e-16 2.75948e-16 2.52199e-15 1.05292e-10 5.68908e-07 1.85048e-05 4.70843e-05 4.16847e-05 2.37571e-05 1.04872e-05 3.48291e-06 6.34972e-07 0 
0 0.000108827 0.000383996 0.000637187 0.000654016 0.000460869 0.000249844 0.000116789 5.16763e-05 2.32871e-05 1.13407e-05 6.26185e-06 4.06366e-06 3.16961e-06 2.99512e-06 3.40712e-06 4.57606e-06 7.0359e-06 1.18791e-05 2.0822e-05 3.46991e-05 4.60536e-05 3.17295e-05 3.95129e-06 9.84701e-09 2.44342e-14 1.60876e-15 2.64571e-16 2.885e-16 1.45334e-15 3.71987e-14 2.96221e-11 2.99611e-07 1.22878e-05 3.33922e-05 3.00095e-05 1.71515e-05 7.57437e-06 2.51559e-06 4.58614e-07 0 
0 7.96874e-05 0.000300655 0.000571868 0.00073236 0.000685696 0.000504567 0.000318091 0.000186562 0.000108811 6.63989e-05 4.40372e-05 3.26127e-05 2.74136e-05 2.63052e-05 2.86827e-05 3.50399e-05 4.68724e-05 6.64886e-05 9.55375e-05 0.000128939 0.000140298 8.61453e-05 1.27263e-05 7.84194e-08 2.18054e-12 2.86977e-15 2.75948e-16 1.45334e-15 2.09445e-16 5.17659e-16 3.47074e-10 6.02574e-07 1.21808e-05 2.60325e-05 2.17177e-05 1.21432e-05 5.32896e-06 1.7667e-06 3.21925e-07 0 
0 5.5647e-05 0.000218732 0.000453566 0.00067542 0.000783803 0.000742501 0.000605632 0.000451879 0.000326303 0.000238616 0.000182705 0.000149839 0.000133385 0.000129502 0.000136716 0.000155339 0.000186716 0.000231542 0.000285517 0.000329713 0.000318478 0.000202346 4.96759e-05 1.6689e-06 2.19139e-09 1.44645e-13 2.52199e-15 3.71987e-14 5.1766e-16 7.78962e-12 2.51589e-08 2.42771e-06 1.49329e-05 2.11876e-05 1.5565e-05 8.38393e-06 3.64021e-06 1.20322e-06 2.19065e-07 0 
0 3.71236e-05 0.000149317 0.000325245 0.000530133 0.000707584 0.000804469 0.000804656 0.000734606 0.000636582 0.000542716 0.000468431 0.000417718 0.0003896 0.000381986 0.000393146 0.000421662 0.000465201 0.000517882 0.000565889 0.000582054 0.000525272 0.000364247 0.000149125 2.2623e-05 7.66449e-07 7.15376e-09 1.05292e-10 2.96221e-11 3.47074e-10 2.51589e-08 1.01081e-06 8.21501e-06 1.73348e-05 1.66848e-05 1.08029e-05 5.59851e-06 2.40329e-06 7.91767e-07 1.44018e-07 0 
0 2.36497e-05 9.62599e-05 0.000215078 0.000367767 0.000530855 0.000674144 0.000772324 0.000816434 0.000815392 0.000787602 0.000751162 0.000718844 0.000697637 0.000690178 0.000696065 0.000712359 0.000733267 0.000749373 0.000747034 0.000708956 0.000617543 0.000464326 0.000270532 0.000103538 2.25539e-05 3.20141e-06 5.68908e-07 2.99611e-07 6.02574e-07 2.42771e-06 8.21501e-06 1.53317e-05 1.63715e-05 1.20811e-05 7.13002e-06 3.58553e-06 1.52486e-06 5.00951e-07 9.10444e-08 0 
0 1.43361e-05 5.86841e-05 0.000132708 0.000232154 0.000348188 0.000468011 0.000577571 0.000665731 0.000727546 0.000764639 0.000782875 0.000789227 0.00078942 0.000786815 0.000782175 0.000773897 0.000758478 0.000731205 0.000687095 0.000622004 0.000533768 0.00042367 0.000299462 0.000179571 8.89208e-05 3.88832e-05 1.85048e-05 1.22878e-05 1.21808e-05 1.49329e-05 1.73348e-05 1.63715e-05 1.24199e-05 7.92712e-06 4.42873e-06 2.18487e-06 9.23316e-07 3.02721e-07 5.49831e-08 0 
0 8.20543e-06 3.36741e-05 7.65531e-05 0.000135252 0.000206282 0.000284409 0.000363316 0.000436752 0.000499792 0.000549631 0.0005856 0.000608516 0.000619802 0.000620739 0.000612075 0.000593978 0.000566277 0.000528838 0.000481954 0.000426584 0.000364416 0.000297831 0.000230126 0.000166067 0.000111723 7.19355e-05 4.70843e-05 3.33922e-05 2.60325e-05 2.11876e-05 1.66848e-05 1.20811e-05 7.92712e-06 4.7305e-06 2.57075e-06 1.25509e-06 5.28443e-07 1.73041e-07 3.14166e-08 0 
0 4.37316e-06 1.79662e-05 4.09317e-05 7.26064e-05 0.000111483 0.000155287 0.000201187 0.000246139 0.000287295 0.000322348 0.000349729 0.000368598 0.000378705 0.000380207 0.000373525 0.000359268 0.000338236 0.000311448 0.000280145 0.000245753 0.000209788 0.000173769 0.000139175 0.000107477 8.01033e-05 5.81093e-05 4.16847e-05 3.00095e-05 2.17177e-05 1.5565e-05 1.08029e-05 7.13002e-06 4.42873e-06 2.57075e-06 1.3799e-06 6.70319e-07 2.81693e-07 9.21783e-08 1.67316e-08 0 
0 2.11743e-06 8.70273e-06 1.98438e-05 3.52531e-05 5.42653e-05 7.58748e-05 9.88187e-05 0.000121697 0.000143115 0.000161822 0.000176817 0.000187407 0.000193221 0.00019419 0.000190511 0.000182606 0.000171083 0.000156688 0.000140259 0.000122661 0.000104731 8.72216e-05 7.07772e-05 5.5917e-05 4.30238e-05 3.23069e-05 2.37571e-05 1.71515e-05 1.21432e-05 8.38393e-06 5.59851e-06 3.58553e-06 2.18487e-06 1.25509e-06 6.70319e-07 3.24907e-07 1.36416e-07 4.46242e-08 8.09888e-09 0 
0 8.88592e-07 3.65274e-06 8.33149e-06 1.48093e-05 2.28163e-05 3.19447e-05 4.16803e-05 5.14473e-05 6.06599e-05 6.87745e-05 7.53351e-05 8.00064e-05 8.25923e-05 8.3039e-05 8.14275e-05 7.79555e-05 7.29136e-05 6.66563e-05 5.95711e-05 5.20475e-05 4.44492e-05 3.70926e-05 3.02332e-05 2.40585e-05 1.86871e-05 1.41685e-05 1.04872e-05 7.57437e-06 5.32896e-06 3.64021e-06 2.40329e-06 1.52486e-06 9.23316e-07 5.28443e-07 2.81693e-07 1.36416e-07 5.72538e-08 1.87258e-08 3.39836e-09 0 
0 2.90613e-07 1.1947e-06 2.72528e-06 4.84512e-06 7.46701e-06 1.04591e-05 1.36549e-05 1.68673e-05 1.99047e-05 2.25873e-05 2.47623e-05 2.6315e-05 2.71769e-05 2.73277e-05 2.67934e-05 2.56412e-05 2.39699e-05 2.19001e-05 1.95625e-05 1.70872e-05 1.45945e-05 1.21876e-05 9.94796e-06 7.93365e-06 6.17921e-06 4.69751e-06 3.48291e-06 2.51559e-06 1.7667e-06 1.20322e-06 7.91767e-07 5.00951e-07 3.02721e-07 1.73041e-07 9.21783e-08 4.46242e-08 1.87258e-08 6.12419e-09 1.11139e-09 0 
0 5.27391e-08 2.16813e-07 4.946e-07 8.79378e-07 1.35538e-06 1.89876e-06 2.47941e-06 3.06344e-06 3.61607e-06 4.10456e-06 4.50094e-06 4.78417e-06 4.94152e-06 4.96915e-06 4.8718e-06 4.66175e-06 4.35719e-06 3.98025e-06 3.55488e-06 3.10486e-06 2.65207e-06 2.2152e-06 1.80893e-06 1.44359e-06 1.12523e-06 8.56028e-07 6.34972e-07 4.58614e-07 3.21925e-07 2.19065e-07 1.44018e-07 9.10444e-08 5.49831e-08 3.14166e-08 1.67316e-08 8.09888e-09 3.39836e-09 1.11139e-09 2.01686e-10 0 
0 0 0 0 0 0 0 0 0 0 0 0 0 0 0 0 0 0 0 0 0 0 0 0 0 0 0 0 0 0 0 0 0 0 0 0 0 0 0 0 0 
