0 0 0 0 0 0 0 0 0 0 0 0 0 0 0 0 0 0 0 0 0 0 0 0 0 0 0 0 0 0 0 0 0 0 0 0 0 0 0 0 0 
0 1.37911e-05 5.66964e-05 0.00012934 0.000229968 0.000354465 0.000496605 0.000648526 0.000801372 0.000946045 0.00107397 0.00117782 0.00125205 0.0012933 0.00130056 0.00127506 0.00122003 0.00114025 0.00104153 0.00093017 0.0008124 0.000693949 0.000579699 0.000473473 0.000377947 0.000294685 0.000224245 0.000166363 0.000120155 8.4327e-05 5.73649e-05 3.7699e-05 2.38242e-05 1.43839e-05 8.21723e-06 4.37575e-06 2.11793e-06 8.88673e-07 2.90623e-07 5.27398e-08 0 
0 5.66964e-05 0.000233084 0.000531728 0.00094542 0.00145724 0.00204159 0.00266615 0.00329451 0.00388928 0.00441521 0.00484213 0.00514729 0.00531689 0.00534673 0.0052419 0.00501565 0.00468766 0.00428183 0.00382402 0.00333985 0.00285289 0.0023832 0.00194649 0.00155378 0.00121148 0.000921892 0.000683935 0.00049397 0.000346676 0.000235833 0.000154984 9.79433e-05 5.91335e-05 3.37818e-05 1.79891e-05 8.70702e-06 3.65342e-06 1.19478e-06 2.16818e-07 0 
0 0.00012934 0.000531728 0.00121301 0.00215676 0.00332436 0.00465742 0.00608221 0.00751568 0.0088725 0.0100723 0.0110462 0.0117424 0.0121293 0.0121973 0.0119582 0.0114421 0.0106938 0.00976801 0.00872361 0.00761911 0.00650821 0.00543672 0.00444047 0.00354459 0.00276371 0.00210308 0.00156024 0.00112688 0.000790862 0.000537998 0.000353561 0.000223435 0.000134899 7.70654e-05 4.10381e-05 1.98631e-05 8.33443e-06 2.72561e-06 4.94621e-07 0 
0 0.000229968 0.00094542 0.00215676 0.00383475 0.00591076 0.00828097 0.0108143 0.013363 0.0157754 0.0179087 0.0196403 0.0208781 0.021566 0.021687 0.0212618 0.0203442 0.0190138 0.0173677 0.0155107 0.0135469 0.0115717 0.00966657 0.00789522 0.00630233 0.00491391 0.00373932 0.00277413 0.00200361 0.00140616 0.000956569 0.000628636 0.000397271 0.000239853 0.000137024 7.29663e-05 3.53168e-05 1.48187e-05 4.84619e-06 8.79444e-07 0 
0 0.000354465 0.00145724 0.00332436 0.00591076 0.00911065 0.012764 0.0166688 0.0205973 0.0243157 0.0276038 0.0302729 0.0321808 0.0332411 0.0334277 0.0327723 0.0313578 0.0293072 0.0267699 0.0239077 0.0208807 0.0178362 0.0148997 0.0121694 0.0097142 0.00757414 0.00576366 0.00427595 0.0030883 0.00216742 0.00147442 0.00096896 0.000612341 0.000369702 0.000211204 0.000112468 5.44362e-05 2.28411e-05 7.46975e-06 1.35555e-06 0 
0 0.000496605 0.00204159 0.00465742 0.00828097 0.012764 0.0178824 0.0233529 0.0288568 0.0340663 0.0386729 0.0424123 0.0450852 0.0465707 0.046832 0.0459138 0.0439321 0.0410593 0.0375046 0.0334946 0.0292538 0.0249885 0.0208745 0.0170494 0.0136096 0.0106114 0.00807488 0.00599061 0.0043267 0.00303655 0.00206567 0.00135751 0.000857889 0.000517952 0.000295896 0.000157567 7.62651e-05 3.20004e-05 1.04651e-05 1.89912e-06 0 
0 0.000648526 0.00266615 0.00608221 0.0108143 0.0166688 0.0233529 0.030497 0.0376845 0.0444878 0.0505036 0.0553869 0.0588774 0.0608173 0.0611585 0.0599593 0.0573714 0.0536197 0.0489777 0.043741 0.038203 0.0326329 0.0272603 0.022265 0.017773 0.0138576 0.0105451 0.00782324 0.00565032 0.00396548 0.00269759 0.0017728 0.00112033 0.000676403 0.000386416 0.00020577 9.95959e-05 4.17899e-05 1.36666e-05 2.48009e-06 0 
0 0.000801372 0.00329451 0.00751568 0.013363 0.0205973 0.0288568 0.0376845 0.0465661 0.0549727 0.0624062 0.0684403 0.0727533 0.0751502 0.0755717 0.0740898 0.070892 0.0662562 0.0605202 0.0540495 0.0472064 0.0403237 0.033685 0.0275125 0.0219617 0.0171235 0.0130304 0.00966703 0.00698199 0.00490007 0.00333336 0.00219061 0.00138437 0.000835819 0.000477487 0.000254266 0.000123069 5.1639e-05 1.68875e-05 3.0646e-06 0 
0 0.000946045 0.00388928 0.0088725 0.0157754 0.0243157 0.0340663 0.0444878 0.0549727 0.0648968 0.0736722 0.0807954 0.0858866 0.0887159 0.0892131 0.0874634 0.0836882 0.0782156 0.0714445 0.063806 0.0557279 0.0476029 0.0397659 0.0324792 0.0259264 0.0202148 0.0153828 0.0114122 0.00824246 0.00578469 0.00393514 0.00258609 0.0016343 0.000986711 0.000563689 0.00030017 0.000145287 6.09615e-05 1.99363e-05 3.61786e-06 0 
0 0.00107397 0.00441521 0.0100723 0.0179087 0.0276038 0.0386729 0.0505036 0.0624062 0.0736722 0.083634 0.0917198 0.0974988 0.10071 0.101273 0.0992865 0.0950006 0.0887883 0.0811021 0.0724315 0.0632618 0.0540387 0.0451425 0.0368707 0.0294321 0.0229483 0.0174629 0.0129554 0.00935704 0.00656692 0.00446727 0.00293579 0.0018553 0.00112014 0.000639914 0.00034076 0.000164933 6.9205e-05 2.26322e-05 4.10709e-06 0 
0 0.00117782 0.00484213 0.0110462 0.0196403 0.0302729 0.0424123 0.0553869 0.0684403 0.0807954 0.0917198 0.100587 0.106923 0.110443 0.111059 0.108879 0.104178 0.0973658 0.0889375 0.07943 0.069375 0.0592614 0.0495059 0.040435 0.0322775 0.0251669 0.0191513 0.0142081 0.0102618 0.00720189 0.00489922 0.00321966 0.00203469 0.00122845 0.000701789 0.000373709 0.000180881 7.58967e-05 2.48206e-05 4.50422e-06 0 
0 0.00125205 0.00514729 0.0117424 0.0208781 0.0321808 0.0450852 0.0588774 0.0727533 0.0858866 0.0974988 0.106923 0.113657 0.117396 0.118049 0.115729 0.110731 0.103489 0.0945311 0.0844265 0.0737401 0.0629913 0.0526227 0.0429813 0.0343106 0.0267524 0.0203579 0.0151033 0.0109084 0.00765573 0.00520796 0.00342257 0.00216292 0.00130587 0.000746017 0.000397261 0.00019228 8.06798e-05 2.63848e-05 4.78808e-06 0 
0 0.0012933 0.00531689 0.0121293 0.021566 0.0332411 0.0465707 0.0608173 0.0751502 0.0887159 0.10071 0.110443 0.117396 0.121255 0.121925 0.119526 0.114361 0.10688 0.0976283 0.0871934 0.0761581 0.0650582 0.0543507 0.0443937 0.0354388 0.0276325 0.021028 0.0156006 0.0112677 0.0079079 0.00537953 0.00353533 0.00223418 0.00134889 0.000770597 0.000410351 0.000198616 8.33382e-05 2.72542e-05 4.94585e-06 0 
0 0.00130056 0.00534673 0.0121973 0.021687 0.0334277 0.046832 0.0611585 0.0755717 0.0892131 0.101273 0.111059 0.118049 0.121925 0.122595 0.120177 0.11498 0.107456 0.0981523 0.0876611 0.0765675 0.0654093 0.0546454 0.0446358 0.035633 0.0277848 0.0211444 0.0156873 0.0113304 0.00795206 0.00540962 0.00355513 0.0022467 0.00135646 0.000774921 0.000412653 0.000199731 8.38059e-05 2.74071e-05 4.9736e-06 0 
0 0.00127506 0.0052419 0.0119582 0.0212618 0.0327723 0.0459138 0.0599593 0.0740898 0.0874634 0.0992865 0.108879 0.115729 0.119526 0.120177 0.117802 0.112701 0.105321 0.0961984 0.0859138 0.0750405 0.0641051 0.0535568 0.0437478 0.0349254 0.0272341 0.0207261 0.0153776 0.0111072 0.0077956 0.00530331 0.00348532 0.00220262 0.00132985 0.000759723 0.000404561 0.000195814 8.21627e-05 2.68697e-05 4.87609e-06 0 
0 0.00122003 0.00501565 0.0114421 0.0203442 0.0313578 0.0439321 0.0573714 0.070892 0.0836882 0.0950006 0.104178 0.110731 0.114361 0.11498 0.112701 0.107815 0.100747 0.0920135 0.0821706 0.071767 0.0613063 0.0512177 0.0418373 0.0334011 0.0260467 0.0198237 0.0147091 0.0106251 0.00745776 0.00507378 0.00333463 0.00210745 0.00127242 0.000726923 0.000387098 0.000187362 7.86164e-05 2.571e-05 4.66563e-06 0 
0 0.00114025 0.00468766 0.0106938 0.0190138 0.0293072 0.0410593 0.0536197 0.0662562 0.0782156 0.0887883 0.0973658 0.103489 0.10688 0.107456 0.105321 0.100747 0.0941329 0.0859628 0.076757 0.0670297 0.0572522 0.0478255 0.0390634 0.0311853 0.0243192 0.0185102 0.0137361 0.00992373 0.00696662 0.00474035 0.00311587 0.00196938 0.00118913 0.000679362 0.000361778 0.000175109 7.34752e-05 2.40287e-05 4.36053e-06 0 
0 0.00104153 0.00428183 0.00976801 0.0173677 0.0267699 0.0375046 0.0489777 0.0605202 0.0714445 0.0811021 0.0889375 0.0945311 0.0976283 0.0981523 0.0961984 0.0920135 0.0859628 0.0784885 0.0700679 0.0611722 0.0522336 0.0436196 0.0356174 0.0284273 0.0221651 0.0168706 0.0125213 0.00904884 0.00635489 0.00432583 0.00284438 0.00179823 0.00108597 0.000620487 0.000330442 0.000159946 6.71135e-05 2.19484e-05 3.98301e-06 0 
0 0.00093017 0.00382402 0.00872361 0.0155107 0.0239077 0.0334946 0.043741 0.0540495 0.063806 0.0724315 0.07943 0.0844265 0.0871934 0.0876611 0.0859138 0.0821706 0.076757 0.0700679 0.0625303 0.0545668 0.0465658 0.0388582 0.0317031 0.0252816 0.0196981 0.0149866 0.0111237 0.00804337 0.00565412 0.00385297 0.00253592 0.0016044 0.000969362 0.000554009 0.000295079 0.000142838 5.99367e-05 1.96015e-05 3.55714e-06 0 
0 0.0008124 0.00333985 0.00761911 0.0135469 0.0208807 0.0292538 0.038203 0.0472064 0.0557279 0.0632618 0.069375 0.0737401 0.0761581 0.0765675 0.0750405 0.071767 0.0670297 0.0611722 0.0545668 0.0475832 0.0405619 0.0337956 0.0275162 0.0218888 0.0170114 0.0129168 0.00958036 0.006934 0.00488601 0.00333975 0.00220438 0.00139758 0.000845519 0.000483576 0.000257654 0.00012474 5.2346e-05 1.71195e-05 3.10675e-06 0 
0 0.000693949 0.00285289 0.00650821 0.0115717 0.0178362 0.0249885 0.0326329 0.0403237 0.0476029 0.0540387 0.0592614 0.0629913 0.0650582 0.0654093 0.0641051 0.0613063 0.0572522 0.0522336 0.0465658 0.0405619 0.0345115 0.0286658 0.0232296 0.0183583 0.0141561 0.0106696 0.00788023 0.00571 0.00404915 0.00279258 0.00185877 0.00118564 0.000719895 0.00041249 0.000219963 0.00010653 4.47104e-05 1.4623e-05 2.65375e-06 0 
0 0.000579699 0.0023832 0.00543672 0.00966657 0.0148997 0.0208745 0.0272603 0.033685 0.0397659 0.0451425 0.0495059 0.0526227 0.0543507 0.0546454 0.0535568 0.0512177 0.0478255 0.0436196 0.0388582 0.0337956 0.0286658 0.023672 0.0189869 0.0147616 0.0111294 0.00818646 0.00594432 0.00430544 0.00310649 0.00219985 0.0015007 0.000973665 0.000596829 0.000343526 0.000183539 8.89552e-05 3.73443e-05 1.2215e-05 2.21681e-06 0 
0 0.000473473 0.00194649 0.00444047 0.00789522 0.0121694 0.0170494 0.022265 0.0275125 0.0324792 0.0368707 0.040435 0.0429813 0.0443937 0.0446358 0.0437478 0.0418373 0.0390634 0.0356174 0.0317031 0.0275162 0.0232296 0.0189869 0.0149155 0.0111628 0.00793036 0.00542668 0.0037216 0.00267191 0.00202074 0.00154308 0.00112711 0.000764603 0.000479625 0.000278876 0.000149588 7.26033e-05 3.04942e-05 9.97595e-06 1.81056e-06 0 
0 0.000377947 0.00155378 0.00354459 0.00630233 0.0097142 0.0136096 0.017773 0.0219617 0.0259264 0.0294321 0.0322775 0.0343106 0.0354388 0.035633 0.0349254 0.0334011 0.0311853 0.0284273 0.0252816 0.0218888 0.0183583 0.0147616 0.0111628 0.00771694 0.00477192 0.0027124 0.00158569 0.00109945 0.000935465 0.000866312 0.000749023 0.000563418 0.000371339 0.000220259 0.000118995 5.78925e-05 2.43339e-05 7.96248e-06 1.44523e-06 0 
0 0.000294685 0.00121148 0.00276371 0.00491391 0.00757414 0.0106114 0.0138576 0.0171235 0.0202148 0.0229483 0.0251669 0.0267524 0.0276325 0.0277848 0.0272341 0.0260467 0.0243192 0.0221651 0.0196981 0.0170114 0.0141561 0.0111294 0.00793036 0.00477192 0.0022592 0.000874099 0.000359953 0.000228642 0.000248741 0.000344726 0.000418819 0.000383538 0.000275915 0.00016908 9.23389e-05 4.50752e-05 1.89653e-05 6.20761e-06 1.1268e-06 0 
0 0.000224245 0.000921892 0.00210308 0.00373932 0.00576366 0.00807488 0.0105451 0.0130304 0.0153828 0.0174629 0.0191513 0.0203579 0.021028 0.0211444 0.0207261 0.0198237 0.0185102 0.0168706 0.0149866 0.0129168 0.0106696 0.00818646 0.00542668 0.0027124 0.000874099 0.000188467 4.46796e-05 2.4525e-05 3.89882e-05 0.000100222 0.000201992 0.000244692 0.000197967 0.000126381 6.99038e-05 3.42507e-05 1.44261e-05 4.72325e-06 8.57431e-07 0 
0 0.000166363 0.000683935 0.00156024 0.00277413 0.00427595 0.00599061 0.00782324 0.00966703 0.0114122 0.0129554 0.0142081 0.0151033 0.0156006 0.0156873 0.0153776 0.0147091 0.0137361 0.0125213 0.0111237 0.00958036 0.00788023 0.00594432 0.0037216 0.00158569 0.000359953 4.46796e-05 6.21899e-06 2.9533e-06 6.73853e-06 3.10977e-05 0.000100295 0.000156332 0.00014002 9.24647e-05 5.16603e-05 2.53832e-05 1.06994e-05 3.50382e-06 6.361e-07 0 
0 0.000120155 0.00049397 0.00112688 0.00200361 0.0030883 0.0043267 0.00565032 0.00698199 0.00824246 0.00935704 0.0102618 0.0109084 0.0112677 0.0113304 0.0111072 0.0106251 0.00992373 0.00904884 0.00804337 0.006934 0.00571 0.00430544 0.00267191 0.00109945 0.000228642 2.4525e-05 2.9533e-06 1.34316e-06 3.35867e-06 1.80275e-05 6.55805e-05 0.000108909 0.000100004 6.6572e-05 3.72798e-05 1.83288e-05 7.72718e-06 2.53059e-06 4.59419e-07 0 
0 8.4327e-05 0.000346676 0.000790862 0.00140616 0.00216742 0.00303655 0.00396548 0.00490007 0.00578469 0.00656692 0.00720189 0.00765573 0.0079079 0.00795206 0.0077956 0.00745776 0.00696662 0.00635489 0.00565412 0.00488601 0.00404915 0.00310649 0.00202074 0.000935465 0.000248741 3.89882e-05 6.73853e-06 3.35867e-06 6.49027e-06 2.31269e-05 6.0676e-05 8.46573e-05 7.2497e-05 4.71615e-05 2.62315e-05 1.28725e-05 5.42408e-06 1.7761e-06 3.22432e-07 0 
0 5.73649e-05 0.000235833 0.000537998 0.000956569 0.00147442 0.00206567 0.00269759 0.00333336 0.00393514 0.00446727 0.00489922 0.00520796 0.00537953 0.00540962 0.00530331 0.00507378 0.00474035 0.00432583 0.00385297 0.00333975 0.00279258 0.00219985 0.00154308 0.000866312 0.000344726 0.000100222 3.10977e-05 1.80275e-05 2.31269e-05 4.26527e-05 6.57103e-05 6.86704e-05 5.2229e-05 3.26345e-05 1.79309e-05 8.76848e-06 3.69118e-06 1.20834e-06 2.19346e-07 0 
0 3.7699e-05 0.000154984 0.000353561 0.000628636 0.00096896 0.00135751 0.0017728 0.00219061 0.00258609 0.00293579 0.00321966 0.00342257 0.00353533 0.00355513 0.00348532 0.00333463 0.00311587 0.00284438 0.00253592 0.00220438 0.00185877 0.0015007 0.00112711 0.000749023 0.000418819 0.000201992 0.000100295 6.55805e-05 6.0676e-05 6.57103e-05 6.51313e-05 5.31001e-05 3.62935e-05 2.18245e-05 1.1845e-05 5.77107e-06 2.42679e-06 7.94191e-07 1.44154e-07 0 
0 2.38242e-05 9.79433e-05 0.000223435 0.000397271 0.000612341 0.000857889 0.00112033 0.00138437 0.0016343 0.0018553 0.00203469 0.00216292 0.00223418 0.0022467 0.00220262 0.00210745 0.00196938 0.00179823 0.0016044 0.00139758 0.00118564 0.000973665 0.000764603 0.000563418 0.000383538 0.000244692 0.000156332 0.000108909 8.46573e-05 6.86704e-05 5.31001e-05 3.73566e-05 2.38579e-05 1.39754e-05 7.51677e-06 3.65168e-06 1.5342e-06 5.01949e-07 9.11023e-08 0 
0 1.43839e-05 5.91335e-05 0.000134899 0.000239853 0.000369702 0.000517952 0.000676403 0.000835819 0.000986711 0.00112014 0.00122845 0.00130587 0.00134889 0.00135646 0.00132985 0.00127242 0.00118913 0.00108597 0.000969362 0.000845519 0.000719895 0.000596829 0.000479625 0.000371339 0.000275915 0.000197967 0.00014002 0.000100004 7.2497e-05 5.2229e-05 3.62935e-05 2.38579e-05 1.47296e-05 8.50607e-06 4.55068e-06 2.20665e-06 9.26533e-07 3.03078e-07 5.50046e-08 0 
0 8.21723e-06 3.37818e-05 7.70654e-05 0.000137024 0.000211204 0.000295896 0.000386416 0.000477487 0.000563689 0.000639914 0.000701789 0.000746017 0.000770597 0.000774921 0.000759723 0.000726923 0.000679362 0.000620487 0.000554009 0.000483576 0.00041249 0.000343526 0.000278876 0.000220259 0.00016908 0.000126381 9.24647e-05 6.6572e-05 4.71615e-05 3.26345e-05 2.18245e-05 1.39754e-05 8.50607e-06 4.87992e-06 2.60371e-06 1.26129e-06 5.29403e-07 1.73152e-07 3.14236e-08 0 
0 4.37575e-06 1.79891e-05 4.10381e-05 7.29663e-05 0.000112468 0.000157567 0.00020577 0.000254266 0.00030017 0.00034076 0.000373709 0.000397261 0.000410351 0.000412653 0.000404561 0.000387098 0.000361778 0.000330442 0.000295079 0.000257654 0.000219963 0.000183539 0.000149588 0.000118995 9.23389e-05 6.99038e-05 5.16603e-05 3.72798e-05 2.62315e-05 1.79309e-05 1.1845e-05 7.51677e-06 4.55068e-06 2.60371e-06 1.38756e-06 6.71836e-07 2.8194e-07 9.22084e-08 1.67336e-08 0 
0 2.11793e-06 8.70702e-06 1.98631e-05 3.53168e-05 5.44362e-05 7.62651e-05 9.95959e-05 0.000123069 0.000145287 0.000164933 0.000180881 0.00019228 0.000198616 0.000199731 0.000195814 0.000187362 0.000175109 0.000159946 0.000142838 0.00012474 0.00010653 8.89552e-05 7.26033e-05 5.78925e-05 4.50752e-05 3.42507e-05 2.53832e-05 1.83288e-05 1.28725e-05 8.76848e-06 5.77107e-06 3.65168e-06 2.20665e-06 1.26129e-06 6.71836e-07 3.25223e-07 1.3647e-07 4.46311e-08 8.09935e-09 0 
0 8.88673e-07 3.65342e-06 8.33443e-06 1.48187e-05 2.28411e-05 3.20004e-05 4.17899e-05 5.1639e-05 6.09615e-05 6.9205e-05 7.58967e-05 8.06798e-05 8.33382e-05 8.38059e-05 8.21627e-05 7.86164e-05 7.34752e-05 6.71135e-05 5.99367e-05 5.2346e-05 4.47104e-05 3.73443e-05 3.04942e-05 2.43339e-05 1.89653e-05 1.44261e-05 1.06994e-05 7.72718e-06 5.42408e-06 3.69118e-06 2.42679e-06 1.5342e-06 9.26533e-07 5.29403e-07 2.8194e-07 1.3647e-07 5.72635e-08 1.87271e-08 3.39845e-09 0 
0 2.90623e-07 1.19478e-06 2.72561e-06 4.84619e-06 7.46975e-06 1.04651e-05 1.36666e-05 1.68875e-05 1.99363e-05 2.26322e-05 2.48206e-05 2.63848e-05 2.72542e-05 2.74071e-05 2.68697e-05 2.571e-05 2.40287e-05 2.19484e-05 1.96015e-05 1.71195e-05 1.4623e-05 1.2215e-05 9.97595e-06 7.96248e-06 6.20761e-06 4.72325e-06 3.50382e-06 2.53059e-06 1.7761e-06 1.20834e-06 7.94191e-07 5.01949e-07 3.03078e-07 1.73152e-07 9.22084e-08 4.46311e-08 1.87271e-08 6.12437e-09 1.1114e-09 0 
0 5.27398e-08 2.16818e-07 4.94621e-07 8.79444e-07 1.35555e-06 1.89912e-06 2.48009e-06 3.0646e-06 3.61786e-06 4.10709e-06 4.50422e-06 4.78808e-06 4.94585e-06 4.9736e-06 4.87609e-06 4.66563e-06 4.36053e-06 3.98301e-06 3.55714e-06 3.10675e-06 2.65375e-06 2.21681e-06 1.81056e-06 1.44523e-06 1.1268e-06 8.57431e-07 6.361e-07 4.59419e-07 3.22432e-07 2.19346e-07 1.44154e-07 9.11023e-08 5.50046e-08 3.14236e-08 1.67336e-08 8.09935e-09 3.39845e-09 1.1114e-09 2.01687e-10 0 
0 0 0 0 0 0 0 0 0 0 0 0 0 0 0 0 0 0 0 0 0 0 0 0 0 0 0 0 0 0 0 0 0 0 0 0 0 0 0 0 0 
