0 0 0 0 0 0 0 0 0 0 0 0 0 0 0 0 0 0 0 0 0 0 0 0 0 0 0 0 0 0 0 0 0 0 0 0 0 0 0 0 0 
0 1.37911e-05 5.66964e-05 0.00012934 0.000229968 0.000354465 0.000496605 0.000648526 0.000801371 0.000946044 0.00107397 0.00117782 0.00125205 0.0012933 0.00130056 0.00127506 0.00122003 0.00114025 0.00104153 0.000930169 0.000812399 0.000693949 0.000579699 0.000473473 0.000377947 0.000294685 0.000224245 0.000166363 0.000120155 8.4327e-05 5.73649e-05 3.7699e-05 2.38242e-05 1.43839e-05 8.21723e-06 4.37575e-06 2.11793e-06 8.88673e-07 2.90623e-07 5.27398e-08 0 
0 5.66964e-05 0.000233084 0.000531728 0.00094542 0.00145724 0.00204159 0.00266615 0.00329451 0.00388927 0.0044152 0.00484211 0.00514726 0.00531686 0.0053467 0.00524187 0.00501563 0.00468764 0.00428181 0.003824 0.00333984 0.00285289 0.0023832 0.00194649 0.00155378 0.00121148 0.000921892 0.000683935 0.00049397 0.000346676 0.000235833 0.000154984 9.79433e-05 5.91335e-05 3.37818e-05 1.79891e-05 8.70702e-06 3.65342e-06 1.19478e-06 2.16818e-07 0 
0 0.00012934 0.000531728 0.00121301 0.00215676 0.00332436 0.00465742 0.0060822 0.00751565 0.00887245 0.0100722 0.0110461 0.0117422 0.0121291 0.0121971 0.011958 0.0114419 0.0106937 0.00976789 0.00872353 0.00761905 0.00650818 0.0054367 0.00444046 0.00354458 0.0027637 0.00210308 0.00156024 0.00112688 0.000790862 0.000537998 0.000353561 0.000223435 0.000134899 7.70654e-05 4.10381e-05 1.98631e-05 8.33443e-06 2.72561e-06 4.94621e-07 0 
0 0.000229968 0.00094542 0.00215676 0.00383475 0.00591075 0.00828095 0.0108142 0.0133629 0.0157752 0.0179083 0.0196397 0.0208773 0.021565 0.0216859 0.0212606 0.0203431 0.0190129 0.017367 0.0155103 0.0135466 0.0115716 0.00966649 0.00789519 0.00630231 0.0049139 0.00373931 0.00277413 0.00200361 0.00140616 0.000956569 0.000628636 0.000397271 0.000239853 0.000137024 7.29663e-05 3.53168e-05 1.48187e-05 4.84619e-06 8.79444e-07 0 
0 0.000354465 0.00145724 0.00332436 0.00591075 0.00911063 0.0127639 0.0166686 0.0205969 0.0243149 0.0276023 0.0302705 0.0321773 0.0332367 0.0334226 0.0327672 0.0313532 0.0293035 0.0267672 0.0239059 0.0208796 0.0178356 0.0148994 0.0121693 0.00971414 0.00757412 0.00576365 0.00427595 0.0030883 0.00216742 0.00147442 0.00096896 0.000612341 0.000369702 0.000211204 0.000112468 5.44362e-05 2.28411e-05 7.46975e-06 1.35555e-06 0 
0 0.000496605 0.00204159 0.00465742 0.00828095 0.0127639 0.0178822 0.0233523 0.0288554 0.0340635 0.0386677 0.0424037 0.0450726 0.0465546 0.0468136 0.0458951 0.0439153 0.0410456 0.0374947 0.0334881 0.0292499 0.0249864 0.0208734 0.0170489 0.0136094 0.0106113 0.00807485 0.0059906 0.0043267 0.00303655 0.00206567 0.00135751 0.000857889 0.000517952 0.000295896 0.000157567 7.62651e-05 3.20004e-05 1.04651e-05 1.89912e-06 0 
0 0.000648526 0.00266615 0.0060822 0.0108142 0.0166686 0.0233523 0.0304954 0.0376807 0.0444794 0.0504878 0.0553605 0.0588385 0.0607668 0.0611005 0.0599002 0.0573179 0.0535765 0.0489464 0.0437206 0.0381909 0.0326264 0.0272571 0.0222636 0.0177724 0.0138573 0.010545 0.00782321 0.00565031 0.00396548 0.00269759 0.0017728 0.00112033 0.000676403 0.000386416 0.00020577 9.95959e-05 4.17899e-05 1.36666e-05 2.48009e-06 0 
0 0.000801371 0.00329451 0.00751565 0.0133629 0.0205969 0.0288554 0.0376807 0.0465563 0.0549512 0.0623648 0.0683701 0.0726485 0.0750126 0.0754124 0.0739269 0.0707442 0.0661368 0.060434 0.0539936 0.0471736 0.0403061 0.0336764 0.0275086 0.0219601 0.0171229 0.0130302 0.00966695 0.00698197 0.00490007 0.00333336 0.00219061 0.00138437 0.000835819 0.000477487 0.000254266 0.000123069 5.1639e-05 1.68875e-05 3.0646e-06 0 
0 0.000946044 0.00388927 0.00887245 0.0157752 0.0243149 0.0340635 0.0444794 0.0549512 0.0648487 0.0735776 0.0806324 0.0856404 0.0883892 0.088832 0.0870713 0.0833313 0.0779269 0.0712359 0.0636708 0.0556486 0.0475607 0.0397453 0.0324699 0.0259226 0.0202133 0.0153823 0.011412 0.0082424 0.00578467 0.00393514 0.00258609 0.0016343 0.000986711 0.000563689 0.00030017 0.000145287 6.09615e-05 1.99363e-05 3.61786e-06 0 
0 0.00107397 0.0044152 0.0100722 0.0179083 0.0276023 0.0386677 0.0504878 0.0623648 0.0735776 0.083445 0.0913896 0.0969939 0.100033 0.100478 0.0984625 0.0942466 0.0881759 0.0806584 0.0721431 0.0630924 0.0539484 0.0450983 0.0368508 0.0294237 0.022945 0.0174617 0.012955 0.00935689 0.00656688 0.00446725 0.00293579 0.00185529 0.00112014 0.000639914 0.00034076 0.000164933 6.9205e-05 2.26322e-05 4.10709e-06 0 
0 0.00117782 0.00484211 0.0110461 0.0196397 0.0302705 0.0424037 0.0553605 0.0683701 0.0806324 0.0913896 0.100002 0.10602 0.109221 0.10961 0.107367 0.102784 0.0962257 0.0881059 0.0788857 0.0690532 0.0590883 0.0494204 0.040396 0.0322609 0.0251603 0.0191488 0.0142072 0.0102615 0.00720179 0.00489919 0.00321965 0.00203469 0.00122845 0.000701789 0.000373709 0.000180881 7.58967e-05 2.48206e-05 4.50422e-06 0 
0 0.00125205 0.00514726 0.0117422 0.0208773 0.0321773 0.0450726 0.0588385 0.0726485 0.0856404 0.0969939 0.10602 0.112246 0.11547 0.115743 0.1133 0.108472 0.101624 0.093156 0.0835162 0.0731951 0.0626937 0.0524733 0.0429118 0.0342803 0.02674 0.0203531 0.0151015 0.0109078 0.00765551 0.00520789 0.00342255 0.00216291 0.00130587 0.000746016 0.000397261 0.00019228 8.06798e-05 2.63848e-05 4.78808e-06 0 
0 0.0012933 0.00531686 0.0121291 0.021565 0.0332367 0.0465546 0.0607668 0.0750126 0.0883892 0.100033 0.109221 0.11547 0.118599 0.118715 0.116109 0.111146 0.10419 0.0956163 0.0858389 0.0753314 0.0645969 0.0541132 0.0442799 0.0353875 0.0276107 0.0210191 0.0155972 0.0112664 0.00790744 0.00537937 0.00353528 0.00223416 0.00134889 0.000770596 0.00041035 0.000198616 8.33382e-05 2.72542e-05 4.94585e-06 0 
0 0.00130056 0.0053467 0.0121971 0.0216859 0.0334226 0.0468136 0.0611005 0.0754124 0.088832 0.100478 0.10961 0.115743 0.118715 0.118671 0.115951 0.110945 0.104024 0.0955351 0.0858591 0.0754383 0.0647596 0.0542989 0.0444629 0.0355516 0.0277483 0.0211287 0.0156809 0.0113279 0.00795113 0.00540929 0.00355502 0.00224667 0.00135645 0.000774918 0.000412653 0.00019973 8.38059e-05 2.74071e-05 4.9736e-06 0 
0 0.00127506 0.00524187 0.011958 0.0212606 0.0327672 0.0458951 0.0599002 0.0739269 0.0870713 0.0984625 0.107367 0.1133 0.116109 0.115951 0.113182 0.108214 0.101425 0.0931538 0.0837555 0.0736407 0.0632666 0.0530883 0.0435014 0.0348023 0.0271754 0.0206994 0.0153659 0.0111023 0.00779369 0.0053026 0.00348508 0.00220254 0.00132983 0.000759717 0.00040456 0.000195814 8.21626e-05 2.68697e-05 4.87609e-06 0 
0 0.00122003 0.00501563 0.0114419 0.0203431 0.0313532 0.0439153 0.0573179 0.0707442 0.0833313 0.0942466 0.102784 0.108472 0.111146 0.110945 0.108214 0.103365 0.0967851 0.0888217 0.0798236 0.070177 0.0603038 0.0506236 0.0415035 0.033222 0.0259548 0.0197786 0.014688 0.0106158 0.0074539 0.00507228 0.00333409 0.00210727 0.00127237 0.000726908 0.000387094 0.000187362 7.86163e-05 2.571e-05 4.66563e-06 0 
0 0.00114025 0.00468764 0.0106937 0.0190129 0.0293035 0.0410456 0.0535765 0.0661368 0.0779269 0.0881759 0.0962257 0.101624 0.10419 0.104024 0.101425 0.0967851 0.0904953 0.0829202 0.0744161 0.0653558 0.056128 0.0471096 0.038628 0.0309316 0.0241776 0.0184349 0.0136982 0.00990589 0.00695881 0.00473721 0.00311471 0.00196899 0.00118901 0.00067933 0.00036177 0.000175107 7.34749e-05 2.40287e-05 4.36052e-06 0 
0 0.00104153 0.00428181 0.00976789 0.017367 0.0267672 0.0374947 0.0489464 0.060434 0.0712359 0.0806584 0.0881059 0.093156 0.0956163 0.0955351 0.0931538 0.0888217 0.0829202 0.0758247 0.0679022 0.0595189 0.0510359 0.0427896 0.0350647 0.0280738 0.0219489 0.0167453 0.0124533 0.0090146 0.0063391 0.00431921 0.00284188 0.00179739 0.00108571 0.000620417 0.000330426 0.000159942 6.71129e-05 2.19483e-05 3.98301e-06 0 
0 0.000930169 0.003824 0.00872353 0.0155103 0.0239059 0.0334881 0.0437206 0.0539936 0.0636708 0.0721431 0.0788857 0.0835162 0.0858389 0.0858591 0.0837555 0.0798236 0.0744161 0.0679022 0.0606493 0.0530155 0.0453392 0.037923 0.0310148 0.0247949 0.0193702 0.0147787 0.0110014 0.00797754 0.00562214 0.00383909 0.00253057 0.00160257 0.000968813 0.000553863 0.000295045 0.000142831 5.99355e-05 1.96014e-05 3.55713e-06 0 
0 0.000812399 0.00333984 0.00761905 0.0135466 0.0208796 0.0292499 0.0381909 0.0471736 0.0556486 0.0630924 0.0690532 0.0731951 0.0753314 0.0754383 0.0736407 0.070177 0.0653558 0.0595189 0.0530155 0.0461853 0.0393434 0.0327653 0.0266735 0.0212274 0.016519 0.0125742 0.00936143 0.00680778 0.00482144 0.00331079 0.00219307 0.00139374 0.00084438 0.00048328 0.000257587 0.000124727 5.23439e-05 1.71192e-05 3.10673e-06 0 
0 0.000693949 0.00285289 0.00650818 0.0115716 0.0178356 0.0249864 0.0326264 0.0403061 0.0475607 0.0539484 0.0590883 0.0626937 0.0645969 0.0647596 0.0632666 0.0603038 0.056128 0.0510359 0.0453392 0.0393434 0.0333323 0.0275554 0.0222185 0.0174776 0.0134323 0.0101174 0.00749687 0.00547286 0.0039212 0.00273337 0.00183543 0.0011778 0.000717628 0.000411922 0.00021984 0.000106507 4.47068e-05 1.46226e-05 2.65373e-06 0 
0 0.000579699 0.0023832 0.0054367 0.00966649 0.0148994 0.0208734 0.0272571 0.0336764 0.0397453 0.0450983 0.0494204 0.0524733 0.0541132 0.0542989 0.0530883 0.0506236 0.0471096 0.0427896 0.037923 0.0327653 0.0275554 0.0225073 0.0178102 0.0136318 0.0101154 0.00734983 0.00532028 0.00389248 0.00286997 0.00208571 0.00145504 0.000958491 0.000592577 0.000342504 0.000183326 8.89173e-05 3.73386e-05 1.22144e-05 2.21677e-06 0 
0 0.000473473 0.00194649 0.00444046 0.00789519 0.0121693 0.0170489 0.0222636 0.0275086 0.0324699 0.0368508 0.040396 0.0429118 0.0442799 0.0444629 0.0435014 0.0415035 0.038628 0.0350647 0.0310148 0.0266735 0.0222185 0.0178102 0.0136082 0.00980734 0.00665077 0.00434358 0.00289524 0.0020967 0.00166217 0.00135409 0.00104726 0.000737826 0.000472309 0.000277192 0.000149254 7.25465e-05 3.04862e-05 9.97509e-06 1.8105e-06 0 
0 0.000377947 0.00155378 0.00354458 0.00630231 0.00971414 0.0136094 0.0177724 0.0219601 0.0259226 0.0294237 0.0322609 0.0342803 0.0353875 0.0355516 0.0348023 0.033222 0.0309316 0.0280738 0.0247949 0.0212274 0.0174776 0.0136318 0.00980734 0.0062662 0.00345871 0.00171978 0.000907204 0.000624749 0.000589979 0.000639968 0.000636025 0.000522659 0.000360193 0.00021778 0.000118525 5.78161e-05 2.43235e-05 7.9614e-06 1.44517e-06 0 
0 0.000294685 0.00121148 0.0027637 0.0049139 0.00757412 0.0106113 0.0138573 0.0171229 0.0202133 0.022945 0.0251603 0.02674 0.0276107 0.0277483 0.0271754 0.0259548 0.0241776 0.0219489 0.0193702 0.016519 0.0134323 0.0101154 0.00665077 0.00345871 0.00128902 0.000363977 0.000114433 6.9125e-05 9.37092e-05 0.000184294 0.000302885 0.000333128 0.000261434 0.000165911 9.17611e-05 4.49848e-05 1.89535e-05 6.20641e-06 1.12674e-06 0 
0 0.000224245 0.000921892 0.00210308 0.00373931 0.00576365 0.00807485 0.010545 0.0130302 0.0153823 0.0174617 0.0191488 0.0203531 0.0210191 0.0211287 0.0206994 0.0197786 0.0184349 0.0167453 0.0147787 0.0125742 0.0101174 0.00734983 0.00434358 0.00171978 0.000363977 4.33143e-05 6.00197e-06 2.91218e-06 6.90395e-06 3.38137e-05 0.000117398 0.000195274 0.00018234 0.000122947 6.92931e-05 3.41579e-05 1.44143e-05 4.72208e-06 8.57369e-07 0 
0 0.000166363 0.000683935 0.00156024 0.00277413 0.00427595 0.0059906 0.00782321 0.00966695 0.011412 0.012955 0.0142072 0.0151015 0.0155972 0.0156809 0.0153659 0.014688 0.0136982 0.0124533 0.0110014 0.00936143 0.00749687 0.00532028 0.00289524 0.000907204 0.000114433 6.00197e-06 3.7682e-07 1.47137e-07 5.94596e-07 6.91788e-06 4.81234e-05 0.000116175 0.000126065 8.93586e-05 5.1115e-05 2.53018e-05 1.06892e-05 3.50283e-06 6.36047e-07 0 
0 0.000120155 0.00049397 0.00112688 0.00200361 0.0030883 0.0043267 0.00565031 0.00698197 0.0082424 0.00935689 0.0102615 0.0109078 0.0112664 0.0113279 0.0111023 0.0106158 0.00990589 0.0090146 0.00797754 0.00680778 0.00547286 0.00389248 0.0020967 0.000624749 6.9125e-05 2.91218e-06 1.47137e-07 5.37926e-08 2.4869e-07 3.61617e-06 3.00436e-05 7.96072e-05 8.95868e-05 6.42466e-05 3.68728e-05 1.82683e-05 7.71959e-06 2.52986e-06 4.59381e-07 0 
0 8.4327e-05 0.000346676 0.000790862 0.00140616 0.00216742 0.00303655 0.00396548 0.00490007 0.00578467 0.00656688 0.00720179 0.00765551 0.00790744 0.00795113 0.00779369 0.0074539 0.00695881 0.0063391 0.00562214 0.00482144 0.0039212 0.00286997 0.00166217 0.000589979 9.37092e-05 6.90395e-06 5.94596e-07 2.4869e-07 7.84276e-07 6.21306e-06 3.17952e-05 6.50549e-05 6.59924e-05 4.57272e-05 2.59789e-05 1.28346e-05 5.41928e-06 1.77563e-06 3.22407e-07 0 
0 5.73649e-05 0.000235833 0.000537998 0.000956569 0.00147442 0.00206567 0.00269759 0.00333336 0.00393514 0.00446725 0.00489919 0.00520789 0.00537937 0.00540929 0.0053026 0.00507228 0.00473721 0.00431921 0.00383909 0.00331079 0.00273337 0.00208571 0.00135409 0.000639968 0.000184294 3.38137e-05 6.91788e-06 3.61617e-06 6.21306e-06 1.85481e-05 4.31225e-05 5.74771e-05 4.88912e-05 3.19073e-05 1.78005e-05 8.74842e-06 3.68859e-06 1.20808e-06 2.19332e-07 0 
0 3.7699e-05 0.000154984 0.000353561 0.000628636 0.00096896 0.00135751 0.0017728 0.00219061 0.00258609 0.00293579 0.00321965 0.00342255 0.00353528 0.00355502 0.00348508 0.00333409 0.00311471 0.00284188 0.00253057 0.00219307 0.00183543 0.00145504 0.00104726 0.000636025 0.000302885 0.000117398 4.81234e-05 3.00436e-05 3.17952e-05 4.31225e-05 5.21444e-05 4.80922e-05 3.49083e-05 2.15207e-05 1.17887e-05 5.76208e-06 2.42559e-06 7.94068e-07 1.44148e-07 0 
0 2.38242e-05 9.79433e-05 0.000223435 0.000397271 0.000612341 0.000857889 0.00112033 0.00138437 0.0016343 0.00185529 0.00203469 0.00216291 0.00223416 0.00224667 0.00220254 0.00210727 0.00196899 0.00179739 0.00160257 0.00139374 0.0011778 0.000958491 0.000737826 0.000522659 0.000333128 0.000195274 0.000116175 7.96072e-05 6.50549e-05 5.74771e-05 4.80922e-05 3.564e-05 2.33908e-05 1.38696e-05 7.49622e-06 3.64824e-06 1.53372e-06 5.01898e-07 9.10994e-08 0 
0 1.43839e-05 5.91335e-05 0.000134899 0.000239853 0.000369702 0.000517952 0.000676403 0.000835819 0.000986711 0.00112014 0.00122845 0.00130587 0.00134889 0.00135645 0.00132983 0.00127237 0.00118901 0.00108571 0.000968813 0.00084438 0.000717628 0.000592577 0.000472309 0.000360193 0.000261434 0.00018234 0.000126065 8.95868e-05 6.59924e-05 4.88912e-05 3.49083e-05 2.33908e-05 1.45988e-05 8.47492e-06 4.54428e-06 2.20552e-06 9.26368e-07 3.0306e-07 5.50035e-08 0 
0 8.21723e-06 3.37818e-05 7.70654e-05 0.000137024 0.000211204 0.000295896 0.000386416 0.000477487 0.000563689 0.000639914 0.000701789 0.000746016 0.000770596 0.000774918 0.000759717 0.000726908 0.00067933 0.000620417 0.000553863 0.00048328 0.000411922 0.000342504 0.000277192 0.00021778 0.000165911 0.000122947 8.93586e-05 6.42466e-05 4.57272e-05 3.19073e-05 2.15207e-05 1.38696e-05 8.47492e-06 4.87205e-06 2.60199e-06 1.26097e-06 5.29354e-07 1.73147e-07 3.14232e-08 0 
0 4.37575e-06 1.79891e-05 4.10381e-05 7.29663e-05 0.000112468 0.000157567 0.00020577 0.000254266 0.00030017 0.00034076 0.000373709 0.000397261 0.00041035 0.000412653 0.00040456 0.000387094 0.00036177 0.000330426 0.000295045 0.000257587 0.00021984 0.000183326 0.000149254 0.000118525 9.17611e-05 6.92931e-05 5.1115e-05 3.68728e-05 2.59789e-05 1.78005e-05 1.17887e-05 7.49622e-06 4.54428e-06 2.60199e-06 1.38717e-06 6.71758e-07 2.81927e-07 9.22069e-08 1.67335e-08 0 
0 2.11793e-06 8.70702e-06 1.98631e-05 3.53168e-05 5.44362e-05 7.62651e-05 9.95959e-05 0.000123069 0.000145287 0.000164933 0.000180881 0.00019228 0.000198616 0.00019973 0.000195814 0.000187362 0.000175107 0.000159942 0.000142831 0.000124727 0.000106507 8.89173e-05 7.25465e-05 5.78161e-05 4.49848e-05 3.41579e-05 2.53018e-05 1.82683e-05 1.28346e-05 8.74842e-06 5.76208e-06 3.64824e-06 2.20552e-06 1.26097e-06 6.71758e-07 3.25207e-07 1.36467e-07 4.46307e-08 8.09932e-09 0 
0 8.88673e-07 3.65342e-06 8.33443e-06 1.48187e-05 2.28411e-05 3.20004e-05 4.17899e-05 5.1639e-05 6.09615e-05 6.9205e-05 7.58967e-05 8.06798e-05 8.33382e-05 8.38059e-05 8.21626e-05 7.86163e-05 7.34749e-05 6.71129e-05 5.99355e-05 5.23439e-05 4.47068e-05 3.73386e-05 3.04862e-05 2.43235e-05 1.89535e-05 1.44143e-05 1.06892e-05 7.71959e-06 5.41928e-06 3.68859e-06 2.42559e-06 1.53372e-06 9.26368e-07 5.29354e-07 2.81927e-07 1.36467e-07 5.7263e-08 1.87271e-08 3.39845e-09 0 
0 2.90623e-07 1.19478e-06 2.72561e-06 4.84619e-06 7.46975e-06 1.04651e-05 1.36666e-05 1.68875e-05 1.99363e-05 2.26322e-05 2.48206e-05 2.63848e-05 2.72542e-05 2.74071e-05 2.68697e-05 2.571e-05 2.40287e-05 2.19483e-05 1.96014e-05 1.71192e-05 1.46226e-05 1.22144e-05 9.97509e-06 7.9614e-06 6.20641e-06 4.72208e-06 3.50283e-06 2.52986e-06 1.77563e-06 1.20808e-06 7.94068e-07 5.01898e-07 3.0306e-07 1.73147e-07 9.22069e-08 4.46307e-08 1.87271e-08 6.12436e-09 1.1114e-09 0 
0 5.27398e-08 2.16818e-07 4.94621e-07 8.79444e-07 1.35555e-06 1.89912e-06 2.48009e-06 3.0646e-06 3.61786e-06 4.10709e-06 4.50422e-06 4.78808e-06 4.94585e-06 4.9736e-06 4.87609e-06 4.66563e-06 4.36052e-06 3.98301e-06 3.55713e-06 3.10673e-06 2.65373e-06 2.21677e-06 1.8105e-06 1.44517e-06 1.12674e-06 8.57369e-07 6.36047e-07 4.59381e-07 3.22407e-07 2.19332e-07 1.44148e-07 9.10994e-08 5.50035e-08 3.14232e-08 1.67335e-08 8.09932e-09 3.39845e-09 1.1114e-09 2.01687e-10 0 
0 0 0 0 0 0 0 0 0 0 0 0 0 0 0 0 0 0 0 0 0 0 0 0 0 0 0 0 0 0 0 0 0 0 0 0 0 0 0 0 0 
