0 0 0 0 0 0 0 0 0 0 0 0 0 0 0 0 0 0 0 0 0 0 0 0 0 0 0 0 0 0 0 0 0 0 0 0 0 0 0 0 0 
0 1.31537e-05 5.10949e-05 0.000105295 0.000159906 0.000199106 0.000215719 0.000212556 0.000197363 0.000177715 0.000158793 0.000143342 0.000132451 0.000126338 0.000124869 0.000127824 0.000134945 0.00014586 0.000159911 0.000175943 0.000192151 0.000206092 0.000214961 0.000216169 0.000208077 0.000190643 0.000165633 0.000136224 0.000106093 7.83962e-05 5.51079e-05 3.69241e-05 2.35842e-05 1.43169e-05 8.20044e-06 4.37201e-06 2.1172e-06 8.88554e-07 2.90609e-07 5.27388e-08 0 
0 5.10949e-05 0.000183197 0.000324332 0.000388283 0.000353392 0.000266715 0.000179649 0.000114656 7.28104e-05 4.79107e-05 3.37634e-05 2.6122e-05 2.25391e-05 2.18233e-05 2.36389e-05 2.83258e-05 3.68891e-05 5.10715e-05 7.3362e-05 0.000106694 0.000153517 0.000214052 0.000284049 0.000353262 0.000406508 0.000428612 0.000411741 0.000360233 0.000288511 0.000213451 0.00014734 9.56155e-05 5.84995e-05 3.36275e-05 1.79558e-05 8.70073e-06 3.65242e-06 1.19466e-06 2.16811e-07 0 
0 0.000105295 0.000324332 0.000432794 0.000342552 0.000188636 8.22138e-05 3.1362e-05 1.13873e-05 4.24709e-06 1.74401e-06 8.36651e-07 4.90648e-07 3.6194e-07 3.39423e-07 4.0185e-07 5.87255e-07 1.02307e-06 2.03494e-06 4.40841e-06 9.92359e-06 2.22281e-05 4.77457e-05 9.55064e-05 0.000174017 0.000283955 0.000409014 0.000513445 0.000556977 0.000522591 0.000429509 0.000315683 0.000211896 0.0001318 7.63276e-05 4.08828e-05 1.98346e-05 8.33007e-06 2.72511e-06 4.94589e-07 0 
0 0.000159906 0.000388283 0.000342552 0.000156033 4.5171e-05 9.66737e-06 1.73329e-06 2.93966e-07 5.31881e-08 1.14885e-08 3.26267e-09 1.31144e-09 7.81342e-10 7.01559e-10 9.37741e-10 1.79655e-09 4.65423e-09 1.51729e-08 5.75384e-08 2.34636e-07 9.56862e-07 3.66778e-06 1.25923e-05 3.74544e-05 9.46401e-05 0.000201034 0.000356067 0.000520265 0.00062119 0.00060815 0.000499674 0.00035695 0.000229 0.000134471 7.244e-05 3.52227e-05 1.48047e-05 4.84459e-06 8.79346e-07 0 
0 0.000199106 0.000353392 0.000188636 4.5171e-05 6.08803e-06 5.47057e-07 3.86878e-08 2.56517e-09 1.90249e-10 1.86224e-11 2.77273e-12 6.9983e-13 3.20455e-13 2.72725e-13 4.23358e-13 1.13233e-12 4.78266e-12 2.86538e-11 2.16595e-10 1.83758e-09 1.56991e-08 1.23045e-07 8.22165e-07 4.45019e-06 1.89623e-05 6.30321e-05 0.000163948 0.000334792 0.000533871 0.000659659 0.000638441 0.000503204 0.000339671 0.000204141 0.000111029 5.41835e-05 2.28041e-05 7.46565e-06 1.3553e-06 0 
0 0.000215719 0.000266715 8.22138e-05 9.66737e-06 5.47057e-07 1.82235e-08 4.45081e-10 1.01032e-11 2.70968e-13 1.07521e-14 7.65708e-16 1.13468e-16 3.84328e-17 3.07626e-17 5.66727e-17 2.22156e-16 1.6412e-15 1.96981e-14 3.27032e-13 6.3974e-12 1.27084e-10 2.25521e-09 3.22965e-08 3.47325e-07 2.69028e-06 1.48086e-05 5.84834e-05 0.000169211 0.000364063 0.000581501 0.000687689 0.000618783 0.00044936 0.000279546 0.000154248 7.56891e-05 3.19174e-05 1.04561e-05 1.89858e-06 0 
0 0.000212556 0.000179649 3.1362e-05 1.73329e-06 3.86878e-08 4.45081e-10 3.48526e-12 2.51452e-14 2.27113e-16 3.44975e-18 1.50995e-19 4.75434e-20 3.76917e-20 3.5677e-20 3.76331e-20 5.66405e-20 3.30762e-19 7.58154e-18 2.91935e-16 1.39581e-14 6.83384e-13 2.9059e-11 9.41259e-10 2.11459e-08 3.11574e-07 2.95097e-06 1.81652e-05 7.51299e-05 0.000216814 0.00044539 0.000650359 0.000682561 0.000543498 0.000353918 0.000199141 9.84531e-05 4.16271e-05 1.36491e-05 2.47907e-06 0 
0 0.000197363 0.000114656 1.13873e-05 2.93966e-07 2.56517e-09 1.01032e-11 2.51452e-14 5.71113e-17 1.83263e-19 5.64082e-21 1.88679e-21 1.54915e-21 1.72211e-21 1.72573e-21 1.51866e-21 1.32409e-21 2.00246e-21 7.1439e-21 2.43405e-19 2.77891e-17 3.37787e-15 3.46372e-13 2.55315e-11 1.20584e-09 3.40379e-08 5.58968e-07 5.39742e-06 3.19133e-05 0.000122165 0.000316845 0.000564819 0.000694045 0.000612443 0.000420981 0.000242606 0.000121062 5.13554e-05 1.68574e-05 3.06287e-06 0 
0 0.000177715 7.28104e-05 4.24709e-06 5.31881e-08 1.90249e-10 2.70968e-13 2.27113e-16 1.83263e-19 1.32027e-21 2.33721e-22 1.66239e-22 1.81103e-22 2.20529e-22 2.25566e-22 1.88407e-22 1.42083e-22 1.36199e-22 1.64076e-22 9.0445e-22 7.68138e-20 2.1332e-17 5.04435e-15 8.11045e-13 7.75176e-11 4.05754e-09 1.12538e-07 1.67055e-06 1.38875e-05 6.92217e-05 0.000221296 0.000470505 0.000669092 0.000654283 0.000476367 0.000281864 0.000142128 6.0517e-05 1.98894e-05 3.61518e-06 0 
0 0.000158793 4.79107e-05 1.74401e-06 1.14885e-08 1.86224e-11 1.07521e-14 3.44975e-18 5.64082e-21 2.33721e-22 4.64275e-23 3.21026e-23 3.61885e-23 4.38762e-23 4.49412e-23 3.74316e-23 2.73022e-23 2.10112e-23 1.7459e-23 4.43925e-23 8.89686e-22 2.37522e-19 1.1651e-16 3.74279e-14 6.6848e-12 6.05255e-10 2.67458e-08 5.82425e-07 6.56344e-06 4.13381e-05 0.000158243 0.000389866 0.00062788 0.000673712 0.000518281 0.000314816 0.000160435 6.85732e-05 2.25658e-05 4.10332e-06 0 
0 0.000143342 3.37634e-05 8.36651e-07 3.26267e-09 2.77273e-12 7.65708e-16 1.50995e-19 1.88679e-21 1.66239e-22 3.21026e-23 1.2434e-23 1.0003e-23 1.08603e-23 1.08659e-23 9.08523e-24 6.60618e-24 4.72286e-24 4.07578e-24 1.0637e-23 1.07773e-22 7.68532e-21 5.34183e-18 3.01848e-15 8.97748e-13 1.27086e-10 8.21334e-09 2.44673e-07 3.53811e-06 2.69855e-05 0.000119423 0.000330201 0.000586209 0.000678497 0.000547175 0.000340191 0.000175037 7.5076e-05 2.47346e-05 4.49936e-06 0 
0 0.000132451 2.6122e-05 4.90648e-07 1.31144e-09 6.9983e-13 1.13468e-16 4.75434e-20 1.54915e-21 1.81103e-22 3.61885e-23 1.0003e-23 4.44634e-24 3.3634e-24 3.00885e-24 2.47106e-24 1.8174e-24 1.37358e-24 1.6807e-24 5.725e-24 4.54562e-23 1.317e-21 5.80781e-19 4.89749e-16 2.10352e-13 4.10874e-11 3.49227e-09 1.3042e-07 2.25832e-06 1.97807e-05 9.71252e-05 0.000291203 0.000553332 0.000676168 0.000564784 0.00035746 0.000185305 7.96996e-05 2.62823e-05 4.7823e-06 0 
0 0.000126338 2.25391e-05 3.6194e-07 7.81342e-10 3.20455e-13 3.84328e-17 3.76917e-20 1.72211e-21 2.20529e-22 4.38762e-23 1.08603e-23 3.3634e-24 1.52123e-24 1.00357e-24 7.50698e-25 5.69857e-25 5.51459e-25 1.12219e-24 4.62604e-24 3.33273e-23 6.64981e-22 1.67829e-19 1.74535e-16 9.2301e-14 2.16309e-11 2.14684e-09 9.11202e-08 1.74744e-06 1.65544e-05 8.61893e-05 0.000270339 0.000533425 0.00067219 0.000573092 0.000366618 0.000190923 8.2256e-05 2.7141e-05 4.93947e-06 0 
0 0.000124869 2.18233e-05 3.39423e-07 7.01559e-10 2.72725e-13 3.07626e-17 3.5677e-20 1.72573e-21 2.25567e-22 4.49412e-23 1.08659e-23 3.00885e-24 1.00357e-24 4.52212e-25 2.763e-25 2.2604e-25 3.31034e-25 9.72282e-25 4.3394e-24 3.08149e-23 5.77537e-22 1.30174e-19 1.40889e-16 7.77493e-14 1.89131e-11 1.93768e-09 8.44266e-08 1.65321e-06 1.59128e-05 8.38287e-05 0.000265316 0.000527625 0.000669462 0.000573593 0.000367947 0.000191853 8.26964e-05 2.7291e-05 4.96706e-06 0 
0 0.000127824 2.36389e-05 4.0185e-07 9.37741e-10 4.23358e-13 5.66727e-17 3.76331e-20 1.51866e-21 1.88407e-22 3.74316e-23 9.08524e-24 2.47106e-24 7.50698e-25 2.763e-25 1.44214e-25 1.36102e-25 2.7764e-25 9.48203e-25 4.44462e-24 3.42364e-23 7.92106e-22 2.59471e-19 2.51208e-16 1.23224e-13 2.70395e-11 2.53761e-09 1.02837e-07 1.9003e-06 1.74904e-05 8.9091e-05 0.000274817 0.000535327 0.000668458 0.000566954 0.000361859 0.000188291 8.1102e-05 2.67586e-05 4.86981e-06 0 
0 0.000134945 2.83258e-05 5.87255e-07 1.79655e-09 1.13233e-12 2.22156e-16 5.66405e-20 1.32409e-21 1.42083e-22 2.73022e-23 6.60618e-24 1.8174e-24 5.69857e-25 2.2604e-25 1.36102e-25 1.4864e-25 3.12268e-25 1.06729e-24 5.34711e-24 5.03909e-23 2.08128e-21 1.25186e-18 9.17989e-16 3.46061e-13 6.03023e-11 4.65094e-09 1.6028e-07 2.602e-06 2.1675e-05 0.000102439 0.000298332 0.000554511 0.000667506 0.000553035 0.00034884 0.000180633 7.76664e-05 2.56102e-05 4.65997e-06 0 
0 0.00014586 3.68891e-05 1.02307e-06 4.65423e-09 4.78266e-12 1.6412e-15 3.30762e-19 2.00246e-21 1.36199e-22 2.10112e-23 4.72286e-24 1.37358e-24 5.51459e-25 3.31034e-25 2.77639e-25 3.12268e-25 5.3708e-25 1.63087e-24 9.4548e-24 1.44694e-22 1.86354e-20 1.28021e-17 6.13196e-15 1.57087e-12 1.95107e-10 1.12793e-08 3.06376e-07 4.11336e-06 2.96068e-05 0.000125361 0.000335291 0.000581241 0.000663063 0.000531145 0.000329478 0.000169439 7.2673e-05 2.39441e-05 4.3557e-06 0 
0 0.000159911 5.10715e-05 2.03494e-06 1.51729e-08 2.86538e-11 1.96981e-14 7.58154e-18 7.1439e-21 1.64076e-22 1.7459e-23 4.07578e-24 1.6807e-24 1.12219e-24 9.72282e-25 9.48202e-25 1.06729e-24 1.63087e-24 4.40944e-24 3.34286e-23 1.51414e-21 5.39935e-19 2.31389e-16 6.49919e-14 1.02789e-11 8.36042e-10 3.36978e-08 6.79702e-07 7.20016e-06 4.32056e-05 0.000159474 0.000383114 0.00060847 0.00065006 0.000500454 0.00030454 0.000155402 6.64682e-05 2.18798e-05 3.97908e-06 0 
0 0.000175943 7.3362e-05 4.40841e-06 5.75384e-08 2.16595e-10 3.27032e-13 2.91935e-16 2.43405e-19 9.0445e-22 4.43925e-23 1.0637e-23 5.725e-24 4.62604e-24 4.3394e-24 4.44462e-24 5.34711e-24 9.4548e-24 3.34286e-23 6.49666e-22 1.00725e-19 2.71816e-17 6.10711e-15 9.3499e-13 8.52917e-11 4.27289e-09 1.13864e-07 1.63273e-06 1.31988e-05 6.44493e-05 0.000203659 0.000433263 0.000624483 0.000622486 0.000460444 0.000275021 0.000139311 5.94322e-05 1.95475e-05 3.55401e-06 0 
0 0.000192151 0.000106694 9.92359e-06 2.34636e-07 1.83758e-09 6.3974e-12 1.39581e-14 2.77891e-17 7.68138e-20 8.89686e-22 1.07773e-22 4.54562e-23 3.33273e-23 3.08149e-23 3.42364e-23 5.03909e-23 1.44694e-22 1.51414e-21 1.00725e-19 1.2906e-17 1.7307e-15 1.94655e-13 1.55501e-11 7.82577e-10 2.30987e-08 3.90368e-07 3.8463e-06 2.32057e-05 9.12356e-05 0.000246119 0.00046462 0.000611889 0.000574384 0.000411295 0.000242158 0.000121997 5.19497e-05 1.70766e-05 3.10423e-06 0 
0 0.000206092 0.000153517 2.22281e-05 9.56862e-07 1.56991e-08 1.27084e-10 6.83384e-13 3.37787e-15 2.1332e-17 2.37522e-19 7.68532e-21 1.317e-21 6.64981e-22 5.77537e-22 7.92106e-22 2.08128e-21 1.86354e-20 5.39935e-19 2.71816e-17 1.7307e-15 1.12714e-13 6.25551e-12 2.5484e-10 6.82847e-09 1.12982e-07 1.14363e-06 7.38597e-06 3.2642e-05 0.000104832 0.000250349 0.000438196 0.000549598 0.000501367 0.000354106 0.000207362 0.00010428 4.43823e-05 1.45872e-05 2.65164e-06 0 
0 0.000214961 0.000214052 4.77457e-05 3.66778e-06 1.23045e-07 2.25521e-09 2.9059e-11 3.46372e-13 5.04435e-15 1.1651e-16 5.34183e-18 5.80781e-19 1.67829e-19 1.30174e-19 2.59471e-19 1.25186e-18 1.28021e-17 2.31389e-16 6.10711e-15 1.94655e-13 6.25551e-12 1.71978e-10 3.50095e-09 4.69378e-08 3.87589e-07 2.0152e-06 7.48953e-06 2.34651e-05 6.71267e-05 0.000165876 0.000314821 0.000423067 0.000402948 0.000291021 0.000172137 8.69148e-05 3.70468e-05 1.21825e-05 2.2149e-06 0 
0 0.000216169 0.000284049 9.55064e-05 1.25923e-05 8.22165e-07 3.22965e-08 9.41259e-10 2.55315e-11 8.11045e-13 3.74279e-14 3.01848e-15 4.89749e-16 1.74535e-16 1.40889e-16 2.51208e-16 9.17989e-16 6.13196e-15 6.49919e-14 9.3499e-13 1.55501e-11 2.5484e-10 3.50095e-09 3.39268e-08 1.93828e-07 5.77566e-07 9.76964e-07 1.39868e-06 2.8367e-06 9.71964e-06 4.06648e-05 0.000130092 0.000248806 0.000286433 0.000225475 0.000138023 7.05587e-05 3.02005e-05 9.94436e-06 1.80872e-06 0 
0 0.000208077 0.000353262 0.000174017 3.74544e-05 4.45019e-06 3.47325e-07 2.11459e-08 1.20584e-09 7.75176e-11 6.6848e-12 8.97748e-13 2.10352e-13 9.2301e-14 7.77493e-14 1.23224e-13 3.46061e-13 1.57087e-12 1.02789e-11 8.52917e-11 7.82577e-10 6.82847e-09 4.69378e-08 1.93828e-07 3.29703e-07 1.65237e-07 2.91567e-08 5.64471e-09 5.74841e-09 5.07501e-08 1.24135e-06 1.89641e-05 9.4063e-05 0.000171257 0.000162642 0.000106595 5.57496e-05 2.40337e-05 7.93096e-06 1.44343e-06 0 
0 0.000190643 0.000406508 0.000283955 9.46401e-05 1.89623e-05 2.69028e-06 3.11574e-07 3.40379e-08 4.05754e-09 6.05255e-10 1.27086e-10 4.10874e-11 2.16309e-11 1.89131e-11 2.70395e-11 6.03023e-11 1.95107e-10 8.36042e-10 4.27289e-09 2.30987e-08 1.12982e-07 3.87589e-07 5.77566e-07 1.65237e-07 3.7891e-09 8.99968e-12 2.81175e-14 7.6757e-15 9.35391e-13 1.28433e-09 5.7548e-07 1.96947e-05 8.37886e-05 0.000109061 7.9384e-05 4.28882e-05 1.86675e-05 6.17711e-06 1.12511e-06 0 
0 0.000165633 0.000428612 0.000409014 0.000201034 6.30321e-05 1.48086e-05 2.95097e-06 5.58968e-07 1.12538e-07 2.67458e-08 8.21334e-09 3.49227e-09 2.14684e-09 1.93768e-09 2.53761e-09 4.65094e-09 1.12793e-08 3.36978e-08 1.13864e-07 3.90368e-07 1.14363e-06 2.0152e-06 9.76964e-07 2.91567e-08 8.99968e-12 5.13185e-16 2.15417e-15 1.72957e-15 1.43844e-14 5.7984e-14 4.52658e-09 2.6289e-06 3.59787e-05 6.98866e-05 5.75217e-05 3.21972e-05 1.4153e-05 4.69589e-06 8.55937e-07 0 
0 0.000136224 0.000411741 0.000513445 0.000356067 0.000163948 5.84834e-05 1.81652e-05 5.39742e-06 1.67055e-06 5.82425e-07 2.44673e-07 1.3042e-07 9.11202e-08 8.44266e-08 1.02837e-07 1.6028e-07 3.06376e-07 6.79702e-07 1.63273e-06 3.8463e-06 7.38597e-06 7.48953e-06 1.39868e-06 5.64471e-09 2.81175e-14 2.15417e-15 8.24717e-16 1.22609e-15 4.99431e-15 6.00273e-14 5.66022e-11 4.41839e-07 1.68582e-05 4.55747e-05 4.12321e-05 2.36735e-05 1.04756e-05 3.48172e-06 6.34907e-07 0 
0 0.000106093 0.000360233 0.000556977 0.000520265 0.000334792 0.000169211 7.51299e-05 3.19133e-05 1.38875e-05 6.56344e-06 3.53811e-06 2.25832e-06 1.74744e-06 1.65321e-06 1.9003e-06 2.602e-06 4.11336e-06 7.20016e-06 1.31988e-05 2.32057e-05 3.2642e-05 2.34651e-05 2.8367e-06 5.74841e-09 7.6757e-15 1.72957e-15 1.22609e-15 3.58398e-15 1.48437e-14 2.07773e-13 1.50382e-11 2.29905e-07 1.11705e-05 3.23274e-05 2.96933e-05 1.7094e-05 7.56648e-06 2.51479e-06 4.5857e-07 0 
0 7.83962e-05 0.000288511 0.000522591 0.00062119 0.000533871 0.000364063 0.000216814 0.000122165 6.92217e-05 4.13381e-05 2.69855e-05 1.97807e-05 1.65544e-05 1.59128e-05 1.74904e-05 2.1675e-05 2.96068e-05 4.32056e-05 6.44493e-05 9.12356e-05 0.000104832 6.71267e-05 9.71964e-06 5.07501e-08 9.35391e-13 1.43844e-14 4.99431e-15 1.48437e-14 2.94778e-15 2.15752e-15 2.02376e-10 4.831e-07 1.1237e-05 2.5325e-05 2.15228e-05 1.21085e-05 5.32422e-06 1.76622e-06 3.21898e-07 0 
0 5.51079e-05 0.000213451 0.000429509 0.00060815 0.000659659 0.000581501 0.00044539 0.000316845 0.000221296 0.000158243 0.000119423 9.71252e-05 8.61893e-05 8.38287e-05 8.9091e-05 0.000102439 0.000125361 0.000159474 0.000203659 0.000246119 0.000250349 0.000165876 4.06648e-05 1.24135e-06 1.28433e-09 5.7984e-14 6.00273e-14 2.07773e-13 2.15752e-15 3.93212e-12 1.77584e-08 2.0922e-06 1.41125e-05 2.07697e-05 1.54614e-05 8.36581e-06 3.63773e-06 1.20297e-06 2.19051e-07 0 
0 3.69241e-05 0.00014734 0.000315683 0.000499674 0.000638441 0.000687689 0.000650359 0.000564819 0.000470505 0.000389866 0.000330201 0.000291203 0.000270339 0.000265316 0.000274817 0.000298332 0.000335291 0.000383114 0.000433263 0.00046462 0.000438196 0.000314821 0.000130092 1.89641e-05 5.7548e-07 4.52658e-09 5.66022e-11 1.50382e-11 2.02376e-10 1.77584e-08 8.40726e-07 7.55929e-06 1.67648e-05 1.64796e-05 1.07563e-05 5.5904e-06 2.40216e-06 7.91648e-07 1.44011e-07 0 
0 2.35842e-05 9.56155e-05 0.000211896 0.00035695 0.000503204 0.000618783 0.000682561 0.000694045 0.000669092 0.00062788 0.000586209 0.000553332 0.000533425 0.000527625 0.000535327 0.000554511 0.000581241 0.00060847 0.000624483 0.000611889 0.000549598 0.000423067 0.000248806 9.4063e-05 1.96947e-05 2.6289e-06 4.41839e-07 2.29905e-07 4.831e-07 2.0922e-06 7.55929e-06 1.473e-05 1.60932e-05 1.20001e-05 7.11239e-06 3.58242e-06 1.52441e-06 5.00903e-07 9.10416e-08 0 
0 1.43169e-05 5.84995e-05 0.0001318 0.000229 0.000339671 0.00044936 0.000543498 0.000612443 0.000654283 0.000673712 0.000678497 0.000676168 0.00067219 0.000669462 0.000668458 0.000667506 0.000663063 0.00065006 0.000622486 0.000574384 0.000501367 0.000402948 0.000286433 0.000171257 8.37886e-05 3.59787e-05 1.68582e-05 1.11705e-05 1.1237e-05 1.41125e-05 1.67648e-05 1.60932e-05 1.23229e-05 7.90122e-06 4.42309e-06 2.18384e-06 9.23162e-07 3.02703e-07 5.4982e-08 0 
0 8.20044e-06 3.36275e-05 7.63276e-05 0.000134471 0.000204141 0.000279546 0.000353918 0.000420981 0.000476367 0.000518281 0.000547175 0.000564784 0.000573092 0.000573593 0.000566954 0.000553035 0.000531145 0.000500454 0.000460444 0.000411295 0.000354106 0.000291021 0.000225475 0.000162642 0.000109061 6.98866e-05 4.55747e-05 3.23274e-05 2.5325e-05 2.07697e-05 1.64796e-05 1.20001e-05 7.90122e-06 4.72364e-06 2.56921e-06 1.2548e-06 5.28398e-07 1.73036e-07 3.14163e-08 0 
0 4.37201e-06 1.79558e-05 4.08828e-05 7.244e-05 0.000111029 0.000154248 0.000199141 0.000242606 0.000281864 0.000314816 0.000340191 0.00035746 0.000366618 0.000367947 0.000361859 0.00034884 0.000329478 0.00030454 0.000275021 0.000242158 0.000207362 0.000172137 0.000138023 0.000106595 7.9384e-05 5.75217e-05 4.12321e-05 2.96933e-05 2.15228e-05 1.54614e-05 1.07563e-05 7.11239e-06 4.42309e-06 2.56921e-06 1.37954e-06 6.70247e-07 2.81681e-07 9.21769e-08 1.67315e-08 0 
0 2.1172e-06 8.70073e-06 1.98346e-05 3.52227e-05 5.41835e-05 7.56891e-05 9.84531e-05 0.000121062 0.000142128 0.000160435 0.000175037 0.000185305 0.000190923 0.000191853 0.000188291 0.000180633 0.000169439 0.000155402 0.000139311 0.000121997 0.00010428 8.69148e-05 7.05587e-05 5.57496e-05 4.28882e-05 3.21972e-05 2.36735e-05 1.7094e-05 1.21085e-05 8.36581e-06 5.5904e-06 3.58242e-06 2.18384e-06 1.2548e-06 6.70247e-07 3.24892e-07 1.36413e-07 4.46239e-08 8.09885e-09 0 
0 8.88554e-07 3.65242e-06 8.33007e-06 1.48047e-05 2.28041e-05 3.19174e-05 4.16271e-05 5.13554e-05 6.0517e-05 6.85732e-05 7.5076e-05 7.96996e-05 8.2256e-05 8.26964e-05 8.1102e-05 7.76664e-05 7.2673e-05 6.64682e-05 5.94322e-05 5.19497e-05 4.43823e-05 3.70468e-05 3.02005e-05 2.40337e-05 1.86675e-05 1.4153e-05 1.04756e-05 7.56648e-06 5.32422e-06 3.63773e-06 2.40216e-06 1.52441e-06 9.23162e-07 5.28398e-07 2.81681e-07 1.36413e-07 5.72533e-08 1.87258e-08 3.39836e-09 0 
0 2.90609e-07 1.19466e-06 2.72511e-06 4.84459e-06 7.46565e-06 1.04561e-05 1.36491e-05 1.68574e-05 1.98894e-05 2.25658e-05 2.47346e-05 2.62823e-05 2.7141e-05 2.7291e-05 2.67586e-05 2.56102e-05 2.39441e-05 2.18798e-05 1.95475e-05 1.70766e-05 1.45872e-05 1.21825e-05 9.94436e-06 7.93096e-06 6.17711e-06 4.69589e-06 3.48172e-06 2.51479e-06 1.76622e-06 1.20297e-06 7.91648e-07 5.00903e-07 3.02703e-07 1.73036e-07 9.21769e-08 4.46239e-08 1.87258e-08 6.12418e-09 1.11139e-09 0 
0 5.27388e-08 2.16811e-07 4.94589e-07 8.79346e-07 1.3553e-06 1.89858e-06 2.47907e-06 3.06287e-06 3.61518e-06 4.10332e-06 4.49936e-06 4.7823e-06 4.93947e-06 4.96706e-06 4.86981e-06 4.65997e-06 4.3557e-06 3.97908e-06 3.55401e-06 3.10423e-06 2.65164e-06 2.2149e-06 1.80872e-06 1.44343e-06 1.12511e-06 8.55937e-07 6.34907e-07 4.5857e-07 3.21898e-07 2.19051e-07 1.44011e-07 9.10416e-08 5.4982e-08 3.14163e-08 1.67315e-08 8.09885e-09 3.39836e-09 1.11139e-09 2.01686e-10 0 
0 0 0 0 0 0 0 0 0 0 0 0 0 0 0 0 0 0 0 0 0 0 0 0 0 0 0 0 0 0 0 0 0 0 0 0 0 0 0 0 0 
