0 0 0 0 0 0 0 0 0 0 0 0 0 0 0 0 0 0 0 0 0 0 0 0 0 0 0 0 0 0 0 0 0 0 0 0 0 0 0 0 0 
0 1.36786e-05 5.5661e-05 0.00012447 0.000213717 0.000311892 0.000404751 0.000479996 0.000531428 0.000559814 0.000570617 0.000570798 0.000566497 0.000562002 0.000559608 0.000559833 0.000561696 0.000562991 0.000560599 0.000550985 0.000530915 0.000498354 0.000453245 0.000397842 0.000336301 0.000273643 0.000214508 0.000162239 0.000118555 8.37575e-05 5.71788e-05 3.76431e-05 2.38087e-05 1.438e-05 8.21633e-06 4.37557e-06 2.1179e-06 8.88667e-07 2.90623e-07 5.27397e-08 0 
0 5.5661e-05 0.00022317 0.000483865 0.000784878 0.00104539 0.00119296 0.00120574 0.00111722 0.000983167 0.00084907 0.000739538 0.000663141 0.000620418 0.000609478 0.000628621 0.000676854 0.000753021 0.000853847 0.000971291 0.00109018 0.00118809 0.0012396 0.001225 0.00113943 0.000996146 0.000820865 0.000641108 0.000477517 0.000340925 0.000233996 0.000154447 9.77992e-05 5.90981e-05 3.37739e-05 1.79875e-05 8.70673e-06 3.65337e-06 1.19477e-06 2.16818e-07 0 
0 0.00012447 0.000483865 0.000981617 0.001408 0.00154487 0.00135729 0.00100849 0.000675853 0.000435384 0.000284943 0.000197993 0.000150845 0.00012859 0.00012372 0.000134059 0.0001617 0.000212945 0.000298628 0.000433444 0.000631849 0.000897707 0.00120842 0.00150408 0.00170064 0.00173243 0.00159351 0.00133781 0.0010406 0.000760862 0.000528568 0.000350863 0.00022273 0.000134731 7.70286e-05 4.10308e-05 1.98618e-05 8.33424e-06 2.72559e-06 4.9462e-07 0 
0 0.000213717 0.000784878 0.001408 0.0016183 0.0012784 0.000746075 0.000354669 0.000152136 6.45455e-05 2.92633e-05 1.50903e-05 9.272e-06 6.99113e-06 6.54651e-06 7.57598e-06 1.06227e-05 1.74832e-05 3.24484e-05 6.49509e-05 0.000133936 0.000272139 0.000522471 0.000912016 0.00139995 0.00184474 0.00206837 0.00199211 0.00168784 0.00129469 0.000921618 0.000618773 0.000394744 0.000239263 0.000136898 7.29422e-05 3.53127e-05 1.48182e-05 4.84612e-06 8.7944e-07 0 
0 0.000311892 0.00104539 0.00154487 0.0012784 0.000646457 0.000225724 6.26724e-05 1.57934e-05 4.06313e-06 1.18288e-06 4.24702e-07 2.00785e-07 1.30322e-07 1.18064e-07 1.48084e-07 2.49548e-07 5.38797e-07 1.40439e-06 4.13878e-06 1.29086e-05 4.00392e-05 0.000116814 0.000305296 0.000684623 0.0012689 0.00189285 0.00226086 0.00221062 0.00184426 0.00137155 0.000940008 0.000605018 0.000368023 0.000210854 0.000112402 5.44253e-05 2.28396e-05 7.46959e-06 1.35554e-06 0 
0 0.000404751 0.00119296 0.00135729 0.000746075 0.000225724 4.45532e-05 6.80851e-06 9.44398e-07 1.37867e-07 2.42334e-08 5.75298e-09 2.01476e-09 1.10125e-09 9.60332e-10 1.3205e-09 2.74588e-09 8.08486e-09 3.10472e-08 1.42073e-07 7.07647e-07 3.52695e-06 1.63502e-05 6.63815e-05 0.000224792 0.000609136 0.00127394 0.0020092 0.00240466 0.00227788 0.00181543 0.00128634 0.000839973 0.000513897 0.000295066 0.000157415 7.62401e-05 3.1997e-05 1.04648e-05 1.8991e-06 0 
0 0.000479996 0.00120574 0.00100849 0.000354669 6.26724e-05 6.80851e-06 5.52724e-07 4.05087e-08 3.21919e-09 3.28858e-10 5.00054e-11 1.26731e-11 5.75412e-12 4.81335e-12 7.30331e-12 1.90346e-11 7.82302e-11 4.55687e-10 3.34591e-09 2.7538e-08 2.27883e-07 1.72694e-06 1.11235e-05 5.75847e-05 0.000229742 0.00068183 0.00145943 0.00222554 0.00248818 0.00218313 0.00162293 0.00108245 0.000667888 0.000384695 0.000205458 9.95458e-05 4.17831e-05 1.36659e-05 2.48005e-06 0 
0 0.000531428 0.00111722 0.000675853 0.000152136 1.57934e-05 9.44398e-07 4.05087e-08 1.5561e-09 6.67351e-11 3.92974e-12 3.80053e-13 6.93252e-14 2.60559e-14 2.08781e-14 3.49795e-14 1.14569e-13 6.60142e-13 5.86632e-12 6.9578e-11 9.52956e-10 1.31815e-08 1.64156e-07 1.68103e-06 1.32596e-05 7.71137e-05 0.000320563 0.000926148 0.00181947 0.00245571 0.0024233 0.00191598 0.00131411 0.000820047 0.000474326 0.000253699 0.000122979 5.1627e-05 1.68863e-05 3.06453e-06 0 
0 0.000559814 0.000983167 0.000435384 6.45455e-05 4.06313e-06 1.37867e-07 3.21919e-09 6.67351e-11 1.58745e-12 5.52035e-14 3.4627e-15 4.60946e-16 1.44482e-16 1.10992e-16 2.0422e-16 8.313e-16 6.61002e-15 8.78958e-14 1.64791e-12 3.6714e-11 8.29668e-10 1.66046e-08 2.64506e-07 3.10921e-06 2.57228e-05 0.000145723 0.000553636 0.00138073 0.00225271 0.00252477 0.00214213 0.00151863 0.000960661 0.000558491 0.000299245 0.000145142 6.09422e-05 1.99343e-05 3.61775e-06 0 
0 0.000570617 0.00084907 0.000284943 2.92633e-05 1.18288e-06 2.42334e-08 3.28858e-10 3.92974e-12 5.52035e-14 1.19861e-15 5.10283e-17 5.12131e-18 1.36333e-18 1.00731e-18 2.01239e-18 9.93523e-18 1.05237e-16 2.00456e-15 5.65571e-14 1.94598e-12 6.81964e-11 2.08594e-09 4.932e-08 8.2744e-07 9.35334e-06 6.94365e-05 0.00033394 0.00102431 0.00198496 0.00251608 0.00229437 0.00168459 0.00108144 0.000632203 0.000339396 0.000164721 6.9177e-05 2.26293e-05 4.10693e-06 0 
0 0.000570798 0.000739538 0.000197993 1.50903e-05 4.24702e-07 5.75298e-09 5.00054e-11 3.80053e-13 3.4627e-15 5.10283e-17 1.57854e-18 1.25487e-19 2.91786e-20 2.08483e-20 4.44761e-20 2.56822e-19 3.4384e-18 8.79148e-17 3.46863e-15 1.70548e-13 8.57307e-12 3.71759e-10 1.21668e-08 2.73537e-07 3.99441e-06 3.69479e-05 0.000214723 0.000777236 0.00173471 0.00244544 0.0023808 0.00180668 0.00117635 0.0006914 0.000371876 0.000180597 7.58594e-05 2.48168e-05 4.50401e-06 0 
0 0.000566497 0.000663141 0.000150845 9.272e-06 2.00785e-07 2.01476e-09 1.26731e-11 6.93252e-14 4.60946e-16 5.12131e-18 1.25487e-19 8.41031e-21 1.76892e-21 1.2308e-21 2.74847e-21 1.77479e-20 2.81182e-19 8.89316e-18 4.47383e-16 2.8507e-14 1.86297e-12 1.04175e-10 4.32191e-09 1.20315e-07 2.11779e-06 2.29843e-05 0.0001531 0.000624059 0.00154378 0.00235847 0.00241788 0.00188487 0.00124183 0.000733223 0.000395006 0.000191932 8.06342e-05 2.63802e-05 4.78783e-06 0 
0 0.000562002 0.000620418 0.00012859 6.99113e-06 1.30322e-07 1.10125e-09 5.75412e-12 2.60559e-14 1.44482e-16 1.36333e-18 2.91786e-20 1.76892e-21 3.49993e-22 2.39059e-22 5.46824e-22 3.75696e-21 6.54071e-20 2.33308e-18 1.34796e-16 9.96369e-15 7.572e-13 4.90353e-11 2.33379e-09 7.35531e-08 1.44338e-06 1.71934e-05 0.000123992 0.000541676 0.00142435 0.00228613 0.00242233 0.00192219 0.00127657 0.000756108 0.000407794 0.000198221 8.32865e-05 2.7249e-05 4.94556e-06 0 
0 0.000559608 0.000609478 0.00012372 6.54651e-06 1.18064e-07 9.60332e-10 4.81335e-12 2.08781e-14 1.10992e-16 1.00731e-18 2.08483e-20 1.2308e-21 2.39059e-22 1.6181e-22 3.70396e-22 2.56941e-21 4.55151e-20 1.663e-18 9.89237e-17 7.55349e-15 5.93922e-13 3.9793e-11 1.9567e-09 6.35556e-08 1.28133e-06 1.56297e-05 0.000115112 0.000512822 0.0013741 0.00224268 0.00240537 0.00192221 0.00128089 0.000759732 0.000409967 0.000199314 8.37513e-05 2.74016e-05 4.9733e-06 0 
0 0.000559833 0.000628621 0.000134059 7.57598e-06 1.48084e-07 1.3205e-09 7.30331e-12 3.49795e-14 2.0422e-16 2.01239e-18 4.44761e-20 2.74847e-21 5.46824e-22 3.70396e-22 8.29406e-22 5.51942e-21 9.23176e-20 3.14604e-18 1.73182e-16 1.2196e-14 8.84944e-13 5.49273e-11 2.51805e-09 7.68672e-08 1.4695e-06 1.71519e-05 0.000121907 0.000528035 0.00138497 0.00222784 0.00237026 0.00188749 0.00125623 0.000744862 0.00040192 0.000195403 8.21084e-05 2.68643e-05 4.87578e-06 0 
0 0.000561696 0.000676854 0.0001617 1.06227e-05 2.49548e-07 2.74588e-09 1.90346e-11 1.14569e-13 8.313e-16 9.93523e-18 2.56822e-19 1.77479e-20 3.75696e-21 2.56941e-21 5.51942e-21 3.36623e-20 4.96615e-19 1.449e-17 6.69591e-16 3.92024e-14 2.3635e-12 1.22774e-10 4.77361e-09 1.25785e-07 2.11759e-06 2.22155e-05 0.000144635 0.000583183 0.00144445 0.00222876 0.00231244 0.00181911 0.00120481 0.000713183 0.000384634 0.000186975 7.85647e-05 2.57047e-05 4.66534e-06 0 
0 0.000562991 0.000753021 0.000212945 1.74832e-05 5.38797e-07 8.08486e-09 7.82302e-11 6.60142e-13 6.61002e-15 1.05237e-16 3.4384e-18 2.81182e-19 6.54071e-20 4.55151e-20 9.23176e-20 4.96615e-19 6.09934e-18 1.41691e-16 5.05914e-15 2.25367e-13 1.03185e-11 4.11031e-10 1.24897e-08 2.6385e-07 3.66716e-06 3.27361e-05 0.000186528 0.000674354 0.00153143 0.00222087 0.00222137 0.00171723 0.00112955 0.000667102 0.000359545 0.000174751 7.34267e-05 2.40237e-05 4.36024e-06 0 
0 0.000560599 0.000853847 0.000298628 3.24484e-05 1.40439e-06 3.10472e-08 4.55687e-10 5.86632e-12 8.78958e-14 2.00456e-15 8.79148e-17 8.89316e-18 2.33308e-18 1.663e-18 3.14604e-18 1.449e-17 1.41691e-16 2.47719e-15 6.40622e-14 2.02538e-12 6.5585e-11 1.86824e-09 4.15286e-08 6.62108e-07 7.20154e-06 5.22469e-05 0.000250776 0.000788817 0.00160884 0.00216898 0.00208347 0.00158202 0.00103397 0.000609539 0.000328397 0.00015961 6.70667e-05 2.19434e-05 3.98272e-06 0 
0 0.000550985 0.000971291 0.000433444 6.49509e-05 4.13878e-06 1.42073e-07 3.34591e-09 6.9578e-11 1.64791e-12 5.65571e-14 3.46863e-15 4.47383e-16 1.34796e-16 9.89237e-17 1.73182e-16 6.69591e-16 5.05914e-15 6.40622e-14 1.1476e-12 2.4528e-11 5.33985e-10 1.03379e-08 1.59977e-07 1.83655e-06 1.49698e-05 8.49446e-05 0.000332795 0.000891241 0.00161759 0.00203059 0.00188508 0.00141434 0.000922031 0.000543667 0.000293077 0.000142498 5.98878e-05 1.95962e-05 3.55682e-06 0 
0 0.000530915 0.00109018 0.000631849 0.000133936 1.29086e-05 7.07647e-07 2.7538e-08 9.52956e-10 3.6714e-11 1.94598e-12 1.70548e-13 2.8507e-14 9.96369e-15 7.55349e-15 1.2196e-14 3.92024e-14 2.25367e-13 2.02538e-12 2.4528e-11 3.44741e-10 4.89514e-09 6.23434e-08 6.48694e-07 5.16896e-06 3.04044e-05 0.000130178 0.000404694 0.000910824 0.0014797 0.00176226 0.00161412 0.00121538 0.000797652 0.000472621 0.000255452 0.000124355 5.22895e-05 1.71132e-05 3.10637e-06 0 
0 0.000498354 0.00118809 0.000897707 0.000272139 4.00392e-05 3.52695e-06 2.27883e-07 1.31815e-08 8.29668e-10 6.81964e-11 8.57307e-12 1.86297e-12 7.572e-13 5.93922e-13 8.84944e-13 2.3635e-12 1.03185e-11 6.5585e-11 5.33985e-10 4.89514e-09 4.48011e-08 3.68951e-07 2.51795e-06 1.34487e-05 5.4583e-05 0.000168073 0.000400099 0.000752154 0.0011244 0.00133207 0.00126132 0.000985838 0.000664172 0.000399229 0.000217236 0.000106048 4.46393e-05 1.46151e-05 2.65327e-06 0 
0 0.000453245 0.0012396 0.00120842 0.000522471 0.000116814 1.63502e-05 1.72694e-06 1.64156e-07 1.66046e-08 2.08594e-09 3.71759e-10 1.04175e-10 4.90353e-11 3.9793e-11 5.49273e-11 1.22774e-10 4.11031e-10 1.86824e-09 1.03379e-08 6.23434e-08 3.68951e-07 1.95114e-06 8.5201e-06 2.8952e-05 7.45265e-05 0.000149069 0.000251314 0.000391227 0.000577534 0.000762592 0.000831762 0.0007275 0.000524393 0.000325921 0.000179913 8.83196e-05 3.7252e-05 1.22049e-05 2.21621e-06 0 
0 0.000397842 0.001225 0.00150408 0.000912016 0.000305296 6.63815e-05 1.11235e-05 1.68103e-06 2.64506e-07 4.932e-08 1.21668e-08 4.32191e-09 2.33379e-09 1.9567e-09 2.51805e-09 4.77361e-09 1.24897e-08 4.15286e-08 1.59977e-07 6.48694e-07 2.51795e-06 8.5201e-06 2.28601e-05 4.43927e-05 5.93445e-05 5.88703e-05 5.58863e-05 6.89617e-05 0.000120571 0.000238625 0.000391527 0.000455046 0.000382694 0.000255048 0.000144749 7.17749e-05 3.0377e-05 9.96344e-06 1.80983e-06 0 
0 0.000336301 0.00113943 0.00170064 0.00139995 0.000684623 0.000224792 5.75847e-05 1.32596e-05 3.10921e-06 8.2744e-07 2.73537e-07 1.20315e-07 7.35531e-08 6.35556e-08 7.68672e-08 1.25785e-07 2.6385e-07 6.62108e-07 1.83655e-06 5.16896e-06 1.34487e-05 2.8952e-05 4.43927e-05 3.97283e-05 1.75863e-05 4.40993e-06 1.26212e-06 1.05912e-06 3.44356e-06 2.12937e-05 9.75916e-05 0.000216199 0.000249646 0.000189616 0.000112874 5.6875e-05 2.41943e-05 7.948e-06 1.44441e-06 0 
0 0.000273643 0.000996146 0.00173243 0.00184474 0.0012689 0.000609136 0.000229742 7.71137e-05 2.57228e-05 9.35334e-06 3.99441e-06 2.11779e-06 1.44338e-06 1.28133e-06 1.4695e-06 2.11759e-06 3.66716e-06 7.20154e-06 1.49698e-05 3.04044e-05 5.4583e-05 7.45265e-05 5.93445e-05 1.75863e-05 1.18301e-06 2.12619e-08 5.4283e-10 2.25167e-10 3.19261e-09 2.43196e-07 9.3634e-06 7.11712e-05 0.00014288 0.000133651 8.53191e-05 4.39394e-05 1.8814e-05 6.19232e-06 1.12596e-06 0 
0 0.000214508 0.000820865 0.00159351 0.00206837 0.00189285 0.00127394 0.00068183 0.000320563 0.000145723 6.94365e-05 3.69479e-05 2.29843e-05 1.71934e-05 1.56297e-05 1.71519e-05 2.22155e-05 3.27361e-05 5.22469e-05 8.49446e-05 0.000130178 0.000168073 0.000149069 5.88703e-05 4.40993e-06 2.12619e-08 7.50813e-12 4.7157e-15 6.90126e-16 1.05382e-13 4.1143e-10 3.97956e-07 1.78014e-05 7.49815e-05 9.08141e-05 6.2832e-05 3.31294e-05 1.42802e-05 4.70882e-06 8.5665e-07 0 
0 0.000162239 0.000641108 0.00133781 0.00199211 0.00226086 0.0020092 0.00145943 0.000926148 0.000553636 0.00033394 0.000214723 0.0001531 0.000123992 0.000115112 0.000121907 0.000144635 0.000186528 0.000250776 0.000332795 0.000404694 0.000400099 0.000251314 5.58863e-05 1.26212e-06 5.4283e-10 4.7157e-15 1.09212e-17 3.82869e-18 2.84069e-17 1.17253e-12 2.31472e-08 5.16739e-06 4.13488e-05 6.18548e-05 4.5532e-05 2.44231e-05 1.05763e-05 3.49181e-06 6.35456e-07 0 
0 0.000118555 0.000477517 0.0010406 0.00168784 0.00221062 0.00240466 0.00222554 0.00181947 0.00138073 0.00102431 0.000777236 0.000624059 0.000541676 0.000512822 0.000528035 0.000583183 0.000674354 0.000788817 0.000891241 0.000910824 0.000752154 0.000391227 6.89617e-05 1.05912e-06 2.25167e-10 6.90126e-16 3.82872e-18 7.45698e-19 4.34766e-17 2.1311e-13 9.08428e-09 3.02297e-06 2.81202e-05 4.4001e-05 3.27675e-05 1.7625e-05 7.63729e-06 2.52184e-06 4.58952e-07 0 
0 8.37575e-05 0.000340925 0.000760862 0.00129469 0.00184426 0.00227788 0.00248818 0.00245571 0.00225271 0.00198496 0.00173471 0.00154378 0.00142435 0.0013741 0.00138497 0.00144445 0.00153143 0.00160884 0.00161759 0.0014797 0.0011244 0.000577534 0.000120571 3.44356e-06 3.19261e-09 1.05382e-13 2.84069e-17 4.34766e-17 2.45626e-16 7.5707e-12 3.88673e-08 4.17724e-06 2.45942e-05 3.29742e-05 2.34303e-05 1.2434e-05 5.36767e-06 1.77057e-06 3.22135e-07 0 
0 5.71788e-05 0.000233996 0.000528568 0.000921618 0.00137155 0.00181543 0.00218313 0.0024233 0.00252477 0.00251608 0.00244544 0.00235847 0.00228613 0.00224268 0.00222784 0.00222876 0.00222087 0.00216898 0.00203059 0.00176226 0.00133207 0.000762592 0.000238625 2.12937e-05 2.43196e-07 4.1143e-10 1.17253e-12 2.1311e-13 7.5707e-12 3.30275e-09 5.42375e-07 8.98173e-06 2.44498e-05 2.51504e-05 1.64719e-05 8.53691e-06 3.66081e-06 1.20531e-06 2.19181e-07 0 
0 3.76431e-05 0.000154447 0.000350863 0.000618773 0.000940008 0.00128634 0.00162293 0.00191598 0.00214213 0.00229437 0.0023808 0.00241788 0.00242233 0.00240537 0.00237026 0.00231244 0.00222137 0.00208347 0.00188508 0.00161412 0.00126132 0.000831762 0.000391527 9.75916e-05 9.3634e-06 3.97956e-07 2.31472e-08 9.08428e-09 3.88673e-08 5.42375e-07 5.14541e-06 1.70753e-05 2.31976e-05 1.8561e-05 1.12076e-05 5.6672e-06 2.41275e-06 7.9275e-07 1.44074e-07 0 
0 2.38087e-05 9.77992e-05 0.00022273 0.000394744 0.000605018 0.000839973 0.00108245 0.00131411 0.00151863 0.00168459 0.00180668 0.00188487 0.00192219 0.00192221 0.00188749 0.00181911 0.00171723 0.00158202 0.00141434 0.00121538 0.000985838 0.0007275 0.000455046 0.000216199 7.11712e-05 1.78014e-05 5.16739e-06 3.02297e-06 4.17724e-06 8.98173e-06 1.70753e-05 2.17651e-05 1.89988e-05 1.28007e-05 7.28194e-06 3.61191e-06 1.52861e-06 5.01354e-07 9.10679e-08 0 
0 1.438e-05 5.90981e-05 0.000134731 0.000239263 0.000368023 0.000513897 0.000667888 0.000820047 0.000960661 0.00108144 0.00117635 0.00124183 0.00127657 0.00128089 0.00125623 0.00120481 0.00112955 0.00103397 0.000922031 0.000797652 0.000664172 0.000524393 0.000382694 0.000249646 0.00014288 7.49815e-05 4.13488e-05 2.81202e-05 2.45942e-05 2.44498e-05 2.31976e-05 1.89988e-05 1.32888e-05 8.15259e-06 4.47702e-06 2.19357e-06 9.24607e-07 3.02865e-07 5.49918e-08 0 
0 8.21633e-06 3.37739e-05 7.70286e-05 0.000136898 0.000210854 0.000295066 0.000384695 0.000474326 0.000558491 0.000632203 0.0006914 0.000733223 0.000756108 0.000759732 0.000744862 0.000713183 0.000667102 0.000609539 0.000543667 0.000472621 0.000399229 0.000325921 0.000255048 0.000189616 0.000133651 9.08141e-05 6.18548e-05 4.4001e-05 3.29742e-05 2.51504e-05 1.8561e-05 1.28007e-05 8.15259e-06 4.78952e-06 2.58387e-06 1.25757e-06 5.28828e-07 1.73086e-07 3.14194e-08 0 
0 4.37557e-06 1.79875e-05 4.10308e-05 7.29422e-05 0.000112402 0.000157415 0.000205458 0.000253699 0.000299245 0.000339396 0.000371876 0.000395006 0.000407794 0.000409967 0.00040192 0.000384634 0.000359545 0.000328397 0.000293077 0.000255452 0.000217236 0.000179913 0.000144749 0.000112874 8.53191e-05 6.2832e-05 4.5532e-05 3.27675e-05 2.34303e-05 1.64719e-05 1.12076e-05 7.28194e-06 4.47702e-06 2.58387e-06 1.38296e-06 6.70926e-07 2.81792e-07 9.21904e-08 1.67324e-08 0 
0 2.1179e-06 8.70673e-06 1.98618e-05 3.53127e-05 5.44253e-05 7.62401e-05 9.95458e-05 0.000122979 0.000145142 0.000164721 0.000180597 0.000191932 0.000198221 0.000199314 0.000195403 0.000186975 0.000174751 0.00015961 0.000142498 0.000124355 0.000106048 8.83196e-05 7.17749e-05 5.6875e-05 4.39394e-05 3.31294e-05 2.44231e-05 1.7625e-05 1.2434e-05 8.53691e-06 5.6672e-06 3.61191e-06 2.19357e-06 1.25757e-06 6.70926e-07 3.25034e-07 1.36438e-07 4.4627e-08 8.09906e-09 0 
0 8.88667e-07 3.65337e-06 8.33424e-06 1.48182e-05 2.28396e-05 3.1997e-05 4.17831e-05 5.1627e-05 6.09422e-05 6.9177e-05 7.58594e-05 8.06342e-05 8.32865e-05 8.37513e-05 8.21084e-05 7.85647e-05 7.34267e-05 6.70667e-05 5.98878e-05 5.22895e-05 4.46393e-05 3.7252e-05 3.0377e-05 2.41943e-05 1.8814e-05 1.42802e-05 1.05763e-05 7.63729e-06 5.36767e-06 3.66081e-06 2.41275e-06 1.52861e-06 9.24607e-07 5.28828e-07 2.81792e-07 1.36438e-07 5.72577e-08 1.87264e-08 3.3984e-09 0 
0 2.90623e-07 1.19477e-06 2.72559e-06 4.84612e-06 7.46959e-06 1.04648e-05 1.36659e-05 1.68863e-05 1.99343e-05 2.26293e-05 2.48168e-05 2.63802e-05 2.7249e-05 2.74016e-05 2.68643e-05 2.57047e-05 2.40237e-05 2.19434e-05 1.95962e-05 1.71132e-05 1.46151e-05 1.22049e-05 9.96344e-06 7.948e-06 6.19232e-06 4.70882e-06 3.49181e-06 2.52184e-06 1.77057e-06 1.20531e-06 7.9275e-07 5.01354e-07 3.02865e-07 1.73086e-07 9.21904e-08 4.4627e-08 1.87264e-08 6.12426e-09 1.11139e-09 0 
0 5.27397e-08 2.16818e-07 4.9462e-07 8.7944e-07 1.35554e-06 1.8991e-06 2.48005e-06 3.06453e-06 3.61775e-06 4.10693e-06 4.50401e-06 4.78783e-06 4.94556e-06 4.9733e-06 4.87578e-06 4.66534e-06 4.36024e-06 3.98272e-06 3.55682e-06 3.10637e-06 2.65327e-06 2.21621e-06 1.80983e-06 1.44441e-06 1.12596e-06 8.5665e-07 6.35456e-07 4.58952e-07 3.22135e-07 2.19181e-07 1.44074e-07 9.10679e-08 5.49918e-08 3.14194e-08 1.67324e-08 8.09906e-09 3.3984e-09 1.11139e-09 2.01687e-10 0 
0 0 0 0 0 0 0 0 0 0 0 0 0 0 0 0 0 0 0 0 0 0 0 0 0 0 0 0 0 0 0 0 0 0 0 0 0 0 0 0 0 
