0 0 0 0 0 0 0 0 0 0 0 0 0 0 0 0 0 0 0 0 0 0 0 0 0 0 0 0 0 0 0 0 0 0 0 0 0 0 0 0 0 
0 1.32315e-05 5.17471e-05 0.000107837 0.000166263 0.000210584 0.000231996 0.000232024 0.000218187 0.000198544 0.000178917 0.000162561 0.000150883 0.000144267 0.000142646 0.000145795 0.000153408 0.000165014 0.000179804 0.000196415 0.000212794 0.000226242 0.000233761 0.000232709 0.000221605 0.000200783 0.000172504 0.000140387 0.00010833 7.94585e-05 5.55535e-05 3.70896e-05 2.36387e-05 1.43329e-05 8.20462e-06 4.37297e-06 2.1174e-06 8.88586e-07 2.90613e-07 5.27391e-08 0 
0 5.17471e-05 0.000188555 0.000342961 0.000425288 0.000401433 0.000312903 0.000216499 0.000141333 9.15085e-05 6.12117e-05 4.37073e-05 3.41328e-05 2.96035e-05 2.86873e-05 3.09708e-05 3.68508e-05 4.75084e-05 6.49615e-05 9.20186e-05 0.000131841 0.00018676 0.000256171 0.000334019 0.000407439 0.00045888 0.000472722 0.000443515 0.000379595 0.000298477 0.000217812 0.00014898 9.61522e-05 5.86537e-05 3.36665e-05 1.79645e-05 8.70241e-06 3.65269e-06 1.19469e-06 2.16813e-07 0 
0 0.000107837 0.000342961 0.000481535 0.000403852 0.000234221 0.000106677 4.23605e-05 1.5983e-05 6.18079e-06 2.62121e-06 1.29107e-06 7.7163e-07 5.75254e-07 5.4045e-07 6.35637e-07 9.15859e-07 1.56339e-06 3.03319e-06 6.39168e-06 1.39817e-05 3.04504e-05 6.3696e-05 0.00012429 0.000221045 0.000351461 0.000491208 0.000595263 0.000621664 0.000562765 0.000449298 0.000323603 0.000214545 0.000132559 7.65164e-05 4.09238e-05 1.98423e-05 8.33127e-06 2.72525e-06 4.94598e-07 0 
0 0.000166263 0.000425288 0.000403852 0.000197772 6.10749e-05 1.39243e-05 2.66478e-06 4.8263e-07 9.29628e-08 2.12287e-08 6.3086e-09 2.61965e-09 1.58935e-09 1.43168e-09 1.89238e-09 3.53911e-09 8.8547e-09 2.7655e-08 9.99562e-08 3.87653e-07 1.50441e-06 5.50474e-06 1.8131e-05 5.20336e-05 0.000127421 0.000262445 0.000448392 0.000626401 0.000710756 0.00066307 0.000524797 0.000365937 0.000231633 0.000135125 7.25797e-05 3.52483e-05 1.48086e-05 4.84504e-06 8.79373e-07 0 
0 0.000210584 0.000401433 0.000234221 6.10749e-05 8.97521e-06 8.85862e-07 6.92158e-08 5.07394e-09 4.13879e-10 4.40761e-11 7.02932e-12 1.86405e-12 8.77501e-13 7.50541e-13 1.14552e-12 2.9538e-12 1.18346e-11 6.64433e-11 4.66923e-10 3.66873e-09 2.90317e-08 2.11541e-07 1.32304e-06 6.76488e-06 2.75087e-05 8.80192e-05 0.000221017 0.000433039 0.000654296 0.000759875 0.000695076 0.00052609 0.000346769 0.000205933 0.00011141 5.42522e-05 2.28144e-05 7.4668e-06 1.35537e-06 0 
0 0.000231996 0.000312903 0.000106677 1.39243e-05 8.85862e-07 3.36353e-08 9.43972e-10 2.46327e-11 7.53791e-13 3.36286e-14 2.63655e-15 4.18991e-16 1.47598e-16 1.18981e-16 2.14033e-16 7.96525e-16 5.46219e-15 5.98662e-14 8.98033e-13 1.57904e-11 2.81886e-10 4.51463e-09 5.88296e-08 5.82305e-07 4.20915e-06 2.19405e-05 8.30394e-05 0.00023106 0.000473747 0.000709728 0.000782457 0.000664355 0.000464858 0.00028361 0.000155119 7.58451e-05 3.19403e-05 1.04586e-05 1.89873e-06 0 
0 0.000232024 0.000216499 4.23605e-05 2.66478e-06 6.92158e-08 9.43972e-10 8.85221e-12 7.65183e-14 8.20581e-16 1.44347e-17 5.49269e-19 6.9638e-20 3.09951e-20 2.68695e-20 3.85046e-20 1.3107e-19 1.38192e-18 3.06864e-17 1.03601e-15 4.31054e-14 1.83677e-12 6.83348e-11 1.95564e-09 3.93458e-08 5.27831e-07 4.63641e-06 2.69575e-05 0.000106702 0.000294816 0.000571327 0.000774261 0.000755957 0.000571705 0.000361756 0.000200854 9.876e-05 4.16718e-05 1.3654e-05 2.47936e-06 0 
0 0.000218187 0.000141333 1.5983e-05 4.8263e-07 5.07394e-09 2.46327e-11 7.65183e-14 2.17213e-16 8.15137e-19 9.13552e-21 1.23818e-21 4.83827e-22 3.4887e-22 3.27158e-22 3.55933e-22 5.80506e-22 1.70963e-21 1.75482e-20 1.08683e-18 1.07399e-16 1.09961e-14 9.56402e-13 6.05042e-11 2.49151e-09 6.24935e-08 9.31579e-07 8.3502e-06 4.67578e-05 0.000171256 0.000421772 0.000699763 0.000793389 0.000656367 0.000434104 0.000245561 0.000121595 5.14327e-05 1.68657e-05 3.06335e-06 0 
0 0.000198544 9.15085e-05 6.18079e-06 9.29628e-08 4.13879e-10 7.53791e-13 8.20581e-16 8.15137e-19 2.09927e-21 8.69768e-23 3.49726e-23 2.56566e-23 2.28578e-23 2.20492e-23 2.16778e-23 2.43637e-23 3.10771e-23 9.83295e-23 2.15815e-21 3.55168e-19 8.3195e-17 1.61971e-14 2.17492e-12 1.76798e-10 8.041e-09 1.98447e-07 2.68825e-06 2.09003e-05 9.91771e-05 0.000302177 0.000601322 0.00078701 0.000714405 0.00049581 0.000286401 0.000142955 6.0637e-05 1.99023e-05 3.61593e-06 0 
0 0.000178917 6.12117e-05 2.62121e-06 2.12287e-08 4.40761e-11 3.36286e-14 1.44347e-17 9.13552e-21 8.69768e-23 6.98905e-24 3.24161e-24 3.0299e-24 3.02646e-24 2.9652e-24 2.75651e-24 2.51764e-24 2.22286e-24 3.78773e-24 3.33587e-23 2.6558e-21 1.07456e-18 4.27243e-16 1.11868e-13 1.66283e-11 1.28306e-09 4.95898e-08 9.70807e-07 1.01093e-05 6.02006e-05 0.000219756 0.000509412 0.000755826 0.000748022 0.00054424 0.0003211 0.000161597 6.87421e-05 2.25839e-05 4.10436e-06 0 
0 0.000162561 4.37073e-05 1.29107e-06 6.3086e-09 7.02932e-12 2.63655e-15 5.49269e-19 1.23818e-21 3.49727e-23 3.24161e-24 8.00617e-25 5.56344e-25 5.46456e-25 5.33462e-25 4.78558e-25 3.936e-25 3.11672e-25 5.09428e-25 3.68609e-24 1.2704e-22 3.18801e-20 2.18013e-17 9.84476e-15 2.39432e-12 2.84411e-10 1.58586e-08 4.19661e-07 5.55207e-06 3.97732e-05 0.000167645 0.000437756 0.000717708 0.000763505 0.000578926 0.000348138 0.000176527 7.52933e-05 2.47578e-05 4.50069e-06 0 
0 0.000150883 3.41328e-05 7.7163e-07 2.61965e-09 1.86405e-12 4.18991e-16 6.96381e-20 4.83827e-22 2.56566e-23 3.0299e-24 5.56345e-25 1.8597e-25 1.2651e-25 1.12346e-25 9.67828e-26 7.70081e-26 7.18233e-26 1.88843e-25 1.43177e-24 2.85172e-23 3.11582e-21 2.54077e-18 1.6986e-15 5.8912e-13 9.55073e-11 6.93707e-09 2.28215e-07 3.58982e-06 2.9382e-05 0.000137187 0.000389315 0.000684832 0.000768012 0.000600863 0.000366731 0.000187063 7.99569e-05 2.63098e-05 4.78387e-06 0 
0 0.000144267 2.96035e-05 5.75254e-07 1.58935e-09 8.77501e-13 1.47598e-16 3.09951e-20 3.4887e-22 2.28578e-23 3.02646e-24 5.46457e-25 1.2651e-25 4.5932e-26 2.85321e-26 2.21994e-26 1.93015e-26 3.06719e-26 1.27679e-25 9.47912e-25 1.4754e-23 1.04902e-21 7.50699e-19 6.25521e-16 2.65256e-13 5.1288e-11 4.32742e-09 1.61068e-07 2.79505e-06 2.46709e-05 0.00012201 0.000362666 0.00066365 0.000767279 0.000611589 0.000376672 0.000192844 8.25379e-05 2.71712e-05 4.94119e-06 0 
0 0.000142646 2.86873e-05 5.4045e-07 1.43168e-09 7.50541e-13 1.18981e-16 2.68695e-20 3.27158e-22 2.20492e-23 2.9652e-24 5.33463e-25 1.12346e-25 2.85321e-26 1.06049e-26 6.59387e-27 7.78168e-27 2.26182e-26 1.1472e-25 8.55622e-25 1.28363e-23 8.49295e-22 5.81129e-19 5.06492e-16 2.2388e-13 4.48933e-11 3.90713e-09 1.49184e-07 2.64177e-06 2.36809e-05 0.000118492 0.000355614 0.000656481 0.00076461 0.000612435 0.000378143 0.000193806 8.29835e-05 2.73218e-05 4.96881e-06 0 
0 0.000145795 3.09708e-05 6.35637e-07 1.89238e-09 1.14552e-12 2.14033e-16 3.85046e-20 3.55933e-22 2.16778e-23 2.75651e-24 4.78559e-25 9.67829e-26 2.21995e-26 6.59387e-27 3.72687e-27 6.08583e-27 2.25891e-26 1.2318e-25 9.93209e-25 1.71592e-23 1.45796e-21 1.1424e-18 8.80224e-16 3.47428e-13 6.30937e-11 5.0474e-09 1.79785e-07 3.01187e-06 2.5866e-05 0.000125276 0.000366501 0.000662866 0.000760712 0.000604136 0.00037156 0.000190146 8.13747e-05 2.67878e-05 4.87148e-06 0 
0 0.000153408 3.68508e-05 9.15859e-07 3.53911e-09 2.9538e-12 7.96525e-16 1.3107e-19 5.80506e-22 2.43637e-23 2.51765e-24 3.93601e-25 7.70082e-26 1.93015e-26 7.78167e-27 6.08583e-27 9.41079e-27 2.97424e-26 1.63632e-25 1.58252e-24 4.09644e-23 6.44931e-21 5.24437e-18 3.05487e-15 9.35526e-13 1.36029e-10 9.00762e-09 2.74544e-07 4.06204e-06 3.16986e-05 0.000142723 0.000394123 0.00068003 0.000753943 0.000586798 0.000357514 0.000182282 7.79086e-05 2.56362e-05 4.66146e-06 0 
0 0.000165014 4.75084e-05 1.56339e-06 8.8547e-09 1.18346e-11 5.46219e-15 1.38192e-18 1.70963e-21 3.10771e-23 2.22286e-24 3.11673e-25 7.18234e-26 3.06719e-26 2.26181e-26 2.25891e-26 2.97424e-26 6.72916e-26 3.39936e-25 4.37275e-24 2.32799e-22 8.28548e-20 4.91795e-17 1.89607e-14 3.99912e-12 4.19339e-10 2.10274e-08 5.09655e-07 6.2831e-06 4.25992e-05 0.000172245 0.000436564 0.000702522 0.000740745 0.000560145 0.000336766 0.000170812 7.28745e-05 2.39657e-05 4.35695e-06 0 
0 0.000179804 6.49615e-05 3.03319e-06 2.7655e-08 6.64433e-11 5.98662e-14 3.06864e-17 1.75482e-20 9.83296e-23 3.78773e-24 5.09428e-25 1.88843e-25 1.27678e-25 1.1472e-25 1.23179e-25 1.63632e-25 3.39936e-25 1.83235e-24 4.24478e-23 5.81794e-21 2.29866e-18 7.97095e-16 1.83564e-13 2.42903e-11 1.69169e-09 5.988e-08 1.08937e-06 1.06911e-05 6.08052e-05 0.000214803 0.000488678 0.000721319 0.00071628 0.000523908 0.000310289 0.000156476 6.66256e-05 2.18968e-05 3.98006e-06 0 
0 0.000196415 9.20186e-05 6.39168e-06 9.99562e-08 4.66923e-10 8.98033e-13 1.03601e-15 1.08683e-18 2.15815e-21 3.33587e-23 3.68609e-24 1.43177e-24 9.47911e-25 8.55621e-25 9.93208e-25 1.58252e-24 4.37275e-24 4.24478e-23 2.34481e-21 4.49716e-19 1.00434e-16 1.86115e-14 2.38319e-12 1.85123e-10 8.06536e-09 1.91319e-07 2.50317e-06 1.89209e-05 8.80834e-05 0.000266872 0.000537721 0.000723029 0.000675318 0.000478226 0.000279284 0.000140102 5.95483e-05 1.956e-05 3.55474e-06 0 
0 0.000212794 0.000131841 1.39817e-05 3.87653e-07 3.66873e-09 1.57904e-11 4.31054e-14 1.07399e-16 3.55168e-19 2.6558e-21 1.2704e-22 2.85171e-23 1.4754e-23 1.28363e-23 1.71592e-23 4.09644e-23 2.32799e-22 5.81794e-21 4.49716e-19 4.8858e-17 5.49046e-15 5.20927e-13 3.5517e-11 1.54984e-09 4.04237e-08 6.16583e-07 5.60675e-06 3.18937e-05 0.00012009 0.000311083 0.000557597 0.000690183 0.000613357 0.000423925 0.000245143 0.00012255 5.20313e-05 1.70855e-05 3.10475e-06 0 
0 0.000226242 0.00018676 3.04504e-05 1.50441e-06 2.90317e-08 2.81886e-10 1.83677e-12 1.09961e-14 8.3195e-17 1.07456e-18 3.18801e-20 3.11582e-21 1.04902e-21 8.49295e-22 1.45796e-21 6.44931e-21 8.28548e-20 2.29866e-18 1.00434e-16 5.49046e-15 3.06753e-13 1.46759e-11 5.20495e-10 1.23131e-08 1.82978e-07 1.69533e-06 1.02159e-05 4.28521e-05 0.000132146 0.000303568 0.000507351 0.000604431 0.000527841 0.000362597 0.00020937 0.000104654 4.44378e-05 1.45933e-05 2.65199e-06 0 
0 0.000233761 0.000256171 6.3696e-05 5.50474e-06 2.11541e-07 4.51463e-09 6.83348e-11 9.56402e-13 1.61971e-14 4.27243e-16 2.18013e-17 2.54077e-18 7.50699e-19 5.81129e-19 1.1424e-18 5.24437e-18 4.91795e-17 7.97095e-16 1.86115e-14 5.20927e-13 1.46759e-11 3.55009e-10 6.41465e-09 7.73671e-08 5.84542e-07 2.83111e-06 9.95148e-06 2.97841e-05 8.18132e-05 0.000194382 0.000354003 0.000456228 0.000419784 0.000296594 0.000173479 8.71676e-05 3.70846e-05 1.21867e-05 2.21515e-06 0 
0 0.000232709 0.000334019 0.00012429 1.8131e-05 1.32304e-06 5.88296e-08 1.95564e-09 6.05042e-11 2.17492e-12 1.11868e-13 9.84476e-15 1.6986e-15 6.25521e-16 5.06492e-16 8.80224e-16 3.05487e-15 1.89607e-14 1.83564e-13 2.38319e-12 3.5517e-11 5.20495e-10 6.41465e-09 5.62885e-08 2.96e-07 8.30157e-07 1.351e-06 1.88085e-06 3.6853e-06 1.20287e-05 4.76612e-05 0.000145055 0.000266101 0.000296913 0.000229243 0.00013896 7.07371e-05 3.02272e-05 9.94731e-06 1.80889e-06 0 
0 0.000221605 0.000407439 0.000221045 5.20336e-05 6.76488e-06 5.82305e-07 3.93458e-08 2.49151e-09 1.76798e-10 1.66283e-11 2.39432e-12 5.8912e-13 2.65256e-13 2.2388e-13 3.47428e-13 9.35526e-13 3.99912e-12 2.42903e-11 1.85123e-10 1.54984e-09 1.23131e-08 7.73671e-08 2.96e-07 4.79548e-07 2.38583e-07 4.34625e-08 8.73418e-09 8.79384e-09 7.15612e-08 1.56833e-06 2.1806e-05 0.000101519 0.000177868 0.000165386 0.000107305 5.58848e-05 2.40538e-05 7.93314e-06 1.44356e-06 0 
0 0.000200783 0.00045888 0.000351461 0.000127421 2.75087e-05 4.20915e-06 5.27831e-07 6.24935e-08 8.041e-09 1.28306e-09 2.84411e-10 9.55073e-11 5.1288e-11 4.48933e-11 6.30937e-11 1.36029e-10 4.19339e-10 1.69169e-09 8.06536e-09 4.04237e-08 1.82978e-07 5.84542e-07 8.30157e-07 2.38583e-07 5.9741e-09 1.67273e-11 6.72873e-14 1.92055e-14 1.82916e-12 1.95776e-09 7.21561e-07 2.19228e-05 8.78346e-05 0.000111176 7.99582e-05 4.29968e-05 1.86832e-05 6.1788e-06 1.1252e-06 0 
0 0.000172504 0.000472722 0.000491208 0.000262445 8.80192e-05 2.19405e-05 4.63641e-06 9.31579e-07 1.98447e-07 4.95898e-08 1.58586e-08 6.93707e-09 4.32742e-09 3.90713e-09 5.0474e-09 9.00762e-09 2.10274e-08 5.988e-08 1.91319e-07 6.16583e-07 1.69533e-06 2.83111e-06 1.351e-06 4.34625e-08 1.67273e-11 2.60076e-16 2.58765e-15 1.4939e-15 4.08381e-15 1.19534e-13 6.49549e-09 3.07132e-06 3.82565e-05 7.15061e-05 5.79883e-05 3.22846e-05 1.41654e-05 4.69718e-06 8.5601e-07 0 
0 0.000140387 0.000443515 0.000595263 0.000448392 0.000221017 8.30394e-05 2.69575e-05 8.3502e-06 2.68825e-06 9.70807e-07 4.19661e-07 2.28215e-07 1.61068e-07 1.49184e-07 1.79785e-07 2.74544e-07 5.09655e-07 1.08937e-06 2.50317e-06 5.60675e-06 1.02159e-05 9.95148e-06 1.88085e-06 8.73418e-09 6.72873e-14 2.58765e-15 5.19322e-16 3.01188e-16 4.68761e-16 4.81054e-15 9.24025e-11 5.39402e-07 1.81459e-05 4.6765e-05 4.15904e-05 2.37399e-05 1.04848e-05 3.48266e-06 6.34959e-07 0 
0 0.00010833 0.000379595 0.000621664 0.000626401 0.000433039 0.00023106 0.000106702 4.67578e-05 2.09003e-05 1.01093e-05 5.55207e-06 3.58982e-06 2.79505e-06 2.64177e-06 3.01187e-06 4.06204e-06 6.2831e-06 1.06911e-05 1.89209e-05 3.18937e-05 4.28521e-05 2.97841e-05 3.6853e-06 8.79384e-09 1.92055e-14 1.4939e-15 3.01188e-16 4.5862e-16 2.34228e-15 5.43768e-14 2.57512e-11 2.83358e-07 1.20438e-05 3.31662e-05 2.99433e-05 1.71396e-05 7.57274e-06 2.51543e-06 4.58605e-07 0 
0 7.94585e-05 0.000298477 0.000562765 0.000710756 0.000654296 0.000473747 0.000294816 0.000171256 9.91771e-05 6.02006e-05 3.97732e-05 2.9382e-05 2.46709e-05 2.36809e-05 2.5866e-05 3.16986e-05 4.25992e-05 6.08052e-05 8.80834e-05 0.00012009 0.000132146 8.18132e-05 1.20287e-05 7.15612e-08 1.82916e-12 4.08381e-15 4.68761e-16 2.34227e-15 3.32692e-16 4.56813e-16 3.09796e-10 5.75164e-07 1.19758e-05 2.58825e-05 2.16769e-05 1.2136e-05 5.32797e-06 1.7666e-06 3.21919e-07 0 
0 5.55535e-05 0.000217812 0.000449298 0.00066307 0.000759875 0.000709728 0.000571327 0.000421772 0.000302177 0.000219756 0.000167645 0.000137187 0.00012201 0.000118492 0.000125276 0.000142723 0.000172245 0.000214803 0.000266872 0.000311083 0.000303568 0.000194382 4.76612e-05 1.56833e-06 1.95776e-09 1.19534e-13 4.81054e-15 5.43768e-14 4.56813e-16 6.74339e-12 2.33776e-08 2.35279e-06 1.47564e-05 2.10992e-05 1.55433e-05 8.38015e-06 3.6397e-06 1.20317e-06 2.19062e-07 0 
0 3.70896e-05 0.00014898 0.000323603 0.000524797 0.000695076 0.000782457 0.000774261 0.000699763 0.000601322 0.000509412 0.000437756 0.000389315 0.000362666 0.000355614 0.000366501 0.000394123 0.000436564 0.000488678 0.000537721 0.000557597 0.000507351 0.000354003 0.000145055 2.1806e-05 7.21561e-07 6.49549e-09 9.24025e-11 2.57512e-11 3.09796e-10 2.33776e-08 9.72294e-07 8.07226e-06 1.72133e-05 1.66416e-05 1.07931e-05 5.59682e-06 2.40306e-06 7.91742e-07 1.44017e-07 0 
0 2.36387e-05 9.61522e-05 0.000214545 0.000365937 0.00052609 0.000664355 0.000755957 0.000793389 0.00078701 0.000755826 0.000717708 0.000684832 0.00066365 0.000656481 0.000662866 0.00068003 0.000702522 0.000721319 0.000723029 0.000690183 0.000604431 0.000456228 0.000266101 0.000101519 2.19228e-05 3.07132e-06 5.39402e-07 2.83358e-07 5.75164e-07 2.35279e-06 8.07226e-06 1.5203e-05 1.63126e-05 1.20641e-05 7.12632e-06 3.58488e-06 1.52476e-06 5.00941e-07 9.10438e-08 0 
0 1.43329e-05 5.86537e-05 0.000132559 0.000231633 0.000346769 0.000464858 0.000571705 0.000656367 0.000714405 0.000748022 0.000763505 0.000768012 0.000767279 0.00076461 0.000760712 0.000753943 0.000740745 0.00071628 0.000675318 0.000613357 0.000527841 0.000419784 0.000296913 0.000177868 8.78346e-05 3.82565e-05 1.81459e-05 1.20438e-05 1.19758e-05 1.47564e-05 1.72133e-05 1.63126e-05 1.23995e-05 7.92168e-06 4.42755e-06 2.18465e-06 9.23284e-07 3.02717e-07 5.49829e-08 0 
0 8.20462e-06 3.36665e-05 7.65164e-05 0.000135125 0.000205933 0.00028361 0.000361756 0.000434104 0.00049581 0.00054424 0.000578926 0.000600863 0.000611589 0.000612435 0.000604136 0.000586798 0.000560145 0.000523908 0.000478226 0.000423925 0.000362597 0.000296594 0.000229243 0.000165386 0.000111176 7.15061e-05 4.6765e-05 3.31662e-05 2.58825e-05 2.10992e-05 1.66416e-05 1.20641e-05 7.92168e-06 4.72906e-06 2.57043e-06 1.25503e-06 5.28434e-07 1.7304e-07 3.14166e-08 0 
0 4.37297e-06 1.79645e-05 4.09238e-05 7.25797e-05 0.00011141 0.000155119 0.000200854 0.000245561 0.000286401 0.0003211 0.000348138 0.000366731 0.000376672 0.000378143 0.00037156 0.000357514 0.000336766 0.000310289 0.000279284 0.000245143 0.00020937 0.000173479 0.00013896 0.000107305 7.99582e-05 5.79883e-05 4.15904e-05 2.99433e-05 2.16769e-05 1.55433e-05 1.07931e-05 7.12632e-06 4.42755e-06 2.57043e-06 1.37983e-06 6.70304e-07 2.8169e-07 9.2178e-08 1.67316e-08 0 
0 2.1174e-06 8.70241e-06 1.98423e-05 3.52483e-05 5.42522e-05 7.58451e-05 9.876e-05 0.000121595 0.000142955 0.000161597 0.000176527 0.000187063 0.000192844 0.000193806 0.000190146 0.000182282 0.000170812 0.000156476 0.000140102 0.00012255 0.000104654 8.71676e-05 7.07371e-05 5.58848e-05 4.29968e-05 3.22846e-05 2.37399e-05 1.71396e-05 1.2136e-05 8.38015e-06 5.59682e-06 3.58488e-06 2.18465e-06 1.25503e-06 6.70304e-07 3.24904e-07 1.36416e-07 4.46241e-08 8.09887e-09 0 
0 8.88586e-07 3.65269e-06 8.33127e-06 1.48086e-05 2.28144e-05 3.19403e-05 4.16718e-05 5.14327e-05 6.0637e-05 6.87421e-05 7.52933e-05 7.99569e-05 8.25379e-05 8.29835e-05 8.13747e-05 7.79086e-05 7.28745e-05 6.66256e-05 5.95483e-05 5.20313e-05 4.44378e-05 3.70846e-05 3.02272e-05 2.40538e-05 1.86832e-05 1.41654e-05 1.04848e-05 7.57274e-06 5.32797e-06 3.6397e-06 2.40306e-06 1.52476e-06 9.23284e-07 5.28434e-07 2.8169e-07 1.36416e-07 5.72537e-08 1.87258e-08 3.39836e-09 0 
0 2.90613e-07 1.19469e-06 2.72525e-06 4.84504e-06 7.4668e-06 1.04586e-05 1.3654e-05 1.68657e-05 1.99023e-05 2.25839e-05 2.47578e-05 2.63098e-05 2.71712e-05 2.73218e-05 2.67878e-05 2.56362e-05 2.39657e-05 2.18968e-05 1.956e-05 1.70855e-05 1.45933e-05 1.21867e-05 9.94731e-06 7.93314e-06 6.1788e-06 4.69718e-06 3.48266e-06 2.51543e-06 1.7666e-06 1.20317e-06 7.91742e-07 5.00941e-07 3.02717e-07 1.7304e-07 9.2178e-08 4.46241e-08 1.87258e-08 6.12419e-09 1.11139e-09 0 
0 5.27391e-08 2.16813e-07 4.94598e-07 8.79373e-07 1.35537e-06 1.89873e-06 2.47936e-06 3.06335e-06 3.61593e-06 4.10436e-06 4.50069e-06 4.78387e-06 4.94119e-06 4.96881e-06 4.87148e-06 4.66146e-06 4.35695e-06 3.98006e-06 3.55474e-06 3.10475e-06 2.65199e-06 2.21515e-06 1.80889e-06 1.44356e-06 1.1252e-06 8.5601e-07 6.34959e-07 4.58605e-07 3.21919e-07 2.19062e-07 1.44017e-07 9.10438e-08 5.49829e-08 3.14166e-08 1.67316e-08 8.09887e-09 3.39836e-09 1.11139e-09 2.01686e-10 0 
0 0 0 0 0 0 0 0 0 0 0 0 0 0 0 0 0 0 0 0 0 0 0 0 0 0 0 0 0 0 0 0 0 0 0 0 0 0 0 0 0 
