0 0 0 0 0 0 0 0 0 0 0 0 0 0 0 0 0 0 0 0 0 0 0 0 0 0 0 0 0 0 0 0 0 0 0 0 0 0 0 0 0 
0 1.31706e-05 5.12358e-05 0.000105837 0.000161239 0.000201463 0.000218993 0.000216398 0.000201408 0.000181712 0.000162619 0.000146972 0.000135918 0.000129702 0.000128204 0.000131199 0.000138422 0.000149484 0.000163698 0.000179871 0.000196152 0.000210044 0.000218702 0.000219515 0.000210866 0.000192777 0.000167111 0.000137139 0.000106596 7.86397e-05 5.52118e-05 3.69633e-05 2.35973e-05 1.43208e-05 8.20146e-06 4.37225e-06 2.11725e-06 8.88562e-07 2.9061e-07 5.27389e-08 0 
0 5.12358e-05 0.000184343 0.00032824 0.000395821 0.000362856 0.000275535 0.000186506 0.000119522 7.61696e-05 5.02735e-05 3.55154e-05 2.75257e-05 2.37734e-05 2.3022e-05 2.49215e-05 2.98229e-05 3.8765e-05 5.35443e-05 7.67158e-05 0.000111269 0.000159653 0.000221962 0.000293633 0.00036391 0.00041709 0.000437797 0.000418563 0.000364515 0.000290775 0.000214465 0.000147728 9.57444e-05 5.8537e-05 3.3637e-05 1.79579e-05 8.70114e-06 3.65249e-06 1.19467e-06 2.16811e-07 0 
0 0.000105837 0.00032824 0.000442668 0.000354412 0.000197076 8.65855e-05 3.32741e-05 1.21687e-05 4.56976e-06 1.88811e-06 9.10385e-07 5.35844e-07 3.96087e-07 3.71576e-07 4.39353e-07 6.40309e-07 1.11112e-06 2.19953e-06 4.73982e-06 1.06118e-05 2.3645e-05 5.05437e-05 0.000100661 0.00018265 0.000296729 0.000425143 0.00053017 0.000570767 0.000531496 0.000434044 0.000317546 0.000212531 0.000131985 7.6374e-05 4.08929e-05 1.98365e-05 8.33037e-06 2.72514e-06 4.94591e-07 0 
0 0.000161239 0.000395821 0.000354412 0.000163672 4.79512e-05 1.03842e-05 1.885e-06 3.23751e-07 5.92891e-08 1.29451e-08 3.70886e-09 1.50026e-09 8.97011e-10 8.05924e-10 1.0749e-09 2.04965e-09 5.27406e-09 1.7051e-08 6.40615e-08 2.58715e-07 1.04505e-06 3.97052e-06 1.35262e-05 3.99724e-05 0.00010046 0.000212315 0.000373767 0.000541661 0.000640219 0.000620389 0.00050549 0.000359089 0.000229638 0.000134632 7.24746e-05 3.5229e-05 1.48056e-05 4.8447e-06 8.79352e-07 0 
0 0.000201463 0.000362856 0.000197076 4.79512e-05 6.56875e-06 6.00929e-07 4.3322e-08 2.92882e-09 2.21271e-10 2.20176e-11 3.32255e-12 8.4677e-13 3.89857e-13 3.32118e-13 5.1384e-13 1.36449e-12 5.70392e-12 3.37422e-11 2.51462e-10 2.10181e-09 1.76919e-08 1.36724e-07 9.02041e-07 4.83016e-06 2.04054e-05 6.73828e-05 0.000174268 0.000353444 0.000558115 0.000681101 0.000651216 0.000508573 0.00034138 0.00020458 0.000111123 5.42006e-05 2.28067e-05 7.46594e-06 1.35532e-06 0 
0 0.000218993 0.000275535 8.65855e-05 1.03842e-05 6.00929e-07 2.05299e-08 5.15101e-10 1.20138e-11 3.30603e-13 1.3423e-14 9.74215e-16 1.46388e-16 4.99716e-17 4.00545e-17 7.34456e-17 2.84937e-16 2.07412e-15 2.44526e-14 3.97981e-13 7.62503e-12 1.48355e-10 2.5808e-09 3.62901e-08 3.8409e-07 2.93621e-06 1.60009e-05 6.27317e-05 0.000180379 0.000385009 0.000607678 0.000708349 0.000629254 0.00045305 0.000280535 0.000154463 7.57279e-05 3.19231e-05 1.04567e-05 1.89862e-06 0 
0 0.000216398 0.000186506 3.32741e-05 1.885e-06 4.3322e-08 5.15101e-10 4.17741e-12 3.12202e-14 2.91636e-16 4.55241e-18 1.8415e-19 4.42041e-20 3.10136e-20 2.88339e-20 3.23187e-20 5.93251e-20 4.28782e-19 9.95107e-18 3.73521e-16 1.73786e-14 8.28106e-13 3.43094e-11 1.08493e-09 2.38585e-08 3.45249e-07 3.22349e-06 1.96373e-05 8.06233e-05 0.000231081 0.000469977 0.00067638 0.000699007 0.000550119 0.000355812 0.000199562 9.85292e-05 4.16383e-05 1.36503e-05 2.47914e-06 0 
0 0.000201408 0.000119522 1.21687e-05 3.23751e-07 2.92882e-09 1.20138e-11 3.12202e-14 7.40748e-17 2.42311e-19 5.51339e-21 1.48492e-21 1.0099e-21 1.05708e-21 1.05116e-21 9.45167e-22 9.2714e-22 1.69672e-21 7.72642e-21 3.23819e-19 3.61499e-17 4.24887e-15 4.21919e-13 3.01893e-11 1.38839e-09 3.83052e-08 6.17453e-07 5.87922e-06 3.44279e-05 0.000130862 0.000336586 0.00059217 0.00071572 0.000622585 0.000424123 0.000243329 0.000121193 5.13746e-05 1.68595e-05 3.06299e-06 0 
0 0.000181712 7.61696e-05 4.56976e-06 5.92891e-08 2.21271e-10 3.30603e-13 2.91636e-16 2.42311e-19 1.28141e-21 1.59275e-22 1.05034e-22 1.00644e-22 1.16613e-22 1.18423e-22 1.00598e-22 8.29184e-23 8.86878e-23 1.21262e-22 9.74752e-22 1.02809e-19 2.77973e-17 6.32784e-15 9.82322e-13 9.09795e-11 4.63416e-09 1.25665e-07 1.83311e-06 1.50521e-05 7.44091e-05 0.000236093 0.000496234 0.00069418 0.000667937 0.000480977 0.000282967 0.000142332 6.05468e-05 1.98926e-05 3.61537e-06 0 
0 0.000162619 5.02735e-05 1.88811e-06 1.29451e-08 2.20176e-11 1.3423e-14 4.55241e-18 5.51339e-21 1.59275e-22 2.62335e-23 1.736e-23 1.822e-23 2.1269e-23 2.16355e-23 1.82869e-23 1.41585e-23 1.1569e-23 1.06062e-23 3.4949e-23 1.01522e-21 3.17879e-19 1.49998e-16 4.62991e-14 7.97901e-12 7.0035e-10 3.01557e-08 6.43377e-07 7.14361e-06 4.45529e-05 0.000169275 0.000412835 0.000654522 0.000690331 0.00052438 0.000316335 0.00016072 6.86151e-05 2.25703e-05 4.10358e-06 0 
0 0.000146972 3.55154e-05 9.10385e-07 3.70886e-09 3.32255e-12 9.74215e-16 1.8415e-19 1.48492e-21 1.05034e-22 1.736e-23 6.12179e-24 4.66219e-24 4.92503e-24 4.90173e-24 4.14933e-24 3.13856e-24 2.33699e-24 2.24359e-24 7.38029e-24 9.76125e-23 9.7485e-21 7.02227e-18 3.79802e-15 1.08617e-12 1.48607e-10 9.33332e-09 2.71759e-07 3.86405e-06 2.91415e-05 0.000127956 0.000350524 0.000613138 0.00069727 0.000554574 0.000342103 0.000175402 7.51297e-05 2.47404e-05 4.49969e-06 0 
0 0.000135918 2.75257e-05 5.35844e-07 1.50026e-09 8.4677e-13 1.46388e-16 4.42041e-20 1.0099e-21 1.00644e-22 1.822e-23 4.66219e-24 1.95313e-24 1.43667e-24 1.28051e-24 1.06296e-24 8.04382e-25 6.38302e-25 9.04913e-25 3.67736e-24 3.51509e-23 1.41178e-21 7.72833e-19 6.23681e-16 2.56934e-13 4.84005e-11 3.99033e-09 1.45414e-07 2.47227e-06 2.13886e-05 0.000104155 0.000309544 0.000579954 0.000696264 0.000573141 0.000359683 0.000185734 7.9763e-05 2.62891e-05 4.78269e-06 0 
0 0.000129702 2.37734e-05 3.96087e-07 8.97011e-10 3.89857e-13 4.99716e-17 3.10136e-20 1.05708e-21 1.16613e-22 2.1269e-23 4.92503e-24 1.43667e-24 6.20903e-25 4.03915e-25 3.05006e-25 2.39558e-25 2.55175e-25 6.09627e-25 2.86127e-24 2.42885e-23 6.51354e-22 2.23443e-19 2.23699e-16 1.13309e-13 2.55793e-11 2.45998e-09 1.01793e-07 1.91519e-06 1.79094e-05 9.24501e-05 0.000287503 0.000559623 0.000692884 0.000581976 0.000369022 0.000191392 8.23254e-05 2.71485e-05 4.9399e-06 0 
0 0.000128204 2.3022e-05 3.71576e-07 8.05924e-10 3.32118e-13 4.00545e-17 2.88339e-20 1.05116e-21 1.18423e-22 2.16355e-23 4.90173e-24 1.28051e-24 4.03915e-25 1.75184e-25 1.07337e-25 9.41051e-26 1.6004e-25 5.36187e-25 2.67005e-24 2.22674e-23 5.57505e-22 1.73027e-19 1.80686e-16 9.54821e-14 2.23702e-11 2.22045e-09 9.43085e-08 1.81154e-06 1.72098e-05 8.98858e-05 0.000282089 0.000553513 0.000690138 0.000582544 0.000370382 0.000192329 8.27671e-05 2.72986e-05 4.96749e-06 0 
0 0.000131199 2.49215e-05 4.39353e-07 1.0749e-09 5.1384e-13 7.34456e-17 3.23187e-20 9.45167e-22 1.00598e-22 1.82869e-23 4.14933e-24 1.06296e-24 3.05006e-25 1.07337e-25 5.65318e-26 5.97417e-26 1.41006e-25 5.35436e-25 2.79384e-24 2.53796e-23 8.01851e-22 3.45138e-19 3.20555e-16 1.50709e-13 3.18759e-11 2.90023e-09 1.14637e-07 2.07901e-06 1.88935e-05 9.54352e-05 0.000291909 0.000561033 0.000688549 0.000575531 0.000364176 0.000188743 8.11691e-05 2.67658e-05 4.87022e-06 0 
0 0.000138422 2.98229e-05 6.40309e-07 2.04965e-09 1.36449e-12 2.84937e-16 5.93251e-20 9.2714e-22 8.29185e-23 1.41585e-23 3.13856e-24 8.04383e-25 2.39558e-25 9.41051e-26 5.97417e-26 7.15705e-26 1.65995e-25 6.29571e-25 3.59899e-24 4.13566e-23 2.40298e-21 1.65349e-18 1.15965e-15 4.198e-13 7.06225e-11 5.28813e-09 1.77966e-07 2.83847e-06 2.33651e-05 0.000109551 0.000316328 0.000579999 0.00068643 0.000560846 0.000350914 0.000181034 7.7726e-05 2.56166e-05 4.66034e-06 0 
0 0.000149484 3.8765e-05 1.11112e-06 5.27406e-09 5.70392e-12 2.07412e-15 4.28782e-19 1.69672e-21 8.86878e-23 1.1569e-23 2.33699e-24 6.38302e-25 2.55174e-25 1.6004e-25 1.41006e-25 1.65995e-25 3.01638e-25 1.01583e-24 6.9579e-24 1.42103e-22 2.45001e-20 1.66331e-17 7.63586e-15 1.88346e-12 2.26362e-10 1.27301e-08 3.38264e-07 4.46855e-06 3.1819e-05 0.000133726 0.000354544 0.000606143 0.000680202 0.00053788 0.000331223 0.000169773 7.27225e-05 2.39494e-05 4.35601e-06 0 
0 0.000163698 5.35443e-05 2.19953e-06 1.7051e-08 3.37422e-11 2.44526e-14 9.95107e-18 7.72642e-21 1.21262e-22 1.06062e-23 2.24359e-24 9.04912e-25 6.09627e-25 5.36187e-25 5.35436e-25 6.29571e-25 1.01583e-24 3.17081e-24 3.03379e-23 1.87196e-21 7.1528e-19 2.94284e-16 7.95157e-14 1.21472e-11 9.58674e-10 3.76803e-08 7.45072e-07 7.7797e-06 4.62424e-05 0.000169491 0.000403499 0.00063196 0.000664798 0.000505922 0.000305917 0.000155663 6.65068e-05 2.1884e-05 3.97932e-06 0 
0 0.000179871 7.67158e-05 4.73982e-06 6.40615e-08 2.51462e-10 3.97981e-13 3.73521e-16 3.23819e-19 9.74752e-22 3.4949e-23 7.38029e-24 3.67735e-24 2.86127e-24 2.67005e-24 2.79384e-24 3.59899e-24 6.9579e-24 3.03379e-23 7.86556e-22 1.34454e-19 3.50475e-17 7.58341e-15 1.12131e-12 9.91425e-11 4.83396e-09 1.25946e-07 1.77447e-06 1.41654e-05 6.85974e-05 0.000215313 0.000453804 0.000645289 0.000634336 0.000464599 0.000276041 0.000139503 5.94606e-05 1.95505e-05 3.55418e-06 0 
0 0.000196152 0.000111269 1.06118e-05 2.58715e-07 2.10181e-09 7.62503e-12 1.73786e-14 3.61499e-17 1.02809e-19 1.01522e-21 9.76125e-23 3.51509e-23 2.42885e-23 2.22674e-23 2.53796e-23 4.13566e-23 1.42103e-22 1.87196e-21 1.34454e-19 1.672e-17 2.16597e-15 2.35668e-13 1.82553e-11 8.93616e-10 2.57509e-08 4.26644e-07 4.1396e-06 2.47035e-05 9.64021e-05 0.000258338 0.000483226 0.000628603 0.000583156 0.000414239 0.000242868 0.00012213 5.19695e-05 1.70787e-05 3.10436e-06 0 
0 0.000210044 0.000159653 2.3645e-05 1.04505e-06 1.76919e-08 1.48355e-10 8.28106e-13 4.24887e-15 2.77973e-17 3.17879e-19 9.7485e-21 1.41178e-21 6.51354e-22 5.57505e-22 8.01851e-22 2.40298e-21 2.45001e-20 7.1528e-19 3.50475e-17 2.16597e-15 1.3691e-13 7.3821e-12 2.92745e-10 7.65671e-09 1.24075e-07 1.23462e-06 7.86859e-06 3.44389e-05 0.000109816 0.000260522 0.000452178 0.000561328 0.000507293 0.000356065 0.000207833 0.000104368 4.43956e-05 1.45887e-05 2.65172e-06 0 
0 0.000218702 0.000221962 5.05437e-05 3.97052e-06 1.36724e-07 2.5808e-09 3.43094e-11 4.21919e-13 6.32784e-15 1.49998e-16 7.02227e-18 7.72833e-19 2.23443e-19 1.73027e-19 3.45138e-19 1.65349e-18 1.66331e-17 2.94284e-16 7.58341e-15 2.35668e-13 7.3821e-12 1.97967e-10 3.93777e-09 5.17215e-08 4.19801e-07 2.153e-06 7.91676e-06 2.45911e-05 6.98266e-05 0.00017133 0.000322688 0.000430059 0.000406641 0.000292277 0.000172444 8.69733e-05 3.70556e-05 1.21835e-05 2.21496e-06 0 
0 0.000219515 0.000293633 0.000100661 1.35262e-05 9.02041e-07 3.62901e-08 1.08493e-09 3.01893e-11 9.82322e-13 4.62991e-14 3.79802e-15 6.23681e-16 2.23699e-16 1.80686e-16 3.20555e-16 1.15965e-15 7.63586e-15 7.95157e-14 1.12131e-12 1.82553e-11 2.92745e-10 3.93777e-09 3.74319e-08 2.10444e-07 6.19778e-07 1.04064e-06 1.48197e-06 2.98599e-06 1.01366e-05 4.19725e-05 0.000133007 0.000252326 0.000288648 0.000226293 0.00013823 7.05986e-05 3.02065e-05 9.94503e-06 1.80876e-06 0 
0 0.000210866 0.00036391 0.00018265 3.99724e-05 4.83016e-06 3.8409e-07 2.38585e-08 1.38839e-09 9.09795e-11 7.97901e-12 1.08617e-12 2.56934e-13 1.13309e-13 9.54821e-14 1.50709e-13 4.198e-13 1.88346e-12 1.21472e-11 9.91425e-11 8.93616e-10 7.65671e-09 5.17215e-08 2.10444e-07 3.54614e-07 1.77488e-07 3.15194e-08 6.14834e-09 6.24803e-09 5.42855e-08 1.29966e-06 1.94953e-05 9.55169e-05 0.000172595 0.000163213 0.000106746 5.57786e-05 2.40381e-05 7.93143e-06 1.44346e-06 0 
0 0.000192777 0.00041709 0.000296729 0.00010046 2.04054e-05 2.93621e-06 3.45249e-07 3.83052e-08 4.63416e-09 7.0035e-10 1.48607e-10 4.84005e-11 2.55793e-11 2.23702e-11 3.18759e-11 7.06225e-11 2.26362e-10 9.58674e-10 4.83396e-09 2.57509e-08 1.24075e-07 4.19801e-07 6.19778e-07 1.77488e-07 4.14097e-09 1.01577e-11 3.35449e-14 9.13001e-15 1.06973e-12 1.39457e-09 6.01534e-07 2.01149e-05 8.45809e-05 0.000109487 7.95017e-05 4.29107e-05 1.86708e-05 6.17747e-06 1.12513e-06 0 
0 0.000167111 0.000437797 0.000425143 0.000212315 6.73828e-05 1.60009e-05 3.22349e-06 6.17453e-07 1.25665e-07 3.01557e-08 9.33332e-09 3.99033e-09 2.45998e-09 2.22045e-09 2.90023e-09 5.28813e-09 1.27301e-08 3.76803e-08 1.25946e-07 4.26644e-07 1.23462e-06 2.153e-06 1.04064e-06 3.15194e-08 1.01577e-11 3.83615e-16 2.23007e-15 1.52493e-15 1.13043e-14 6.69292e-14 4.85752e-09 2.71018e-06 3.64165e-05 7.02061e-05 5.76153e-05 3.22149e-05 1.41555e-05 4.69615e-06 8.55952e-07 0 
0 0.000137139 0.000418563 0.00053017 0.000373767 0.000174268 6.27317e-05 1.96373e-05 5.87922e-06 1.83311e-06 6.43377e-07 2.71759e-07 1.45414e-07 1.01793e-07 9.43085e-08 1.14637e-07 1.77966e-07 3.38264e-07 7.45072e-07 1.77447e-06 4.1396e-06 7.86859e-06 7.91676e-06 1.48197e-06 6.14834e-09 3.35449e-14 2.23007e-15 7.0265e-16 7.98073e-16 2.94432e-15 3.53698e-14 6.23153e-11 4.59423e-07 1.71034e-05 4.58074e-05 4.13032e-05 2.36868e-05 1.04774e-05 3.48191e-06 6.34917e-07 0 
0 0.000106596 0.000364515 0.000570767 0.000541661 0.000353444 0.000180379 8.06233e-05 3.44279e-05 1.50521e-05 7.14361e-06 3.86405e-06 2.47227e-06 1.91519e-06 1.81154e-06 2.07901e-06 2.83847e-06 4.46855e-06 7.7797e-06 1.41654e-05 2.47035e-05 3.44389e-05 2.45911e-05 2.98599e-06 6.24803e-09 9.13001e-15 1.52493e-15 7.98073e-16 2.28281e-15 1.01311e-14 1.60782e-13 1.67579e-11 2.39506e-07 1.13365e-05 3.24908e-05 2.97426e-05 1.71031e-05 7.56773e-06 2.51492e-06 4.58577e-07 0 
0 7.86397e-05 0.000290775 0.000531496 0.000640219 0.000558115 0.000385009 0.000231081 0.000130862 7.44091e-05 4.45529e-05 2.91415e-05 2.13886e-05 1.79094e-05 1.72098e-05 1.88935e-05 2.33651e-05 3.1819e-05 4.62424e-05 6.85974e-05 9.64021e-05 0.000109816 6.98266e-05 1.01366e-05 5.42855e-08 1.06973e-12 1.13043e-14 2.94432e-15 1.01311e-14 1.82009e-15 1.23706e-15 2.19952e-10 4.99869e-07 1.1378e-05 2.54336e-05 2.15531e-05 1.21139e-05 5.32496e-06 1.7663e-06 3.21902e-07 0 
0 5.52118e-05 0.000214465 0.000434044 0.000620389 0.000681101 0.000607678 0.000469977 0.000336586 0.000236093 0.000169275 0.000127956 0.000104155 9.24501e-05 8.98858e-05 9.54352e-05 0.000109551 0.000133726 0.000169491 0.000215313 0.000258338 0.000260522 0.00017133 4.19725e-05 1.29966e-06 1.39457e-09 6.69291e-14 3.53698e-14 1.60782e-13 1.23706e-15 4.36895e-12 1.87388e-08 2.14078e-06 1.42364e-05 2.0834e-05 1.54775e-05 8.36865e-06 3.63812e-06 1.20301e-06 2.19053e-07 0 
0 3.69633e-05 0.000147728 0.000317546 0.00050549 0.000651216 0.000708349 0.00067638 0.00059217 0.000496234 0.000412835 0.000350524 0.000309544 0.000287503 0.000282089 0.000291909 0.000316328 0.000354544 0.000403499 0.000453804 0.000483226 0.000452178 0.000322688 0.000133007 1.94953e-05 6.01534e-07 4.85752e-09 6.23153e-11 1.67579e-11 2.19952e-10 1.87388e-08 8.64955e-07 7.65698e-06 1.68517e-05 1.65113e-05 1.07635e-05 5.59167e-06 2.40234e-06 7.91667e-07 1.44013e-07 0 
0 2.35973e-05 9.57444e-05 0.000212531 0.000359089 0.000508573 0.000629254 0.000699007 0.00071572 0.00069418 0.000654522 0.000613138 0.000579954 0.000559623 0.000553513 0.000561033 0.000579999 0.000606143 0.00063196 0.000645289 0.000628603 0.000561328 0.000430059 0.000252326 9.55169e-05 2.01149e-05 2.71018e-06 4.59423e-07 2.39506e-07 4.99869e-07 2.14078e-06 7.65698e-06 1.48214e-05 1.6136e-05 1.20126e-05 7.11513e-06 3.58291e-06 1.52448e-06 5.0091e-07 9.1042e-08 0 
0 1.43208e-05 5.8537e-05 0.000131985 0.000229638 0.00034138 0.00045305 0.000550119 0.000622585 0.000667937 0.000690331 0.00069727 0.000696264 0.000692884 0.000690138 0.000688549 0.00068643 0.000680202 0.000664798 0.000634336 0.000583156 0.000507293 0.000406641 0.000288648 0.000172595 8.45809e-05 3.64165e-05 1.71034e-05 1.13365e-05 1.1378e-05 1.42364e-05 1.68517e-05 1.6136e-05 1.23379e-05 7.90524e-06 4.42397e-06 2.184e-06 9.23186e-07 3.02706e-07 5.49822e-08 0 
0 8.20146e-06 3.3637e-05 7.6374e-05 0.000134632 0.00020458 0.000280535 0.000355812 0.000424123 0.000480977 0.00052438 0.000554574 0.000573141 0.000581976 0.000582544 0.000575531 0.000560846 0.00053788 0.000505922 0.000464599 0.000414239 0.000356065 0.000292277 0.000226293 0.000163213 0.000109487 7.02061e-05 4.58074e-05 3.24908e-05 2.54336e-05 2.0834e-05 1.65113e-05 1.20126e-05 7.90524e-06 4.7247e-06 2.56945e-06 1.25485e-06 5.28405e-07 1.73036e-07 3.14163e-08 0 
0 4.37225e-06 1.79579e-05 4.08929e-05 7.24746e-05 0.000111123 0.000154463 0.000199562 0.000243329 0.000282967 0.000316335 0.000342103 0.000359683 0.000369022 0.000370382 0.000364176 0.000350914 0.000331223 0.000305917 0.000276041 0.000242868 0.000207833 0.000172444 0.00013823 0.000106746 7.95017e-05 5.76153e-05 4.13032e-05 2.97426e-05 2.15531e-05 1.54775e-05 1.07635e-05 7.11513e-06 4.42397e-06 2.56945e-06 1.3796e-06 6.70258e-07 2.81683e-07 9.21771e-08 1.67315e-08 0 
0 2.11725e-06 8.70114e-06 1.98365e-05 3.5229e-05 5.42006e-05 7.57279e-05 9.85292e-05 0.000121193 0.000142332 0.00016072 0.000175402 0.000185734 0.000191392 0.000192329 0.000188743 0.000181034 0.000169773 0.000155663 0.000139503 0.00012213 0.000104368 8.69733e-05 7.05986e-05 5.57786e-05 4.29107e-05 3.22149e-05 2.36868e-05 1.71031e-05 1.21139e-05 8.36865e-06 5.59167e-06 3.58291e-06 2.184e-06 1.25485e-06 6.70258e-07 3.24894e-07 1.36414e-07 4.46239e-08 8.09886e-09 0 
0 8.88562e-07 3.65249e-06 8.33037e-06 1.48056e-05 2.28067e-05 3.19231e-05 4.16383e-05 5.13746e-05 6.05468e-05 6.86151e-05 7.51297e-05 7.9763e-05 8.23254e-05 8.27671e-05 8.11691e-05 7.7726e-05 7.27225e-05 6.65068e-05 5.94606e-05 5.19695e-05 4.43956e-05 3.70556e-05 3.02065e-05 2.40381e-05 1.86708e-05 1.41555e-05 1.04774e-05 7.56773e-06 5.32496e-06 3.63812e-06 2.40234e-06 1.52448e-06 9.23186e-07 5.28405e-07 2.81683e-07 1.36414e-07 5.72534e-08 1.87258e-08 3.39836e-09 0 
0 2.9061e-07 1.19467e-06 2.72514e-06 4.8447e-06 7.46594e-06 1.04567e-05 1.36503e-05 1.68595e-05 1.98926e-05 2.25703e-05 2.47404e-05 2.62891e-05 2.71485e-05 2.72986e-05 2.67658e-05 2.56166e-05 2.39494e-05 2.1884e-05 1.95505e-05 1.70787e-05 1.45887e-05 1.21835e-05 9.94503e-06 7.93143e-06 6.17747e-06 4.69615e-06 3.48191e-06 2.51492e-06 1.7663e-06 1.20301e-06 7.91667e-07 5.0091e-07 3.02706e-07 1.73036e-07 9.21771e-08 4.46239e-08 1.87258e-08 6.12418e-09 1.11139e-09 0 
0 5.27389e-08 2.16811e-07 4.94591e-07 8.79352e-07 1.35532e-06 1.89862e-06 2.47914e-06 3.06299e-06 3.61537e-06 4.10358e-06 4.49969e-06 4.78269e-06 4.9399e-06 4.96749e-06 4.87022e-06 4.66034e-06 4.35601e-06 3.97932e-06 3.55418e-06 3.10436e-06 2.65172e-06 2.21496e-06 1.80876e-06 1.44346e-06 1.12513e-06 8.55952e-07 6.34917e-07 4.58577e-07 3.21902e-07 2.19053e-07 1.44013e-07 9.1042e-08 5.49822e-08 3.14163e-08 1.67315e-08 8.09886e-09 3.39836e-09 1.11139e-09 2.01686e-10 0 
0 0 0 0 0 0 0 0 0 0 0 0 0 0 0 0 0 0 0 0 0 0 0 0 0 0 0 0 0 0 0 0 0 0 0 0 0 0 0 0 0 
