0 0 0 0 0 0 0 0 0 0 0 0 0 0 0 0 0 0 0 0 0 0 0 0 0 0 0 0 0 0 0 0 0 0 0 0 0 0 0 0 0 
0 1.36541e-05 5.54394e-05 0.000123463 0.000210538 0.000304197 0.000389734 0.000455457 0.00049667 0.000515741 0.000519151 0.000514149 0.000506681 0.00050068 0.000498141 0.00049943 0.000503574 0.00050846 0.000511056 0.000507776 0.000495102 0.000470444 0.00043301 0.000384325 0.000328047 0.000269061 0.000212203 0.000161189 0.000118121 8.35946e-05 5.71231e-05 3.76257e-05 2.38038e-05 1.43787e-05 8.21602e-06 4.3755e-06 2.11789e-06 8.88665e-07 2.90622e-07 5.27397e-08 0 
0 5.54394e-05 0.000221095 0.000474369 0.000755922 0.000981086 0.00108364 0.00105638 0.000944227 0.000804044 0.000675269 0.000575462 0.000508235 0.00047153 0.000462469 0.000479303 0.000521662 0.000589741 0.000682563 0.000795404 0.000916969 0.00102797 0.0011035 0.00112058 0.00106813 0.000953177 0.00079807 0.000630431 0.000473074 0.00033927 0.000233441 0.000154278 9.77523e-05 5.90862e-05 3.37712e-05 1.7987e-05 8.70663e-06 3.65336e-06 1.19477e-06 2.16818e-07 0 
0 0.000123463 0.000474369 0.000940074 0.00129626 0.0013458 0.00110772 0.000769579 0.000484264 0.000295131 0.000184415 0.000123599 9.18266e-05 7.72029e-05 7.40914e-05 8.095e-05 9.94285e-05 0.000134494 0.000195141 0.00029477 0.000449271 0.000669712 0.000947945 0.00124111 0.00147288 0.00156651 0.00149256 0.00128619 0.00101808 0.000752333 0.000525712 0.000350007 0.000222498 0.000134674 7.70159e-05 4.10283e-05 1.98614e-05 8.33418e-06 2.72559e-06 4.94619e-07 0 
0 0.000210538 0.000755922 0.00129626 0.0013856 0.000996809 0.000525855 0.000226622 8.87913e-05 3.47472e-05 1.47052e-05 7.17942e-06 4.24413e-06 3.13243e-06 2.92194e-06 3.42557e-06 4.94065e-06 8.47368e-06 1.65602e-05 3.51745e-05 7.738e-05 0.000168326 0.000346843 0.000650982 0.00107493 0.00151958 0.00181375 0.00183641 0.00161196 0.00126423 0.000911201 0.000615654 0.00039391 0.000239062 0.000136854 7.29337e-05 3.53113e-05 1.48179e-05 4.8461e-06 8.79438e-07 0 
0 0.000304197 0.000981086 0.0013458 0.000996809 0.000442405 0.000135129 3.29362e-05 7.33534e-06 1.68538e-06 4.44807e-07 1.47606e-07 6.59848e-08 4.1519e-08 3.74048e-08 4.78119e-08 8.39496e-08 1.92425e-07 5.40322e-07 1.73312e-06 5.91942e-06 2.01587e-05 6.4591e-05 0.000185289 0.000455976 0.000927127 0.00151184 0.00195302 0.00202887 0.00176253 0.001342 0.00093099 0.000602615 0.000367452 0.000210732 0.000112379 5.44214e-05 2.2839e-05 7.46953e-06 1.35553e-06 0 
0 0.000389734 0.00108364 0.00110772 0.000525855 0.000135129 2.2549e-05 2.91269e-06 3.43171e-07 4.30555e-08 6.62959e-09 1.41461e-09 4.59195e-10 2.40635e-10 2.08268e-10 2.93847e-10 6.46118e-10 2.06339e-09 8.76556e-09 4.49806e-08 2.53147e-07 1.42868e-06 7.48413e-06 3.41812e-05 0.000129602 0.000392088 0.000913947 0.00159773 0.0020876 0.00210814 0.00174786 0.00126482 0.000834169 0.000512526 0.000294777 0.00015736 7.62312e-05 3.19957e-05 1.04646e-05 1.89909e-06 0 
0 0.000455457 0.00105638 0.000769579 0.000226622 3.29362e-05 2.91269e-06 1.91572e-07 1.14168e-08 7.48018e-10 6.45264e-11 8.5608e-12 1.96887e-12 8.47076e-13 7.01833e-13 1.10066e-12 3.08136e-12 1.40526e-11 9.31506e-11 7.91944e-10 7.61876e-09 7.38592e-08 6.53225e-07 4.87107e-06 2.8908e-05 0.000131092 0.000440056 0.001062 0.0018087 0.00220906 0.00205586 0.00157953 0.00107044 0.000665038 0.0003841 0.000205347 9.95279e-05 4.17806e-05 1.36656e-05 2.48004e-06 0 
0 0.00049667 0.000944227 0.000484264 8.87913e-05 7.33534e-06 3.43171e-07 1.14168e-08 3.41212e-10 1.15719e-11 5.54691e-13 4.54412e-14 7.36551e-15 2.59291e-15 2.05384e-15 3.58273e-15 1.28042e-14 8.37513e-14 8.7122e-13 1.23538e-11 2.04623e-10 3.43174e-09 5.15557e-08 6.30003e-07 5.84607e-06 3.9427e-05 0.000188037 0.000619883 0.00138171 0.00208036 0.00222166 0.00184076 0.00129244 0.000814845 0.000473241 0.0002535 0.000122947 5.16226e-05 1.68859e-05 3.06451e-06 0 
0 0.000515741 0.000804044 0.000295131 3.47472e-05 1.68538e-06 4.30555e-08 7.48018e-10 1.15719e-11 2.09312e-13 5.72494e-15 2.95881e-16 3.43195e-17 9.96802e-18 7.55674e-18 1.4577e-17 6.57086e-17 6.05937e-16 9.68547e-15 2.23721e-13 6.22368e-12 1.76138e-10 4.38815e-09 8.58803e-08 1.21841e-06 1.19339e-05 7.8721e-05 0.0003447 0.000985421 0.00182126 0.00224889 0.00202813 0.00148412 0.000952222 0.000556726 0.000298922 0.00014509 6.09353e-05 1.99336e-05 3.61771e-06 0 
0 0.000519151 0.000675269 0.000184415 1.47052e-05 4.44807e-07 6.62959e-09 6.45264e-11 5.54691e-13 5.72494e-15 9.48694e-17 3.24847e-18 2.79393e-19 6.83506e-20 4.97857e-20 1.04832e-19 5.80188e-19 7.26101e-18 1.70171e-16 6.07337e-15 2.68353e-13 1.21173e-11 4.74301e-10 1.4138e-08 2.92948e-07 3.99662e-06 3.50455e-05 0.000196053 0.000694181 0.00153929 0.00218004 0.00214033 0.00163541 0.00106915 0.000629618 0.000338924 0.000164646 6.9167e-05 2.26283e-05 4.10688e-06 0 
0 0.000514149 0.000575462 0.000123599 7.17942e-06 1.47606e-07 1.41461e-09 8.5608e-12 4.54412e-14 2.95881e-16 3.24847e-18 7.9328e-20 5.3434e-21 1.1371e-21 8.00946e-22 1.80567e-21 1.17772e-20 1.88893e-19 6.05369e-18 3.08622e-16 1.99324e-14 1.3209e-12 7.49495e-11 3.15758e-09 8.93364e-08 1.59977e-06 1.76947e-05 0.000120579 0.000506358 0.00130113 0.00206951 0.00219167 0.00174318 0.00116011 0.000687961 0.000371248 0.000180498 7.58463e-05 2.48155e-05 4.50394e-06 0 
0 0.000506681 0.000508235 9.18266e-05 4.24413e-06 6.59848e-08 4.59195e-10 1.96887e-12 7.36551e-15 3.43195e-17 2.79393e-19 5.3434e-21 3.0123e-22 5.76786e-23 3.95241e-23 9.36445e-23 6.87499e-22 1.3164e-20 5.2841e-19 3.48689e-17 2.96572e-15 2.59691e-13 1.93037e-11 1.04625e-09 3.7145e-08 8.10992e-07 1.06194e-05 8.34371e-05 0.000395879 0.00113122 0.00196148 0.00220305 0.00180972 0.00122224 0.000729042 0.000394241 0.000191811 8.06182e-05 2.63786e-05 4.78774e-06 0 
0 0.00050068 0.00047153 7.72029e-05 3.13243e-06 4.1519e-08 2.40635e-10 8.47076e-13 2.59291e-15 9.96802e-18 6.83506e-20 1.1371e-21 5.76787e-23 1.03093e-23 6.92016e-24 1.68934e-23 1.32916e-22 2.8107e-21 1.28019e-19 9.78175e-18 9.73741e-16 1.00044e-13 8.68703e-12 5.44522e-10 2.20458e-08 5.39956e-07 7.798e-06 6.6541e-05 0.000338859 0.00103042 0.00188216 0.00219329 0.00183982 0.0012548 0.000751435 0.000406938 0.000198086 8.32686e-05 2.72472e-05 4.94546e-06 0 
0 0.000498141 0.000462469 7.40914e-05 2.92194e-06 3.74048e-08 2.08268e-10 7.01833e-13 2.05384e-15 7.55674e-18 4.97857e-20 8.00946e-22 3.95241e-23 6.92016e-24 4.60126e-24 1.12657e-23 8.97228e-23 1.93307e-21 9.02847e-20 7.11334e-18 7.32658e-16 7.80016e-14 7.01728e-12 4.55004e-10 1.9005e-08 4.78599e-07 7.08116e-06 6.17074e-05 0.000320265 0.000991653 0.00184173 0.00217392 0.00183798 0.00125848 0.0007549 0.000409079 0.000199174 8.37327e-05 2.73997e-05 4.9732e-06 0 
0 0.00049943 0.000479303 8.095e-05 3.42557e-06 4.78119e-08 2.93847e-10 1.10066e-12 3.58273e-15 1.4577e-17 1.04832e-19 1.80567e-21 9.36445e-23 1.68934e-23 1.12657e-23 2.69045e-23 2.04778e-22 4.15627e-21 1.80506e-19 1.30993e-17 1.2377e-15 1.20927e-13 1.00227e-11 6.02692e-10 2.35433e-08 5.59735e-07 7.89425e-06 6.61757e-05 0.000333038 0.00100685 0.00183819 0.00214748 0.00180669 0.00123472 0.000740216 0.000401064 0.000195267 8.20904e-05 2.68624e-05 4.87568e-06 0 
0 0.000503574 0.000521662 9.94285e-05 4.94065e-06 8.39496e-08 6.46118e-10 3.08136e-12 1.28042e-14 6.57086e-17 5.80188e-19 1.17772e-20 6.87499e-22 1.32916e-22 8.97227e-23 2.04778e-22 1.42035e-21 2.52852e-20 9.32679e-19 5.62207e-17 4.36527e-15 3.50187e-13 2.40088e-11 1.21096e-09 4.04193e-08 8.38625e-07 1.05499e-05 8.05211e-05 0.000375462 0.0010672 0.00185942 0.00210802 0.00174611 0.00118547 0.000708999 0.00038386 0.000186851 7.85482e-05 2.5703e-05 4.66524e-06 0 
0 0.00050846 0.000589741 0.000134494 8.47368e-06 1.92425e-07 2.06339e-09 1.40526e-11 8.37513e-14 6.05937e-16 7.26101e-18 1.88893e-19 1.3164e-20 2.8107e-21 1.93307e-21 4.15627e-21 2.52852e-20 3.7125e-19 1.07601e-17 4.93362e-16 2.86604e-14 1.71638e-12 8.87378e-11 3.4429e-09 9.08052e-08 1.53566e-06 1.62631e-05 0.000107722 0.000447422 0.0011585 0.00188269 0.00204287 0.00165486 0.00111312 0.00066354 0.000358883 0.000174645 7.34123e-05 2.40222e-05 4.36016e-06 0 
0 0.000511056 0.000682563 0.000195141 1.65602e-05 5.40322e-07 8.76556e-09 9.31506e-11 8.7122e-13 9.68547e-15 1.70171e-16 6.05369e-18 5.2841e-19 1.28019e-19 9.02847e-20 1.80506e-19 9.32679e-19 1.07601e-17 2.30727e-16 7.51415e-15 3.03428e-13 1.25833e-11 4.55755e-10 1.26877e-08 2.48136e-07 3.23355e-06 2.74732e-05 0.000151727 0.000543658 0.00125297 0.00187386 0.00193537 0.00153128 0.00102063 0.000606626 0.00032785 0.000159521 6.70546e-05 2.19421e-05 3.98265e-06 0 
0 0.000507776 0.000795404 0.00029477 3.51745e-05 1.73312e-06 4.49806e-08 7.91944e-10 1.23538e-11 2.23721e-13 6.07337e-15 3.08622e-16 3.48689e-17 9.78175e-18 7.11334e-18 1.30993e-17 5.62207e-17 4.93362e-16 7.51415e-15 1.65813e-13 4.42165e-12 1.20397e-10 2.89641e-09 5.49394e-08 7.58741e-07 7.28454e-06 4.77209e-05 0.0002126 0.000641611 0.0013004 0.0017886 0.00176803 0.00137444 0.00091143 0.000541315 0.000292627 0.000142423 5.98775e-05 1.95951e-05 3.55675e-06 0 
0 0.000495102 0.000916969 0.000449271 7.738e-05 5.91942e-06 2.53147e-07 7.61876e-09 2.04623e-10 6.22368e-12 2.68353e-13 1.99324e-14 2.96572e-15 9.73741e-16 7.32658e-16 1.2377e-15 4.36527e-15 2.86604e-14 3.03428e-13 4.42165e-12 7.56419e-11 1.31039e-09 2.02467e-08 2.52522e-07 2.37225e-06 1.61472e-05 7.861e-05 0.000274165 0.000685925 0.00122611 0.00157832 0.00152507 0.00118422 0.000789096 0.000470664 0.000255067 0.00012429 5.22803e-05 1.71122e-05 3.10631e-06 0 
0 0.000470444 0.00102797 0.000669712 0.000168326 2.01587e-05 1.42868e-06 7.38592e-08 3.43174e-09 1.76138e-10 1.21173e-11 1.3209e-12 2.59691e-13 1.00044e-13 7.80016e-14 1.20927e-13 3.50187e-13 1.71638e-12 1.25833e-11 1.20397e-10 1.31039e-09 1.42727e-08 1.39239e-07 1.11402e-06 6.87387e-06 3.16941e-05 0.000109102 0.000286616 0.000588902 0.000952851 0.00120467 0.00119495 0.000960688 0.000656806 0.000397466 0.000216878 0.000105986 4.46305e-05 1.46142e-05 2.65322e-06 0 
0 0.00043301 0.0011035 0.000947945 0.000346843 6.4591e-05 7.48413e-06 6.53225e-07 5.15557e-08 4.38815e-09 4.74301e-10 7.49495e-11 1.93037e-11 8.68703e-12 7.01728e-12 1.00227e-11 2.40088e-11 8.87378e-11 4.55755e-10 2.89641e-09 2.02467e-08 1.39239e-07 8.52522e-07 4.26994e-06 1.64085e-05 4.695e-05 0.000102628 0.000186687 0.000311428 0.000490597 0.000686403 0.000783345 0.000705959 0.000517407 0.000324155 0.000179546 8.82555e-05 3.72428e-05 1.22039e-05 2.21616e-06 0 
0 0.000384325 0.00112058 0.00124111 0.000650982 0.000185289 3.41812e-05 4.87107e-06 6.30003e-07 8.58803e-08 1.4138e-08 3.15758e-09 1.04625e-09 5.44522e-10 4.55004e-10 6.02692e-10 1.21096e-09 3.4429e-09 1.26877e-08 5.49394e-08 2.52522e-07 1.11402e-06 4.26994e-06 1.28463e-05 2.7478e-05 3.9495e-05 4.11638e-05 4.06412e-05 5.25684e-05 9.78115e-05 0.000207196 0.000360485 0.000436362 0.000375593 0.000253133 0.000144345 7.17047e-05 3.03671e-05 9.96238e-06 1.80977e-06 0 
0 0.000328047 0.00106813 0.00147288 0.00107493 0.000455976 0.000129602 2.8908e-05 5.84607e-06 1.21841e-06 2.92948e-07 8.93364e-08 3.7145e-08 2.20458e-08 1.9005e-08 2.35433e-08 4.04193e-08 9.08052e-08 2.48136e-07 7.58741e-07 2.37225e-06 6.87387e-06 1.64085e-05 2.7478e-05 2.60404e-05 1.16641e-05 2.84059e-06 7.87615e-07 6.7369e-07 2.3912e-06 1.66878e-05 8.50694e-05 0.00020223 0.000242597 0.000187523 0.000112426 5.67981e-05 2.41836e-05 7.94688e-06 1.44435e-06 0 
0 0.000269061 0.000953177 0.00156651 0.00151958 0.000927127 0.000392088 0.000131092 3.9427e-05 1.19339e-05 3.99662e-06 1.59977e-06 8.10992e-07 5.39956e-07 4.78599e-07 5.59735e-07 8.38625e-07 1.53566e-06 3.23355e-06 7.28454e-06 1.61472e-05 3.16941e-05 4.695e-05 3.9495e-05 1.16641e-05 7.14139e-07 1.07635e-08 2.32827e-10 9.43717e-11 1.5731e-09 1.53911e-07 7.35054e-06 6.37858e-05 0.000136726 0.00013151 8.48476e-05 4.38598e-05 1.88032e-05 6.19122e-06 1.1259e-06 0 
0 0.000212203 0.00079807 0.00149256 0.00181375 0.00151184 0.000913947 0.000440056 0.000188037 7.8721e-05 3.50455e-05 1.76947e-05 1.06194e-05 7.798e-06 7.08116e-06 7.89425e-06 1.05499e-05 1.62631e-05 2.74732e-05 4.77209e-05 7.861e-05 0.000109102 0.000102628 4.11638e-05 2.84059e-06 1.07635e-08 2.57506e-12 1.12094e-15 1.76662e-16 3.07753e-14 1.89625e-10 2.6933e-07 1.50798e-05 7.04288e-05 8.88575e-05 6.23838e-05 3.30544e-05 1.42703e-05 4.70782e-06 8.56596e-07 0 
0 0.000161189 0.000630431 0.00128619 0.00183641 0.00195302 0.00159773 0.001062 0.000619883 0.0003447 0.000196053 0.000120579 8.34371e-05 6.6541e-05 6.17074e-05 6.61757e-05 8.05211e-05 0.000107722 0.000151727 0.0002126 0.000274165 0.000286616 0.000186687 4.06412e-05 7.87615e-07 2.32827e-10 1.12094e-15 6.81125e-18 2.05242e-18 3.16247e-17 4.03957e-13 1.37248e-08 4.17236e-06 3.82675e-05 6.02712e-05 4.5157e-05 2.43608e-05 1.05681e-05 3.491e-06 6.35413e-07 0 
0 0.000118121 0.000473074 0.00101808 0.00161196 0.00202887 0.0020876 0.0018087 0.00138171 0.000985421 0.000694181 0.000506358 0.000395879 0.000338859 0.000320265 0.000333038 0.000375462 0.000447422 0.000543658 0.000641611 0.000685925 0.000588902 0.000311428 5.25684e-05 6.7369e-07 9.43718e-11 1.76662e-16 2.05243e-18 1.26741e-18 4.71859e-17 6.82622e-14 5.22031e-09 2.41586e-06 2.59576e-05 4.28534e-05 3.24956e-05 1.758e-05 7.63142e-06 2.52126e-06 4.58921e-07 0 
0 8.35946e-05 0.00033927 0.000752333 0.00126423 0.00176253 0.00210814 0.00220906 0.00208036 0.00182126 0.00153929 0.00130113 0.00113122 0.00103042 0.000991653 0.00100685 0.0010672 0.0011585 0.00125297 0.0013004 0.00122611 0.000952851 0.000490597 9.78115e-05 2.3912e-06 1.5731e-09 3.07753e-14 3.16247e-17 4.71859e-17 5.65138e-17 2.98614e-12 2.45755e-08 3.46097e-06 2.29766e-05 3.22333e-05 2.32614e-05 1.24062e-05 5.36402e-06 1.7702e-06 3.22115e-07 0 
0 5.71231e-05 0.000233441 0.000525712 0.000911201 0.001342 0.00174786 0.00205586 0.00222166 0.00224889 0.00218004 0.00206951 0.00196148 0.00188216 0.00184173 0.00183819 0.00185942 0.00188269 0.00187386 0.0017886 0.00157832 0.00120467 0.000686403 0.000207196 1.66878e-05 1.53911e-07 1.89625e-10 4.03957e-13 6.82622e-14 2.98614e-12 1.83117e-09 4.02126e-07 7.90834e-06 2.33092e-05 2.47386e-05 1.63829e-05 8.52224e-06 3.65886e-06 1.20511e-06 2.1917e-07 0 
0 3.76257e-05 0.000154278 0.000350007 0.000615654 0.00093099 0.00126482 0.00157953 0.00184076 0.00202813 0.00214033 0.00219167 0.00220305 0.00219329 0.00217392 0.00214748 0.00210802 0.00204287 0.00193537 0.00176803 0.00152507 0.00119495 0.000783345 0.000360485 8.50694e-05 7.35054e-06 2.6933e-07 1.37248e-08 5.22031e-09 2.45755e-08 4.02126e-07 4.39079e-06 1.59027e-05 2.25524e-05 1.83714e-05 1.11682e-05 5.66061e-06 2.41185e-06 7.92657e-07 1.44068e-07 0 
0 2.38038e-05 9.77523e-05 0.000222498 0.00039391 0.000602615 0.000834169 0.00107044 0.00129244 0.00148412 0.00163541 0.00174318 0.00180972 0.00183982 0.00183798 0.00180669 0.00174611 0.00165486 0.00153128 0.00137444 0.00118422 0.000960688 0.000705959 0.000436362 0.00020223 6.37858e-05 1.50798e-05 4.17236e-06 2.41586e-06 3.46097e-06 7.90834e-06 1.59027e-05 2.10378e-05 1.87275e-05 1.27296e-05 7.26723e-06 3.60938e-06 1.52825e-06 5.01316e-07 9.10657e-08 0 
0 1.43787e-05 5.90862e-05 0.000134674 0.000239062 0.000367452 0.000512526 0.000665038 0.000814845 0.000952222 0.00106915 0.00116011 0.00122224 0.0012548 0.00125848 0.00123472 0.00118547 0.00111312 0.00102063 0.00091143 0.000789096 0.000656806 0.000517407 0.000375593 0.000242597 0.000136726 7.04288e-05 3.82675e-05 2.59576e-05 2.29766e-05 2.33092e-05 2.25524e-05 1.87275e-05 1.32025e-05 8.13064e-06 4.47237e-06 2.19274e-06 9.24484e-07 3.02851e-07 5.49909e-08 0 
0 8.21602e-06 3.37712e-05 7.70159e-05 0.000136854 0.000210732 0.000294777 0.0003841 0.000473241 0.000556726 0.000629618 0.000687961 0.000729042 0.000751435 0.0007549 0.000740216 0.000708999 0.00066354 0.000606626 0.000541315 0.000470664 0.000397466 0.000324155 0.000253133 0.000187523 0.00013151 8.88575e-05 6.02712e-05 4.28534e-05 3.22333e-05 2.47386e-05 1.83714e-05 1.27296e-05 8.13064e-06 4.78383e-06 2.58261e-06 1.25733e-06 5.28792e-07 1.73082e-07 3.14192e-08 0 
0 4.3755e-06 1.7987e-05 4.10283e-05 7.29337e-05 0.000112379 0.00015736 0.000205347 0.0002535 0.000298922 0.000338924 0.000371248 0.000394241 0.000406938 0.000409079 0.000401064 0.00038386 0.000358883 0.00032785 0.000292627 0.000255067 0.000216878 0.000179546 0.000144345 0.000112426 8.48476e-05 6.23838e-05 4.5157e-05 3.24956e-05 2.32614e-05 1.63829e-05 1.11682e-05 7.26723e-06 4.47237e-06 2.58261e-06 1.38267e-06 6.70868e-07 2.81783e-07 9.21893e-08 1.67323e-08 0 
0 2.11789e-06 8.70663e-06 1.98614e-05 3.53113e-05 5.44214e-05 7.62312e-05 9.95279e-05 0.000122947 0.00014509 0.000164646 0.000180498 0.000191811 0.000198086 0.000199174 0.000195267 0.000186851 0.000174645 0.000159521 0.000142423 0.00012429 0.000105986 8.82555e-05 7.17047e-05 5.67981e-05 4.38598e-05 3.30544e-05 2.43608e-05 1.758e-05 1.24062e-05 8.52224e-06 5.66061e-06 3.60938e-06 2.19274e-06 1.25733e-06 6.70868e-07 3.25022e-07 1.36436e-07 4.46267e-08 8.09905e-09 0 
0 8.88665e-07 3.65336e-06 8.33418e-06 1.48179e-05 2.2839e-05 3.19957e-05 4.17806e-05 5.16226e-05 6.09353e-05 6.9167e-05 7.58463e-05 8.06182e-05 8.32686e-05 8.37327e-05 8.20904e-05 7.85482e-05 7.34123e-05 6.70546e-05 5.98775e-05 5.22803e-05 4.46305e-05 3.72428e-05 3.03671e-05 2.41836e-05 1.88032e-05 1.42703e-05 1.05681e-05 7.63142e-06 5.36402e-06 3.65886e-06 2.41185e-06 1.52825e-06 9.24484e-07 5.28792e-07 2.81783e-07 1.36436e-07 5.72573e-08 1.87263e-08 3.39839e-09 0 
0 2.90622e-07 1.19477e-06 2.72559e-06 4.8461e-06 7.46953e-06 1.04646e-05 1.36656e-05 1.68859e-05 1.99336e-05 2.26283e-05 2.48155e-05 2.63786e-05 2.72472e-05 2.73997e-05 2.68624e-05 2.5703e-05 2.40222e-05 2.19421e-05 1.95951e-05 1.71122e-05 1.46142e-05 1.22039e-05 9.96238e-06 7.94688e-06 6.19122e-06 4.70782e-06 3.491e-06 2.52126e-06 1.7702e-06 1.20511e-06 7.92657e-07 5.01316e-07 3.02851e-07 1.73082e-07 9.21893e-08 4.46267e-08 1.87263e-08 6.12426e-09 1.11139e-09 0 
0 5.27397e-08 2.16818e-07 4.94619e-07 8.79438e-07 1.35553e-06 1.89909e-06 2.48004e-06 3.06451e-06 3.61771e-06 4.10688e-06 4.50394e-06 4.78774e-06 4.94546e-06 4.9732e-06 4.87568e-06 4.66524e-06 4.36016e-06 3.98265e-06 3.55675e-06 3.10631e-06 2.65322e-06 2.21616e-06 1.80977e-06 1.44435e-06 1.1259e-06 8.56596e-07 6.35413e-07 4.58921e-07 3.22115e-07 2.1917e-07 1.44068e-07 9.10657e-08 5.49909e-08 3.14192e-08 1.67323e-08 8.09905e-09 3.39839e-09 1.11139e-09 2.01687e-10 0 
0 0 0 0 0 0 0 0 0 0 0 0 0 0 0 0 0 0 0 0 0 0 0 0 0 0 0 0 0 0 0 0 0 0 0 0 0 0 0 0 0 
