0 0 0 0 0 0 0 0 0 0 0 0 0 0 0 0 0 0 0 0 0 0 0 0 0 0 0 0 0 0 0 0 0 0 0 0 0 0 0 0 0 
0 1.37901e-05 5.66868e-05 0.000129292 0.000229793 0.000353943 0.000495283 0.000645617 0.000795744 0.000936376 0.00105912 0.00115729 0.00122638 0.00126413 0.0012703 0.00124634 0.00119503 0.00112026 0.00102684 0.000920241 0.000806226 0.000690415 0.000577835 0.000472566 0.00037754 0.000294515 0.000224179 0.00016634 0.000120148 8.43245e-05 5.73642e-05 3.76988e-05 2.38241e-05 1.43839e-05 8.21723e-06 4.37575e-06 2.11793e-06 8.88673e-07 2.90623e-07 5.27398e-08 0 
0 5.66868e-05 0.00023299 0.00053124 0.000943564 0.00145151 0.00202666 0.00263252 0.00322825 0.00377397 0.00423665 0.00459427 0.00483683 0.00496393 0.00498079 0.00489474 0.00471368 0.0044466 0.00410522 0.0037053 0.00326665 0.00281148 0.00236169 0.00193622 0.00154926 0.00120964 0.000921201 0.000683693 0.000493892 0.000346652 0.000235826 0.000154982 9.79429e-05 5.91334e-05 3.37818e-05 1.79891e-05 8.70702e-06 3.65342e-06 1.19478e-06 2.16818e-07 0 
0 0.000129292 0.00053124 0.00121039 0.00214641 0.00329143 0.00456938 0.0058803 0.00711352 0.00817017 0.00898681 0.00954752 0.00987686 0.0100187 0.0100134 0.00988323 0.00962902 0.0092375 0.00869448 0.00799895 0.00717199 0.00625628 0.00530704 0.0043794 0.0035182 0.00275322 0.00209923 0.00155893 0.00112647 0.00079074 0.000537964 0.000353552 0.000223433 0.000134899 7.70653e-05 4.10381e-05 1.98631e-05 8.33443e-06 2.72561e-06 4.94621e-07 0 
0 0.000229793 0.000943564 0.00214641 0.00379266 0.00577344 0.00790755 0.00995216 0.0116536 0.0128327 0.0134552 0.0136318 0.0135495 0.0133878 0.0132649 0.0132208 0.0132224 0.0131786 0.0129669 0.0124739 0.0116395 0.010485 0.00910537 0.00763212 0.00618994 0.00486997 0.00372352 0.00276888 0.00200199 0.0014057 0.000956444 0.000628605 0.000397264 0.000239852 0.000137023 7.29663e-05 3.53168e-05 1.48187e-05 4.84619e-06 8.79444e-07 0 
0 0.000353943 0.00145151 0.00329143 0.00577344 0.00865532 0.0115217 0.013837 0.0151434 0.0153124 0.0146146 0.0135302 0.0124938 0.0117742 0.011487 0.0116499 0.0122131 0.0130555 0.0139659 0.0146512 0.0148095 0.0142546 0.0130068 0.0112723 0.00933111 0.00742572 0.00571111 0.00425883 0.00308314 0.00216597 0.00147405 0.000968867 0.00061232 0.000369698 0.000211203 0.000112468 5.44362e-05 2.28411e-05 7.46975e-06 1.35555e-06 0 
0 0.000495283 0.00202666 0.00456938 0.00790755 0.0115217 0.0145475 0.016043 0.015593 0.0136703 0.0112395 0.00908182 0.00753712 0.00664427 0.00634379 0.00659016 0.00738029 0.00872584 0.0105762 0.0127069 0.0146522 0.015817 0.0157818 0.0145564 0.0125282 0.0101915 0.00792739 0.00594324 0.00431268 0.0030327 0.00206468 0.00135728 0.000857836 0.000517941 0.000295894 0.000157567 7.6265e-05 3.20004e-05 1.04651e-05 1.89912e-06 0 
0 0.000645617 0.00263252 0.0058803 0.00995216 0.013837 0.016043 0.0155036 0.0126699 0.00914058 0.00620837 0.0042517 0.00311336 0.00254184 0.00236726 0.00252565 0.00304826 0.00405078 0.0057039 0.00812928 0.0111781 0.0142129 0.0162463 0.0165601 0.0152094 0.0128462 0.0101892 0.00770983 0.0056172 0.00395654 0.00269534 0.00177227 0.00112022 0.000676379 0.000386411 0.000205769 9.95958e-05 4.17899e-05 1.36666e-05 2.48009e-06 0 
0 0.000795744 0.00322825 0.00711352 0.0116536 0.0151434 0.015593 0.0126699 0.00837789 0.00484153 0.00267676 0.00154331 0.000994362 0.000750826 0.000681374 0.000745932 0.000969694 0.00144928 0.00237967 0.00406329 0.00679424 0.0104894 0.0142604 0.0166654 0.0168156 0.015029 0.0122842 0.00942934 0.00691315 0.00488172 0.00332882 0.00218957 0.00138415 0.000835773 0.000477479 0.000254265 0.000123069 5.1639e-05 1.68875e-05 3.0646e-06 0 
0 0.000936376 0.00377397 0.00817017 0.0128327 0.0153124 0.0136703 0.00914058 0.00484153 0.0022454 0.00101863 0.000498707 0.0002845 0.000199299 0.000176233 0.000197372 0.00027477 0.000458043 0.000868182 0.0017586 0.00355533 0.00668681 0.0109751 0.015051 0.0170856 0.0164537 0.0140122 0.0109727 0.00811549 0.00575111 0.00392692 0.00258422 0.0016339 0.000986631 0.000563674 0.000300167 0.000145286 6.09615e-05 1.99363e-05 3.61786e-06 0 
0 0.00105912 0.00423665 0.00898681 0.0134552 0.0146146 0.0112395 0.00620837 0.00267676 0.00101863 0.000387418 0.00016384 8.37185e-05 5.47333e-05 4.71873e-05 5.38262e-05 7.95177e-05 0.00014586 0.000313563 0.000737933 0.00176478 0.00396975 0.00779285 0.0125705 0.0162228 0.0170307 0.01524 0.012233 0.00914788 0.0065118 0.00445386 0.00293276 0.00185465 0.00112001 0.00063989 0.000340756 0.000164933 6.9205e-05 2.26322e-05 4.10709e-06 0 
0 0.00115729 0.00459427 0.00954752 0.0136318 0.0135302 0.00908182 0.0042517 0.00154331 0.000498707 0.00016384 6.12689e-05 2.85006e-05 1.75434e-05 1.47673e-05 1.706e-05 2.64206e-05 5.23736e-05 0.000124773 0.00033188 0.000910473 0.00237402 0.00542529 0.0101166 0.014751 0.0168987 0.0159384 0.0131454 0.00995201 0.0071202 0.0048794 0.00321519 0.00203375 0.00122826 0.000701755 0.000373704 0.00018088 7.58966e-05 2.48205e-05 4.50422e-06 0 
0 0.00122638 0.00483683 0.00987686 0.0135495 0.0124938 0.00753712 0.00311336 0.000994362 0.0002845 8.37185e-05 2.85006e-05 1.23231e-05 7.22655e-06 5.95381e-06 6.91992e-06 1.10673e-05 2.31875e-05 5.95185e-05 0.000173147 0.00052543 0.00152838 0.00391748 0.00818507 0.0132056 0.0163353 0.0161746 0.0136923 0.0104929 0.00754563 0.00518117 0.00341651 0.00216164 0.00130561 0.00074597 0.000397253 0.000192279 8.06797e-05 2.63848e-05 4.78808e-06 0 
0 0.00126413 0.00496393 0.0100187 0.0133878 0.0117742 0.00664427 0.00254184 0.000750826 0.000199299 5.47333e-05 1.75434e-05 7.22655e-06 4.09588e-06 3.31456e-06 3.84805e-06 6.24827e-06 1.34887e-05 3.61259e-05 0.000110771 0.000357139 0.00111094 0.00306132 0.00689313 0.0119317 0.0156206 0.0160659 0.0138939 0.0107585 0.00777164 0.00534607 0.00352768 0.00223254 0.00134856 0.000770535 0.00041034 0.000198614 8.3338e-05 2.72541e-05 4.94585e-06 0 
0 0.0012703 0.00498079 0.0100134 0.0132649 0.011487 0.00634379 0.00236726 0.000681374 0.000176233 4.71873e-05 1.47673e-05 5.95381e-06 3.31456e-06 2.64649e-06 3.04716e-06 4.93446e-06 1.06834e-05 2.88511e-05 8.9654e-05 0.000294347 0.000936896 0.00265519 0.00617719 0.0110669 0.0149419 0.0157211 0.0137862 0.0107537 0.00779516 0.00537039 0.00354597 0.00224469 0.00135604 0.000774839 0.000412638 0.000199728 8.38055e-05 2.74071e-05 4.9736e-06 0 
0 0.00124634 0.00489474 0.00988323 0.0132208 0.0116499 0.00659016 0.00252565 0.000745932 0.000197372 5.38262e-05 1.706e-05 6.91992e-06 3.84805e-06 3.04716e-06 3.45719e-06 5.48744e-06 1.16017e-05 3.05356e-05 9.24669e-05 0.000296312 0.0009236 0.00257595 0.00593583 0.0106077 0.0143666 0.0152012 0.0134016 0.0104936 0.00762405 0.00525899 0.00347457 0.00220014 0.00132931 0.000759611 0.00040454 0.000195811 8.21621e-05 2.68697e-05 4.87608e-06 0 
0 0.00119503 0.00471368 0.00962902 0.0132224 0.0122131 0.00738029 0.00304826 0.000969694 0.00027477 7.95177e-05 2.64206e-05 1.10673e-05 6.24827e-06 4.93446e-06 5.48744e-06 8.40597e-06 1.69365e-05 4.20955e-05 0.000119735 0.000359797 0.00105334 0.00277254 0.00608003 0.0104672 0.0138545 0.014508 0.0127578 0.00999709 0.00727404 0.00502366 0.00332168 0.00210427 0.00127167 0.000726758 0.000387064 0.000187356 7.86154e-05 2.57099e-05 4.66562e-06 0 
0 0.00112026 0.0044466 0.0092375 0.0131786 0.0130555 0.00872584 0.00405078 0.00144928 0.000458043 0.00014586 5.23736e-05 2.31875e-05 1.34887e-05 1.06834e-05 1.16017e-05 1.69365e-05 3.18568e-05 7.27664e-05 0.000188239 0.000511761 0.00135498 0.00324017 0.00652403 0.0104975 0.0132871 0.0135962 0.0118575 0.00928319 0.00676528 0.00468076 0.00309911 0.0019649 0.001188 0.000679097 0.000361721 0.000175098 7.34734e-05 2.40285e-05 4.36051e-06 0 
0 0.00102684 0.00410522 0.00869448 0.0129669 0.0139659 0.0105762 0.0057039 0.00237967 0.000868182 0.000313563 0.000124773 5.95185e-05 3.61259e-05 2.88511e-05 3.05356e-05 4.20955e-05 7.27664e-05 0.000149495 0.000342564 0.000817597 0.00189519 0.00398461 0.00714874 0.0104968 0.0125046 0.0123994 0.0106945 0.00836802 0.00611785 0.00424793 0.00282025 0.00179125 0.0010841 0.000620029 0.000330341 0.000159926 6.71103e-05 2.1948e-05 3.98299e-06 0 
0 0.000920241 0.0037053 0.00799895 0.0124739 0.0146512 0.0127069 0.00812928 0.00406329 0.0017586 0.000737933 0.00033188 0.000173147 0.000110771 8.9654e-05 9.24669e-05 0.000119735 0.000188239 0.000342564 0.00068175 0.00139522 0.00275888 0.00496943 0.00776611 0.0102325 0.011354 0.0108581 0.0092582 0.00725863 0.00534485 0.00373943 0.00249752 0.00159256 0.000966063 0.000553185 0.000294896 0.000142802 5.9931e-05 1.96008e-05 3.55709e-06 0 
0 0.000806226 0.00326665 0.00717199 0.0116395 0.0148095 0.0146522 0.0111781 0.00679424 0.00355533 0.00176478 0.000910473 0.00052543 0.000357139 0.000294347 0.000296312 0.000359797 0.000511761 0.000817597 0.00139522 0.00240938 0.00399204 0.00605451 0.00812354 0.00950033 0.00974161 0.00894169 0.0075326 0.0059425 0.00444168 0.00315911 0.00213881 0.00137652 0.000839546 0.000482082 0.000257326 0.000124678 5.23362e-05 1.71183e-05 3.10668e-06 0 
0 0.000690415 0.00281148 0.00625628 0.010485 0.0142546 0.015817 0.0142129 0.0104894 0.00668681 0.00396975 0.00237402 0.00152838 0.00111094 0.000936896 0.0009236 0.00105334 0.00135498 0.00189519 0.00275888 0.00399204 0.00550036 0.00697466 0.00797784 0.00820331 0.00767142 0.00666422 0.00550168 0.00438315 0.00337679 0.00249287 0.0017436 0.0011477 0.000709126 0.000409838 0.000219396 0.000106426 4.46944e-05 1.46212e-05 2.65364e-06 0 
0 0.000577835 0.00236169 0.00530704 0.00910537 0.0130068 0.0157818 0.0162463 0.0142604 0.0109751 0.00779285 0.00542529 0.00391748 0.00306132 0.00265519 0.00257595 0.00277254 0.00324017 0.00398461 0.00496943 0.00605451 0.00697466 0.0074216 0.00721138 0.00640469 0.00527281 0.00414246 0.0032339 0.00259142 0.0021264 0.00171733 0.00130331 0.000907117 0.000578083 0.000339026 0.000182608 8.87901e-05 3.73199e-05 1.22123e-05 2.21665e-06 0 
0 0.000472566 0.00193622 0.0043794 0.00763212 0.0112723 0.0145564 0.0165601 0.0166654 0.015051 0.0125705 0.0101166 0.00818507 0.00689313 0.00617719 0.00593583 0.00608003 0.00652403 0.00714874 0.00776611 0.00812354 0.00797784 0.00721138 0.00590812 0.0043389 0.00286819 0.0017903 0.00117842 0.000922106 0.000871823 0.000883181 0.000824034 0.00065685 0.000449228 0.000271779 0.000148176 7.23628e-05 3.04601e-05 9.9723e-06 1.81034e-06 0 
0 0.00037754 0.00154926 0.0035182 0.00618994 0.00933111 0.0125282 0.0152094 0.0168156 0.0170856 0.0162228 0.014751 0.0132056 0.0119317 0.0110669 0.0106077 0.0104672 0.0104975 0.0104968 0.0102325 0.00950033 0.00820331 0.00640469 0.0043389 0.00240345 0.00103856 0.000376561 0.000155349 0.000108801 0.000143133 0.000252001 0.000383403 0.000413635 0.000327398 0.000210167 0.000117059 5.7576e-05 2.42907e-05 7.95801e-06 1.44497e-06 0 
0 0.000294515 0.00120964 0.00275322 0.00486997 0.00742572 0.0101915 0.0128462 0.015029 0.0164537 0.0170307 0.0168987 0.0163353 0.0156206 0.0149419 0.0143666 0.0138545 0.0132871 0.0125046 0.011354 0.00974161 0.00767142 0.00527281 0.00286819 0.00103856 0.000206657 2.45509e-05 3.61831e-06 1.92522e-06 5.06033e-06 2.82096e-05 0.000114032 0.000217164 0.000221704 0.000156536 9.00005e-05 4.47062e-05 1.89167e-05 6.20272e-06 1.12653e-06 0 
0 0.000224179 0.000921201 0.00209923 0.00372352 0.00571111 0.00792739 0.0101892 0.0122842 0.0140122 0.01524 0.0159384 0.0161746 0.0160659 0.0157211 0.0152012 0.014508 0.0135962 0.0123994 0.0108581 0.00894169 0.00666422 0.00414246 0.0017903 0.000376561 2.45509e-05 5.27401e-07 1.52872e-08 5.20916e-09 4.05095e-08 1.33955e-06 2.32836e-05 9.92937e-05 0.000142284 0.000113091 6.74655e-05 3.3876e-05 1.4378e-05 4.71852e-06 8.57176e-07 0 
0 0.00016634 0.000683693 0.00155893 0.00276888 0.00425883 0.00594324 0.00770983 0.00942934 0.0109727 0.012233 0.0131454 0.0136923 0.0138939 0.0137862 0.0134016 0.0127578 0.0118575 0.0106945 0.0092582 0.0075326 0.00550168 0.0032339 0.00117842 0.000155349 3.61831e-06 1.52872e-08 9.22754e-11 2.03168e-11 4.46957e-10 8.03425e-08 5.43607e-06 4.79494e-05 9.20511e-05 8.06272e-05 4.95023e-05 2.50568e-05 1.06582e-05 3.49982e-06 6.35886e-07 0 
0 0.000120148 0.000493892 0.00112647 0.00200199 0.00308314 0.00431268 0.0056172 0.00691315 0.00811549 0.00914788 0.00995201 0.0104929 0.0107585 0.0107537 0.0104936 0.00999709 0.00928319 0.00836802 0.00725863 0.0059425 0.00438315 0.00259142 0.000922106 0.000108801 1.92522e-06 5.20916e-09 2.03168e-11 3.90716e-12 1.1155e-10 3.0996e-08 2.96633e-06 3.13452e-05 6.45128e-05 5.77551e-05 3.5676e-05 1.80872e-05 7.69673e-06 2.52764e-06 4.59263e-07 0 
0 8.43245e-05 0.000346652 0.00079074 0.0014057 0.00216597 0.0030327 0.00395654 0.00488172 0.00575111 0.0065118 0.0071202 0.00754563 0.00777164 0.00779516 0.00762405 0.00727404 0.00676528 0.00611785 0.00534485 0.00444168 0.00337679 0.0021264 0.000871823 0.000143133 5.06033e-06 4.05095e-08 4.46957e-10 1.1155e-10 1.50094e-09 1.26562e-07 4.67823e-06 2.97405e-05 4.9868e-05 4.16949e-05 2.52363e-05 1.27213e-05 5.40486e-06 1.77422e-06 3.22332e-07 0 
0 5.73642e-05 0.000235826 0.000537964 0.000956444 0.00147405 0.00206468 0.00269534 0.00332882 0.00392692 0.00445386 0.0048794 0.00518117 0.00534607 0.00537039 0.00525899 0.00502366 0.00468076 0.00424793 0.00373943 0.00315911 0.00249287 0.00171733 0.000883181 0.000252001 2.82096e-05 1.33955e-06 8.03425e-08 3.0996e-08 1.26562e-07 1.57215e-06 1.23584e-05 3.38695e-05 4.01598e-05 2.98313e-05 1.74159e-05 8.68855e-06 3.6808e-06 1.20731e-06 2.1929e-07 0 
0 3.76988e-05 0.000154982 0.000353552 0.000628605 0.000968867 0.00135728 0.00177227 0.00218957 0.00258422 0.00293276 0.00321519 0.00341651 0.00352768 0.00354597 0.00347457 0.00332168 0.00309911 0.00282025 0.00249752 0.00213881 0.0017436 0.00130331 0.000824034 0.000383403 0.000114032 2.32836e-05 5.43607e-06 2.96633e-06 4.67823e-06 1.23584e-05 2.69372e-05 3.58192e-05 3.10868e-05 2.06388e-05 1.16219e-05 5.73525e-06 2.42198e-06 7.93699e-07 1.44127e-07 0 
0 2.38241e-05 9.79429e-05 0.000223433 0.000397264 0.00061232 0.000857836 0.00112022 0.00138415 0.0016339 0.00185465 0.00203375 0.00216164 0.00223254 0.00224469 0.00220014 0.00210427 0.0019649 0.00179125 0.00159256 0.00137652 0.0011477 0.000907117 0.00065685 0.000413635 0.000217164 9.92937e-05 4.79494e-05 3.13452e-05 2.97405e-05 3.38695e-05 3.58192e-05 3.09823e-05 2.20523e-05 1.35587e-05 7.43515e-06 3.63798e-06 1.53229e-06 5.01746e-07 9.10905e-08 0 
0 1.43839e-05 5.91334e-05 0.000134899 0.000239852 0.000369698 0.000517941 0.000676379 0.000835773 0.000986631 0.00112001 0.00122826 0.00130561 0.00134856 0.00135604 0.00132931 0.00127167 0.001188 0.0010841 0.000966063 0.000839546 0.000709126 0.000578083 0.000449228 0.000327398 0.000221704 0.000142284 9.20511e-05 6.45128e-05 4.9868e-05 4.01598e-05 3.10868e-05 2.20523e-05 1.42156e-05 8.3826e-06 4.52521e-06 2.20215e-06 9.25872e-07 3.03005e-07 5.50002e-08 0 
0 8.21723e-06 3.37818e-05 7.70653e-05 0.000137023 0.000211203 0.000295894 0.000386411 0.000477479 0.000563674 0.00063989 0.000701755 0.00074597 0.000770535 0.000774839 0.000759611 0.000726758 0.000679097 0.000620029 0.000553185 0.000482082 0.000409838 0.000339026 0.000271779 0.000210167 0.000156536 0.000113091 8.06272e-05 5.77551e-05 4.16949e-05 2.98313e-05 2.06388e-05 1.35587e-05 8.3826e-06 4.84862e-06 2.59687e-06 1.26001e-06 5.29206e-07 1.7313e-07 3.14222e-08 0 
0 4.37575e-06 1.79891e-05 4.10381e-05 7.29663e-05 0.000112468 0.000157567 0.000205769 0.000254265 0.000300167 0.000340756 0.000373704 0.000397253 0.00041034 0.000412638 0.00040454 0.000387064 0.000361721 0.000330341 0.000294896 0.000257326 0.000219396 0.000182608 0.000148176 0.000117059 9.00005e-05 6.74655e-05 4.95023e-05 3.5676e-05 2.52363e-05 1.74159e-05 1.16219e-05 7.43515e-06 4.52521e-06 2.59687e-06 1.38598e-06 6.71524e-07 2.81889e-07 9.22023e-08 1.67331e-08 0 
0 2.11793e-06 8.70702e-06 1.98631e-05 3.53168e-05 5.44362e-05 7.6265e-05 9.95958e-05 0.000123069 0.000145286 0.000164933 0.00018088 0.000192279 0.000198614 0.000199728 0.000195811 0.000187356 0.000175098 0.000159926 0.000142802 0.000124678 0.000106426 8.87901e-05 7.23628e-05 5.7576e-05 4.47062e-05 3.3876e-05 2.50568e-05 1.80872e-05 1.27213e-05 8.68855e-06 5.73525e-06 3.63798e-06 2.20215e-06 1.26001e-06 6.71524e-07 3.25158e-07 1.36459e-07 4.46297e-08 8.09925e-09 0 
0 8.88673e-07 3.65342e-06 8.33443e-06 1.48187e-05 2.28411e-05 3.20004e-05 4.17899e-05 5.1639e-05 6.09615e-05 6.9205e-05 7.58966e-05 8.06797e-05 8.3338e-05 8.38055e-05 8.21621e-05 7.86154e-05 7.34734e-05 6.71103e-05 5.9931e-05 5.23362e-05 4.46944e-05 3.73199e-05 3.04601e-05 2.42907e-05 1.89167e-05 1.4378e-05 1.06582e-05 7.69673e-06 5.40486e-06 3.6808e-06 2.42198e-06 1.53229e-06 9.25872e-07 5.29206e-07 2.81889e-07 1.36459e-07 5.72615e-08 1.87269e-08 3.39843e-09 0 
0 2.90623e-07 1.19478e-06 2.72561e-06 4.84619e-06 7.46975e-06 1.04651e-05 1.36666e-05 1.68875e-05 1.99363e-05 2.26322e-05 2.48205e-05 2.63848e-05 2.72541e-05 2.74071e-05 2.68697e-05 2.57099e-05 2.40285e-05 2.1948e-05 1.96008e-05 1.71183e-05 1.46212e-05 1.22123e-05 9.9723e-06 7.95801e-06 6.20272e-06 4.71852e-06 3.49982e-06 2.52764e-06 1.77422e-06 1.20731e-06 7.93699e-07 5.01746e-07 3.03005e-07 1.7313e-07 9.22023e-08 4.46297e-08 1.87269e-08 6.12434e-09 1.1114e-09 0 
0 5.27398e-08 2.16818e-07 4.94621e-07 8.79444e-07 1.35555e-06 1.89912e-06 2.48009e-06 3.0646e-06 3.61786e-06 4.10709e-06 4.50422e-06 4.78808e-06 4.94585e-06 4.9736e-06 4.87608e-06 4.66562e-06 4.36051e-06 3.98299e-06 3.55709e-06 3.10668e-06 2.65364e-06 2.21665e-06 1.81034e-06 1.44497e-06 1.12653e-06 8.57176e-07 6.35886e-07 4.59263e-07 3.22332e-07 2.1929e-07 1.44127e-07 9.10905e-08 5.50002e-08 3.14222e-08 1.67331e-08 8.09925e-09 3.39843e-09 1.1114e-09 2.01687e-10 0 
0 0 0 0 0 0 0 0 0 0 0 0 0 0 0 0 0 0 0 0 0 0 0 0 0 0 0 0 0 0 0 0 0 0 0 0 0 0 0 0 0 
