0 0 0 0 0 0 0 0 0 0 0 0 0 0 0 0 0 0 0 0 0 0 0 0 0 0 0 0 0 0 0 0 0 0 0 0 0 0 0 0 0 
0 1.319e-05 5.13984e-05 0.000106468 0.000162806 0.00020427 0.00022294 0.000221084 0.000206388 0.000186668 0.000167389 0.000151514 0.000140266 0.000133928 0.000132392 0.000135435 0.00014278 0.000154014 0.000168415 0.000184742 0.000201084 0.000214882 0.000223242 0.000223535 0.000214179 0.00019528 0.000168821 0.000138184 0.000107161 7.89102e-05 5.5326e-05 3.70059e-05 2.36114e-05 1.43249e-05 8.20255e-06 4.3725e-06 2.1173e-06 8.8857e-07 2.90611e-07 5.27389e-08 0 
0 5.13984e-05 0.000185674 0.000332832 0.000404837 0.000374402 0.00028649 0.000195151 0.000125725 8.04879e-05 5.33294e-05 3.77913e-05 2.93546e-05 2.5384e-05 2.45864e-05 2.6594e-05 3.17712e-05 4.11985e-05 5.67388e-05 8.10257e-05 0.000117109 0.000167423 0.000231882 0.000305506 0.000376916 0.000429805 0.000448633 0.000426462 0.000369381 0.000293304 0.00021558 0.00014815 9.58833e-05 5.8577e-05 3.36472e-05 1.79602e-05 8.70158e-06 3.65256e-06 1.19468e-06 2.16812e-07 0 
0 0.000106468 0.000332832 0.000454514 0.000369028 0.00020774 9.22186e-05 3.57747e-05 1.32025e-05 5.0008e-06 2.08215e-06 1.01029e-06 5.97346e-07 4.42665e-07 4.15453e-07 4.90457e-07 7.12371e-07 1.23017e-06 2.42074e-06 5.18223e-06 1.15235e-05 2.55067e-05 5.41853e-05 0.000107294 0.000193608 0.000312668 0.00044485 0.000550116 0.000586799 0.000541601 0.000439081 0.000319581 0.000213216 0.000132182 7.64232e-05 4.09037e-05 1.98385e-05 8.33068e-06 2.72518e-06 4.94594e-07 0 
0 0.000162806 0.000404837 0.000369028 0.000173386 5.15757e-05 1.13372e-05 2.09016e-06 3.6466e-07 6.77879e-08 1.49993e-08 4.34439e-09 1.77111e-09 1.06358e-09 9.5632e-10 1.27207e-09 2.41163e-09 6.15383e-09 1.96918e-08 7.31371e-08 2.91841e-07 1.16498e-06 4.37747e-06 1.4767e-05 4.32758e-05 0.000107983 0.000226624 0.00039568 0.000567385 0.000662386 0.000634228 0.000511908 0.000361406 0.000230321 0.000134802 7.25111e-05 3.52357e-05 1.48067e-05 4.84482e-06 8.7936e-07 0 
0 0.00020427 0.000374402 0.00020774 5.15757e-05 7.21156e-06 6.74657e-07 4.98104e-08 3.44941e-09 2.66615e-10 2.70718e-11 4.15324e-12 1.07113e-12 4.96451e-13 4.23434e-13 6.52454e-13 1.71739e-12 7.08859e-12 4.12841e-11 3.02328e-10 2.4809e-09 2.05029e-08 1.55708e-07 1.0112e-06 5.34191e-06 2.23209e-05 7.30644e-05 0.000187469 0.000376662 0.000587284 0.00070597 0.00066555 0.000514445 0.000343218 0.000205046 0.000111223 5.42186e-05 2.28094e-05 7.46624e-06 1.35533e-06 0 
0 0.00022294 0.00028649 9.22186e-05 1.13372e-05 6.74657e-07 2.37815e-08 6.16885e-10 1.48768e-11 4.22561e-13 1.76469e-14 1.3108e-15 2.00318e-16 6.90329e-17 5.54277e-17 1.01053e-16 3.87146e-16 2.76791e-15 3.19257e-14 5.0709e-13 9.46987e-12 1.79586e-10 3.04822e-09 4.19047e-08 4.34809e-07 3.26973e-06 1.75917e-05 6.8298e-05 0.000194675 0.000410993 0.000638912 0.000732035 0.000640865 0.000457048 0.000281591 0.00015469 7.57687e-05 3.19291e-05 1.04574e-05 1.89866e-06 0 
0 0.000221084 0.000195151 3.57747e-05 2.09016e-06 4.98104e-08 6.16885e-10 5.22394e-12 4.0773e-14 3.96931e-16 6.41672e-18 2.47267e-19 4.57697e-20 2.78925e-20 2.54047e-20 3.06024e-20 6.96369e-20 6.01395e-19 1.3918e-17 5.0617e-16 2.27758e-14 1.04968e-12 4.21177e-11 1.29289e-09 2.76903e-08 3.91814e-07 3.59333e-06 2.15996e-05 8.77984e-05 0.000249214 0.000500091 0.000706905 0.000717539 0.000557359 0.000357843 0.000200008 9.86094e-05 4.165e-05 1.36516e-05 2.47922e-06 0 
0 0.000206388 0.000125725 1.32025e-05 3.6466e-07 3.44941e-09 1.48768e-11 4.0773e-14 1.0207e-16 3.45647e-19 5.90978e-21 1.27244e-21 6.99847e-22 6.64453e-22 6.52646e-22 6.10827e-22 7.0572e-22 1.5637e-21 9.22768e-21 4.6303e-19 5.00007e-17 5.63921e-15 5.38278e-13 3.71283e-11 1.65232e-09 4.43154e-08 6.98009e-07 6.53007e-06 3.77595e-05 0.000142111 0.000361282 0.000624945 0.000740558 0.000633796 0.000427514 0.000244097 0.000121333 5.13948e-05 1.68617e-05 3.06312e-06 0 
0 0.000186668 8.04879e-05 5.0008e-06 6.77879e-08 2.66615e-10 4.22561e-13 3.96931e-16 3.45647e-19 1.37223e-21 1.14879e-22 6.87446e-23 5.80086e-23 6.20446e-23 6.22158e-23 5.47634e-23 5.07587e-23 5.88308e-23 9.94187e-23 1.15696e-21 1.48202e-19 3.85305e-17 8.37068e-15 1.24446e-12 1.10868e-10 5.4602e-09 1.43985e-07 2.05507e-06 1.66112e-05 8.12016e-05 0.000254897 0.000527613 0.000723379 0.000683191 0.000485985 0.000284145 0.000142548 6.05782e-05 1.9896e-05 3.61556e-06 0 
0 0.000167389 5.33294e-05 2.08215e-06 1.49993e-08 2.70718e-11 1.76469e-14 6.41672e-18 5.90978e-21 1.14879e-22 1.52916e-23 9.45977e-24 9.30701e-24 1.02786e-23 1.03399e-23 8.98618e-24 7.48085e-24 6.33242e-24 6.82899e-24 3.04511e-23 1.27997e-21 4.56357e-19 2.04855e-16 6.02011e-14 9.92765e-12 8.38614e-10 3.49691e-08 7.27336e-07 7.92623e-06 4.87985e-05 0.000183448 0.000441228 0.000685937 0.000709081 0.000531045 0.000317964 0.000161023 6.86592e-05 2.25751e-05 4.10385e-06 0 
0 0.000151514 3.77913e-05 1.01029e-06 4.34439e-09 4.15324e-12 1.3108e-15 2.47267e-19 1.27244e-21 6.87446e-23 9.45977e-24 2.98862e-24 2.16645e-24 2.2116e-24 2.18459e-24 1.88731e-24 1.49148e-24 1.13811e-24 1.26486e-24 5.37777e-24 9.70748e-23 1.35486e-20 9.84036e-18 5.043e-15 1.37422e-12 1.80272e-10 1.09286e-08 3.09323e-07 4.30619e-06 3.20051e-05 0.000138999 0.000375886 0.000645209 0.000718619 0.000562704 0.00034416 0.000175789 7.51864e-05 2.47465e-05 4.50004e-06 0 
0 0.000140266 2.93546e-05 5.97346e-07 1.77111e-09 1.07113e-12 2.00318e-16 4.57697e-20 6.99847e-22 5.80087e-23 9.30702e-24 2.16645e-24 8.47457e-25 6.0348e-25 5.35525e-25 4.51291e-25 3.51557e-25 2.92264e-25 4.9797e-25 2.47029e-24 2.93957e-23 1.66966e-21 1.10083e-18 8.40446e-16 3.28906e-13 5.92501e-11 4.70422e-09 1.66306e-07 2.76355e-06 2.35318e-05 0.000113295 0.000332571 0.000611877 0.000719251 0.00058236 0.000362079 0.000186192 7.98302e-05 2.62963e-05 4.7831e-06 0 
0 0.000133928 2.5384e-05 4.42665e-07 1.06358e-09 4.96451e-13 6.90329e-17 2.78925e-20 6.64453e-22 6.20446e-23 1.02786e-23 2.2116e-24 6.03481e-25 2.47677e-25 1.58628e-25 1.21231e-25 9.88163e-26 1.17792e-25 3.36638e-25 1.8219e-24 1.86132e-23 6.95524e-22 3.19655e-19 3.03834e-16 1.45949e-13 3.14625e-11 2.91027e-09 1.167e-07 2.14397e-06 1.97184e-05 0.000100608 0.000309121 0.000591155 0.000716635 0.000591799 0.000371619 0.000191891 8.23989e-05 2.71564e-05 4.94035e-06 0 
0 0.000132392 2.45864e-05 4.15453e-07 9.5632e-10 4.23434e-13 5.54277e-17 2.54047e-20 6.52646e-22 6.22158e-23 1.03399e-23 2.18459e-24 5.35526e-25 1.58628e-25 6.58197e-26 4.05243e-26 3.86797e-26 7.78406e-26 2.99283e-25 1.68406e-24 1.68351e-23 5.85505e-22 2.47329e-19 2.45595e-16 1.23046e-13 2.75226e-11 2.62711e-09 1.08109e-07 2.02744e-06 1.89414e-05 9.77792e-05 0.000303224 0.000584696 0.00071389 0.000592451 0.000373014 0.000192836 8.28419e-05 2.73067e-05 4.96795e-06 0 
0 0.000135435 2.6594e-05 4.90457e-07 1.27207e-09 6.52454e-13 1.01053e-16 3.06024e-20 6.10827e-22 5.47635e-23 8.98619e-24 1.88731e-24 4.51292e-25 1.21231e-25 4.05243e-26 2.1679e-26 2.61806e-26 7.20458e-26 3.07056e-25 1.81988e-24 2.00153e-23 8.89279e-22 4.92164e-19 4.33035e-16 1.93237e-13 3.9057e-11 3.42017e-09 1.31076e-07 2.32225e-06 2.07635e-05 0.000103688 0.000313401 0.000591938 0.000711596 0.000585017 0.000366681 0.000189224 8.12402e-05 2.67734e-05 4.87066e-06 0 
0 0.00014278 3.17712e-05 7.12371e-07 2.41163e-09 1.71739e-12 3.87146e-16 6.96369e-20 7.0572e-22 5.07588e-23 7.48086e-24 1.49148e-24 3.51557e-25 9.88163e-26 3.86797e-26 2.61806e-26 3.44028e-26 8.8456e-26 3.77727e-25 2.53631e-24 3.71814e-23 3.06569e-21 2.33146e-18 1.54725e-15 5.32856e-13 8.58335e-11 6.19646e-09 2.02495e-07 3.15913e-06 2.561e-05 0.000118767 0.00033886 0.000610508 0.000708067 0.000569468 0.000353154 0.000181463 7.77891e-05 2.56234e-05 4.66073e-06 0 
0 0.000154014 4.11985e-05 1.23017e-06 6.15383e-09 7.08859e-12 2.76791e-15 6.01395e-19 1.5637e-21 5.88308e-23 6.33242e-24 1.13811e-24 2.92264e-25 1.17792e-25 7.78405e-26 7.20458e-26 8.8456e-26 1.70682e-25 6.48361e-25 5.3856e-24 1.52941e-22 3.48802e-20 2.2972e-17 1.00099e-14 2.3565e-12 2.71945e-10 1.4781e-08 3.82201e-07 4.94761e-06 3.47425e-05 0.000144505 0.000378489 0.000635754 0.000699703 0.000545296 0.000333106 0.00017013 7.2775e-05 2.39551e-05 4.35634e-06 0 
0 0.000168415 5.67388e-05 2.42074e-06 1.96918e-08 4.12841e-11 3.19257e-14 1.3918e-17 9.22768e-21 9.94187e-23 6.82899e-24 1.26487e-24 4.97969e-25 3.36637e-25 2.99283e-25 3.07056e-25 3.77727e-25 6.48361e-25 2.4051e-24 3.06457e-23 2.54206e-21 1.01243e-18 3.95923e-16 1.01997e-13 1.4929e-11 1.13519e-09 4.32509e-08 8.34384e-07 8.55582e-06 5.02277e-05 0.000182296 0.000428627 0.000659662 0.000681475 0.000511928 0.000307403 0.000155942 6.65478e-05 2.18884e-05 3.97958e-06 0 
0 0.000184742 8.10257e-05 5.18223e-06 7.31371e-08 3.02328e-10 5.0709e-13 5.0617e-16 4.6303e-19 1.15696e-21 3.04511e-23 5.37777e-24 2.47029e-24 1.8219e-24 1.68406e-24 1.81988e-24 2.5363e-24 5.3856e-24 3.06457e-23 1.04793e-21 1.92413e-19 4.79534e-17 9.90656e-15 1.40334e-12 1.19387e-10 5.62938e-09 1.4264e-07 1.96617e-06 1.54485e-05 7.39922e-05 0.000230063 0.00047886 0.000669615 0.000647678 0.000469155 0.000277142 0.000139708 5.94908e-05 1.95538e-05 3.55438e-06 0 
0 0.000201084 0.000117109 1.15235e-05 2.91841e-07 2.4809e-09 9.46987e-12 2.27758e-14 5.00007e-17 1.48202e-19 1.27997e-21 9.70747e-23 2.93957e-23 1.86132e-23 1.6835e-23 2.00153e-23 3.71813e-23 1.52941e-22 2.54206e-21 1.92413e-19 2.30108e-17 2.85693e-15 2.98411e-13 2.22534e-11 1.0527e-09 2.94492e-08 4.76086e-07 4.53175e-06 2.66709e-05 0.00010305 0.000273633 0.000505692 0.000648013 0.000593009 0.000417473 0.000243638 0.000122273 5.19906e-05 1.7081e-05 3.1045e-06 0 
0 0.000214882 0.000167423 2.55067e-05 1.16498e-06 2.05029e-08 1.79586e-10 1.04968e-12 5.63921e-15 3.85305e-17 4.56357e-19 1.35486e-20 1.66966e-21 6.95524e-22 5.85505e-22 8.89279e-22 3.06569e-21 3.48802e-20 1.01243e-18 4.79534e-17 2.85693e-15 1.7406e-13 9.05688e-12 3.4742e-10 8.81932e-09 1.39282e-07 1.35691e-06 8.50626e-06 3.6774e-05 0.000116165 0.000273142 0.000468961 0.000574932 0.000513972 0.00035823 0.000208348 0.000104465 4.44099e-05 1.45902e-05 2.65181e-06 0 
0 0.000223242 0.000231882 5.41853e-05 4.37747e-06 1.55708e-07 3.04822e-09 4.21177e-11 5.38278e-13 8.37068e-15 2.04855e-16 9.84036e-18 1.10083e-18 3.19655e-19 2.47329e-19 4.92164e-19 2.33146e-18 2.2972e-17 3.95923e-16 9.90656e-15 2.98411e-13 9.05688e-12 2.35539e-10 4.5531e-09 5.83059e-08 4.63277e-07 2.33599e-06 8.47625e-06 2.60451e-05 7.32533e-05 0.000178096 0.000332173 0.00043824 0.000410857 0.000293686 0.000172785 8.70378e-05 3.70653e-05 1.21846e-05 2.21502e-06 0 
0 0.000223535 0.000305506 0.000107294 1.4767e-05 1.0112e-06 4.19047e-08 1.29289e-09 3.71283e-11 1.24446e-12 6.02011e-14 5.043e-15 8.40446e-16 3.03834e-16 2.45595e-16 4.33035e-16 1.54725e-15 1.00099e-14 1.01997e-13 1.40334e-12 2.22534e-11 3.4742e-10 4.5531e-09 4.22634e-08 2.32934e-07 6.76138e-07 1.12485e-06 1.59131e-06 3.18009e-06 1.06712e-05 4.36174e-05 0.000136587 0.000256537 0.000291236 0.000227233 0.000138465 7.06435e-05 3.02132e-05 9.94577e-06 1.8088e-06 0 
0 0.000214179 0.000376916 0.000193608 4.32758e-05 5.34191e-06 4.34809e-07 2.76903e-08 1.65232e-09 1.10868e-10 9.92765e-12 1.37422e-12 3.28906e-13 1.45949e-13 1.23046e-13 1.93237e-13 5.32856e-13 2.3565e-12 1.4929e-11 1.19387e-10 1.0527e-09 8.81932e-09 5.83059e-08 2.32934e-07 3.87961e-07 1.93849e-07 3.46925e-08 6.82913e-09 6.92123e-09 5.89652e-08 1.37492e-06 2.01637e-05 9.73028e-05 0.000174202 0.000163887 0.000106921 5.58122e-05 2.40431e-05 7.93198e-06 1.44349e-06 0 
0 0.00019528 0.000429805 0.000312668 0.000107983 2.23209e-05 3.26973e-06 3.91814e-07 4.43154e-08 5.4602e-09 8.38614e-10 1.80272e-10 5.92501e-11 3.14625e-11 2.75226e-11 3.9057e-11 8.58335e-11 2.71945e-10 1.13519e-09 5.62938e-09 2.94492e-08 1.39282e-07 4.63277e-07 6.76138e-07 1.93849e-07 4.61956e-09 1.17894e-11 4.14771e-14 1.14258e-14 1.2581e-12 1.54326e-09 6.35167e-07 2.06413e-05 8.55524e-05 0.00011 7.9642e-05 4.29374e-05 1.86746e-05 6.17788e-06 1.12515e-06 0 
0 0.000168821 0.000448633 0.00044485 0.000226624 7.30644e-05 1.75917e-05 3.59333e-06 6.98009e-07 1.43985e-07 3.49691e-08 1.09286e-08 4.70422e-09 2.91027e-09 2.62711e-09 3.42017e-09 6.19646e-09 1.4781e-08 4.32509e-08 1.4264e-07 4.76086e-07 1.35691e-06 2.33599e-06 1.12485e-06 3.46925e-08 1.17894e-11 3.14448e-16 2.3447e-15 1.42255e-15 8.39185e-15 7.97094e-14 5.29801e-09 2.81349e-06 3.69594e-05 7.05964e-05 5.77285e-05 3.22362e-05 1.41585e-05 4.69647e-06 8.5597e-07 0 
0 0.000138184 0.000426462 0.000550116 0.00039568 0.000187469 6.8298e-05 2.15996e-05 6.53007e-06 2.05507e-06 7.27336e-07 3.09323e-07 1.66306e-07 1.167e-07 1.08109e-07 1.31076e-07 2.02495e-07 3.82201e-07 8.34384e-07 1.96617e-06 4.53175e-06 8.50626e-06 8.47625e-06 1.59131e-06 6.82913e-09 4.14771e-14 2.3447e-15 6.22015e-16 5.29113e-16 1.62503e-15 1.91153e-14 7.01127e-11 4.82002e-07 1.74091e-05 4.60932e-05 4.13897e-05 2.37029e-05 1.04797e-05 3.48214e-06 6.3493e-07 0 
0 0.000107161 0.000369381 0.000586799 0.000567385 0.000376662 0.000194675 8.77984e-05 3.77595e-05 1.66112e-05 7.92623e-06 4.30619e-06 2.76355e-06 2.14397e-06 2.02744e-06 2.32225e-06 3.15913e-06 4.94761e-06 8.55582e-06 1.54485e-05 2.66709e-05 3.6774e-05 2.60451e-05 3.18009e-06 6.92123e-09 1.14258e-14 1.42255e-15 5.29113e-16 1.3645e-15 6.4672e-15 1.17132e-13 1.90908e-11 2.51855e-07 1.15436e-05 3.2692e-05 2.98029e-05 1.71141e-05 7.56925e-06 2.51507e-06 4.58586e-07 0 
0 7.89102e-05 0.000293304 0.000541601 0.000662386 0.000587284 0.000410993 0.000249214 0.000142111 8.12016e-05 4.87985e-05 3.20051e-05 2.35318e-05 1.97184e-05 1.89414e-05 2.07635e-05 2.561e-05 3.47425e-05 5.02277e-05 7.39922e-05 0.00010305 0.000116165 7.32533e-05 1.06712e-05 5.89652e-08 1.2581e-12 8.39185e-15 1.62503e-15 6.4672e-15 1.0503e-15 7.101e-16 2.43667e-10 5.21282e-07 1.15537e-05 2.55673e-05 2.15902e-05 1.21206e-05 5.32587e-06 1.76639e-06 3.21907e-07 0 
0 5.5326e-05 0.00021558 0.000439081 0.000634228 0.00070597 0.000638912 0.000500091 0.000361282 0.000254897 0.000183448 0.000138999 0.000113295 0.000100608 9.77792e-05 0.000103688 0.000118767 0.000144505 0.000182296 0.000230063 0.000273633 0.000273142 0.000178096 4.36174e-05 1.37492e-06 1.54326e-09 7.97094e-14 1.91153e-14 1.17132e-13 7.101e-16 4.97366e-12 2.00192e-08 2.20206e-06 1.439e-05 2.09131e-05 1.54972e-05 8.3721e-06 3.63859e-06 1.20306e-06 2.19056e-07 0 
0 3.70059e-05 0.00014815 0.000319581 0.000511908 0.00066555 0.000732035 0.000706905 0.000624945 0.000527613 0.000441228 0.000375886 0.000332571 0.000309121 0.000303224 0.000313401 0.00033886 0.000378489 0.000428627 0.00047886 0.000505692 0.000468961 0.000332173 0.000136587 2.01637e-05 6.35167e-07 5.29801e-09 7.01127e-11 1.90908e-11 2.43667e-10 2.00192e-08 8.9572e-07 7.77882e-06 1.69591e-05 1.65503e-05 1.07724e-05 5.59322e-06 2.40255e-06 7.9169e-07 1.44014e-07 0 
0 2.36114e-05 9.58833e-05 0.000213216 0.000361406 0.000514445 0.000640865 0.000717539 0.000740558 0.000723379 0.000685937 0.000645209 0.000611877 0.000591155 0.000584696 0.000591938 0.000610508 0.000635754 0.000659662 0.000669615 0.000648013 0.000574932 0.00043824 0.000256537 9.73028e-05 2.06413e-05 2.81349e-06 4.82002e-07 2.51855e-07 5.21282e-07 2.20206e-06 7.77882e-06 1.49345e-05 1.61887e-05 1.2028e-05 7.11849e-06 3.5835e-06 1.52456e-06 5.0092e-07 9.10426e-08 0 
0 1.43249e-05 5.8577e-05 0.000132182 0.000230321 0.000343218 0.000457048 0.000557359 0.000633796 0.000683191 0.000709081 0.000718619 0.000719251 0.000716635 0.00071389 0.000711596 0.000708067 0.000699703 0.000681475 0.000647678 0.000593009 0.000513972 0.000410857 0.000291236 0.000174202 8.55524e-05 3.69594e-05 1.74091e-05 1.15436e-05 1.15537e-05 1.439e-05 1.69591e-05 1.61887e-05 1.23563e-05 7.91017e-06 4.42504e-06 2.1842e-06 9.23216e-07 3.02709e-07 5.49824e-08 0 
0 8.20255e-06 3.36472e-05 7.64232e-05 0.000134802 0.000205046 0.000281591 0.000357843 0.000427514 0.000485985 0.000531045 0.000562704 0.00058236 0.000591799 0.000592451 0.000585017 0.000569468 0.000545296 0.000511928 0.000469155 0.000417473 0.00035823 0.000293686 0.000227233 0.000163887 0.00011 7.05964e-05 4.60932e-05 3.2692e-05 2.55673e-05 2.09131e-05 1.65503e-05 1.2028e-05 7.91017e-06 4.72601e-06 2.56974e-06 1.2549e-06 5.28413e-07 1.73037e-07 3.14164e-08 0 
0 4.3725e-06 1.79602e-05 4.09037e-05 7.25111e-05 0.000111223 0.00015469 0.000200008 0.000244097 0.000284145 0.000317964 0.00034416 0.000362079 0.000371619 0.000373014 0.000366681 0.000353154 0.000333106 0.000307403 0.000277142 0.000243638 0.000208348 0.000172785 0.000138465 0.000106921 7.9642e-05 5.77285e-05 4.13897e-05 2.98029e-05 2.15902e-05 1.54972e-05 1.07724e-05 7.11849e-06 4.42504e-06 2.56974e-06 1.37967e-06 6.70272e-07 2.81685e-07 9.21774e-08 1.67315e-08 0 
0 2.1173e-06 8.70158e-06 1.98385e-05 3.52357e-05 5.42186e-05 7.57687e-05 9.86094e-05 0.000121333 0.000142548 0.000161023 0.000175789 0.000186192 0.000191891 0.000192836 0.000189224 0.000181463 0.00017013 0.000155942 0.000139708 0.000122273 0.000104465 8.70378e-05 7.06435e-05 5.58122e-05 4.29374e-05 3.22362e-05 2.37029e-05 1.71141e-05 1.21206e-05 8.3721e-06 5.59322e-06 3.5835e-06 2.1842e-06 1.2549e-06 6.70272e-07 3.24897e-07 1.36414e-07 4.4624e-08 8.09886e-09 0 
0 8.8857e-07 3.65256e-06 8.33068e-06 1.48067e-05 2.28094e-05 3.19291e-05 4.165e-05 5.13948e-05 6.05782e-05 6.86592e-05 7.51864e-05 7.98302e-05 8.23989e-05 8.28419e-05 8.12402e-05 7.77891e-05 7.2775e-05 6.65478e-05 5.94908e-05 5.19906e-05 4.44099e-05 3.70653e-05 3.02132e-05 2.40431e-05 1.86746e-05 1.41585e-05 1.04797e-05 7.56925e-06 5.32587e-06 3.63859e-06 2.40255e-06 1.52456e-06 9.23216e-07 5.28413e-07 2.81685e-07 1.36414e-07 5.72535e-08 1.87258e-08 3.39836e-09 0 
0 2.90611e-07 1.19468e-06 2.72518e-06 4.84482e-06 7.46624e-06 1.04574e-05 1.36516e-05 1.68617e-05 1.9896e-05 2.25751e-05 2.47465e-05 2.62963e-05 2.71564e-05 2.73067e-05 2.67734e-05 2.56234e-05 2.39551e-05 2.18884e-05 1.95538e-05 1.7081e-05 1.45902e-05 1.21846e-05 9.94577e-06 7.93198e-06 6.17788e-06 4.69647e-06 3.48214e-06 2.51507e-06 1.76639e-06 1.20306e-06 7.9169e-07 5.0092e-07 3.02709e-07 1.73037e-07 9.21774e-08 4.4624e-08 1.87258e-08 6.12419e-09 1.11139e-09 0 
0 5.27389e-08 2.16812e-07 4.94594e-07 8.7936e-07 1.35533e-06 1.89866e-06 2.47922e-06 3.06312e-06 3.61556e-06 4.10385e-06 4.50004e-06 4.7831e-06 4.94035e-06 4.96795e-06 4.87066e-06 4.66073e-06 4.35634e-06 3.97958e-06 3.55438e-06 3.1045e-06 2.65181e-06 2.21502e-06 1.8088e-06 1.44349e-06 1.12515e-06 8.5597e-07 6.3493e-07 4.58586e-07 3.21907e-07 2.19056e-07 1.44014e-07 9.10426e-08 5.49824e-08 3.14164e-08 1.67315e-08 8.09886e-09 3.39836e-09 1.11139e-09 2.01686e-10 0 
0 0 0 0 0 0 0 0 0 0 0 0 0 0 0 0 0 0 0 0 0 0 0 0 0 0 0 0 0 0 0 0 0 0 0 0 0 0 0 0 0 
