0 0 0 0 0 0 0 0 0 0 0 0 0 0 0 0 0 0 0 0 0 0 0 0 0 0 0 0 0 0 0 0 0 0 0 0 0 0 0 0 0 
0 1.33101e-05 5.24156e-05 0.000110515 0.000173231 0.000223775 0.000251612 0.000256515 0.000245338 0.00022648 0.000206493 0.000189306 0.000176796 0.000169612 0.000167802 0.00017115 0.000179277 0.000191566 0.000206981 0.000223871 0.000239856 0.000251946 0.00025698 0.000252385 0.000237031 0.000211821 0.000179627 0.000144494 0.000110434 8.04139e-05 5.59387e-05 3.72279e-05 2.36831e-05 1.43456e-05 8.20787e-06 4.37371e-06 2.11754e-06 8.8861e-07 2.90616e-07 5.27393e-08 0 
0 5.24156e-05 0.000194172 0.000363426 0.000468834 0.000462548 0.000376129 0.000270132 0.000182083 0.000121155 8.29092e-05 6.02709e-05 4.76657e-05 4.16283e-05 4.03865e-05 4.34104e-05 5.11699e-05 6.50775e-05 8.74906e-05 0.000121548 0.000170493 0.0002361 0.000316145 0.000401766 0.000476826 0.000521792 0.000522172 0.000476711 0.000398502 0.000307632 0.000221614 0.00015035 9.65858e-05 5.87751e-05 3.36967e-05 1.79711e-05 8.70367e-06 3.65289e-06 1.19472e-06 2.16814e-07 0 
0 0.000110515 0.000363426 0.00053971 0.000485458 0.000301663 0.000146146 6.1378e-05 2.43989e-05 9.89943e-06 4.37885e-06 2.2317e-06 1.36676e-06 1.03283e-06 9.7262e-07 1.13431e-06 1.60503e-06 2.66905e-06 5.01411e-06 1.0191e-05 2.14615e-05 4.49899e-05 9.06556e-05 0.000170521 0.000292162 0.000446399 0.000597296 0.000691238 0.000690489 0.000601818 0.000467122 0.000330323 0.000216695 0.000133155 7.66614e-05 4.09548e-05 1.9848e-05 8.33215e-06 2.72535e-06 4.94604e-07 0 
0 0.000173231 0.000468834 0.000485458 0.000261347 8.82326e-05 2.1925e-05 4.57423e-06 9.02194e-07 1.88316e-07 4.61668e-08 1.45332e-08 6.28877e-09 3.90389e-09 3.53092e-09 4.60183e-09 8.3482e-09 1.99859e-08 5.9112e-08 2.00968e-07 7.30813e-07 2.65989e-06 9.15549e-06 2.85049e-05 7.7718e-05 0.000181342 0.000355405 0.000574535 0.00075514 0.000806827 0.000715814 0.000546901 0.000373359 0.000233716 0.000135628 7.2685e-05 3.52673e-05 1.48114e-05 4.84536e-06 8.79393e-07 0 
0 0.000223775 0.000462548 0.000301663 8.82326e-05 1.4564e-05 1.62543e-06 1.44394e-07 1.20317e-08 1.1074e-09 1.31193e-10 2.28115e-11 6.43495e-12 3.13542e-12 2.69839e-12 4.0325e-12 9.93444e-12 3.72569e-11 1.92754e-10 1.23532e-09 8.80603e-09 6.32062e-08 4.19469e-07 2.4079e-06 1.14139e-05 4.34712e-05 0.000131211 0.000310881 0.000570533 0.000800842 0.000865611 0.000747958 0.000545619 0.000352473 0.000207319 0.000111698 5.43034e-05 2.28219e-05 7.46764e-06 1.35542e-06 0 
0 0.000251612 0.000376129 0.000146146 2.1925e-05 1.62543e-06 7.30123e-08 2.44588e-09 7.61557e-11 2.75222e-12 1.42194e-13 1.25608e-14 2.17467e-15 8.0369e-16 6.53485e-16 1.14156e-15 3.98742e-15 2.49521e-14 2.44291e-13 3.22711e-12 4.96056e-11 7.73509e-10 1.08746e-08 1.25615e-07 1.11719e-06 7.37102e-06 3.5609e-05 0.000126196 0.000328843 0.000625103 0.000860687 0.000878152 0.000705121 0.00047763 0.000286794 0.000155781 7.59616e-05 3.19572e-05 1.04605e-05 1.89884e-06 0 
0 0.000256515 0.000270132 6.1378e-05 4.57423e-06 1.44394e-07 2.44588e-09 2.88236e-11 3.12913e-13 4.15969e-15 8.845e-17 3.79471e-18 4.02885e-19 1.2121e-19 9.55805e-20 1.8214e-19 8.6745e-19 9.27148e-18 1.79502e-16 5.13992e-15 1.79729e-13 6.42908e-12 2.0198e-10 4.93929e-09 8.63291e-08 1.0262e-06 8.15777e-06 4.37469e-05 0.000161414 0.000414317 0.000736132 0.000910705 0.0008255 0.000595727 0.000368004 0.000202169 9.89905e-05 4.1705e-05 1.36575e-05 2.47957e-06 0 
0 0.000245338 0.000182083 2.43989e-05 9.02194e-07 1.20317e-08 7.61557e-11 3.12913e-13 1.17447e-15 5.69958e-18 5.29735e-20 2.53864e-21 6.76721e-22 3.60783e-22 3.13268e-22 4.25117e-22 9.38045e-22 4.81285e-21 1.21599e-19 7.41497e-18 5.93536e-16 4.90229e-14 3.46466e-12 1.80617e-10 6.24898e-09 1.34794e-07 1.77266e-06 1.4375e-05 7.42734e-05 0.00025261 0.000571843 0.000861264 0.000893473 0.000695202 0.000444784 0.000247855 0.000121998 5.14902e-05 1.68719e-05 3.06371e-06 0 
0 0.00022648 0.000121155 9.89943e-06 1.88316e-07 1.1074e-09 2.75222e-12 4.15969e-15 5.69958e-18 1.1832e-20 1.65202e-22 2.17521e-23 1.16083e-23 9.14103e-24 8.4872e-24 9.16108e-24 1.1758e-23 2.81585e-23 2.56318e-22 1.51832e-20 2.54715e-18 4.6537e-16 7.0996e-14 7.59397e-12 5.02787e-10 1.91247e-08 4.06391e-07 4.88296e-06 3.4572e-05 0.000151707 0.000425997 0.000769468 0.000912951 0.00076963 0.000511987 0.000289966 0.000143586 6.07269e-05 1.99118e-05 3.61648e-06 0 
0 0.000206493 8.29092e-05 4.37885e-06 4.61668e-08 1.31193e-10 1.42194e-13 8.845e-17 5.29735e-20 1.65202e-22 4.39186e-24 9.01504e-25 6.57797e-25 6.32453e-25 6.10525e-25 5.81551e-25 5.63766e-25 8.28111e-25 3.6664e-24 1.0812e-22 2.03467e-20 7.32741e-18 2.21309e-15 4.48036e-13 5.27918e-11 3.32518e-09 1.0833e-07 1.84777e-06 1.72924e-05 9.46256e-05 0.00031865 0.000671909 0.000899525 0.000818724 0.0005663 0.000326099 0.000162489 6.88693e-05 2.25974e-05 4.10513e-06 0 
0 0.000189306 6.02709e-05 2.2317e-06 1.45332e-08 2.28115e-11 1.25608e-14 3.79471e-18 2.53864e-21 2.17521e-23 9.01506e-25 1.25688e-25 7.11931e-26 7.07886e-26 6.93225e-26 6.18203e-26 5.24193e-26 6.41421e-26 2.61896e-25 5.37472e-24 5.23631e-22 2.45879e-19 1.2916e-16 4.40162e-14 8.30318e-12 7.89661e-10 3.649e-08 8.29246e-07 9.74891e-06 6.37584e-05 0.00024779 0.000589967 0.000871306 0.000846786 0.000606406 0.000354531 0.000177679 7.54578e-05 2.47752e-05 4.50168e-06 0 
0 0.000176796 4.76657e-05 1.36676e-06 6.28877e-09 6.43495e-12 2.17467e-15 4.02885e-19 6.76721e-22 1.16083e-23 6.57798e-25 7.11933e-26 1.63988e-26 1.07171e-26 9.7894e-27 8.38407e-27 7.09676e-27 1.16111e-26 7.12441e-26 1.20453e-24 6.79733e-23 2.18003e-20 1.65364e-17 8.20462e-15 2.1733e-12 2.78264e-10 1.65512e-08 4.62844e-07 6.41683e-06 4.77008e-05 0.000205149 0.000531825 0.000842651 0.000859934 0.000632528 0.000374253 0.00018843 8.01524e-05 2.63304e-05 4.78504e-06 0 
0 0.000169612 4.16283e-05 1.03283e-06 3.90389e-09 3.13542e-12 8.0369e-16 1.2121e-19 3.60784e-22 9.14105e-24 6.32455e-25 7.07889e-26 1.07171e-26 2.86304e-27 1.69352e-27 1.36217e-27 1.56149e-27 5.41822e-27 4.35462e-26 6.50513e-25 2.68802e-23 5.79754e-21 5.12796e-18 3.14798e-15 1.01096e-12 1.53238e-10 1.05197e-08 3.30988e-07 5.03958e-06 4.02816e-05 0.000183383 0.000498587 0.000822295 0.000863656 0.000645674 0.000384878 0.000194344 8.27529e-05 2.71939e-05 4.94248e-06 0 
0 0.000167802 4.03865e-05 9.7262e-07 3.53092e-09 2.69839e-12 6.53485e-16 9.55805e-20 3.13268e-22 8.48722e-24 6.10526e-25 6.93228e-26 9.78943e-27 1.69353e-27 4.84717e-28 3.4033e-28 7.89047e-28 4.50048e-27 3.8734e-26 5.65755e-25 2.20657e-23 4.40318e-21 3.98735e-18 2.55857e-15 8.55381e-13 1.3432e-10 9.5025e-09 3.06469e-07 4.75862e-06 3.86151e-05 0.000177911 0.00048882 0.000813989 0.000861399 0.000646938 0.000386488 0.000195335 8.3203e-05 2.7345e-05 4.97013e-06 0 
0 0.00017115 4.34104e-05 1.13431e-06 4.60183e-09 4.0325e-12 1.14156e-15 1.8214e-19 4.25118e-22 9.16109e-24 5.81553e-25 6.18205e-26 8.3841e-27 1.36218e-27 3.4033e-28 2.67392e-28 8.14422e-28 4.96354e-27 4.5008e-26 7.31965e-25 3.47205e-23 8.91988e-21 7.55966e-18 4.3056e-15 1.29254e-12 1.84726e-10 1.20647e-08 3.64337e-07 5.36838e-06 4.1831e-05 0.000186788 0.000500601 0.000817602 0.000854112 0.000637101 0.000379501 0.000191599 8.15835e-05 2.68099e-05 4.87273e-06 0 
0 0.000179277 5.11699e-05 1.60503e-06 8.3482e-09 9.93444e-12 3.98742e-15 8.6745e-19 9.38046e-22 1.1758e-23 5.63768e-25 5.24195e-26 7.09679e-27 1.56149e-27 7.89044e-28 8.14419e-28 1.67785e-27 8.03399e-27 7.70775e-26 1.61334e-24 1.1746e-22 4.77167e-20 3.21525e-17 1.40054e-14 3.3002e-12 3.81547e-10 2.08137e-08 5.42027e-07 7.09868e-06 5.04898e-05 0.00021004 0.000531637 0.000829694 0.000840407 0.000616551 0.000364599 0.000183574 7.80942e-05 2.56559e-05 4.66258e-06 0 
0 0.000191566 6.50775e-05 2.66905e-06 1.99859e-08 3.72569e-11 2.49521e-14 9.27148e-18 4.81285e-21 2.81586e-23 8.28112e-25 6.41422e-26 1.16111e-26 5.4182e-27 4.50046e-27 4.96352e-27 8.03397e-27 2.77426e-26 2.75718e-25 9.00474e-24 1.2608e-21 6.01488e-19 2.69906e-16 7.92505e-14 1.30754e-11 1.10624e-09 4.62873e-08 9.69184e-07 1.06716e-05 6.63546e-05 0.000248557 0.000577866 0.000843454 0.000817117 0.000585484 0.000342703 0.00017189 7.30293e-05 2.39822e-05 4.35789e-06 0 
0 0.000206981 8.74906e-05 5.01411e-06 5.9112e-08 1.92754e-10 2.44291e-13 1.79502e-16 1.21599e-19 2.56318e-22 3.6664e-24 2.61896e-25 7.12439e-26 4.35461e-26 3.87339e-26 4.50079e-26 7.70773e-26 2.75718e-25 3.40634e-24 1.95838e-22 4.49863e-20 1.43943e-17 3.81642e-15 6.84407e-13 7.22734e-11 4.134e-09 1.24015e-07 1.97511e-06 1.74977e-05 9.19112e-05 0.000301694 0.000630585 0.000848393 0.000780128 0.000544234 0.000314969 0.000157322 6.67473e-05 2.19098e-05 3.9808e-06 0 
0 0.000223871 0.000121548 1.0191e-05 2.00968e-07 1.23532e-09 3.22711e-12 5.13992e-15 7.41497e-18 1.51832e-20 1.0812e-22 5.37472e-24 1.20453e-24 6.50512e-25 5.65753e-25 7.31963e-25 1.61333e-24 9.00474e-24 1.95838e-22 1.83119e-20 3.01693e-18 5.25027e-16 7.63787e-14 7.80425e-12 4.94551e-10 1.80453e-08 3.69003e-07 4.28757e-06 2.95825e-05 0.000128086 0.00036181 0.000672248 0.000830475 0.000725421 0.000493582 0.000282769 0.000140731 5.9639e-05 1.95698e-05 3.5553e-06 0 
0 0.000239856 0.000170493 2.14615e-05 7.30813e-07 8.80603e-09 4.96056e-11 1.79729e-13 5.93536e-16 2.54715e-18 2.03467e-20 5.23631e-22 6.79733e-23 2.68802e-23 2.20657e-23 3.47205e-23 1.1746e-22 1.2608e-21 4.49863e-20 3.01693e-18 2.6329e-16 2.37015e-14 1.81431e-12 1.01223e-10 3.68623e-09 8.21631e-08 1.0993e-06 9.00455e-06 4.72438e-05 0.000166513 0.000403989 0.000672531 0.000773486 0.000650091 0.000434915 0.000247623 0.000122998 5.20963e-05 1.70925e-05 3.10516e-06 0 
0 0.000251946 0.0002361 4.49899e-05 2.65989e-06 6.32062e-08 7.73509e-10 6.42908e-12 4.90229e-14 4.6537e-16 7.32741e-18 2.45879e-19 2.18003e-20 5.79754e-21 4.40318e-21 8.91988e-21 4.77167e-20 6.01488e-19 1.43943e-17 5.25027e-16 2.37015e-14 1.09131e-12 4.32705e-11 1.28742e-09 2.60024e-08 3.37056e-07 2.78851e-06 1.53497e-05 5.9939e-05 0.000174003 0.000376691 0.0005908 0.00066258 0.000553178 0.000370192 0.000211095 0.000104968 4.44839e-05 1.45983e-05 2.65229e-06 0 
0 0.00025698 0.000316145 9.06556e-05 9.15549e-06 4.19469e-07 1.08746e-08 2.0198e-10 3.46466e-12 7.0996e-14 2.21309e-15 1.2916e-16 1.65364e-17 5.12796e-18 3.98735e-18 7.55966e-18 3.21525e-17 2.69906e-16 3.81642e-15 7.63787e-14 1.81431e-12 4.32705e-11 8.90026e-10 1.38248e-08 1.45773e-07 9.83514e-07 4.34904e-06 1.42152e-05 4.0008e-05 0.000103836 0.000233324 0.00040197 0.000492611 0.000436695 0.000301867 0.000174703 8.73934e-05 3.71179e-05 1.21904e-05 2.21536e-06 0 
0 0.000252385 0.000401766 0.000170521 2.85049e-05 2.4079e-06 1.25615e-07 4.93929e-09 1.80617e-10 7.59397e-12 4.48036e-13 4.40162e-14 8.20462e-15 3.14798e-15 2.55857e-15 4.3056e-15 1.40054e-14 7.92505e-14 6.84407e-13 7.80425e-12 1.01223e-10 1.28742e-09 1.38248e-08 1.06947e-07 5.06085e-07 1.31339e-06 2.03249e-06 2.72607e-06 5.10415e-06 1.56399e-05 5.77158e-05 0.000164581 0.000286564 0.000308334 0.000233119 0.000139889 7.09098e-05 3.02527e-05 9.95009e-06 1.80906e-06 0 
0 0.000237031 0.000476826 0.000292162 7.7718e-05 1.14139e-05 1.11719e-06 8.63291e-08 6.24898e-09 5.02787e-10 5.27918e-11 8.30318e-12 2.1733e-12 1.01096e-12 8.55381e-13 1.29254e-12 3.3002e-12 1.30754e-11 7.22734e-11 4.94551e-10 3.68623e-09 2.60024e-08 1.45773e-07 5.06085e-07 7.70231e-07 3.79131e-07 7.17207e-08 1.50506e-08 1.49153e-08 1.09761e-07 2.09652e-06 2.58726e-05 0.000111154 0.000185735 0.000168465 0.000108072 5.60272e-05 2.40745e-05 7.93538e-06 1.44369e-06 0 
0 0.000211821 0.000521792 0.000446399 0.000181342 4.34712e-05 7.37102e-06 1.0262e-06 1.34794e-07 1.91247e-08 3.32518e-09 7.89661e-10 2.78264e-10 1.53238e-10 1.3432e-10 1.84726e-10 3.81547e-10 1.10624e-09 4.134e-09 1.80453e-08 8.21631e-08 3.37056e-07 9.83514e-07 1.31339e-06 3.79131e-07 1.05849e-08 3.63705e-11 1.88006e-13 5.79934e-14 4.15313e-12 3.31958e-09 9.56972e-07 2.50237e-05 9.29717e-05 0.000113704 8.06193e-05 4.31188e-05 1.87006e-05 6.18063e-06 1.12531e-06 0 
0 0.000179627 0.000522172 0.000597296 0.000355405 0.000131211 3.5609e-05 8.15777e-06 1.77266e-06 4.06391e-07 1.0833e-07 3.649e-08 1.65512e-08 1.05197e-08 9.5025e-09 1.20647e-08 2.08137e-08 4.62873e-08 1.24015e-07 3.69003e-07 1.0993e-06 2.78851e-06 4.34904e-06 2.03249e-06 7.17207e-08 3.63705e-11 3.7478e-16 2.50329e-15 2.21965e-15 7.44063e-16 2.91353e-13 1.02067e-08 3.72896e-06 4.12657e-05 7.35163e-05 5.8547e-05 3.23869e-05 1.41797e-05 4.69866e-06 8.56092e-07 0 
0 0.000144494 0.000476711 0.000691238 0.000574535 0.000310881 0.000126196 4.37469e-05 1.4375e-05 4.88296e-06 1.84777e-06 8.29246e-07 4.62844e-07 3.30988e-07 3.06469e-07 3.64337e-07 5.42027e-07 9.69184e-07 1.97511e-06 4.28757e-06 9.00455e-06 1.53497e-05 1.42152e-05 2.72607e-06 1.50506e-08 1.88006e-13 2.50329e-15 3.18835e-16 2.19791e-16 5.85243e-17 2.52526e-16 1.70176e-10 6.92031e-07 1.98844e-05 4.82695e-05 4.20286e-05 2.38195e-05 1.04957e-05 3.48377e-06 6.3502e-07 0 
0 0.000110434 0.000398502 0.000690489 0.00075514 0.000570533 0.000328843 0.000161414 7.42734e-05 3.4572e-05 1.72924e-05 9.74891e-06 6.41683e-06 5.03958e-06 4.75862e-06 5.36838e-06 7.09868e-06 1.06716e-05 1.74977e-05 2.95825e-05 4.72438e-05 5.9939e-05 4.0008e-05 5.10415e-06 1.49153e-08 5.79934e-14 2.21965e-15 2.19791e-16 7.85448e-17 2.39735e-16 8.15566e-15 4.94208e-11 3.67833e-07 1.32276e-05 3.4233e-05 3.0252e-05 1.7195e-05 7.58027e-06 2.51619e-06 4.58646e-07 0 
0 8.04139e-05 0.000307632 0.000601818 0.000806827 0.000800842 0.000625103 0.000414317 0.00025261 0.000151707 9.46256e-05 6.37584e-05 4.77008e-05 4.02816e-05 3.86151e-05 4.1831e-05 5.04898e-05 6.63546e-05 9.19112e-05 0.000128086 0.000166513 0.000174003 0.000103836 1.56399e-05 1.09761e-07 4.15313e-12 7.44063e-16 5.85243e-17 2.39735e-16 8.28541e-17 1.18719e-15 5.27074e-10 7.15148e-07 1.29649e-05 2.65902e-05 2.18678e-05 1.21696e-05 5.33253e-06 1.76706e-06 3.21944e-07 0 
0 5.59387e-05 0.000221614 0.000467122 0.000715814 0.000865611 0.000860687 0.000736132 0.000571843 0.000425997 0.00031865 0.00024779 0.000205149 0.000183383 0.000177911 0.000186788 0.00021004 0.000248557 0.000301694 0.00036181 0.000403989 0.000376691 0.000233324 5.77158e-05 2.09652e-06 3.31958e-09 2.91353e-13 2.52527e-16 8.15567e-15 1.18719e-15 1.32512e-11 3.29666e-08 2.72455e-06 1.56002e-05 2.1515e-05 1.56448e-05 8.39776e-06 3.6421e-06 1.20342e-06 2.19076e-07 0 
0 3.72279e-05 0.00015035 0.000330323 0.000546901 0.000747958 0.000878152 0.000910705 0.000861264 0.000769468 0.000671909 0.000589967 0.000531825 0.000498587 0.00048882 0.000500601 0.000531637 0.000577866 0.000630585 0.000672248 0.000672531 0.0005908 0.00040197 0.000164581 2.58726e-05 9.56972e-07 1.02067e-08 1.70176e-10 4.94208e-11 5.27074e-10 3.29666e-08 1.16627e-06 8.76236e-06 1.77886e-05 1.68445e-05 1.08387e-05 5.60471e-06 2.40415e-06 7.91857e-07 1.44023e-07 0 
0 2.36831e-05 9.65858e-05 0.000216695 0.000373359 0.000545619 0.000705121 0.0008255 0.000893473 0.000912951 0.000899525 0.000871306 0.000842651 0.000822295 0.000813989 0.000817602 0.000829694 0.000843454 0.000848393 0.000830475 0.000773486 0.00066258 0.000492611 0.000286564 0.000111154 2.50237e-05 3.72896e-06 6.92031e-07 3.67833e-07 7.15148e-07 2.72455e-06 8.76236e-06 1.58143e-05 1.65896e-05 1.21438e-05 7.14356e-06 3.58791e-06 1.5252e-06 5.00988e-07 9.10466e-08 0 
0 1.43456e-05 5.87751e-05 0.000133155 0.000233716 0.000352473 0.00047763 0.000595727 0.000695202 0.00076963 0.000818724 0.000846786 0.000859934 0.000863656 0.000861399 0.000854112 0.000840407 0.000817117 0.000780128 0.000725421 0.000650091 0.000553178 0.000436695 0.000308334 0.000185735 9.29717e-05 4.12657e-05 1.98844e-05 1.32276e-05 1.29649e-05 1.56002e-05 1.77886e-05 1.65896e-05 1.24951e-05 7.94707e-06 4.43306e-06 2.18565e-06 9.23433e-07 3.02734e-07 5.49839e-08 0 
0 8.20787e-06 3.36967e-05 7.66614e-05 0.000135628 0.000207319 0.000286794 0.000368004 0.000444784 0.000511987 0.0005663 0.000606406 0.000632528 0.000645674 0.000646938 0.000637101 0.000616551 0.000585484 0.000544234 0.000493582 0.000434915 0.000370192 0.000301867 0.000233119 0.000168465 0.000113704 7.35163e-05 4.82695e-05 3.4233e-05 2.65902e-05 2.1515e-05 1.68445e-05 1.21438e-05 7.94707e-06 4.73578e-06 2.57193e-06 1.25532e-06 5.28478e-07 1.73045e-07 3.14169e-08 0 
0 4.37371e-06 1.79711e-05 4.09548e-05 7.2685e-05 0.000111698 0.000155781 0.000202169 0.000247855 0.000289966 0.000326099 0.000354531 0.000374253 0.000384878 0.000386488 0.000379501 0.000364599 0.000342703 0.000314969 0.000282769 0.000247623 0.000211095 0.000174703 0.000139889 0.000108072 8.06193e-05 5.8547e-05 4.20286e-05 3.0252e-05 2.18678e-05 1.56448e-05 1.08387e-05 7.14356e-06 4.43306e-06 2.57193e-06 1.38018e-06 6.70374e-07 2.81702e-07 9.21794e-08 1.67317e-08 0 
0 2.11754e-06 8.70367e-06 1.9848e-05 3.52673e-05 5.43034e-05 7.59616e-05 9.89905e-05 0.000121998 0.000143586 0.000162489 0.000177679 0.00018843 0.000194344 0.000195335 0.000191599 0.000183574 0.00017189 0.000157322 0.000140731 0.000122998 0.000104968 8.73934e-05 7.09098e-05 5.60272e-05 4.31188e-05 3.23869e-05 2.38195e-05 1.7195e-05 1.21696e-05 8.39776e-06 5.60471e-06 3.58791e-06 2.18565e-06 1.25532e-06 6.70374e-07 3.24918e-07 1.36418e-07 4.46244e-08 8.09889e-09 0 
0 8.8861e-07 3.65289e-06 8.33215e-06 1.48114e-05 2.28219e-05 3.19572e-05 4.1705e-05 5.14902e-05 6.07269e-05 6.88693e-05 7.54578e-05 8.01524e-05 8.27529e-05 8.3203e-05 8.15835e-05 7.80942e-05 7.30293e-05 6.67473e-05 5.9639e-05 5.20963e-05 4.44839e-05 3.71179e-05 3.02527e-05 2.40745e-05 1.87006e-05 1.41797e-05 1.04957e-05 7.58027e-06 5.33253e-06 3.6421e-06 2.40415e-06 1.5252e-06 9.23433e-07 5.28478e-07 2.81702e-07 1.36418e-07 5.72542e-08 1.87259e-08 3.39836e-09 0 
0 2.90616e-07 1.19472e-06 2.72535e-06 4.84536e-06 7.46764e-06 1.04605e-05 1.36575e-05 1.68719e-05 1.99118e-05 2.25974e-05 2.47752e-05 2.63304e-05 2.71939e-05 2.7345e-05 2.68099e-05 2.56559e-05 2.39822e-05 2.19098e-05 1.95698e-05 1.70925e-05 1.45983e-05 1.21904e-05 9.95009e-06 7.93538e-06 6.18063e-06 4.69866e-06 3.48377e-06 2.51619e-06 1.76706e-06 1.20342e-06 7.91857e-07 5.00988e-07 3.02734e-07 1.73045e-07 9.21794e-08 4.46244e-08 1.87259e-08 6.1242e-09 1.11139e-09 0 
0 5.27393e-08 2.16814e-07 4.94604e-07 8.79393e-07 1.35542e-06 1.89884e-06 2.47957e-06 3.06371e-06 3.61648e-06 4.10513e-06 4.50168e-06 4.78504e-06 4.94248e-06 4.97013e-06 4.87273e-06 4.66258e-06 4.35789e-06 3.9808e-06 3.5553e-06 3.10516e-06 2.65229e-06 2.21536e-06 1.80906e-06 1.44369e-06 1.12531e-06 8.56092e-07 6.3502e-07 4.58646e-07 3.21944e-07 2.19076e-07 1.44023e-07 9.10466e-08 5.49839e-08 3.14169e-08 1.67317e-08 8.09889e-09 3.39836e-09 1.11139e-09 2.01686e-10 0 
0 0 0 0 0 0 0 0 0 0 0 0 0 0 0 0 0 0 0 0 0 0 0 0 0 0 0 0 0 0 0 0 0 0 0 0 0 0 0 0 0 
