0 0 0 0 0 0 0 0 0 0 0 0 0 0 0 0 0 0 0 0 0 0 0 0 0 0 0 0 0 0 0 0 0 0 0 0 0 0 0 0 0 
0 1.32793e-05 5.21529e-05 0.000109455 0.00017044 0.000218421 0.000243542 0.000246316 0.000233916 0.000214633 0.000194726 0.000177842 0.000165656 0.000158699 0.000156966 0.000160238 0.000168167 0.000180198 0.000195395 0.000212228 0.000228454 0.0002412 0.000247362 0.00024432 0.000230783 0.000207408 0.000176818 0.000142897 0.000109627 8.00518e-05 5.57943e-05 3.71765e-05 2.36667e-05 1.4341e-05 8.20668e-06 4.37344e-06 2.11749e-06 8.88601e-07 2.90615e-07 5.27392e-08 0 
0 5.21529e-05 0.00019195 0.00035522 0.000451024 0.000436987 0.000349121 0.000246813 0.000164114 0.000107939 7.31558e-05 5.27793e-05 4.15195e-05 3.61548e-05 3.50591e-05 3.77535e-05 4.46777e-05 5.71471e-05 7.73806e-05 0.000108392 0.000153419 0.000214525 0.000290234 0.000372906 0.000447747 0.000495905 0.000502222 0.000463584 0.000391167 0.000304141 0.000220185 0.000149841 9.64262e-05 5.87308e-05 3.36857e-05 1.79687e-05 8.70321e-06 3.65282e-06 1.19471e-06 2.16814e-07 0 
0 0.000109455 0.00035522 0.000515815 0.000450865 0.000272185 0.000128454 5.26801e-05 2.04852e-05 8.14565e-06 3.54017e-06 1.77874e-06 1.07833e-06 8.1028e-07 7.62299e-07 8.92152e-07 1.27194e-06 2.13833e-06 4.07147e-06 8.40114e-06 1.79767e-05 3.82969e-05 7.8407e-05 0.000149826 0.000260879 0.000405506 0.000552719 0.000652005 0.00066313 0.000586687 0.000460363 0.000327817 0.000215903 0.000132937 7.66088e-05 4.09436e-05 1.9846e-05 8.33183e-06 2.72532e-06 4.94602e-07 0 
0 0.00017044 0.000451024 0.000450865 0.000233321 7.58557e-05 1.81764e-05 3.65729e-06 6.96111e-07 1.40519e-07 3.3447e-08 1.028e-08 4.3729e-09 2.68888e-09 2.42789e-09 3.18281e-09 5.84734e-09 1.42574e-08 4.31334e-08 1.50425e-07 5.61871e-07 2.10049e-06 7.41763e-06 2.36495e-05 6.5907e-05 0.000157035 0.000314498 0.000520653 0.00070201 0.000768554 0.000695451 0.000538575 0.000370612 0.000232955 0.000135445 7.2647e-05 3.52605e-05 1.48104e-05 4.84525e-06 8.79386e-07 0 
0 0.000218421 0.000436987 0.000272185 7.58557e-05 1.19233e-05 1.26403e-06 1.06441e-07 8.40912e-09 7.36116e-10 8.34353e-11 1.39969e-11 3.84861e-12 1.84869e-12 1.58695e-12 2.39234e-12 6.00609e-12 2.31499e-11 1.23898e-10 8.24978e-10 6.12345e-09 4.57707e-08 3.15806e-07 1.87892e-06 9.19432e-06 3.60065e-05 0.000111459 0.000270883 0.000511401 0.000740319 0.000823694 0.000727707 0.000538327 0.000350378 0.000206815 0.000111594 5.4285e-05 2.28192e-05 7.46734e-06 1.3554e-06 0 
0 0.000243542 0.000349121 0.000128454 1.81764e-05 1.26403e-06 5.29397e-08 1.64767e-09 4.7675e-11 1.60808e-12 7.81813e-14 6.57375e-15 1.09859e-15 3.98067e-16 3.22523e-16 5.70262e-16 2.04462e-15 1.32874e-14 1.36306e-13 1.89798e-12 3.08475e-11 5.08787e-10 7.55081e-09 9.17045e-08 8.52807e-07 5.84625e-06 2.91701e-05 0.000106367 0.000285275 0.000560284 0.000798944 0.000840692 0.000689699 0.000472907 0.000285633 0.000155542 7.59197e-05 3.19512e-05 1.04598e-05 1.8988e-06 0 
0 0.000246316 0.000246813 5.26801e-05 3.65729e-06 1.06441e-07 1.64767e-09 1.76602e-11 1.74434e-13 2.12147e-15 4.17036e-17 1.68755e-18 1.81009e-19 5.98348e-20 4.85887e-20 8.54327e-20 3.82919e-19 4.20045e-18 8.62797e-17 2.64468e-15 9.93808e-14 3.82245e-12 1.28817e-10 3.3627e-09 6.23149e-08 7.79042e-07 6.45798e-06 3.58465e-05 0.000136379 0.000361563 0.000666642 0.000855966 0.000798766 0.000586764 0.000365715 0.000201692 9.89075e-05 4.16931e-05 1.36563e-05 2.47949e-06 0 
0 0.000233916 0.000164114 2.04852e-05 6.96111e-07 8.40912e-09 4.7675e-11 1.74434e-13 5.83189e-16 2.54027e-18 2.35261e-20 1.69714e-21 5.31083e-22 3.03495e-22 2.687e-22 3.45684e-22 7.04666e-22 2.7515e-21 5.22723e-20 3.34116e-18 2.92029e-16 2.6364e-14 2.03073e-12 1.14718e-10 4.26667e-09 9.79927e-08 1.35789e-06 1.14861e-05 6.14364e-05 0.000215867 0.000506913 0.000794909 0.000854328 0.000680561 0.000440849 0.000247021 0.000121852 5.14695e-05 1.68697e-05 3.06358e-06 0 
0 0.000214633 0.000107939 8.14565e-06 1.40519e-07 7.36116e-10 1.60808e-12 2.12147e-15 2.54027e-18 5.27354e-21 1.11605e-22 2.23771e-23 1.45845e-23 1.17884e-23 1.102e-23 1.1724e-23 1.41728e-23 2.42322e-23 1.53895e-22 6.40892e-21 1.1239e-18 2.27812e-16 3.84492e-14 4.51952e-12 3.25836e-10 1.33492e-08 3.01896e-07 3.81419e-06 2.81008e-05 0.00012759 0.000371354 0.000698945 0.000862869 0.000748586 0.000505991 0.000288665 0.000143358 6.06945e-05 1.99084e-05 3.61628e-06 0 
0 0.000194726 7.31558e-05 3.54017e-06 3.3447e-08 8.34353e-11 7.81813e-14 4.17036e-17 2.35261e-20 1.11605e-22 4.5509e-24 1.29391e-24 1.11899e-24 1.08836e-24 1.05224e-24 1.00343e-24 9.27519e-25 1.03551e-24 3.12019e-24 5.91073e-23 8.44567e-21 3.30356e-18 1.11838e-15 2.51893e-13 3.26837e-11 2.23966e-09 7.83375e-08 1.41527e-06 1.38552e-05 7.86373e-05 0.00027438 0.00060264 0.000841554 0.000791514 0.000558075 0.000324269 0.000162166 6.88235e-05 2.25925e-05 4.10485e-06 0 
0 0.000177842 5.27793e-05 1.77874e-06 1.028e-08 1.39969e-11 6.57375e-15 1.68755e-18 1.69714e-21 2.23772e-23 1.29391e-24 2.30793e-25 1.49916e-25 1.49788e-25 1.46417e-25 1.31337e-25 1.06911e-25 1.03497e-25 2.88784e-25 3.92114e-24 2.59857e-22 1.04443e-19 6.17401e-17 2.36423e-14 4.95557e-12 5.16864e-10 2.58231e-08 6.25266e-07 7.7246e-06 5.25306e-05 0.000211565 0.000524317 0.000808639 0.000814469 0.000596107 0.000352183 0.00017726 7.53984e-05 2.4769e-05 4.50132e-06 0 
0 0.000165656 4.15195e-05 1.07833e-06 4.3729e-09 3.84861e-12 1.09859e-15 1.81009e-19 5.31083e-22 1.45845e-23 1.119e-24 1.49916e-25 4.04314e-26 2.70674e-26 2.44848e-26 2.09904e-26 1.67633e-26 2.07927e-26 9.15279e-26 1.12631e-24 4.27052e-23 9.25102e-21 7.6017e-18 4.26803e-15 1.26423e-12 1.78527e-10 1.15376e-08 3.45217e-07 5.0461e-06 3.90832e-05 0.000174246 0.000469889 0.000777756 0.000824046 0.000620614 0.000371484 0.000187933 8.00817e-05 2.6323e-05 4.78462e-06 0 
0 0.000158699 3.61548e-05 8.1028e-07 2.68888e-09 1.84869e-12 3.98067e-16 5.98348e-20 3.03495e-22 1.17885e-23 1.08837e-24 1.49788e-25 2.70675e-26 8.23388e-27 4.96336e-27 3.90457e-27 3.81632e-27 9.54127e-27 5.97901e-26 6.70719e-25 1.85807e-23 2.59989e-21 2.30928e-18 1.60997e-15 5.80187e-13 9.72912e-11 7.27633e-09 2.45517e-07 3.94851e-06 3.2921e-05 0.000155395 0.000439281 0.000756775 0.000825893 0.000632817 0.000381852 0.000193797 8.26751e-05 2.71857e-05 4.94201e-06 0 
0 0.000156966 3.50591e-05 7.62299e-07 2.42789e-09 1.58695e-12 3.22523e-16 4.85887e-20 2.687e-22 1.102e-23 1.05224e-24 1.46418e-25 2.44848e-26 4.96337e-27 1.57775e-27 1.02131e-27 1.7304e-27 7.69618e-27 5.3692e-26 5.92373e-25 1.55394e-23 2.01302e-21 1.79197e-18 1.3065e-15 4.90399e-13 8.52305e-11 6.57143e-09 2.27357e-07 3.72976e-06 3.15743e-05 0.00015081 0.000430662 0.000748872 0.000823434 0.000633911 0.000383408 0.000194777 8.31235e-05 2.73366e-05 4.96965e-06 0 
0 0.000160238 3.77535e-05 8.92152e-07 3.18281e-09 2.39234e-12 5.70262e-16 8.54327e-20 3.45685e-22 1.1724e-23 1.00343e-24 1.31337e-25 2.09904e-26 3.90458e-27 1.02131e-27 6.73184e-28 1.60976e-27 8.14077e-27 5.99559e-26 7.31255e-25 2.32074e-23 3.90499e-21 3.45061e-18 2.22813e-15 7.49258e-13 1.18274e-10 8.40358e-09 2.71821e-07 4.22621e-06 3.43224e-05 0.000158798 0.000442195 0.000753765 0.000817522 0.00062466 0.00037657 0.000191069 8.15078e-05 2.68019e-05 4.87228e-06 0 
0 0.000168167 4.46777e-05 1.27194e-06 5.84734e-09 6.00609e-12 2.04462e-15 3.82919e-19 7.04667e-22 1.41728e-23 9.27521e-25 1.06912e-25 1.67633e-26 3.81632e-27 1.73039e-27 1.60975e-27 2.95657e-27 1.19176e-26 9.02327e-26 1.37251e-24 6.82345e-23 2.02551e-20 1.51529e-17 7.44497e-15 1.95573e-12 2.4868e-10 1.4703e-08 4.08807e-07 5.63468e-06 4.16939e-05 0.00017956 0.000472065 0.000768253 0.000806646 0.00060534 0.000361985 0.000183102 7.80269e-05 2.56487e-05 4.66218e-06 0 
0 0.000180198 5.71471e-05 2.13833e-06 1.42574e-08 2.31499e-11 1.32874e-14 4.20045e-18 2.7515e-21 2.42323e-23 1.03551e-24 1.03497e-25 2.07927e-26 9.54125e-27 7.69615e-27 8.14075e-27 1.19176e-26 3.43804e-26 2.57666e-25 5.83165e-24 5.7016e-22 2.63507e-19 1.33174e-16 4.37741e-14 7.99678e-12 7.39601e-10 3.33633e-08 7.42469e-07 8.57233e-06 5.53142e-05 0.000214265 0.000517152 0.000786017 0.000787438 0.000575958 0.000340513 0.000171497 7.29731e-05 2.39762e-05 4.35755e-06 0 
0 0.000195395 7.73806e-05 4.07147e-06 4.31334e-08 1.23898e-10 1.36306e-13 8.62797e-17 5.22723e-20 1.53895e-22 3.12019e-24 2.88784e-25 9.15277e-26 5.979e-26 5.36919e-26 5.99557e-26 9.02325e-26 2.57666e-25 2.26515e-24 9.36011e-23 1.89799e-20 6.72435e-18 1.99258e-15 3.96377e-13 4.59652e-11 2.85309e-09 9.16816e-08 1.54342e-06 1.42753e-05 7.75948e-05 0.00026305 0.000570258 0.000797058 0.000755445 0.000536607 0.000313243 0.000157013 6.67031e-05 2.19051e-05 3.98053e-06 0 
0 0.000212228 0.000108392 8.40114e-06 1.50425e-07 8.24978e-10 1.89798e-12 2.64468e-15 3.34116e-18 6.40892e-21 5.91073e-23 3.92114e-24 1.12631e-24 6.70718e-25 5.92372e-25 7.31253e-25 1.37251e-24 5.83164e-24 9.3601e-23 7.64975e-21 1.36939e-18 2.64323e-16 4.25095e-14 4.76987e-12 3.28915e-10 1.29185e-08 2.80984e-07 3.43068e-06 2.46001e-05 0.000109904 0.000320126 0.000615751 0.000787453 0.000706134 0.000487823 0.000281481 0.0001405 5.96059e-05 1.95662e-05 3.55509e-06 0 
0 0.000228454 0.000153419 1.79767e-05 5.61871e-07 6.12345e-09 3.08475e-11 9.93808e-14 2.92029e-16 1.1239e-18 8.44567e-21 2.59857e-22 4.27052e-23 1.85807e-23 1.55394e-23 2.32074e-23 6.82345e-23 5.7016e-22 1.89799e-20 1.36939e-18 1.30895e-16 1.29175e-14 1.08089e-12 6.55373e-11 2.57275e-09 6.12124e-08 8.64874e-07 7.4005e-06 4.01796e-05 0.00014572 0.000363767 0.000624813 0.000740345 0.000635965 0.000430781 0.000246702 0.000122833 5.20724e-05 1.70899e-05 3.10501e-06 0 
0 0.0002412 0.000214525 3.82969e-05 2.10049e-06 4.57707e-08 5.08787e-10 3.82245e-12 2.6364e-14 2.27812e-16 3.30356e-18 1.04443e-19 9.25102e-21 2.59989e-21 2.01302e-21 3.90499e-21 2.02551e-20 2.63507e-19 6.72435e-18 2.64323e-16 1.29175e-14 6.44455e-13 2.76237e-11 8.84042e-10 1.90664e-08 2.61582e-07 2.26854e-06 1.29689e-05 5.21991e-05 0.00015552 0.000345396 0.00055638 0.000639452 0.000543384 0.00036731 0.000210448 0.000104851 4.44668e-05 1.45964e-05 2.65218e-06 0 
0 0.000247362 0.000290234 7.8407e-05 7.41763e-06 3.15806e-07 7.55081e-09 1.28817e-10 2.03073e-12 3.84492e-14 1.11838e-15 6.17401e-17 7.6017e-18 2.30928e-18 1.79197e-18 3.45061e-18 1.51529e-17 1.33174e-16 1.99258e-15 4.25095e-14 1.08089e-12 2.76237e-11 6.07745e-10 1.00518e-08 1.12071e-07 7.92548e-07 3.63995e-06 1.22646e-05 3.54231e-05 9.41757e-05 0.000216691 0.000382104 0.000477994 0.000430064 0.000299833 0.000174235 8.73076e-05 3.71053e-05 1.2189e-05 2.21528e-06 0 
0 0.00024432 0.000372906 0.000149826 2.36495e-05 1.87892e-06 9.17045e-08 3.3627e-09 1.14718e-10 4.51952e-12 2.51893e-13 2.36423e-14 4.26803e-15 1.60997e-15 1.3065e-15 2.22813e-15 7.44497e-15 4.37741e-14 3.96377e-13 4.76987e-12 6.55373e-11 8.84042e-10 1.00518e-08 8.19367e-08 4.05104e-07 1.08582e-06 1.71604e-06 2.33797e-06 4.46164e-06 1.40365e-05 5.33605e-05 0.000156353 0.000278174 0.000303755 0.000231589 0.000139526 7.08427e-05 3.02428e-05 9.94902e-06 1.80899e-06 0 
0 0.000230783 0.000447747 0.000260879 6.5907e-05 9.19432e-06 8.52807e-07 6.23149e-08 4.26667e-09 3.25836e-10 3.26837e-11 4.95557e-12 1.26423e-12 5.80187e-13 4.90399e-13 7.49258e-13 1.95573e-12 7.99678e-12 4.59652e-11 3.28915e-10 2.57275e-09 1.90664e-08 1.12071e-07 4.05104e-07 6.32792e-07 3.12908e-07 5.82898e-08 1.20193e-08 1.1992e-08 9.19835e-08 1.85976e-06 2.41145e-05 0.000107111 0.000182509 0.000167222 0.000107765 5.59707e-05 2.40663e-05 7.9345e-06 1.44364e-06 0 
0 0.000207408 0.000495905 0.000405506 0.000157035 3.60065e-05 5.84625e-06 7.79042e-07 9.79927e-08 1.33492e-08 2.23966e-09 5.16864e-10 1.78527e-10 9.72912e-11 8.52305e-11 1.18274e-10 2.4868e-10 7.39601e-10 2.85309e-09 1.29185e-08 6.12124e-08 2.61582e-07 7.92548e-07 1.08582e-06 3.12908e-07 8.35253e-09 2.63727e-11 1.23642e-13 3.69552e-14 2.96042e-12 2.66818e-09 8.51549e-07 2.36954e-05 9.08301e-05 0.000112668 8.0351e-05 4.30695e-05 1.86936e-05 6.1799e-06 1.12526e-06 0 
0 0.000176818 0.000502222 0.000552719 0.000314498 0.000111459 2.91701e-05 6.45798e-06 1.35789e-06 3.01896e-07 7.83375e-08 2.58231e-08 1.15376e-08 7.27633e-09 6.57143e-09 8.40358e-09 1.4703e-08 3.33633e-08 9.16816e-08 2.80984e-07 8.64874e-07 2.26854e-06 3.63995e-06 1.71604e-06 5.82898e-08 2.63727e-11 2.80556e-16 2.66278e-15 1.87571e-15 1.52515e-15 2.01629e-13 8.46675e-09 3.44164e-06 3.99976e-05 7.26846e-05 5.83181e-05 3.23452e-05 1.41739e-05 4.69806e-06 8.56059e-07 0 
0 0.000142897 0.000463584 0.000652005 0.000520653 0.000270883 0.000106367 3.58465e-05 1.14861e-05 3.81419e-06 1.41527e-06 6.25266e-07 3.45217e-07 2.45517e-07 2.27357e-07 2.71821e-07 4.08807e-07 7.42469e-07 1.54342e-06 3.43068e-06 7.4005e-06 1.29689e-05 1.22646e-05 2.33797e-06 1.20193e-08 1.23642e-13 2.66278e-15 4.03473e-16 2.34998e-16 1.2088e-16 8.16139e-16 1.32223e-10 6.24304e-07 1.91472e-05 4.76442e-05 4.18482e-05 2.37869e-05 1.04913e-05 3.48332e-06 6.34995e-07 0 
0 0.000109627 0.000391167 0.00066313 0.00070201 0.000511401 0.000285275 0.000136379 6.14364e-05 2.81008e-05 1.38552e-05 7.7246e-06 5.0461e-06 3.94851e-06 3.72976e-06 4.22621e-06 5.63468e-06 8.57233e-06 1.42753e-05 2.46001e-05 4.01796e-05 5.21992e-05 3.54231e-05 4.46164e-06 1.1992e-08 3.69552e-14 1.87571e-15 2.34998e-16 1.42349e-16 6.25641e-16 1.85877e-14 3.7777e-11 3.30228e-07 1.2725e-05 3.3789e-05 3.01246e-05 1.71722e-05 7.57718e-06 2.51588e-06 4.58629e-07 0 
0 8.00518e-05 0.000304141 0.000586687 0.000768554 0.000740319 0.000560284 0.000361563 0.000215867 0.00012759 7.86373e-05 5.25306e-05 3.90832e-05 3.2921e-05 3.15743e-05 3.43224e-05 4.16939e-05 5.53142e-05 7.75948e-05 0.000109904 0.00014572 0.00015552 9.41757e-05 1.40365e-05 9.19835e-08 2.96042e-12 1.52515e-15 1.2088e-16 6.25641e-16 1.14264e-16 7.50718e-16 4.23147e-10 6.53564e-07 1.25467e-05 2.62958e-05 2.1789e-05 1.21558e-05 5.33066e-06 1.76687e-06 3.21934e-07 0 
0 5.57943e-05 0.000220185 0.000460363 0.000695451 0.000823694 0.000798944 0.000666642 0.000506913 0.000371354 0.00027438 0.000211565 0.000174246 0.000155395 0.00015081 0.000158798 0.00017956 0.000214265 0.00026305 0.000320126 0.000363767 0.000345396 0.000216691 5.33605e-05 1.85976e-06 2.66818e-09 2.01629e-13 8.16139e-16 1.85877e-14 7.50718e-16 1.00205e-11 2.85989e-08 2.5642e-06 1.52458e-05 2.13424e-05 1.56029e-05 8.3905e-06 3.64111e-06 1.20332e-06 2.1907e-07 0 
0 3.71765e-05 0.000149841 0.000327817 0.000538575 0.000727707 0.000840692 0.000855966 0.000794909 0.000698945 0.00060264 0.000524317 0.000469889 0.000439281 0.000430662 0.000442195 0.000472065 0.000517152 0.000570258 0.000615751 0.000624813 0.00055638 0.000382104 0.000156353 2.41145e-05 8.51549e-07 8.46675e-09 1.32223e-10 3.7777e-11 4.23147e-10 2.85989e-08 1.08174e-06 8.47016e-06 1.75486e-05 1.67605e-05 1.08199e-05 5.60146e-06 2.4037e-06 7.9181e-07 1.44021e-07 0 
0 2.36667e-05 9.64262e-05 0.000215903 0.000370612 0.000538327 0.000689699 0.000798766 0.000854328 0.000862869 0.000841554 0.000808639 0.000777756 0.000756775 0.000748872 0.000753765 0.000768253 0.000786017 0.000797058 0.000787453 0.000740345 0.000639452 0.000477994 0.000278174 0.000107111 2.36954e-05 3.44164e-06 6.24304e-07 3.30228e-07 6.53564e-07 2.5642e-06 8.47016e-06 1.55587e-05 1.64747e-05 1.21108e-05 7.13645e-06 3.58666e-06 1.52502e-06 5.00969e-07 9.10455e-08 0 
0 1.4341e-05 5.87308e-05 0.000132937 0.000232955 0.000350378 0.000472907 0.000586764 0.000680561 0.000748586 0.000791514 0.000814469 0.000824046 0.000825893 0.000823434 0.000817522 0.000806646 0.000787438 0.000755445 0.000706134 0.000635965 0.000543384 0.000430064 0.000303755 0.000182509 9.08301e-05 3.99976e-05 1.91472e-05 1.2725e-05 1.25467e-05 1.52458e-05 1.75486e-05 1.64747e-05 1.24555e-05 7.93659e-06 4.43078e-06 2.18524e-06 9.23372e-07 3.02727e-07 5.49834e-08 0 
0 8.20668e-06 3.36857e-05 7.66088e-05 0.000135445 0.000206815 0.000285633 0.000365715 0.000440849 0.000505991 0.000558075 0.000596107 0.000620614 0.000632817 0.000633911 0.00062466 0.00060534 0.000575958 0.000536607 0.000487823 0.000430781 0.00036731 0.000299833 0.000231589 0.000167222 0.000112668 7.26846e-05 4.76442e-05 3.3789e-05 2.62958e-05 2.13424e-05 1.67605e-05 1.21108e-05 7.93659e-06 4.73301e-06 2.57131e-06 1.2552e-06 5.2846e-07 1.73043e-07 3.14167e-08 0 
0 4.37344e-06 1.79687e-05 4.09436e-05 7.2647e-05 0.000111594 0.000155542 0.000201692 0.000247021 0.000288665 0.000324269 0.000352183 0.000371484 0.000381852 0.000383408 0.00037657 0.000361985 0.000340513 0.000313243 0.000281481 0.000246702 0.000210448 0.000174235 0.000139526 0.000107765 8.0351e-05 5.83181e-05 4.18482e-05 3.01246e-05 2.1789e-05 1.56029e-05 1.08199e-05 7.13645e-06 4.43078e-06 2.57131e-06 1.38003e-06 6.70345e-07 2.81697e-07 9.21789e-08 1.67316e-08 0 
0 2.11749e-06 8.70321e-06 1.9846e-05 3.52605e-05 5.4285e-05 7.59197e-05 9.89075e-05 0.000121852 0.000143358 0.000162166 0.00017726 0.000187933 0.000193797 0.000194777 0.000191069 0.000183102 0.000171497 0.000157013 0.0001405 0.000122833 0.000104851 8.73076e-05 7.08427e-05 5.59707e-05 4.30695e-05 3.23452e-05 2.37869e-05 1.71722e-05 1.21558e-05 8.3905e-06 5.60146e-06 3.58666e-06 2.18524e-06 1.2552e-06 6.70345e-07 3.24912e-07 1.36417e-07 4.46243e-08 8.09888e-09 0 
0 8.88601e-07 3.65282e-06 8.33183e-06 1.48104e-05 2.28192e-05 3.19512e-05 4.16931e-05 5.14695e-05 6.06945e-05 6.88235e-05 7.53984e-05 8.00817e-05 8.26751e-05 8.31235e-05 8.15078e-05 7.80269e-05 7.29731e-05 6.67031e-05 5.96059e-05 5.20724e-05 4.44668e-05 3.71053e-05 3.02428e-05 2.40663e-05 1.86936e-05 1.41739e-05 1.04913e-05 7.57718e-06 5.33066e-06 3.64111e-06 2.4037e-06 1.52502e-06 9.23372e-07 5.2846e-07 2.81697e-07 1.36417e-07 5.7254e-08 1.87259e-08 3.39836e-09 0 
0 2.90615e-07 1.19471e-06 2.72532e-06 4.84525e-06 7.46734e-06 1.04598e-05 1.36563e-05 1.68697e-05 1.99084e-05 2.25925e-05 2.4769e-05 2.6323e-05 2.71857e-05 2.73366e-05 2.68019e-05 2.56487e-05 2.39762e-05 2.19051e-05 1.95662e-05 1.70899e-05 1.45964e-05 1.2189e-05 9.94902e-06 7.9345e-06 6.1799e-06 4.69806e-06 3.48332e-06 2.51588e-06 1.76687e-06 1.20332e-06 7.9181e-07 5.00969e-07 3.02727e-07 1.73043e-07 9.21789e-08 4.46243e-08 1.87259e-08 6.1242e-09 1.11139e-09 0 
0 5.27392e-08 2.16814e-07 4.94602e-07 8.79386e-07 1.3554e-06 1.8988e-06 2.47949e-06 3.06358e-06 3.61628e-06 4.10485e-06 4.50132e-06 4.78462e-06 4.94201e-06 4.96965e-06 4.87228e-06 4.66218e-06 4.35755e-06 3.98053e-06 3.55509e-06 3.10501e-06 2.65218e-06 2.21528e-06 1.80899e-06 1.44364e-06 1.12526e-06 8.56059e-07 6.34995e-07 4.58629e-07 3.21934e-07 2.1907e-07 1.44021e-07 9.10455e-08 5.49834e-08 3.14167e-08 1.67316e-08 8.09888e-09 3.39836e-09 1.11139e-09 2.01686e-10 0 
0 0 0 0 0 0 0 0 0 0 0 0 0 0 0 0 0 0 0 0 0 0 0 0 0 0 0 0 0 0 0 0 0 0 0 0 0 0 0 0 0 
