0 0 0 0 0 0 0 0 0 0 0 0 0 0 0 0 0 0 0 0 0 0 0 0 0 0 0 0 0 0 0 0 0 0 0 0 0 0 0 0 0 
0 1.32984e-05 5.23152e-05 0.000110109 0.000172157 0.000221703 0.000248472 0.000252526 0.000240851 0.000221811 0.000201843 0.000184767 0.00017238 0.000165283 0.000163503 0.000166822 0.000174875 0.000187068 0.000202405 0.000219282 0.000235375 0.000247736 0.000253226 0.000249251 0.000234615 0.000210123 0.000178552 0.000143886 0.000110128 8.02774e-05 5.58845e-05 3.72087e-05 2.3677e-05 1.43439e-05 8.20743e-06 4.37361e-06 2.11752e-06 8.88607e-07 2.90615e-07 5.27392e-08 0 
0 5.23152e-05 0.00019332 0.000360265 0.000461918 0.000452531 0.000365451 0.000260842 0.000174881 0.000115832 7.89661e-05 5.72339e-05 4.51694e-05 3.9403e-05 3.82202e-05 4.11115e-05 4.85351e-05 6.18655e-05 8.34065e-05 0.00011625 0.000163644 0.000227484 0.000305851 0.000390369 0.000465421 0.000511715 0.000514468 0.000471682 0.000395713 0.000306313 0.000221077 0.00015016 9.65263e-05 5.87586e-05 3.36926e-05 1.79702e-05 8.7035e-06 3.65287e-06 1.19471e-06 2.16814e-07 0 
0 0.000110109 0.000360265 0.000530415 0.000471825 0.000289893 0.000139003 5.78342e-05 2.27921e-05 9.17473e-06 4.03039e-06 2.0427e-06 1.24604e-06 9.39527e-07 8.84421e-07 1.03287e-06 1.4658e-06 2.44793e-06 4.62296e-06 9.45177e-06 2.00296e-05 4.22549e-05 8.56802e-05 0.000162171 0.000279637 0.000430175 0.000579795 0.000676008 0.000679986 0.000596067 0.000464574 0.000329384 0.000216399 0.000133074 7.66419e-05 4.09506e-05 1.98473e-05 8.33203e-06 2.72534e-06 4.94604e-07 0 
0 0.000172157 0.000461918 0.000471825 0.000250115 8.31981e-05 2.03807e-05 4.19213e-06 8.15393e-07 1.67987e-07 4.07109e-08 1.26965e-08 5.45742e-09 3.37526e-09 3.05079e-09 3.98515e-09 7.26522e-09 1.75179e-08 5.22721e-08 1.79489e-07 6.59577e-07 2.42589e-06 8.43427e-06 2.65057e-05 7.28943e-05 0.000171504 0.000339025 0.000553236 0.000734437 0.000792124 0.000708086 0.00054377 0.000372333 0.000233433 0.00013556 7.26709e-05 3.52648e-05 1.4811e-05 4.84532e-06 8.79391e-07 0 
0 0.000221703 0.000452531 0.000289893 8.31981e-05 1.34719e-05 1.47359e-06 1.28196e-07 1.0462e-08 9.44259e-10 1.09952e-10 1.88527e-11 5.26536e-12 2.55132e-12 2.19352e-12 3.28918e-12 8.1631e-12 3.09427e-11 1.62217e-10 1.05524e-09 7.64198e-09 5.57267e-08 3.75495e-07 2.18588e-06 1.04915e-05 4.0399e-05 0.000123165 0.000294786 0.000547092 0.000777253 0.000849539 0.000740297 0.000542886 0.000351692 0.000207132 0.00011166 5.42966e-05 2.28209e-05 7.46753e-06 1.35541e-06 0 
0 0.000248472 0.000365451 0.000139003 2.03807e-05 1.47359e-06 6.44051e-08 2.09644e-09 6.34335e-11 2.23155e-12 1.12592e-13 9.7564e-15 1.66604e-15 6.11e-16 4.96121e-16 8.70755e-16 3.0726e-15 1.95127e-14 1.94546e-13 2.62331e-12 4.1211e-11 6.56847e-10 9.43173e-09 1.11102e-07 1.0055e-06 6.73441e-06 3.29501e-05 0.000118102 0.000311305 0.000599456 0.000836719 0.000863861 0.000699314 0.000475866 0.000286363 0.000155693 7.59461e-05 3.1955e-05 1.04602e-05 1.89883e-06 0 
0 0.000252526 0.000260842 5.78342e-05 4.19213e-06 1.28196e-07 2.09644e-09 2.38077e-11 2.49104e-13 3.19853e-15 6.59618e-17 2.76436e-18 2.92944e-19 9.05315e-20 7.20529e-20 1.33988e-19 6.2878e-19 6.80641e-18 1.34873e-16 3.96588e-15 1.42625e-13 5.24833e-12 1.69462e-10 4.25109e-09 7.60182e-08 9.2162e-07 7.44777e-06 4.04863e-05 0.000151215 0.000393168 0.000708818 0.00088962 0.000815371 0.000592369 0.000367152 0.000201992 9.89598e-05 4.17006e-05 1.36571e-05 2.47954e-06 0 
0 0.000240851 0.000174881 2.27921e-05 8.15393e-07 1.0462e-08 6.34335e-11 2.49104e-13 8.93725e-16 4.15772e-18 3.82628e-20 2.12924e-21 6.08596e-22 3.31658e-22 2.89655e-22 3.86829e-22 8.2871e-22 3.78771e-21 8.71469e-20 5.43244e-18 4.50034e-16 3.84827e-14 2.81263e-12 1.51294e-10 5.38437e-09 1.19025e-07 1.59764e-06 1.31722e-05 6.89966e-05 0.00023773 0.000546041 0.00083546 0.000878544 0.000689695 0.000443317 0.000247545 0.000121944 5.14826e-05 1.68711e-05 3.06366e-06 0 
0 0.000221811 0.000115832 9.17473e-06 1.67987e-07 9.44259e-10 2.23155e-12 3.19853e-15 4.15772e-18 8.54208e-21 1.39447e-22 2.13849e-23 1.25052e-23 9.95801e-24 9.26367e-24 9.95551e-24 1.23939e-23 2.58795e-23 2.06363e-22 1.07865e-20 1.85086e-18 3.52156e-16 5.58837e-14 6.20165e-12 4.24484e-10 1.66212e-08 3.61894e-07 4.43467e-06 3.1894e-05 0.000141867 0.000404095 0.00074181 0.000893728 0.000761684 0.000509746 0.000289482 0.000143501 6.07149e-05 1.99105e-05 3.6164e-06 0 
0 0.000201843 7.89661e-05 4.03039e-06 4.07109e-08 1.09952e-10 1.12592e-13 6.59618e-17 3.82628e-20 1.39447e-22 4.34724e-24 1.01031e-24 7.96705e-25 7.72141e-25 7.45814e-25 7.10284e-25 6.70134e-25 8.80813e-25 3.35467e-24 8.3933e-23 1.43902e-20 5.36956e-18 1.69559e-15 3.57853e-13 4.37819e-11 2.84991e-09 9.54589e-08 1.66526e-06 1.58626e-05 8.80672e-05 0.000300793 0.000644557 0.000877147 0.000808411 0.000563219 0.000325418 0.000162369 6.88523e-05 2.25956e-05 4.10503e-06 0 
0 0.000184767 5.72339e-05 2.0427e-06 1.26965e-08 1.88527e-11 9.7564e-15 2.76436e-18 2.12924e-21 2.1385e-23 1.01031e-24 1.55362e-25 9.36244e-26 9.37086e-26 9.17512e-26 8.18857e-26 6.77836e-26 7.54007e-26 2.65326e-25 4.65245e-24 3.91793e-22 1.75919e-19 9.6835e-17 3.45357e-14 6.7883e-12 6.69274e-10 3.1884e-08 7.42764e-07 8.90367e-06 5.91358e-05 0.000233114 0.000563914 0.000847005 0.000834498 0.000602541 0.000353657 0.000177523 7.54358e-05 2.47729e-05 4.50154e-06 0 
0 0.00017238 4.51694e-05 1.24604e-06 5.45742e-09 5.26536e-12 1.66604e-15 2.92944e-19 6.08597e-22 1.25052e-23 7.96707e-25 9.36246e-26 2.29411e-26 1.51859e-26 1.3833e-26 1.18299e-26 9.71347e-27 1.42126e-26 7.675e-26 1.14772e-24 5.58207e-23 1.55268e-20 1.22102e-17 6.35752e-15 1.75909e-12 2.34007e-10 1.43771e-08 4.12813e-07 5.84306e-06 4.41447e-05 0.000192595 0.000507165 0.000817406 0.000846257 0.000628051 0.000373221 0.000188245 8.01262e-05 2.63277e-05 4.78489e-06 0 
0 0.000165283 3.9403e-05 9.39527e-07 3.37526e-09 2.55132e-12 6.11e-16 9.05315e-20 3.31658e-22 9.95803e-24 7.72143e-25 9.37089e-26 1.5186e-26 4.26735e-27 2.543e-27 2.02245e-27 2.16021e-27 6.60958e-27 4.83355e-26 6.46363e-25 2.29239e-23 4.19436e-21 3.75599e-18 2.42316e-15 8.13971e-13 1.28341e-10 9.11016e-09 2.94575e-07 4.58232e-06 3.72409e-05 0.000171998 0.000474933 0.000796761 0.000849244 0.000640837 0.000383749 0.000194141 8.2724e-05 2.71908e-05 4.94231e-06 0 
0 0.000163503 3.82202e-05 8.84421e-07 3.05079e-09 2.19352e-12 4.96121e-16 7.20529e-20 2.89655e-22 9.26369e-24 7.45816e-25 9.17515e-26 1.38331e-26 2.543e-27 7.57285e-28 5.11721e-28 1.04619e-27 5.44176e-27 4.31947e-26 5.65817e-25 1.89475e-23 3.20539e-21 2.91819e-18 1.96827e-15 6.88435e-13 1.12471e-10 8.2286e-09 2.72765e-07 4.32746e-06 3.57067e-05 0.000166886 0.000465617 0.000788601 0.000846903 0.000642036 0.000385338 0.000195128 8.31735e-05 2.73419e-05 4.96995e-06 0 
0 0.000166822 4.11115e-05 1.03287e-06 3.98515e-09 3.28918e-12 8.70755e-16 1.33988e-19 3.86829e-22 9.95553e-24 7.10286e-25 8.18859e-26 1.18299e-26 2.02245e-27 5.11721e-28 3.73565e-28 1.03938e-27 5.89956e-27 4.9319e-26 7.17425e-25 2.9237e-23 6.41059e-21 5.56647e-18 3.32951e-15 1.04477e-12 1.55222e-10 1.04767e-08 3.24987e-07 4.89037e-06 3.87328e-05 0.000175414 0.000477324 0.000792734 0.000840148 0.00063242 0.000378407 0.000191402 8.15554e-05 2.6807e-05 4.87257e-06 0 
0 0.000174875 4.85351e-05 1.4658e-06 7.26522e-09 8.1631e-12 3.0726e-15 6.2878e-19 8.28711e-22 1.23939e-23 6.70136e-25 6.77838e-26 9.7135e-27 2.16021e-27 1.04619e-27 1.03937e-27 2.04885e-27 9.16697e-27 8.00882e-26 1.47957e-24 9.34175e-23 3.40738e-20 2.39728e-17 1.09444e-14 2.69063e-12 3.22843e-10 1.81737e-08 4.85542e-07 6.48752e-06 4.68684e-05 0.000197681 0.00050795 0.000805807 0.000827539 0.000612335 0.000363624 0.000183399 7.80693e-05 2.56532e-05 4.66243e-06 0 
0 0.000187068 6.18655e-05 2.44793e-06 1.75179e-08 3.09427e-11 1.95127e-14 6.80641e-18 3.78771e-21 2.58795e-23 8.80815e-25 7.54009e-26 1.42126e-26 6.60956e-27 5.44174e-27 5.89954e-27 9.16695e-27 2.94788e-26 2.6251e-25 7.46736e-24 9.14436e-22 4.35771e-19 2.04874e-16 6.28628e-14 1.07923e-11 9.4538e-10 4.07353e-08 8.73492e-07 9.79842e-06 6.18241e-05 0.0002347 0.000553808 0.000821188 0.000805825 0.000581905 0.000341886 0.000171744 7.30085e-05 2.398e-05 4.35776e-06 0 
0 0.000202405 8.34065e-05 4.62296e-06 5.22721e-08 1.62217e-10 1.94546e-13 1.34873e-16 8.71469e-20 2.06363e-22 3.35468e-24 2.65326e-25 7.67499e-26 4.83354e-26 4.31946e-26 4.93189e-26 8.0088e-26 2.6251e-25 2.84745e-24 1.44694e-22 3.20834e-20 1.06955e-17 2.96147e-15 5.53014e-13 6.05713e-11 3.57696e-09 1.10225e-07 1.79396e-06 1.61638e-05 8.60624e-05 0.000286149 0.000606787 0.000828561 0.000770755 0.00054137 0.000314325 0.000157207 6.67309e-05 2.1908e-05 3.9807e-06 0 
0 0.000219282 0.00011625 9.45177e-06 1.79489e-07 1.05524e-09 2.62331e-12 3.96588e-15 5.43244e-18 1.07865e-20 8.3933e-23 4.65245e-24 1.14772e-24 6.46362e-25 5.65816e-25 7.17424e-25 1.47957e-24 7.46736e-24 1.44694e-22 1.30017e-20 2.21664e-18 4.01668e-16 6.07647e-14 6.43987e-12 4.21774e-10 1.58385e-08 3.31779e-07 3.93049e-06 2.75326e-05 0.0001207 0.000345136 0.000650073 0.000813912 0.000718108 0.000491419 0.000282288 0.000140645 5.96267e-05 1.95684e-05 3.55522e-06 0 
0 0.000235375 0.000163644 2.00296e-05 6.59577e-07 7.64198e-09 4.1211e-11 1.42625e-13 4.50034e-16 1.85086e-18 1.43902e-20 3.91793e-22 5.58206e-23 2.29239e-23 1.89475e-23 2.9237e-23 9.34174e-23 9.14436e-22 3.20834e-20 2.21664e-18 2.00442e-16 1.87025e-14 1.48226e-12 8.54269e-11 3.2035e-09 7.32463e-08 1.00109e-06 8.34142e-06 4.43576e-05 0.000158121 0.000387996 0.000653888 0.000760758 0.000644736 0.000433361 0.000247278 0.000122937 5.20874e-05 1.70915e-05 3.10511e-06 0 
0 0.000247736 0.000227484 4.22549e-05 2.42589e-06 5.57267e-08 6.56847e-10 5.24833e-12 3.84827e-14 3.52156e-16 5.36956e-18 1.75919e-19 1.55268e-20 4.19436e-21 3.20539e-21 6.41059e-21 3.40738e-20 4.35771e-19 1.06955e-17 4.01668e-16 1.87025e-14 8.88522e-13 3.63178e-11 1.11175e-09 2.30369e-08 3.05307e-07 2.57279e-06 1.43735e-05 5.67992e-05 0.00016659 0.000364307 0.000577387 0.000653697 0.000549457 0.000369105 0.000210852 0.000104924 4.44775e-05 1.45976e-05 2.65225e-06 0 
0 0.000253226 0.000305851 8.56802e-05 8.43427e-06 3.75495e-07 9.43173e-09 1.69462e-10 2.81263e-12 5.58837e-14 1.69559e-15 9.6835e-17 1.22102e-17 3.75599e-18 2.91819e-18 5.56647e-18 2.39728e-17 2.04874e-16 2.96147e-15 6.07647e-14 1.48226e-12 3.63178e-11 7.66898e-10 1.22078e-08 1.31557e-07 9.04053e-07 4.05731e-06 1.34203e-05 3.81564e-05 9.99725e-05 0.000226747 0.000394214 0.000486974 0.000434162 0.000301095 0.000174526 8.7361e-05 3.71132e-05 1.21898e-05 2.21533e-06 0 
0 0.000249251 0.000390369 0.000162171 2.65057e-05 2.18588e-06 1.11102e-07 4.25109e-09 1.51294e-10 6.20165e-12 3.57853e-13 3.45357e-14 6.35752e-15 2.42316e-15 1.96827e-15 3.32951e-15 1.09444e-14 6.28628e-14 5.53014e-13 6.43987e-12 8.54269e-11 1.11175e-09 1.22078e-08 9.63867e-08 4.63984e-07 1.21941e-06 1.90265e-06 2.56765e-06 4.84353e-06 1.49952e-05 5.59835e-05 0.000161347 0.000283302 0.000306569 0.000232533 0.000139751 7.08842e-05 3.02489e-05 9.94968e-06 1.80903e-06 0 
0 0.000234615 0.000465421 0.000279637 7.28943e-05 1.04915e-05 1.0055e-06 7.60182e-08 5.38437e-09 4.24484e-10 4.37819e-11 6.7883e-12 1.75909e-12 8.13971e-13 6.88435e-13 1.04477e-12 2.69063e-12 1.07923e-11 6.05713e-11 4.21774e-10 3.2035e-09 2.30369e-08 1.31557e-07 4.63984e-07 7.13368e-07 3.51776e-07 6.61503e-08 1.37878e-08 1.37003e-08 1.0246e-07 2.00092e-06 2.5174e-05 0.000109567 0.000184481 0.000167985 0.000107954 5.60055e-05 2.40714e-05 7.93504e-06 1.44367e-06 0 
0 0.000210123 0.000511715 0.000430175 0.000171504 4.0399e-05 6.73441e-06 9.2162e-07 1.19025e-07 1.66212e-08 2.84991e-09 6.69274e-10 2.34007e-10 1.28341e-10 1.12471e-10 1.55222e-10 3.22843e-10 9.4538e-10 3.57696e-09 1.58385e-08 7.32463e-08 3.05307e-07 9.04053e-07 1.21941e-06 3.51776e-07 9.65099e-09 3.20867e-11 1.59802e-13 4.86986e-14 3.63994e-12 3.04864e-09 9.14424e-07 2.4498e-05 9.21338e-05 0.000113302 8.05155e-05 4.30998e-05 1.86979e-05 6.18035e-06 1.12529e-06 0 
0 0.000178552 0.000514468 0.000579795 0.000339025 0.000123165 3.29501e-05 7.44777e-06 1.59764e-06 3.61894e-07 9.54589e-08 3.1884e-08 1.43771e-08 9.11016e-09 8.2286e-09 1.04767e-08 1.81737e-08 4.07353e-08 1.10225e-07 3.31779e-07 1.00109e-06 2.57279e-06 4.05731e-06 1.90265e-06 6.61503e-08 3.20867e-11 3.27869e-16 2.58501e-15 2.08341e-15 9.8542e-16 2.52416e-13 9.4897e-09 3.61427e-06 4.07674e-05 7.3192e-05 5.84581e-05 3.23708e-05 1.41774e-05 4.69843e-06 8.56079e-07 0 
0 0.000143886 0.000471682 0.000676008 0.000553236 0.000294786 0.000118102 4.04863e-05 1.31722e-05 4.43467e-06 1.66526e-06 7.42764e-07 4.12813e-07 2.94575e-07 2.72765e-07 3.24987e-07 4.85542e-07 8.73492e-07 1.79396e-06 3.93049e-06 8.34142e-06 1.43735e-05 1.34203e-05 2.56765e-06 1.37878e-08 1.59802e-13 2.58501e-15 3.51515e-16 2.24933e-16 7.55764e-17 3.8896e-16 1.54242e-10 6.64809e-07 1.95939e-05 4.80252e-05 4.19584e-05 2.38069e-05 1.0494e-05 3.4836e-06 6.35011e-07 0 
0 0.000110128 0.000395713 0.000679986 0.000734437 0.000547092 0.000311305 0.000151215 6.89966e-05 3.1894e-05 1.58626e-05 8.90367e-06 5.84306e-06 4.58232e-06 4.32746e-06 4.89037e-06 6.48752e-06 9.79842e-06 1.61638e-05 2.75326e-05 4.43576e-05 5.67992e-05 3.81564e-05 4.84353e-06 1.37003e-08 4.86986e-14 2.08341e-15 2.24933e-16 9.66089e-17 3.49547e-16 1.13267e-14 4.45119e-11 3.52696e-07 1.30295e-05 3.40595e-05 3.02024e-05 1.71861e-05 7.57907e-06 2.51607e-06 4.5864e-07 0 
0 8.02774e-05 0.000306313 0.000596067 0.000792124 0.000777253 0.000599456 0.000393168 0.00023773 0.000141867 8.80672e-05 5.91358e-05 4.41447e-05 3.72409e-05 3.57067e-05 3.87328e-05 4.68684e-05 6.18241e-05 8.60624e-05 0.0001207 0.000158121 0.00016659 9.99725e-05 1.49952e-05 1.0246e-07 3.63994e-12 9.8542e-16 7.55765e-17 3.49546e-16 9.02896e-17 9.92043e-16 4.83849e-10 6.90489e-07 1.28003e-05 2.64752e-05 2.18371e-05 1.21642e-05 5.33181e-06 1.76699e-06 3.2194e-07 0 
0 5.58845e-05 0.000221077 0.000464574 0.000708086 0.000849539 0.000836719 0.000708818 0.000546041 0.000404095 0.000300793 0.000233114 0.000192595 0.000171998 0.000166886 0.000175414 0.000197681 0.0002347 0.000286149 0.000345136 0.000387996 0.000364307 0.000226747 5.59835e-05 2.00092e-06 3.04864e-09 2.52416e-13 3.8896e-16 1.13267e-14 9.92043e-16 1.18836e-11 3.11903e-08 2.6609e-06 1.54612e-05 2.14476e-05 1.56285e-05 8.39493e-06 3.64172e-06 1.20338e-06 2.19074e-07 0 
0 3.72087e-05 0.00015016 0.000329384 0.00054377 0.000740297 0.000863861 0.00088962 0.00083546 0.00074181 0.000644557 0.000563914 0.000507165 0.000474933 0.000465617 0.000477324 0.00050795 0.000553808 0.000606787 0.000650073 0.000653888 0.000577387 0.000394214 0.000161347 2.5174e-05 9.14424e-07 9.4897e-09 1.54242e-10 4.45119e-11 4.83849e-10 3.11903e-08 1.13257e-06 8.64731e-06 1.76947e-05 1.68117e-05 1.08314e-05 5.60344e-06 2.40398e-06 7.91839e-07 1.44022e-07 0 
0 2.3677e-05 9.65263e-05 0.000216399 0.000372333 0.000542886 0.000699314 0.000815371 0.000878544 0.000893728 0.000877147 0.000847005 0.000817406 0.000796761 0.000788601 0.000792734 0.000805807 0.000821188 0.000828561 0.000813912 0.000760758 0.000653697 0.000486974 0.000283302 0.000109567 2.4498e-05 3.61427e-06 6.64809e-07 3.52696e-07 6.90489e-07 2.6609e-06 8.64731e-06 1.57142e-05 1.65448e-05 1.21309e-05 7.14079e-06 3.58743e-06 1.52513e-06 5.00981e-07 9.10461e-08 0 
0 1.43439e-05 5.87586e-05 0.000133074 0.000233433 0.000351692 0.000475866 0.000592369 0.000689695 0.000761684 0.000808411 0.000834498 0.000846257 0.000849244 0.000846903 0.000840148 0.000827539 0.000805825 0.000770755 0.000718108 0.000644736 0.000549457 0.000434162 0.000306569 0.000184481 9.21338e-05 4.07674e-05 1.95939e-05 1.30295e-05 1.28003e-05 1.54612e-05 1.76947e-05 1.65448e-05 1.24796e-05 7.94299e-06 4.43217e-06 2.18549e-06 9.23409e-07 3.02731e-07 5.49837e-08 0 
0 8.20743e-06 3.36926e-05 7.66419e-05 0.00013556 0.000207132 0.000286363 0.000367152 0.000443317 0.000509746 0.000563219 0.000602541 0.000628051 0.000640837 0.000642036 0.00063242 0.000612335 0.000581905 0.00054137 0.000491419 0.000433361 0.000369105 0.000301095 0.000232533 0.000167985 0.000113302 7.3192e-05 4.80252e-05 3.40595e-05 2.64752e-05 2.14476e-05 1.68117e-05 1.21309e-05 7.94299e-06 4.7347e-06 2.57169e-06 1.25527e-06 5.28471e-07 1.73044e-07 3.14168e-08 0 
0 4.37361e-06 1.79702e-05 4.09506e-05 7.26709e-05 0.00011166 0.000155693 0.000201992 0.000247545 0.000289482 0.000325418 0.000353657 0.000373221 0.000383749 0.000385338 0.000378407 0.000363624 0.000341886 0.000314325 0.000282288 0.000247278 0.000210852 0.000174526 0.000139751 0.000107954 8.05155e-05 5.84581e-05 4.19584e-05 3.02024e-05 2.18371e-05 1.56285e-05 1.08314e-05 7.14079e-06 4.43217e-06 2.57169e-06 1.38012e-06 6.70362e-07 2.817e-07 9.21792e-08 1.67316e-08 0 
0 2.11752e-06 8.7035e-06 1.98473e-05 3.52648e-05 5.42966e-05 7.59461e-05 9.89598e-05 0.000121944 0.000143501 0.000162369 0.000177523 0.000188245 0.000194141 0.000195128 0.000191402 0.000183399 0.000171744 0.000157207 0.000140645 0.000122937 0.000104924 8.7361e-05 7.08842e-05 5.60055e-05 4.30998e-05 3.23708e-05 2.38069e-05 1.71861e-05 1.21642e-05 8.39493e-06 5.60344e-06 3.58743e-06 2.18549e-06 1.25527e-06 6.70362e-07 3.24916e-07 1.36418e-07 4.46244e-08 8.09889e-09 0 
0 8.88607e-07 3.65287e-06 8.33203e-06 1.4811e-05 2.28209e-05 3.1955e-05 4.17006e-05 5.14826e-05 6.07149e-05 6.88523e-05 7.54358e-05 8.01262e-05 8.2724e-05 8.31735e-05 8.15554e-05 7.80693e-05 7.30085e-05 6.67309e-05 5.96267e-05 5.20874e-05 4.44775e-05 3.71132e-05 3.02489e-05 2.40714e-05 1.86979e-05 1.41774e-05 1.0494e-05 7.57907e-06 5.33181e-06 3.64172e-06 2.40398e-06 1.52513e-06 9.23409e-07 5.28471e-07 2.817e-07 1.36418e-07 5.72541e-08 1.87259e-08 3.39836e-09 0 
0 2.90615e-07 1.19471e-06 2.72534e-06 4.84532e-06 7.46753e-06 1.04602e-05 1.36571e-05 1.68711e-05 1.99105e-05 2.25956e-05 2.47729e-05 2.63277e-05 2.71908e-05 2.73419e-05 2.6807e-05 2.56532e-05 2.398e-05 2.1908e-05 1.95684e-05 1.70915e-05 1.45976e-05 1.21898e-05 9.94968e-06 7.93504e-06 6.18035e-06 4.69843e-06 3.4836e-06 2.51607e-06 1.76699e-06 1.20338e-06 7.91839e-07 5.00981e-07 3.02731e-07 1.73044e-07 9.21792e-08 4.46244e-08 1.87259e-08 6.1242e-09 1.11139e-09 0 
0 5.27392e-08 2.16814e-07 4.94604e-07 8.79391e-07 1.35541e-06 1.89883e-06 2.47954e-06 3.06366e-06 3.6164e-06 4.10503e-06 4.50154e-06 4.78489e-06 4.94231e-06 4.96995e-06 4.87257e-06 4.66243e-06 4.35776e-06 3.9807e-06 3.55522e-06 3.10511e-06 2.65225e-06 2.21533e-06 1.80903e-06 1.44367e-06 1.12529e-06 8.56079e-07 6.35011e-07 4.5864e-07 3.2194e-07 2.19074e-07 1.44022e-07 9.10461e-08 5.49837e-08 3.14168e-08 1.67316e-08 8.09889e-09 3.39836e-09 1.11139e-09 2.01686e-10 0 
0 0 0 0 0 0 0 0 0 0 0 0 0 0 0 0 0 0 0 0 0 0 0 0 0 0 0 0 0 0 0 0 0 0 0 0 0 0 0 0 0 
