0 0 0 0 0 0 0 0 0 0 0 0 0 0 0 0 0 0 0 0 0 0 0 0 0 0 0 0 0 0 0 0 0 0 0 0 0 0 0 0 0 
0 1.35e-05 5.40647e-05 0.000117404 0.000192315 0.000262803 0.000314625 0.000341573 0.000346309 0.000336416 0.00031995 0.000303042 0.000289472 0.000281154 0.000278778 0.000282259 0.000290924 0.000303511 0.000318059 0.000331846 0.000341509 0.000343489 0.000334821 0.000314067 0.000282004 0.000241647 0.000197455 0.000154037 0.000114997 8.23623e-05 5.66834e-05 3.74834e-05 2.37619e-05 1.43675e-05 8.21333e-06 4.37492e-06 2.11778e-06 8.88648e-07 2.9062e-07 5.27396e-08 0 
0 5.40647e-05 0.000208544 0.000419942 0.000603983 0.000681201 0.000637762 0.000523453 0.000397414 0.00029287 0.000218058 0.000169259 0.000140114 0.000125464 0.000122251 0.000129396 0.000147518 0.000178649 0.000225771 0.000291816 0.000377727 0.000479546 0.000585553 0.000675895 0.000727411 0.000723396 0.000662716 0.000560878 0.000441763 0.000326826 0.000229037 0.000152879 9.73515e-05 5.89823e-05 3.37468e-05 1.79819e-05 8.70569e-06 3.65321e-06 1.19476e-06 2.16817e-07 0 
0 0.000117404 0.000419942 0.000725074 0.000804724 0.000631952 0.000384003 0.000198628 9.54568e-05 4.59094e-05 2.35058e-05 1.34679e-05 8.96267e-06 7.09163e-06 6.73227e-06 7.6317e-06 1.01569e-05 1.54526e-05 2.59937e-05 4.66e-05 8.57708e-05 0.000156397 0.000273398 0.000444807 0.000656097 0.000858708 0.000983761 0.000984404 0.000869246 0.000690254 0.000503369 0.000342938 0.000220505 0.000134169 7.69011e-05 4.10049e-05 1.98572e-05 8.33355e-06 2.72551e-06 4.94615e-07 0 
0 0.000192315 0.000603983 0.000804724 0.000594015 0.000277109 9.4172e-05 2.6638e-05 7.04311e-06 1.92962e-06 6.00299e-07 2.2906e-07 1.13685e-07 7.61565e-08 6.98189e-08 8.68411e-08 1.42396e-07 2.94393e-07 7.26045e-07 2.0103e-06 5.88098e-06 1.71804e-05 4.77152e-05 0.000120926 0.000270298 0.000517384 0.000826724 0.00108456 0.001169 0.00105795 0.000832617 0.00059029 0.000386778 0.000237283 0.000136458 7.28549e-05 3.52975e-05 1.48159e-05 4.84587e-06 8.79424e-07 0 
0 0.000262803 0.000681201 0.000631952 0.000277109 6.93131e-05 1.18563e-05 1.62849e-06 2.08505e-07 2.86955e-08 4.84085e-09 1.1201e-09 3.87388e-10 2.11387e-10 1.85644e-10 2.58863e-10 5.48878e-10 1.65532e-09 6.53603e-09 3.08598e-08 1.59131e-07 8.24149e-07 3.98982e-06 1.70549e-05 6.17094e-05 0.000183231 0.000435085 0.000806565 0.00114963 0.00127117 0.00113348 0.000860081 0.000582343 0.000362415 0.000209625 0.000112163 5.43846e-05 2.28338e-05 7.46895e-06 1.3555e-06 0 
0 0.000314625 0.000637762 0.000384003 9.4172e-05 1.18563e-05 9.40486e-07 5.69333e-08 3.18796e-09 1.99783e-10 1.67435e-11 2.18697e-12 5.00504e-13 2.1602e-13 1.80591e-13 2.86898e-13 8.15869e-13 3.78748e-12 2.56055e-11 2.22477e-10 2.19232e-09 2.18242e-08 1.98772e-07 1.53224e-06 9.46095e-06 4.52043e-05 0.000163674 0.000441278 0.000869 0.00123983 0.00131552 0.00110425 0.000786466 0.000500564 0.000292165 0.000156858 7.6147e-05 3.19838e-05 1.04633e-05 1.89901e-06 0 
0 0.000341573 0.000523453 0.000198628 2.6638e-05 1.62849e-06 5.69333e-08 1.43284e-09 3.30504e-11 8.91017e-13 3.52755e-14 2.49621e-15 3.66954e-16 1.23158e-16 9.76356e-17 1.78314e-16 6.94287e-16 5.11525e-15 6.15227e-14 1.02762e-12 2.02758e-11 4.06791e-10 7.297e-09 1.05762e-07 1.15358e-06 9.0797e-06 5.06234e-05 0.000198603 0.0005433 0.00102285 0.00133572 0.00127782 0.000975244 0.00064063 0.00037876 0.00020433 9.93594e-05 4.17572e-05 1.36631e-05 2.47989e-06 0 
0 0.000346309 0.000397414 9.54568e-05 7.04311e-06 2.08505e-07 3.18796e-09 3.30504e-11 3.11201e-13 3.57908e-15 6.64462e-17 2.53388e-18 2.40202e-19 6.38777e-20 4.83382e-20 9.96659e-20 5.2445e-19 6.1359e-18 1.31951e-16 4.26296e-15 1.69563e-13 6.90576e-12 2.45779e-10 6.74592e-09 1.30755e-07 1.69999e-06 1.45381e-05 8.19295e-05 0.000306075 0.000754587 0.0012245 0.00135938 0.00112834 0.000771327 0.000463634 0.000251674 0.000122648 5.15815e-05 1.68816e-05 3.06426e-06 0 
0 0.000336416 0.00029287 4.59094e-05 1.92962e-06 2.86955e-08 1.99783e-10 8.91017e-13 3.57908e-15 1.83139e-17 1.66204e-19 3.78653e-21 3.21411e-22 9.89634e-23 7.80853e-23 1.40903e-22 6.78809e-22 1.02343e-20 3.70975e-19 2.24011e-17 1.73499e-15 1.38539e-13 9.46264e-12 4.77011e-10 1.59885e-08 3.35159e-07 4.29664e-06 3.39209e-05 0.000168141 0.000528719 0.00105272 0.00135892 0.00123537 0.000883474 0.000541326 0.000295993 0.000144612 6.08702e-05 1.99269e-05 3.61733e-06 0 
0 0.00031995 0.000218058 2.35058e-05 6.00299e-07 4.84085e-09 1.67435e-11 3.52755e-14 6.64462e-17 1.66204e-19 8.70618e-22 1.78732e-23 1.92485e-24 7.21667e-25 5.9176e-25 9.33275e-25 3.47732e-24 4.38893e-23 2.02753e-21 2.06506e-19 2.88828e-17 4.1965e-15 5.11867e-13 4.43264e-11 2.41991e-09 7.7643e-08 1.42689e-06 1.51673e-05 9.60275e-05 0.000371329 0.000882255 0.00130695 0.00129782 0.00097167 0.000607394 0.00033468 0.000163955 6.90735e-05 2.26187e-05 4.10634e-06 0 
0 0.000303042 0.000169259 1.34679e-05 2.2906e-07 1.1201e-09 2.18697e-12 2.49621e-15 2.53388e-18 3.78653e-21 1.78732e-23 3.53235e-25 3.55275e-26 1.42751e-26 1.19437e-26 1.72439e-26 5.71346e-26 7.01524e-25 3.33013e-23 4.49343e-21 1.00058e-18 2.37094e-16 4.64702e-14 6.266e-12 5.10061e-10 2.31961e-08 5.72631e-07 7.76022e-06 5.98574e-05 0.000272691 0.000745422 0.00123675 0.00132577 0.00103457 0.000658829 0.000365656 0.000179588 7.57235e-05 2.48029e-05 4.50324e-06 0 
0 0.000289472 0.000140114 8.96267e-06 1.13685e-07 3.87388e-10 5.00504e-13 3.66954e-16 2.40202e-19 3.21412e-22 1.92486e-24 3.55279e-26 1.96815e-27 5.3821e-28 4.30236e-28 6.31728e-28 2.7194e-27 4.65354e-26 2.27504e-24 3.01099e-22 8.73097e-20 2.93772e-17 8.11366e-15 1.50725e-12 1.6385e-10 9.5944e-09 2.93361e-07 4.74005e-06 4.21433e-05 0.000215708 0.000651201 0.00117295 0.00133215 0.00107381 0.000694074 0.000387492 0.000190713 8.04702e-05 2.63635e-05 4.7869e-06 0 
0 0.000281154 0.000125464 7.09163e-06 7.61565e-08 2.11387e-10 2.1602e-13 1.23158e-16 6.38777e-20 9.89637e-23 7.21674e-25 1.42754e-26 5.38221e-28 4.7374e-29 2.35825e-29 5.22279e-29 5.20564e-28 1.23971e-26 5.93151e-25 6.98073e-23 2.16417e-20 8.83992e-18 2.96831e-15 6.62015e-13 8.48974e-11 5.74453e-09 1.98537e-07 3.54781e-06 3.42104e-05 0.000187092 0.000597669 0.00112925 0.00132795 0.00109225 0.000712734 0.000399436 0.000196863 8.31039e-05 2.72304e-05 4.94453e-06 0 
0 0.000278778 0.000122251 6.73227e-06 6.98189e-08 1.85644e-10 1.80591e-13 9.76356e-17 4.83382e-20 7.80856e-23 5.91766e-25 1.19439e-26 4.30246e-28 2.35831e-29 5.16103e-30 2.37945e-29 3.66373e-28 9.34759e-27 4.43516e-25 5.07134e-23 1.57698e-20 6.70421e-18 2.34749e-15 5.4471e-13 7.24247e-11 5.05929e-09 1.79673e-07 3.28378e-06 3.225e-05 0.000179106 0.00058024 0.00111065 0.00131965 0.00109246 0.000715178 0.000401357 0.000197914 8.35627e-05 2.73824e-05 4.97223e-06 0 
0 0.000282259 0.000129396 7.6317e-06 8.68411e-08 2.58863e-10 2.86898e-13 1.78314e-16 9.96659e-20 1.40903e-22 9.33283e-25 1.72441e-26 6.31739e-28 5.2228e-29 2.37941e-29 6.48863e-29 6.98433e-28 1.69281e-26 8.49447e-25 1.06269e-22 3.26168e-20 1.24805e-17 3.92504e-15 8.24299e-13 1.0021e-10 6.47565e-09 2.15361e-07 3.73048e-06 3.51075e-05 0.00018855 0.000594879 0.00111597 0.00130859 0.00107583 0.000702219 0.000393669 0.000194058 8.19268e-05 2.68457e-05 4.87475e-06 0 
0 0.000290924 0.000147518 1.01569e-05 1.42396e-07 5.48878e-10 8.15869e-13 6.94287e-16 5.2445e-19 6.7881e-22 3.47734e-24 5.71351e-26 2.71941e-27 5.20557e-28 3.66366e-28 6.98425e-28 4.33012e-27 8.65159e-26 4.6345e-24 6.51638e-22 1.75512e-19 5.24893e-17 1.29382e-14 2.16542e-12 2.14583e-10 1.1603e-08 3.31964e-07 5.08375e-06 4.33625e-05 0.000215379 0.000637934 0.00113887 0.00129137 0.00104247 0.000674964 0.000377234 0.000185765 7.84007e-05 2.56879e-05 4.66439e-06 0 
0 0.000303511 0.000178649 1.54526e-05 2.94393e-07 1.65532e-09 3.78748e-12 5.11525e-15 6.1359e-18 1.02343e-20 4.38893e-23 7.01524e-25 4.65352e-26 1.2397e-26 9.34746e-27 1.69279e-26 8.65156e-26 1.50153e-24 8.27423e-23 1.08342e-20 2.12365e-18 4.38668e-16 7.54654e-14 9.02991e-12 6.61161e-10 2.74505e-08 6.28189e-07 8.01205e-06 5.90425e-05 0.000260984 0.000703459 0.00116723 0.00126076 0.000991676 0.00063482 0.000353286 0.000173723 7.32865e-05 2.40092e-05 4.35942e-06 0 
0 0.000318059 0.000225771 2.59937e-05 7.26045e-07 6.53603e-09 2.56055e-11 6.15227e-14 1.31951e-16 3.70975e-19 2.02753e-21 3.33013e-23 2.27503e-24 5.93148e-25 4.43513e-25 8.49443e-25 4.63449e-24 8.27423e-23 4.11645e-21 3.83587e-19 4.78643e-17 6.21176e-15 6.8085e-13 5.34554e-11 2.67455e-09 7.95876e-08 1.37375e-06 1.39028e-05 8.5137e-05 0.000324721 0.000778068 0.00118199 0.00120721 0.00092272 0.00058357 0.000323341 0.000158773 6.69516e-05 2.19314e-05 3.98204e-06 0 
0 0.000331846 0.000291816 4.66e-05 2.0103e-06 3.08598e-08 2.22477e-10 1.02762e-12 4.26296e-15 2.24011e-17 2.06506e-19 4.49343e-21 3.01099e-22 6.98072e-23 5.07133e-23 1.06268e-22 6.51638e-22 1.08342e-20 3.83587e-19 2.21345e-17 1.63758e-15 1.25102e-13 8.19215e-12 3.96794e-10 1.28077e-08 2.59269e-07 3.22472e-06 2.49251e-05 0.000123057 0.000396231 0.000833789 0.0011568 0.00112066 0.000835541 0.000523386 0.000289089 0.00014183 5.97948e-05 1.95863e-05 3.55625e-06 0 
0 0.000341509 0.000377727 8.57708e-05 5.88098e-06 1.59131e-07 2.19232e-09 2.02758e-11 1.69563e-13 1.73499e-15 2.88828e-17 1.00058e-18 8.73097e-20 2.16417e-20 1.57698e-20 3.26168e-20 1.75512e-19 2.12365e-18 4.78643e-17 1.63758e-15 6.93343e-14 3.00464e-12 1.13125e-10 3.24926e-09 6.49633e-08 8.5848e-07 7.39576e-06 4.22067e-05 0.000164097 0.000442015 0.000822356 0.0010604 0.00099245 0.000731088 0.000456721 0.000252266 0.000123813 5.22128e-05 1.7105e-05 3.10589e-06 0 
0 0.000343489 0.000479546 0.000156397 1.71804e-05 8.24149e-07 2.18242e-08 4.06791e-10 6.90576e-12 1.38539e-13 4.1965e-15 2.37094e-16 2.93772e-17 8.83992e-18 6.70421e-18 1.24805e-17 5.24893e-17 4.38668e-16 6.21176e-15 1.25102e-13 3.00464e-12 7.30006e-11 1.5545e-09 2.58465e-08 3.08964e-07 2.54084e-06 1.43564e-05 5.7748e-05 0.000173284 0.000396722 0.000682783 0.000864216 0.000817004 0.000611212 0.0003861 0.000214536 0.000105579 4.45722e-05 1.46079e-05 2.65285e-06 0 
0 0.000334821 0.000585553 0.000273398 4.77152e-05 3.98982e-06 1.98772e-07 7.297e-09 2.45779e-10 9.46264e-12 5.11867e-13 4.64702e-14 8.11366e-15 2.96831e-15 2.34749e-15 3.92504e-15 1.29382e-14 7.54654e-14 6.8085e-13 8.19215e-12 1.13125e-10 1.5545e-09 1.86872e-08 1.75829e-07 1.18661e-06 5.48878e-06 1.78564e-05 4.54119e-05 0.000102576 0.000215941 0.000395671 0.000564982 0.000595975 0.000478892 0.00031401 0.000177397 8.78779e-05 3.71884e-05 1.2198e-05 2.21581e-06 0 
0 0.000314067 0.000675895 0.000444807 0.000120926 1.70549e-05 1.53224e-06 1.05762e-07 6.74592e-09 4.77011e-10 4.43264e-11 6.266e-12 1.50725e-12 6.62015e-13 5.4471e-13 8.24299e-13 2.16542e-12 9.02991e-12 5.34554e-11 3.96794e-10 3.24926e-09 2.58465e-08 1.75829e-07 8.95367e-07 2.98298e-06 5.96918e-06 7.77742e-06 9.14809e-06 1.46138e-05 3.60656e-05 0.000104404 0.000239047 0.000352239 0.000340571 0.000243199 0.000142192 7.13262e-05 3.03131e-05 9.95661e-06 1.80944e-06 0 
0 0.000282004 0.000727411 0.000656097 0.000270298 6.17094e-05 9.46095e-06 1.15358e-06 1.30755e-07 1.59885e-08 2.41991e-09 5.10061e-10 1.6385e-10 8.48974e-11 7.24247e-11 1.0021e-10 2.14583e-10 6.61161e-10 2.67455e-09 1.28077e-08 6.49633e-08 3.08964e-07 1.18661e-06 2.98298e-06 3.68263e-06 1.7415e-06 3.69843e-07 8.82798e-08 8.2247e-08 4.37465e-07 5.33718e-06 4.44672e-05 0.000146702 0.000210819 0.00017743 0.000110188 5.64084e-05 2.4129e-05 7.94116e-06 1.44402e-06 0 
0 0.000241647 0.000723396 0.000858708 0.000517384 0.000183231 4.52043e-05 9.0797e-06 1.69999e-06 3.35159e-07 7.7643e-08 2.31961e-08 9.5944e-09 5.74453e-09 5.05929e-09 6.47565e-09 1.1603e-08 2.74505e-08 7.95876e-08 2.59269e-07 8.5848e-07 2.54084e-06 5.48878e-06 5.96918e-06 1.7415e-06 6.90986e-08 4.6076e-10 4.60312e-12 1.66711e-12 5.91701e-11 1.8469e-08 2.38751e-06 3.81937e-05 0.000110958 0.000121681 8.25901e-05 4.34709e-05 1.87499e-05 6.18575e-06 1.12559e-06 0 
0 0.000197455 0.000662716 0.000983761 0.000826724 0.000435085 0.000163674 5.06234e-05 1.45381e-05 4.29664e-06 1.42689e-06 5.72631e-07 2.93361e-07 1.98537e-07 1.79673e-07 2.15361e-07 3.31964e-07 6.28189e-07 1.37375e-06 3.22472e-06 7.39576e-06 1.43564e-05 1.78564e-05 7.77742e-06 3.69843e-07 4.6076e-10 1.82415e-14 2.73905e-16 1.63488e-15 1.04303e-16 5.26546e-12 4.41807e-08 6.98045e-06 5.25459e-05 8.01702e-05 6.029e-05 3.26965e-05 1.42221e-05 4.70298e-06 8.56331e-07 0 
0 0.000154037 0.000560878 0.000984404 0.00108456 0.000806565 0.000441278 0.000198603 8.19295e-05 3.39209e-05 1.51673e-05 7.76022e-06 4.74005e-06 3.54781e-06 3.28378e-06 3.73048e-06 5.08375e-06 8.01205e-06 1.39028e-05 2.49251e-05 4.22067e-05 5.7748e-05 4.54119e-05 9.14809e-06 8.82798e-08 4.60312e-12 2.73905e-16 1.30082e-17 4.4758e-17 3.41343e-17 2.85361e-15 1.22035e-09 1.54891e-06 2.66934e-05 5.33784e-05 4.34297e-05 2.4067e-05 1.05292e-05 3.48713e-06 6.35203e-07 0 
0 0.000114997 0.000441763 0.000869246 0.001169 0.00114963 0.000869 0.0005433 0.000306075 0.000168141 9.60275e-05 5.98574e-05 4.21433e-05 3.42104e-05 3.225e-05 3.51075e-05 4.33625e-05 5.90425e-05 8.5137e-05 0.000123057 0.000164097 0.000173284 0.000102576 1.46138e-05 8.2247e-08 1.66711e-12 1.63488e-15 4.47581e-17 6.03908e-18 1.15869e-17 3.25754e-16 4.01002e-10 8.55404e-07 1.79036e-05 3.78838e-05 3.12505e-05 1.73696e-05 7.60367e-06 2.51852e-06 4.58773e-07 0 
0 8.23623e-05 0.000326826 0.000690254 0.00105795 0.00127117 0.00123983 0.00102285 0.000754587 0.000528719 0.000371329 0.000272691 0.000215708 0.000187092 0.000179106 0.00018855 0.000215379 0.000260984 0.000324721 0.000396231 0.000442015 0.000396722 0.000215941 3.60656e-05 4.37465e-07 5.91701e-11 1.04303e-16 3.41343e-17 1.15869e-17 2.97046e-17 4.03357e-14 2.94522e-09 1.44885e-06 1.67582e-05 2.89969e-05 2.24875e-05 1.22765e-05 5.34686e-06 1.7685e-06 3.22023e-07 0 
0 5.66834e-05 0.000229037 0.000503369 0.000832617 0.00113348 0.00131552 0.00133572 0.0012245 0.00105272 0.000882255 0.000745422 0.000651201 0.000597669 0.00058024 0.000594879 0.000637934 0.000703459 0.000778068 0.000833789 0.000822356 0.000682783 0.000395671 0.000104404 5.33718e-06 1.8469e-08 5.26546e-12 2.85361e-15 3.25754e-16 4.03357e-14 1.19707e-10 1.00786e-07 4.38772e-06 1.86764e-05 2.29092e-05 1.59737e-05 8.45391e-06 3.64971e-06 1.20419e-06 2.19119e-07 0 
0 3.74834e-05 0.000152879 0.000342938 0.00059029 0.000860081 0.00110425 0.00127782 0.00135938 0.00135892 0.00130695 0.00123675 0.00117295 0.00112925 0.00111065 0.00111597 0.00113887 0.00116723 0.00118199 0.0011568 0.0010604 0.000864216 0.000564982 0.000239047 4.44672e-05 2.38751e-06 4.41807e-08 1.22035e-09 4.01002e-10 2.94522e-09 1.00786e-07 2.1083e-06 1.14385e-05 1.97849e-05 1.75146e-05 1.09861e-05 5.62992e-06 2.40764e-06 7.9222e-07 1.44044e-07 0 
0 2.37619e-05 9.73515e-05 0.000220505 0.000386778 0.000582343 0.000786466 0.000975244 0.00112834 0.00123537 0.00129782 0.00132577 0.00133215 0.00132795 0.00131965 0.00130859 0.00129137 0.00126076 0.00120721 0.00112066 0.00099245 0.000817004 0.000595975 0.000352239 0.000146702 3.81937e-05 6.98045e-06 1.54891e-06 8.55404e-07 1.44885e-06 4.38772e-06 1.14385e-05 1.79699e-05 1.75168e-05 1.24038e-05 7.19904e-06 3.59759e-06 1.52658e-06 5.01137e-07 9.10553e-08 0 
0 1.43675e-05 5.89823e-05 0.000134169 0.000237283 0.000362415 0.000500564 0.00064063 0.000771327 0.000883474 0.00097167 0.00103457 0.00107381 0.00109225 0.00109246 0.00107583 0.00104247 0.000991676 0.00092272 0.000835541 0.000731088 0.000611212 0.000478892 0.000340571 0.000210819 0.000110958 5.25459e-05 2.66934e-05 1.79036e-05 1.67582e-05 1.86764e-05 1.97849e-05 1.75168e-05 1.28081e-05 8.02916e-06 4.45073e-06 2.18885e-06 9.23908e-07 3.02787e-07 5.49871e-08 0 
0 8.21333e-06 3.37468e-05 7.69011e-05 0.000136458 0.000209625 0.000292165 0.00037876 0.000463634 0.000541326 0.000607394 0.000658829 0.000694074 0.000712734 0.000715178 0.000702219 0.000674964 0.00063482 0.00058357 0.000523386 0.000456721 0.0003861 0.00031401 0.000243199 0.00017743 0.000121681 8.01702e-05 5.33784e-05 3.78838e-05 2.89969e-05 2.29092e-05 1.75146e-05 1.24038e-05 8.02916e-06 4.75736e-06 2.57674e-06 1.25623e-06 5.2862e-07 1.73062e-07 3.14179e-08 0 
0 4.37492e-06 1.79819e-05 4.10049e-05 7.28549e-05 0.000112163 0.000156858 0.00020433 0.000251674 0.000295993 0.00033468 0.000365656 0.000387492 0.000399436 0.000401357 0.000393669 0.000377234 0.000353286 0.000323341 0.000289089 0.000252266 0.000214536 0.000177397 0.000142192 0.000110188 8.25901e-05 6.029e-05 4.34297e-05 3.12505e-05 2.24875e-05 1.59737e-05 1.09861e-05 7.19904e-06 4.45073e-06 2.57674e-06 1.3813e-06 6.70597e-07 2.81738e-07 9.21839e-08 1.6732e-08 0 
0 2.11778e-06 8.70569e-06 1.98572e-05 3.52975e-05 5.43846e-05 7.6147e-05 9.93594e-05 0.000122648 0.000144612 0.000163955 0.000179588 0.000190713 0.000196863 0.000197914 0.000194058 0.000185765 0.000173723 0.000158773 0.00014183 0.000123813 0.000105579 8.78779e-05 7.13262e-05 5.64084e-05 4.34709e-05 3.26965e-05 2.4067e-05 1.73696e-05 1.22765e-05 8.45391e-06 5.62992e-06 3.59759e-06 2.18885e-06 1.25623e-06 6.70597e-07 3.24965e-07 1.36426e-07 4.46255e-08 8.09896e-09 0 
0 8.88648e-07 3.65321e-06 8.33355e-06 1.48159e-05 2.28338e-05 3.19838e-05 4.17572e-05 5.15815e-05 6.08702e-05 6.90735e-05 7.57235e-05 8.04702e-05 8.31039e-05 8.35627e-05 8.19268e-05 7.84007e-05 7.32865e-05 6.69516e-05 5.97948e-05 5.22128e-05 4.45722e-05 3.71884e-05 3.03131e-05 2.4129e-05 1.87499e-05 1.42221e-05 1.05292e-05 7.60367e-06 5.34686e-06 3.64971e-06 2.40764e-06 1.52658e-06 9.23908e-07 5.2862e-07 2.81738e-07 1.36426e-07 5.72556e-08 1.87261e-08 3.39838e-09 0 
0 2.9062e-07 1.19476e-06 2.72551e-06 4.84587e-06 7.46895e-06 1.04633e-05 1.36631e-05 1.68816e-05 1.99269e-05 2.26187e-05 2.48029e-05 2.63635e-05 2.72304e-05 2.73824e-05 2.68457e-05 2.56879e-05 2.40092e-05 2.19314e-05 1.95863e-05 1.7105e-05 1.46079e-05 1.2198e-05 9.95661e-06 7.94116e-06 6.18575e-06 4.70298e-06 3.48713e-06 2.51852e-06 1.7685e-06 1.20419e-06 7.9222e-07 5.01137e-07 3.02787e-07 1.73062e-07 9.21839e-08 4.46255e-08 1.87261e-08 6.12423e-09 1.11139e-09 0 
0 5.27396e-08 2.16817e-07 4.94615e-07 8.79424e-07 1.3555e-06 1.89901e-06 2.47989e-06 3.06426e-06 3.61733e-06 4.10634e-06 4.50324e-06 4.7869e-06 4.94453e-06 4.97223e-06 4.87475e-06 4.66439e-06 4.35942e-06 3.98204e-06 3.55625e-06 3.10589e-06 2.65285e-06 2.21581e-06 1.80944e-06 1.44402e-06 1.12559e-06 8.56331e-07 6.35203e-07 4.58773e-07 3.22023e-07 2.19119e-07 1.44044e-07 9.10553e-08 5.49871e-08 3.14179e-08 1.6732e-08 8.09896e-09 3.39838e-09 1.11139e-09 2.01686e-10 0 
0 0 0 0 0 0 0 0 0 0 0 0 0 0 0 0 0 0 0 0 0 0 0 0 0 0 0 0 0 0 0 0 0 0 0 0 0 0 0 0 0 
