0 0 0 0 0 0 0 0 0 0 0 0 0 0 0 0 0 0 0 0 0 0 0 0 0 0 0 0 0 0 0 0 0 0 0 0 0 0 0 0 0 
0 1.32553e-05 5.19487e-05 0.000108638 0.000168318 0.000214412 0.000237595 0.000238909 0.000225722 0.000206217 0.000186431 0.000169806 0.000157876 0.000151092 0.000149417 0.000152628 0.000160398 0.000172218 0.000187218 0.000203957 0.00022029 0.000233433 0.000240332 0.00023835 0.000226093 0.000204045 0.000174644 0.00014164 0.000108982 7.97587e-05 5.5676e-05 3.71341e-05 2.36531e-05 1.43371e-05 8.20568e-06 4.37321e-06 2.11744e-06 8.88594e-07 2.90614e-07 5.27391e-08 0 
0 5.19487e-05 0.000190236 0.000348988 0.000437809 0.000418522 0.000330111 0.00023076 0.000151965 9.91288e-05 6.67245e-05 4.78795e-05 3.75217e-05 3.26052e-05 3.16061e-05 3.40803e-05 4.04453e-05 5.19465e-05 7.06992e-05 9.96144e-05 0.000141901 0.000199779 0.000272252 0.000352523 0.000426792 0.000476835 0.000487178 0.000453453 0.000385383 0.000301335 0.000219018 0.00014942 9.62929e-05 5.86934e-05 3.36765e-05 1.79667e-05 8.70283e-06 3.65276e-06 1.1947e-06 2.16813e-07 0 
0 0.000108638 0.000348988 0.000498174 0.000426284 0.000252028 0.000116745 4.70753e-05 1.80195e-05 7.06195e-06 3.03033e-06 1.50692e-06 9.06821e-07 6.78617e-07 6.37979e-07 7.48565e-07 1.07309e-06 1.81839e-06 3.49623e-06 7.29346e-06 1.57867e-05 3.40214e-05 7.04435e-05 0.000136105 0.00023966 0.000377019 0.000520699 0.000622875 0.000642141 0.000574736 0.000454895 0.000325753 0.000215242 0.000132754 7.65642e-05 4.09341e-05 1.98442e-05 8.33156e-06 2.72528e-06 4.946e-07 0 
0 0.000168318 0.000437809 0.000426284 0.000214365 6.7842e-05 1.58388e-05 3.10485e-06 5.7591e-07 1.13461e-07 2.64323e-08 7.98352e-09 3.35389e-09 2.04803e-09 1.84696e-09 2.43161e-09 4.50867e-09 1.11411e-08 3.42662e-08 1.21737e-07 4.63663e-07 1.76733e-06 6.35759e-06 2.06173e-05 5.83511e-05 0.000141065 0.000286764 0.000482722 0.000663003 0.000739264 0.000679302 0.00053179 0.00036833 0.000232314 0.000135291 7.26146e-05 3.52546e-05 1.48095e-05 4.84514e-06 8.7938e-07 0 
0 0.000214412 0.000418522 0.000252028 6.7842e-05 1.02957e-05 1.05166e-06 8.5183e-08 6.47362e-09 5.46331e-10 5.99573e-11 9.79838e-12 2.64418e-12 1.25695e-12 1.07697e-12 1.63395e-12 4.15921e-12 1.63556e-11 8.97296e-11 6.1438e-10 4.69671e-09 3.61592e-08 2.56649e-07 1.56709e-06 7.84599e-06 3.13391e-05 9.87274e-05 0.00024416 0.000470122 0.00069592 0.000791431 0.0007115 0.000532327 0.000348623 0.000206389 0.000111505 5.42692e-05 2.28169e-05 7.46708e-06 1.35539e-06 0 
0 0.000237595 0.000330111 0.000116745 1.58388e-05 1.05166e-06 4.18601e-08 1.23483e-09 3.3868e-11 1.08623e-12 5.05132e-14 4.09653e-15 6.67056e-16 2.38215e-16 1.92502e-16 3.4341e-16 1.25515e-15 8.38629e-15 8.90222e-14 1.28825e-12 2.1808e-11 3.74737e-10 5.78533e-09 7.28747e-08 7.00005e-07 4.93303e-06 2.51845e-05 9.36658e-05 0.000256205 0.000514793 0.00075312 0.00081144 0.000677189 0.00046898 0.000284653 0.000155338 7.58838e-05 3.1946e-05 1.04592e-05 1.89877e-06 0 
0 0.000238909 0.00023076 4.70753e-05 3.10485e-06 8.5183e-08 1.23483e-09 1.23503e-11 1.1385e-13 1.2974e-15 2.40793e-17 9.38926e-19 1.0628e-19 4.00034e-20 3.35423e-20 5.35743e-20 2.15644e-19 2.35903e-18 5.05243e-17 1.62797e-15 6.4484e-14 2.61526e-12 9.2766e-11 2.53974e-09 4.91135e-08 6.36894e-07 5.44134e-06 3.09487e-05 0.000120254 0.000325937 0.000616924 0.000814407 0.00077746 0.000579383 0.000363793 0.000201288 9.88365e-05 4.16829e-05 1.36552e-05 2.47943e-06 0 
0 0.000225722 0.000151965 1.80195e-05 5.7591e-07 6.47362e-09 3.3868e-11 1.1385e-13 3.4975e-16 1.40906e-18 1.38522e-20 1.38915e-21 4.80773e-22 3.0203e-22 2.74375e-22 3.28257e-22 6.13138e-22 2.05448e-21 2.90601e-20 1.86729e-18 1.73982e-16 1.67631e-14 1.375e-12 8.23648e-11 3.22929e-09 7.76337e-08 1.11736e-06 9.74181e-06 5.33829e-05 0.000191783 0.000461923 0.000745923 0.000823729 0.000668639 0.000437565 0.000246315 0.000121728 5.14518e-05 1.68678e-05 3.06347e-06 0 
0 0.000206217 9.91288e-05 7.06195e-06 1.13461e-07 5.46331e-10 1.08623e-12 1.2974e-15 1.40906e-18 3.14135e-21 9.25955e-23 2.65906e-23 1.86973e-23 1.56054e-23 1.47639e-23 1.52727e-23 1.79931e-23 2.55064e-23 1.16732e-22 3.55234e-21 6.18695e-19 1.35227e-16 2.45732e-14 3.09449e-12 2.37406e-10 1.02674e-08 2.4296e-07 3.18298e-06 2.41215e-05 0.000112125 0.000334435 0.000648158 0.000824455 0.000731651 0.000501018 0.000287568 0.000143164 6.06669e-05 1.99054e-05 3.61611e-06 0 
0 0.000186431 6.67245e-05 3.03033e-06 2.64323e-08 5.99573e-11 5.05132e-14 2.40793e-17 1.38522e-20 9.25955e-23 5.33955e-24 1.95736e-24 1.79586e-24 1.75396e-24 1.70237e-24 1.61563e-24 1.48805e-24 1.42525e-24 3.22216e-24 4.19747e-23 4.5572e-21 1.84668e-18 6.79502e-16 1.65449e-13 2.30325e-11 1.67839e-09 6.18237e-08 1.16449e-06 1.17737e-05 6.85444e-05 0.00024502 0.000553741 0.000797825 0.000769856 0.000551296 0.000322731 0.000161891 6.87843e-05 2.25884e-05 4.10462e-06 0 
0 0.000169806 4.78795e-05 1.50692e-06 7.98352e-09 9.79838e-12 4.09653e-15 9.38926e-19 1.38915e-21 2.65906e-23 1.95736e-24 4.14207e-25 2.82795e-25 2.7925e-25 2.72397e-25 2.4558e-25 2.00611e-25 1.70449e-25 3.60201e-25 3.553e-24 1.71717e-22 5.62233e-20 3.6016e-17 1.50196e-14 3.40008e-12 3.79335e-10 2.00616e-08 5.08674e-07 6.51254e-06 4.55193e-05 0.000187844 0.000478647 0.000761989 0.000788983 0.000587666 0.000350217 0.000176906 7.53477e-05 2.47636e-05 4.50102e-06 0 
0 0.000157876 3.75217e-05 9.06821e-07 3.35389e-09 2.64418e-12 6.67056e-16 1.0628e-19 4.80774e-22 1.86973e-23 1.79586e-24 2.82795e-25 8.53678e-26 5.75233e-26 5.14979e-26 4.43722e-26 3.51759e-26 3.68533e-26 1.25367e-25 1.20998e-24 3.31802e-23 5.13331e-21 4.30982e-18 2.64866e-15 8.51308e-13 1.29125e-10 8.86554e-09 2.78641e-07 4.23148e-06 3.37385e-05 0.000154171 0.000427216 0.000729895 0.000795937 0.000610891 0.00036917 0.000187512 8.00215e-05 2.63166e-05 4.78426e-06 0 
0 0.000151092 3.26052e-05 6.78617e-07 2.04803e-09 1.25695e-12 2.38215e-16 4.00034e-20 3.02031e-22 1.56054e-23 1.75396e-24 2.7925e-25 5.75234e-26 1.92142e-26 1.1752e-26 9.1876e-27 8.35073e-27 1.63937e-26 8.40211e-26 7.6138e-25 1.56101e-23 1.55833e-21 1.29015e-18 9.86772e-16 3.86849e-13 6.98348e-11 5.55959e-09 1.97382e-07 3.30246e-06 2.83705e-05 0.000137285 0.000398625 0.000708705 0.000796436 0.000622354 0.000379329 0.000193336 8.26089e-05 2.71787e-05 4.94162e-06 0 
0 0.000149417 3.16061e-05 6.37979e-07 1.84696e-09 1.07697e-12 1.92502e-16 3.35423e-20 2.74375e-22 1.47639e-23 1.70237e-24 2.72397e-25 5.1498e-26 1.1752e-26 4.05192e-27 2.54918e-27 3.53042e-27 1.27278e-26 7.56059e-26 6.79393e-25 1.32901e-23 1.23228e-21 9.99768e-19 7.99857e-16 3.26736e-13 6.11518e-11 5.02028e-09 1.82801e-07 3.12043e-06 2.72208e-05 0.000133277 0.000390825 0.000701157 0.000793855 0.000623321 0.000380842 0.000194307 8.30559e-05 2.73294e-05 4.96925e-06 0 
0 0.000152628 3.40803e-05 7.48565e-07 2.43161e-09 1.63395e-12 3.4341e-16 5.35743e-20 3.28258e-22 1.52727e-23 1.61563e-24 2.4558e-25 4.43723e-26 9.18761e-27 2.54918e-27 1.52896e-27 3.01089e-27 1.30952e-26 8.27136e-26 8.14478e-25 1.88937e-23 2.26264e-21 1.94648e-18 1.37747e-15 5.03248e-13 8.54196e-11 6.45379e-09 2.19454e-07 3.54707e-06 2.96642e-05 0.000140634 0.000402065 0.000706871 0.000788975 0.000614542 0.000374128 0.000190622 8.14436e-05 2.67951e-05 4.87189e-06 0 
0 0.000160398 4.04453e-05 1.07309e-06 4.50867e-09 4.15921e-12 1.25515e-15 2.15644e-19 6.13139e-22 1.79931e-23 1.48806e-24 2.00611e-25 3.51759e-26 8.35074e-27 3.53042e-27 3.01089e-27 5.0692e-27 1.80421e-26 1.15654e-25 1.39391e-24 5.03193e-23 1.10407e-20 8.74809e-18 4.69384e-15 1.33492e-12 1.81949e-10 1.14081e-08 3.32669e-07 4.75754e-06 3.62011e-05 0.000159649 0.000430855 0.000722854 0.000780208 0.000596207 0.000359806 0.000182705 7.79698e-05 2.56427e-05 4.66183e-06 0 
0 0.000172218 5.19465e-05 1.81839e-06 1.11411e-08 1.63556e-11 8.38629e-15 2.35903e-18 2.05448e-21 2.55064e-23 1.42525e-24 1.70449e-25 3.68533e-26 1.63936e-26 1.27278e-26 1.30952e-26 1.80421e-26 4.58014e-26 2.79333e-25 4.73417e-24 3.44449e-22 1.44508e-19 7.95084e-17 2.83823e-14 5.58544e-12 5.51283e-10 2.62696e-08 6.11084e-07 7.30056e-06 4.83519e-05 0.000191639 0.000474719 0.00074321 0.000764072 0.000568178 0.000338688 0.000171165 7.29255e-05 2.39712e-05 4.35726e-06 0 
0 0.000187218 7.06992e-05 3.49623e-06 3.42662e-08 8.97296e-11 8.90222e-14 5.05243e-17 2.90601e-20 1.16733e-22 3.22216e-24 3.60201e-25 1.25367e-25 8.4021e-26 7.56057e-26 8.27135e-26 1.15654e-25 2.79333e-25 1.90243e-24 5.96078e-23 1.02096e-20 3.85728e-18 1.23986e-15 2.66055e-13 3.30351e-11 2.17651e-09 7.35341e-08 1.28878e-06 1.22945e-05 6.84462e-05 0.000237205 0.000527535 0.000758403 0.0007359 0.000530366 0.000311804 0.000156753 6.66656e-05 2.19011e-05 3.9803e-06 0 
0 0.000203957 9.96144e-05 7.29346e-06 1.21737e-07 6.1438e-10 1.28825e-12 1.62797e-15 1.86729e-18 3.55234e-21 4.19747e-23 3.553e-24 1.20998e-24 7.61379e-25 6.79392e-25 8.14477e-25 1.39391e-24 4.73417e-24 5.96078e-23 4.103e-21 7.69282e-19 1.60151e-16 2.77158e-14 3.32999e-12 2.44233e-10 1.01219e-08 2.30279e-07 2.91442e-06 2.1482e-05 9.80881e-05 0.000291783 0.000575139 0.000754724 0.000690791 0.000483108 0.00028041 0.000140307 5.9578e-05 1.95632e-05 3.55492e-06 0 
0 0.00022029 0.000141901 1.57867e-05 4.63663e-07 4.69671e-09 2.1808e-11 6.4484e-14 1.73982e-16 6.18695e-19 4.5572e-21 1.71717e-22 3.31802e-23 1.56101e-23 1.32901e-23 1.88937e-23 5.03193e-23 3.44449e-22 1.02096e-20 7.69282e-19 7.85812e-17 8.29395e-15 7.40646e-13 4.77201e-11 1.97881e-09 4.93764e-08 7.25885e-07 6.41067e-06 3.56652e-05 0.000131944 0.000335927 0.000590036 0.000714949 0.000624716 0.000427409 0.00024594 0.000122696 5.20524e-05 1.70878e-05 3.10489e-06 0 
0 0.000233433 0.000199779 3.40214e-05 1.76733e-06 3.61592e-08 3.74737e-10 2.61526e-12 1.67631e-14 1.35227e-16 1.84668e-18 5.62233e-20 5.13331e-21 1.55832e-21 1.23228e-21 2.26264e-21 1.10407e-20 1.44508e-19 3.85728e-18 1.60151e-16 8.29395e-15 4.38759e-13 1.9908e-11 6.71934e-10 1.52027e-08 2.17387e-07 1.95104e-06 1.14633e-05 4.7147e-05 0.000143046 0.000323422 0.0005311 0.000621727 0.000535632 0.000364982 0.000209918 0.000104754 4.44526e-05 1.45949e-05 2.65209e-06 0 
0 0.000240332 0.000272252 7.04435e-05 6.35759e-06 2.56649e-07 5.78533e-09 9.2766e-11 1.375e-12 2.45732e-14 6.79502e-16 3.6016e-17 4.30982e-18 1.29015e-18 9.99768e-19 1.94648e-18 8.74809e-18 7.95084e-17 1.23986e-15 2.77158e-14 7.40646e-13 1.9908e-11 4.60045e-10 7.96556e-09 9.25017e-08 6.76968e-07 3.19599e-06 1.10082e-05 3.23904e-05 8.76002e-05 0.000204983 0.000367585 0.000466923 0.0004249 0.000298219 0.00017386 8.72384e-05 3.70951e-05 1.21879e-05 2.21522e-06 0 
0 0.00023835 0.000352523 0.000136105 2.06173e-05 1.56709e-06 7.28747e-08 2.53974e-09 8.23648e-11 3.09449e-12 1.65449e-13 1.50196e-14 2.64866e-15 9.86772e-16 7.99857e-16 1.37747e-15 4.69384e-15 2.83823e-14 2.66055e-13 3.32999e-12 4.77201e-11 6.71934e-10 7.96556e-09 6.74581e-08 3.4435e-07 9.44923e-07 1.51628e-06 2.08922e-06 4.04211e-06 1.29621e-05 5.03482e-05 0.000150464 0.000271968 0.000300279 0.000230407 0.000139242 7.07899e-05 3.0235e-05 9.94817e-06 1.80894e-06 0 
0 0.000226093 0.000426792 0.00023966 5.83511e-05 7.84599e-06 7.00005e-07 4.91135e-08 3.22929e-09 2.37406e-10 2.30325e-11 3.40008e-12 8.51308e-13 3.86849e-13 3.26736e-13 5.03248e-13 1.33492e-12 5.58544e-12 3.30351e-11 2.44233e-10 1.97881e-09 1.52027e-08 9.25017e-08 3.4435e-07 5.48168e-07 2.71937e-07 5.00804e-08 1.01915e-08 1.02169e-08 8.07951e-08 1.70306e-06 2.28954e-05 0.000104201 0.000180123 0.000166286 0.000107532 5.59273e-05 2.406e-05 7.93381e-06 1.4436e-06 0 
0 0.000204045 0.000476835 0.000377019 0.000141065 3.13391e-05 4.93303e-06 6.36894e-07 7.76337e-08 1.02674e-08 1.67839e-09 3.79335e-10 1.29125e-10 6.98348e-11 6.11518e-11 8.54196e-11 1.81949e-10 5.51283e-10 2.17651e-09 1.01219e-08 4.93764e-08 2.17387e-07 6.76968e-07 9.44923e-07 2.71937e-07 7.02323e-09 2.0841e-11 9.04966e-14 2.6415e-14 2.30898e-12 2.27353e-09 7.81688e-07 2.27634e-05 8.92764e-05 0.0001119 8.01501e-05 4.30324e-05 1.86883e-05 6.17934e-06 1.12523e-06 0 
0 0.000174644 0.000487178 0.000520699 0.000286764 9.87274e-05 2.51845e-05 5.44134e-06 1.11736e-06 2.4296e-07 6.18237e-08 2.00616e-08 8.86554e-09 5.55959e-09 5.02028e-09 6.45379e-09 1.14081e-08 2.62696e-08 7.35341e-08 2.30279e-07 7.25885e-07 1.95104e-06 3.19599e-06 1.51628e-06 5.00804e-08 2.0841e-11 2.57072e-16 2.66741e-15 1.65328e-15 2.5537e-15 1.53918e-13 7.3827e-09 3.24502e-06 3.90896e-05 7.20756e-05 5.81485e-05 3.23142e-05 1.41695e-05 4.69761e-06 8.56034e-07 0 
0 0.00014164 0.000453453 0.000622875 0.000482722 0.00024416 9.36658e-05 3.09487e-05 9.74181e-06 3.18298e-06 1.16449e-06 5.08674e-07 2.78641e-07 1.97382e-07 1.82801e-07 2.19454e-07 3.32669e-07 6.11084e-07 1.28878e-06 2.91442e-06 6.41067e-06 1.14633e-05 1.10082e-05 2.08922e-06 1.01915e-08 9.04966e-14 2.66741e-15 4.646e-16 2.5668e-16 2.34075e-16 2.04219e-15 1.09874e-10 5.78879e-07 1.86233e-05 4.71887e-05 4.17153e-05 2.37627e-05 1.04879e-05 3.48298e-06 6.34977e-07 0 
0 0.000108982 0.000385383 0.000642141 0.000663003 0.000470122 0.000256205 0.000120254 5.33829e-05 2.41215e-05 1.17737e-05 6.51254e-06 4.23148e-06 3.30246e-06 3.12043e-06 3.54707e-06 4.75754e-06 7.30056e-06 1.22945e-05 2.1482e-05 3.56652e-05 4.7147e-05 3.23904e-05 4.04211e-06 1.02169e-08 2.6415e-14 1.65328e-15 2.5668e-16 2.50105e-16 1.243e-15 3.2777e-14 3.1003e-11 3.05112e-07 1.23684e-05 3.34661e-05 3.0031e-05 1.71554e-05 7.5749e-06 2.51565e-06 4.58617e-07 0 
0 7.97587e-05 0.000301335 0.000574736 0.000739264 0.00069592 0.000514793 0.000325937 0.000191783 0.000112125 6.85444e-05 4.55193e-05 3.37385e-05 2.83705e-05 2.72208e-05 2.96642e-05 3.62011e-05 4.83519e-05 6.84462e-05 9.80881e-05 0.000131944 0.000143046 8.76002e-05 1.29621e-05 8.07951e-08 2.30898e-12 2.55369e-15 2.34075e-16 1.243e-15 1.82988e-16 5.50147e-16 3.60179e-10 6.11797e-07 1.22484e-05 2.60816e-05 2.17311e-05 1.21456e-05 5.32928e-06 1.76674e-06 3.21926e-07 0 
0 5.5676e-05 0.000219018 0.000454895 0.000679302 0.000791431 0.00075312 0.000616924 0.000461923 0.000334435 0.00024502 0.000187844 0.000154171 0.000137285 0.000133277 0.000140634 0.000159649 0.000191639 0.000237205 0.000291783 0.000335927 0.000323422 0.000204983 5.03482e-05 1.70306e-06 2.27353e-09 1.53918e-13 2.0422e-15 3.2777e-14 5.50147e-16 8.16506e-12 2.5769e-08 2.45266e-06 1.4991e-05 2.12165e-05 1.55721e-05 8.38516e-06 3.64038e-06 1.20324e-06 2.19066e-07 0 
0 3.71341e-05 0.00014942 0.000325753 0.00053179 0.0007115 0.00081144 0.000814407 0.000745923 0.000648158 0.000553741 0.000478647 0.000427216 0.000398625 0.000390825 0.000402065 0.000430855 0.000474719 0.000527535 0.000575139 0.000590036 0.0005311 0.000367585 0.000150464 2.28954e-05 7.81688e-07 7.3827e-09 1.09874e-10 3.1003e-11 3.60179e-10 2.5769e-08 1.02371e-06 8.26212e-06 1.73746e-05 1.6699e-05 1.08061e-05 5.59906e-06 2.40337e-06 7.91775e-07 1.44019e-07 0 
0 2.36531e-05 9.62929e-05 0.000215242 0.00036833 0.000532327 0.000677189 0.00077746 0.000823729 0.000824455 0.000797825 0.000761989 0.000729895 0.000708705 0.000701157 0.000706871 0.000722854 0.00074321 0.000758403 0.000754724 0.000714949 0.000621727 0.000466923 0.000271968 0.000104201 2.27634e-05 3.24502e-06 5.78879e-07 3.05112e-07 6.11797e-07 2.45266e-06 8.26212e-06 1.53739e-05 1.63908e-05 1.20867e-05 7.13122e-06 3.58575e-06 1.52489e-06 5.00955e-07 9.10446e-08 0 
0 1.43371e-05 5.86934e-05 0.000132754 0.000232314 0.000348623 0.00046898 0.000579383 0.000668639 0.000731651 0.000769856 0.000788983 0.000795937 0.000796436 0.000793855 0.000788975 0.000780208 0.000764072 0.0007359 0.000690791 0.000624716 0.000535632 0.0004249 0.000300279 0.000180123 8.92764e-05 3.90896e-05 1.86233e-05 1.23684e-05 1.22484e-05 1.4991e-05 1.73746e-05 1.63908e-05 1.24265e-05 7.92889e-06 4.42911e-06 2.18494e-06 9.23326e-07 3.02722e-07 5.49831e-08 0 
0 8.20568e-06 3.36765e-05 7.65642e-05 0.000135291 0.000206389 0.000284653 0.000363793 0.000437565 0.000501018 0.000551296 0.000587666 0.000610891 0.000622354 0.000623321 0.000614542 0.000596207 0.000568178 0.000530366 0.000483108 0.000427409 0.000364982 0.000298219 0.000230407 0.000166286 0.0001119 7.20756e-05 4.71887e-05 3.34661e-05 2.60816e-05 2.12165e-05 1.6699e-05 1.20867e-05 7.92889e-06 4.73097e-06 2.57085e-06 1.25511e-06 5.28446e-07 1.73041e-07 3.14166e-08 0 
0 4.37321e-06 1.79667e-05 4.09341e-05 7.26146e-05 0.000111505 0.000155338 0.000201288 0.000246315 0.000287568 0.000322731 0.000350217 0.00036917 0.000379329 0.000380842 0.000374128 0.000359806 0.000338688 0.000311804 0.00028041 0.00024594 0.000209918 0.00017386 0.000139242 0.000107532 8.01501e-05 5.81485e-05 4.17153e-05 3.0031e-05 2.17311e-05 1.55721e-05 1.08061e-05 7.13122e-06 4.42911e-06 2.57085e-06 1.37993e-06 6.70324e-07 2.81694e-07 9.21784e-08 1.67316e-08 0 
0 2.11744e-06 8.70283e-06 1.98442e-05 3.52546e-05 5.42692e-05 7.58838e-05 9.88365e-05 0.000121728 0.000143164 0.000161891 0.000176906 0.000187512 0.000193336 0.000194307 0.000190622 0.000182705 0.000171165 0.000156753 0.000140307 0.000122696 0.000104754 8.72384e-05 7.07899e-05 5.59273e-05 4.30324e-05 3.23142e-05 2.37627e-05 1.71554e-05 1.21456e-05 8.38516e-06 5.59906e-06 3.58575e-06 2.18494e-06 1.25511e-06 6.70324e-07 3.24908e-07 1.36416e-07 4.46242e-08 8.09888e-09 0 
0 8.88594e-07 3.65276e-06 8.33156e-06 1.48095e-05 2.28169e-05 3.1946e-05 4.16829e-05 5.14518e-05 6.06669e-05 6.87843e-05 7.53477e-05 8.00215e-05 8.26089e-05 8.30559e-05 8.14436e-05 7.79698e-05 7.29255e-05 6.66656e-05 5.9578e-05 5.20524e-05 4.44526e-05 3.70951e-05 3.0235e-05 2.406e-05 1.86883e-05 1.41695e-05 1.04879e-05 7.5749e-06 5.32928e-06 3.64038e-06 2.40337e-06 1.52489e-06 9.23326e-07 5.28446e-07 2.81694e-07 1.36416e-07 5.72538e-08 1.87258e-08 3.39836e-09 0 
0 2.90614e-07 1.1947e-06 2.72528e-06 4.84514e-06 7.46708e-06 1.04592e-05 1.36552e-05 1.68678e-05 1.99054e-05 2.25884e-05 2.47636e-05 2.63166e-05 2.71787e-05 2.73294e-05 2.67951e-05 2.56427e-05 2.39712e-05 2.19011e-05 1.95632e-05 1.70878e-05 1.45949e-05 1.21879e-05 9.94817e-06 7.93381e-06 6.17934e-06 4.69761e-06 3.48298e-06 2.51565e-06 1.76674e-06 1.20324e-06 7.91775e-07 5.00955e-07 3.02722e-07 1.73041e-07 9.21784e-08 4.46242e-08 1.87258e-08 6.12419e-09 1.11139e-09 0 
0 5.27391e-08 2.16813e-07 4.946e-07 8.7938e-07 1.35539e-06 1.89877e-06 2.47943e-06 3.06347e-06 3.61611e-06 4.10462e-06 4.50102e-06 4.78426e-06 4.94162e-06 4.96925e-06 4.87189e-06 4.66183e-06 4.35726e-06 3.9803e-06 3.55492e-06 3.10489e-06 2.65209e-06 2.21522e-06 1.80894e-06 1.4436e-06 1.12523e-06 8.56034e-07 6.34977e-07 4.58617e-07 3.21926e-07 2.19066e-07 1.44019e-07 9.10446e-08 5.49831e-08 3.14166e-08 1.67316e-08 8.09888e-09 3.39836e-09 1.11139e-09 2.01686e-10 0 
0 0 0 0 0 0 0 0 0 0 0 0 0 0 0 0 0 0 0 0 0 0 0 0 0 0 0 0 0 0 0 0 0 0 0 0 0 0 0 0 0 
