0 0 0 0 0 0 0 0 0 0 0 0 0 0 0 0 0 0 0 0 0 0 0 0 0 0 0 0 0 0 0 0 0 0 0 0 0 0 0 0 0 
0 1.36428e-05 5.53373e-05 0.000123002 0.000209098 0.000300763 0.000383148 0.000444893 0.000481975 0.000497411 0.000498036 0.000491151 0.000482574 0.000476067 0.000473491 0.000475158 0.000480103 0.000486273 0.000490696 0.000489801 0.000479994 0.000458485 0.000424194 0.000378333 0.000324324 0.00026696 0.00021113 0.000160693 0.000117914 8.35159e-05 5.70959e-05 3.76172e-05 2.38013e-05 1.4378e-05 8.21587e-06 4.37547e-06 2.11788e-06 8.88664e-07 2.90622e-07 5.27397e-08 0 
0 5.53373e-05 0.000220144 0.000470066 0.000743057 0.000953297 0.00103796 0.000996162 0.000876836 0.000736349 0.00061121 0.000516134 0.000452953 0.000418778 0.000410458 0.000426263 0.000466031 0.000530396 0.000619174 0.000728874 0.000849784 0.00096411 0.00104761 0.00107638 0.00103705 0.000933931 0.000787609 0.00062543 0.000470957 0.000338471 0.000233169 0.000154194 9.77291e-05 5.90803e-05 3.37698e-05 1.79867e-05 8.70658e-06 3.65335e-06 1.19477e-06 2.16818e-07 0 
0 0.000123002 0.000470066 0.000921664 0.00124859 0.00126521 0.00101257 0.000683769 0.000419069 0.000249553 0.000152949 0.000100973 7.42292e-05 6.20468e-05 5.94833e-05 6.52167e-05 8.07176e-05 0.000110419 0.000162509 0.000249601 0.000387546 0.00058936 0.000851881 0.00113936 0.00138035 0.00149592 0.0014478 0.00126251 0.00100748 0.000748235 0.00052432 0.000349584 0.000222382 0.000134645 7.70096e-05 4.1027e-05 1.98611e-05 8.33414e-06 2.72558e-06 4.94619e-07 0 
0 0.000209098 0.000743057 0.00124859 0.00129265 0.000893305 0.000451623 0.000186809 7.04693e-05 2.66564e-05 1.09582e-05 5.22766e-06 3.04018e-06 2.22361e-06 2.07082e-06 2.44115e-06 3.56323e-06 6.21899e-06 1.24221e-05 2.70538e-05 6.11543e-05 0.000136876 0.000290447 0.000561759 0.000956222 0.00139252 0.00170768 0.00176787 0.00157709 0.00124979 0.000906152 0.000614119 0.000393496 0.000238962 0.000136832 7.29294e-05 3.53105e-05 1.48178e-05 4.84608e-06 8.79437e-07 0 
0 0.000300763 0.000953297 0.00126521 0.000893305 0.00037522 0.00010836 2.5005e-05 5.28592e-06 1.15768e-06 2.93067e-07 9.4049e-08 4.1054e-08 2.5493e-08 2.29125e-08 2.95244e-08 5.27539e-08 1.24036e-07 3.59489e-07 1.19533e-06 4.24283e-06 1.50306e-05 5.00921e-05 0.000149381 0.000382016 0.000807101 0.00136629 0.00182576 0.00194864 0.00172466 0.00132785 0.00092658 0.000601424 0.000367167 0.000210671 0.000112367 5.44194e-05 2.28388e-05 7.4695e-06 1.35553e-06 0 
0 0.000383148 0.00103796 0.00101257 0.000451623 0.00010836 1.68483e-05 2.02693e-06 2.22823e-07 2.62119e-08 3.81487e-09 7.77855e-10 2.44463e-10 1.25828e-10 1.08555e-10 1.54851e-10 3.48686e-10 1.15275e-09 5.1122e-09 2.75447e-08 1.63287e-07 9.71499e-07 5.35951e-06 2.57214e-05 0.000102235 0.000323698 0.0007891 0.00144045 0.00195517 0.00203212 0.0017161 0.00125439 0.000831305 0.000511841 0.000294632 0.000157333 7.62267e-05 3.19951e-05 1.04645e-05 1.89909e-06 0 
0 0.000444893 0.000996162 0.000683769 0.000186809 2.5005e-05 2.02693e-06 1.21912e-07 6.65325e-09 4.01514e-10 3.22283e-11 4.03435e-12 8.90241e-13 3.74321e-13 3.08876e-13 4.91265e-13 1.41791e-12 6.75956e-12 4.73446e-11 4.28455e-10 4.40518e-09 4.56823e-08 4.31447e-07 3.42329e-06 2.15192e-05 0.000102937 0.000363557 0.000921996 0.00164543 0.00208931 0.00199752 0.00155877 0.00106454 0.00066362 0.000383801 0.000205292 9.95188e-05 4.17794e-05 1.36655e-05 2.48003e-06 0 
0 0.000481975 0.000876836 0.000419069 7.04693e-05 5.28592e-06 2.22823e-07 6.65325e-09 1.78684e-10 5.48313e-12 2.40764e-13 1.83767e-14 2.83242e-15 9.69672e-16 7.64313e-16 1.3564e-15 5.03121e-15 3.47365e-14 3.86437e-13 5.91305e-12 1.06205e-10 1.93353e-09 3.14631e-08 4.14474e-07 4.12016e-06 2.95726e-05 0.000149322 0.000519729 0.00122093 0.00192679 0.00213191 0.00180537 0.0012819 0.000812267 0.000472698 0.000253399 0.000122931 5.16204e-05 1.68856e-05 3.0645e-06 0 
0 0.000497411 0.000736349 0.000249553 2.66564e-05 1.15768e-06 2.62119e-08 4.01514e-10 5.48313e-12 8.82515e-14 2.17895e-15 1.03692e-16 1.13419e-17 3.18917e-18 2.40416e-18 4.7317e-18 2.22757e-17 2.1881e-16 3.78294e-15 9.55083e-14 2.9207e-12 9.09793e-11 2.48824e-09 5.31575e-08 8.16901e-07 8.5933e-06 6.04125e-05 0.000280505 0.000848341 0.00165273 0.00212984 0.00197542 0.00146749 0.000948061 0.000555845 0.00029876 0.000145064 6.09318e-05 1.99333e-05 3.61769e-06 0 
0 0.000498036 0.00061121 0.000152949 1.09582e-05 2.93067e-07 3.81487e-09 3.22283e-11 2.40764e-13 2.17895e-15 3.21797e-17 1.00431e-18 8.09358e-20 1.91267e-20 1.38537e-20 2.9798e-20 1.72945e-19 2.32304e-18 5.94714e-17 2.34618e-15 1.15329e-13 5.8017e-12 2.52259e-10 8.29927e-09 1.88128e-07 2.77966e-06 2.61433e-05 0.000155726 0.000584938 0.00137214 0.00203919 0.00207036 0.00161194 0.00106312 0.00062833 0.000338686 0.000164608 6.9162e-05 2.26278e-05 4.10685e-06 0 
0 0.000491151 0.000516134 0.000100973 5.22766e-06 9.4049e-08 7.77855e-10 4.03435e-12 1.83767e-14 1.03692e-16 1.00431e-18 2.21957e-20 1.39718e-21 2.87454e-22 2.01482e-22 4.63608e-22 3.17291e-21 5.48609e-20 1.93511e-18 1.10038e-16 7.98295e-15 5.95154e-13 3.78703e-11 1.7767e-09 5.54362e-08 1.08257e-06 1.2913e-05 9.40361e-05 0.000419811 0.00114365 0.00191578 0.00210708 0.00171314 0.00115219 0.000686253 0.000370933 0.000180448 7.58396e-05 2.48148e-05 4.5039e-06 0 
0 0.000482574 0.000452953 7.42292e-05 3.04018e-06 4.1054e-08 2.44463e-10 8.90241e-13 2.83242e-15 1.13419e-17 8.09358e-20 1.39719e-21 7.34387e-23 1.35439e-23 9.22522e-24 2.23682e-23 1.7283e-22 3.57583e-21 1.5865e-19 1.17502e-17 1.1303e-15 1.1212e-13 9.40935e-12 5.71513e-10 2.25047e-08 5.38474e-07 7.63391e-06 6.42711e-05 0.000324664 0.00098469 0.00180207 0.00210812 0.00177442 0.00121272 0.000726971 0.000393859 0.00019175 8.06102e-05 2.63778e-05 4.7877e-06 0 
0 0.000476067 0.000418778 6.20468e-05 2.22361e-06 2.5493e-08 1.25828e-10 3.74321e-13 9.69672e-16 3.18917e-18 1.91267e-20 2.87454e-22 1.35439e-23 2.31308e-24 1.53945e-24 3.86688e-24 3.22136e-23 7.374e-22 3.7169e-20 3.19749e-18 3.61354e-16 4.22184e-14 4.15408e-12 2.9281e-10 1.31896e-08 3.54978e-07 5.56229e-06 5.09328e-05 0.000276342 0.00089226 0.00172172 0.00209287 0.00180132 0.00124425 0.000749125 0.00040651 0.000198018 8.32596e-05 2.72463e-05 4.94541e-06 0 
0 0.000473491 0.000410458 5.94833e-05 2.07082e-06 2.29125e-08 1.08555e-10 3.08876e-13 7.64313e-16 2.40416e-18 1.38537e-20 2.01482e-22 9.22522e-24 1.53945e-24 1.0141e-24 2.55979e-24 2.16337e-23 5.04885e-22 2.60984e-20 2.31622e-18 2.71018e-16 3.28324e-14 3.34905e-12 2.44322e-10 1.13591e-08 3.14443e-07 5.04892e-06 4.72156e-05 0.00026103 0.000857929 0.00168304 0.00207276 0.0017987 0.00124763 0.000752517 0.000408636 0.000199103 8.37234e-05 2.73988e-05 4.97315e-06 0 
0 0.000475158 0.000426263 6.52167e-05 2.44115e-06 2.95244e-08 1.54851e-10 4.91265e-13 1.3564e-15 4.7317e-18 2.9798e-20 4.63609e-22 2.23682e-23 3.86688e-24 2.55979e-24 6.28362e-24 5.05816e-23 1.11136e-21 5.34051e-20 4.35825e-18 4.66751e-16 5.17686e-14 4.85359e-12 3.27634e-10 1.42162e-08 3.70831e-07 5.66657e-06 5.09063e-05 0.000272593 0.000873892 0.00168345 0.00204999 0.00176901 0.00122432 0.000737928 0.000400638 0.000195199 8.20813e-05 2.68615e-05 4.87563e-06 0 
0 0.000480103 0.000466031 8.07176e-05 3.56323e-06 5.27539e-08 3.48686e-10 1.41791e-12 5.03121e-15 2.22757e-17 1.72945e-19 3.17291e-21 1.7283e-22 3.22136e-23 2.16337e-23 5.05816e-23 3.69625e-22 7.11334e-21 2.89712e-19 1.95561e-17 1.71261e-15 1.55175e-13 1.19746e-11 6.7482e-10 2.49104e-08 5.64886e-07 7.67417e-06 6.26064e-05 0.000310002 0.000932746 0.00171137 0.00201813 0.00171203 0.00117613 0.000706942 0.000383476 0.00018679 7.854e-05 2.57022e-05 4.66519e-06 0 
0 0.000486273 0.000530396 0.000110419 6.21899e-06 1.24036e-07 1.15275e-09 6.75956e-12 3.47365e-14 2.1881e-16 2.32304e-18 5.48609e-20 3.57583e-21 7.374e-22 5.04885e-22 1.11136e-21 7.11334e-21 1.12611e-19 3.58601e-18 1.82918e-16 1.18993e-14 7.99015e-13 4.61653e-11 1.98775e-09 5.76228e-08 1.05926e-06 1.20585e-05 8.5063e-05 0.000374147 0.00102292 0.00174529 0.00196385 0.0016257 0.0011052 0.000661795 0.000358555 0.000174592 7.34052e-05 2.40214e-05 4.36011e-06 0 
0 0.000490696 0.000619174 0.000162509 1.24221e-05 3.59489e-07 5.1122e-09 4.73446e-11 3.86437e-13 3.78294e-15 5.94714e-17 1.93511e-18 1.5865e-19 3.7169e-20 2.60984e-20 5.34051e-20 2.89712e-19 3.58601e-18 8.38852e-17 3.01407e-15 1.35091e-13 6.22533e-12 2.49779e-10 7.65335e-09 1.63282e-07 2.29759e-06 2.08672e-05 0.000122193 0.000462035 0.00112046 0.00175212 0.00186937 0.00150755 0.00101422 0.000605207 0.000327581 0.000159477 6.70486e-05 2.19415e-05 3.98261e-06 0 
0 0.000489801 0.000728874 0.000249601 2.70538e-05 1.19533e-06 2.75447e-08 4.28455e-10 5.91305e-12 9.55083e-14 2.34618e-15 1.10038e-16 1.17502e-17 3.19749e-18 2.31622e-18 4.35825e-18 1.95561e-17 1.82918e-16 3.01407e-15 7.26923e-14 2.13017e-12 6.38057e-11 1.68388e-09 3.48336e-08 5.20441e-07 5.35617e-06 3.72785e-05 0.000175217 0.000555588 0.00117933 0.00168745 0.00171571 0.00135586 0.000906377 0.000540181 0.000292409 0.000142387 5.98725e-05 1.95945e-05 3.55672e-06 0 
0 0.000479994 0.000849784 0.000387546 6.11543e-05 4.24283e-06 1.63287e-07 4.40518e-09 1.06205e-10 2.9207e-12 1.15329e-13 7.98295e-15 1.1303e-15 3.61354e-16 2.71018e-16 4.66751e-16 1.71261e-15 1.18993e-14 1.35091e-13 2.13017e-12 3.96252e-11 7.47173e-10 1.25355e-08 1.68891e-07 1.70172e-06 1.23228e-05 6.33252e-05 0.000231706 0.000605763 0.00112733 0.00150095 0.00148545 0.00116988 0.000785082 0.000469738 0.000254885 0.000124259 5.2276e-05 1.71117e-05 3.10628e-06 0 
0 0.000458485 0.00096411 0.00058936 0.000136876 1.50306e-05 9.71499e-07 4.56823e-08 1.93353e-09 9.09793e-11 5.8017e-12 5.95154e-13 1.1212e-13 4.22184e-14 3.28324e-14 5.17686e-14 1.55175e-13 7.99015e-13 6.22533e-12 6.38057e-11 7.47173e-10 8.76473e-09 9.19066e-08 7.86833e-07 5.16234e-06 2.51248e-05 9.06468e-05 0.000248162 0.000529212 0.00088545 0.00115141 0.00116589 0.000949352 0.000653434 0.000396652 0.000216713 0.000105957 4.46264e-05 1.46137e-05 2.65319e-06 0 
0 0.000424194 0.00104761 0.000851881 0.000290447 5.00921e-05 5.35951e-06 4.31447e-07 3.14631e-08 2.48824e-09 2.52259e-10 3.78703e-11 9.40935e-12 4.15408e-12 3.34905e-12 4.85359e-12 1.19746e-11 4.61653e-11 2.49779e-10 1.68388e-09 1.25355e-08 9.19066e-08 5.98957e-07 3.18032e-06 1.28773e-05 3.85367e-05 8.74576e-05 0.000164266 0.00028213 0.000456868 0.000655303 0.000762751 0.000696535 0.0005143 0.000323363 0.000179381 8.82267e-05 3.72386e-05 1.22034e-05 2.21613e-06 0 
0 0.000378333 0.00107638 0.00113936 0.000561759 0.000149381 2.57214e-05 3.42329e-06 4.14474e-07 5.31575e-08 8.29927e-09 1.7767e-09 5.71513e-10 2.9281e-10 2.44322e-10 3.27634e-10 6.7482e-10 1.98775e-09 7.65335e-09 3.48336e-08 1.68891e-07 7.86833e-07 3.18032e-06 1.00461e-05 2.23904e-05 3.31895e-05 3.53243e-05 3.54597e-05 4.67906e-05 8.93951e-05 0.000194937 0.000347785 0.000428446 0.00037252 0.000252295 0.000144167 7.16737e-05 3.03627e-05 9.96191e-06 1.80974e-06 0 
0 0.000324324 0.00103705 0.00138035 0.000956222 0.000382016 0.000102235 2.15192e-05 4.12016e-06 8.16901e-07 1.88128e-07 5.54362e-08 2.25047e-08 1.31896e-08 1.13591e-08 1.42162e-08 2.49104e-08 5.76228e-08 1.63282e-07 5.20441e-07 1.70172e-06 5.16234e-06 1.28773e-05 2.23904e-05 2.1744e-05 9.78901e-06 2.3544e-06 6.44016e-07 5.55341e-07 2.0462e-06 1.50358e-05 8.02055e-05 0.000196499 0.000239612 0.000186622 0.000112231 5.67647e-05 2.41789e-05 7.9464e-06 1.44432e-06 0 
0 0.00026696 0.000933931 0.00149592 0.00139252 0.000807101 0.000323698 0.000102937 2.95726e-05 8.5933e-06 2.77966e-06 1.08257e-06 5.38474e-07 3.54978e-07 3.14443e-07 3.70831e-07 5.64886e-07 1.05926e-06 2.29759e-06 5.35617e-06 1.23228e-05 2.51248e-05 3.85367e-05 3.31895e-05 9.78901e-06 5.75807e-07 8.05113e-09 1.62263e-10 6.51202e-11 1.16311e-09 1.26619e-07 6.62891e-06 6.08658e-05 0.000134168 0.000130599 8.4645e-05 4.38254e-05 1.87986e-05 6.19074e-06 1.12587e-06 0 
0 0.00021113 0.000787609 0.0014478 0.00170768 0.00136629 0.0007891 0.000363557 0.000149322 6.04125e-05 2.61433e-05 1.2913e-05 7.63391e-06 5.56229e-06 5.04892e-06 5.66657e-06 7.67417e-06 1.20585e-05 2.08672e-05 3.72785e-05 6.33252e-05 9.06468e-05 8.74576e-05 3.53243e-05 2.3544e-06 8.05113e-09 1.63161e-12 6.08531e-16 1.23841e-16 1.82064e-14 1.3628e-10 2.28016e-07 1.40488e-05 6.85677e-05 8.8032e-05 6.21923e-05 3.30222e-05 1.4266e-05 4.70739e-06 8.56573e-07 0 
0 0.000160693 0.00062543 0.00126251 0.00176787 0.00182576 0.00144045 0.000921996 0.000519729 0.000280505 0.000155726 9.40361e-05 6.42711e-05 5.09328e-05 4.72156e-05 5.09063e-05 6.26064e-05 8.5063e-05 0.000122193 0.000175217 0.000231706 0.000248162 0.000164266 3.54597e-05 6.44016e-07 1.62263e-10 6.08531e-16 5.36805e-18 1.72688e-18 3.43734e-17 2.56417e-13 1.09824e-08 3.80854e-06 3.70228e-05 5.96064e-05 4.49973e-05 2.43341e-05 1.05646e-05 3.49065e-06 6.35394e-07 0 
0 0.000117914 0.000470957 0.00100748 0.00157709 0.00194864 0.00195517 0.00164543 0.00122093 0.000848341 0.000584938 0.000419811 0.000324664 0.000276342 0.00026103 0.000272593 0.000310002 0.000374147 0.000462035 0.000555588 0.000605763 0.000529212 0.00028213 4.67906e-05 5.55341e-07 6.51202e-11 1.23841e-16 1.72689e-18 1.50891e-18 4.70508e-17 4.19876e-14 4.12182e-09 2.19556e-06 2.50861e-05 4.23723e-05 3.238e-05 1.75608e-05 7.6289e-06 2.52102e-06 4.58908e-07 0 
0 8.35159e-05 0.000338471 0.000748235 0.00124979 0.00172466 0.00203212 0.00208931 0.00192679 0.00165273 0.00137214 0.00114365 0.00098469 0.00089226 0.000857929 0.000873892 0.000932746 0.00102292 0.00112046 0.00117933 0.00112733 0.00088545 0.000456868 8.93951e-05 2.0462e-06 1.16311e-09 1.82064e-14 3.43734e-17 4.70508e-17 3.13379e-17 2.00824e-12 2.02119e-08 3.19416e-06 2.23192e-05 3.19219e-05 2.31895e-05 1.23943e-05 5.36245e-06 1.77005e-06 3.22107e-07 0 
0 5.70959e-05 0.000233169 0.00052432 0.000906152 0.00132785 0.0017161 0.00199752 0.00213191 0.00212984 0.00203919 0.00191578 0.00180207 0.00172172 0.00168304 0.00168345 0.00171137 0.00174529 0.00175212 0.00168745 0.00150095 0.00115141 0.000655303 0.000194937 1.50358e-05 1.26619e-07 1.3628e-10 2.56417e-13 4.19876e-14 2.00824e-12 1.42398e-09 3.5396e-07 7.49049e-06 2.28389e-05 2.45647e-05 1.6345e-05 8.51598e-06 3.65803e-06 1.20503e-06 2.19165e-07 0 
0 3.76172e-05 0.000154194 0.000349584 0.000614119 0.00092658 0.00125439 0.00155877 0.00180537 0.00197542 0.00207036 0.00210708 0.00210812 0.00209287 0.00207276 0.00204999 0.00201813 0.00196385 0.00186937 0.00171571 0.00148545 0.00116589 0.000762751 0.000347785 8.02055e-05 6.62891e-06 2.28016e-07 1.09824e-08 4.12182e-09 2.02119e-08 3.5396e-07 4.10365e-06 1.54273e-05 2.22825e-05 1.82911e-05 1.11514e-05 5.6578e-06 2.41147e-06 7.92617e-07 1.44066e-07 0 
0 2.38013e-05 9.77291e-05 0.000222382 0.000393496 0.000601424 0.000831305 0.00106454 0.0012819 0.00146749 0.00161194 0.00171314 0.00177442 0.00180132 0.0017987 0.00176901 0.00171203 0.0016257 0.00150755 0.00135586 0.00116988 0.000949352 0.000696535 0.000428446 0.000196499 6.08658e-05 1.40488e-05 3.80854e-06 2.19556e-06 3.19416e-06 7.49049e-06 1.54273e-05 2.07348e-05 1.86128e-05 1.26993e-05 7.26096e-06 3.6083e-06 1.5281e-06 5.013e-07 9.10647e-08 0 
0 1.4378e-05 5.90803e-05 0.000134645 0.000238962 0.000367167 0.000511841 0.00066362 0.000812267 0.000948061 0.00106312 0.00115219 0.00121272 0.00124425 0.00124763 0.00122432 0.00117613 0.0011052 0.00101422 0.000906377 0.000785082 0.000653434 0.0005143 0.00037252 0.000239612 0.000134168 6.85677e-05 3.70228e-05 2.50861e-05 2.23192e-05 2.28389e-05 2.22825e-05 1.86128e-05 1.31657e-05 8.12128e-06 4.47038e-06 2.19238e-06 9.24432e-07 3.02845e-07 5.49906e-08 0 
0 8.21587e-06 3.37698e-05 7.70096e-05 0.000136832 0.000210671 0.000294632 0.000383801 0.000472698 0.000555845 0.00062833 0.000686253 0.000726971 0.000749125 0.000752517 0.000737928 0.000706942 0.000661795 0.000605207 0.000540181 0.000469738 0.000396652 0.000323363 0.000252295 0.000186622 0.000130599 8.8032e-05 5.96064e-05 4.23723e-05 3.19219e-05 2.45647e-05 1.82911e-05 1.26993e-05 8.12128e-06 4.7814e-06 2.58207e-06 1.25723e-06 5.28776e-07 1.7308e-07 3.14191e-08 0 
0 4.37547e-06 1.79867e-05 4.1027e-05 7.29294e-05 0.000112367 0.000157333 0.000205292 0.000253399 0.00029876 0.000338686 0.000370933 0.000393859 0.00040651 0.000408636 0.000400638 0.000383476 0.000358555 0.000327581 0.000292409 0.000254885 0.000216713 0.000179381 0.000144167 0.000112231 8.4645e-05 6.21923e-05 4.49973e-05 3.238e-05 2.31895e-05 1.6345e-05 1.11514e-05 7.26096e-06 4.47038e-06 2.58207e-06 1.38254e-06 6.70843e-07 2.81779e-07 9.21888e-08 1.67323e-08 0 
0 2.11788e-06 8.70658e-06 1.98611e-05 3.53105e-05 5.44194e-05 7.62267e-05 9.95188e-05 0.000122931 0.000145064 0.000164608 0.000180448 0.00019175 0.000198018 0.000199103 0.000195199 0.00018679 0.000174592 0.000159477 0.000142387 0.000124259 0.000105957 8.82267e-05 7.16737e-05 5.67647e-05 4.38254e-05 3.30222e-05 2.43341e-05 1.75608e-05 1.23943e-05 8.51598e-06 5.6578e-06 3.6083e-06 2.19238e-06 1.25723e-06 6.70843e-07 3.25016e-07 1.36435e-07 4.46266e-08 8.09904e-09 0 
0 8.88664e-07 3.65335e-06 8.33414e-06 1.48178e-05 2.28388e-05 3.19951e-05 4.17794e-05 5.16204e-05 6.09318e-05 6.9162e-05 7.58396e-05 8.06102e-05 8.32596e-05 8.37234e-05 8.20813e-05 7.854e-05 7.34052e-05 6.70486e-05 5.98725e-05 5.2276e-05 4.46264e-05 3.72386e-05 3.03627e-05 2.41789e-05 1.87986e-05 1.4266e-05 1.05646e-05 7.6289e-06 5.36245e-06 3.65803e-06 2.41147e-06 1.5281e-06 9.24432e-07 5.28776e-07 2.81779e-07 1.36435e-07 5.72572e-08 1.87263e-08 3.39839e-09 0 
0 2.90622e-07 1.19477e-06 2.72558e-06 4.84608e-06 7.4695e-06 1.04645e-05 1.36655e-05 1.68856e-05 1.99333e-05 2.26278e-05 2.48148e-05 2.63778e-05 2.72463e-05 2.73988e-05 2.68615e-05 2.57022e-05 2.40214e-05 2.19415e-05 1.95945e-05 1.71117e-05 1.46137e-05 1.22034e-05 9.96191e-06 7.9464e-06 6.19074e-06 4.70739e-06 3.49065e-06 2.52102e-06 1.77005e-06 1.20503e-06 7.92617e-07 5.013e-07 3.02845e-07 1.7308e-07 9.21888e-08 4.46266e-08 1.87263e-08 6.12425e-09 1.11139e-09 0 
0 5.27397e-08 2.16818e-07 4.94619e-07 8.79437e-07 1.35553e-06 1.89909e-06 2.48003e-06 3.0645e-06 3.61769e-06 4.10685e-06 4.5039e-06 4.7877e-06 4.94541e-06 4.97315e-06 4.87563e-06 4.66519e-06 4.36011e-06 3.98261e-06 3.55672e-06 3.10628e-06 2.65319e-06 2.21613e-06 1.80974e-06 1.44432e-06 1.12587e-06 8.56573e-07 6.35394e-07 4.58908e-07 3.22107e-07 2.19165e-07 1.44066e-07 9.10647e-08 5.49906e-08 3.14191e-08 1.67323e-08 8.09904e-09 3.39839e-09 1.11139e-09 2.01687e-10 0 
0 0 0 0 0 0 0 0 0 0 0 0 0 0 0 0 0 0 0 0 0 0 0 0 0 0 0 0 0 0 0 0 0 0 0 0 0 0 0 0 0 
