0 0 0 0 0 0 0 0 0 0 0 0 0 0 0 0 0 0 0 0 0 0 0 0 0 0 0 0 0 0 0 0 0 0 0 0 0 0 0 0 0 
0 1.31599e-05 5.11465e-05 0.000105493 0.000160391 0.00019996 0.000216901 0.000213938 0.000198814 0.000179145 0.00016016 0.000144637 0.000133687 0.000127537 0.000126058 0.000129027 0.000136185 0.000147154 0.000161264 0.000177349 0.000193585 0.000207512 0.000216309 0.000217378 0.000209089 0.00019142 0.000166173 0.00013656 0.000106278 7.84864e-05 5.51465e-05 3.69387e-05 2.35891e-05 1.43183e-05 8.20082e-06 4.3721e-06 2.11722e-06 8.88557e-07 2.90609e-07 5.27388e-08 0 
0 5.11465e-05 0.000183616 0.000325754 0.000391011 0.000356796 0.00026987 0.000182091 0.000116383 7.39995e-05 4.87455e-05 3.43816e-05 2.66169e-05 2.29741e-05 2.22457e-05 2.4091e-05 2.88538e-05 3.75513e-05 5.19455e-05 7.45492e-05 0.000108317 0.000155699 0.000216873 0.00028748 0.000357091 0.000410333 0.00043195 0.000414235 0.000361807 0.000289348 0.000213828 0.000147485 9.56637e-05 5.85135e-05 3.3631e-05 1.79566e-05 8.70088e-06 3.65245e-06 1.19466e-06 2.16811e-07 0 
0 0.000105493 0.000325754 0.000436364 0.000346805 0.00019164 8.37604e-05 3.20354e-05 1.16616e-05 4.36001e-06 1.79432e-06 8.62349e-07 5.0638e-07 3.73818e-07 3.50606e-07 4.14899e-07 6.05733e-07 1.05378e-06 2.09244e-06 4.52442e-06 1.0165e-05 2.27264e-05 4.87326e-05 9.73306e-05 0.000177086 0.000288519 0.000414814 0.000519505 0.000562012 0.000525867 0.000431188 0.000316377 0.000212133 0.000131869 7.6345e-05 4.08866e-05 1.98353e-05 8.33018e-06 2.72512e-06 4.9459e-07 0 
0 0.000160391 0.000391011 0.000346805 0.000158746 4.61512e-05 9.9186e-06 1.7862e-06 3.04305e-07 5.52972e-08 1.19903e-08 3.41591e-09 1.37615e-09 8.20941e-10 7.37281e-10 9.8472e-10 1.88337e-09 4.86733e-09 1.58204e-08 5.97943e-08 2.42991e-07 9.87566e-07 3.77354e-06 1.29197e-05 3.83405e-05 9.66975e-05 0.000205045 0.000362407 0.000527998 0.000628135 0.000612657 0.000501832 0.000357748 0.000229239 0.000134532 7.2453e-05 3.52251e-05 1.4805e-05 4.84463e-06 8.79348e-07 0 
0 0.00019996 0.000356796 0.00019164 4.61512e-05 6.25623e-06 5.65778e-07 4.02875e-08 2.68988e-09 2.00823e-10 1.97734e-11 2.9583e-12 7.49271e-13 3.43766e-13 2.92668e-13 4.53773e-13 1.21054e-12 5.09409e-12 3.0381e-11 2.28486e-10 1.92814e-09 1.63855e-08 1.27779e-07 8.49934e-07 4.58286e-06 1.94684e-05 6.45654e-05 0.000167608 0.000341462 0.000542632 0.000667495 0.000643157 0.000505202 0.00034031 0.000204306 0.000111064 5.41899e-05 2.28051e-05 7.46576e-06 1.35531e-06 0 
0 0.000216901 0.00026987 8.37604e-05 9.9186e-06 5.65778e-07 1.9018e-08 4.68986e-10 1.07496e-11 2.90974e-13 1.16414e-14 8.34708e-16 1.24314e-16 4.2225e-17 3.3815e-17 6.21911e-17 2.42879e-16 1.78478e-15 2.12841e-14 3.50853e-13 6.8124e-12 1.34324e-10 2.36677e-09 3.36733e-08 3.60071e-07 2.77597e-06 1.52261e-05 5.99792e-05 0.000173171 0.000371562 0.000590985 0.000695266 0.000622663 0.000450737 0.000279917 0.000154329 7.57037e-05 3.19196e-05 1.04563e-05 1.8986e-06 0 
0 0.000213938 0.000182091 3.20354e-05 1.7862e-06 4.02875e-08 4.68986e-10 3.71882e-12 2.71714e-14 2.48395e-16 3.80946e-18 1.61209e-19 4.57096e-20 3.4646e-20 3.25793e-20 3.51296e-20 5.69525e-20 3.62215e-19 8.35703e-18 3.18875e-16 1.50977e-14 7.32038e-13 3.08394e-11 9.90368e-10 2.20798e-08 3.23241e-07 3.04591e-06 1.86808e-05 7.70659e-05 0.000221884 0.000454227 0.000659836 0.000688625 0.000545961 0.000354627 0.000199299 9.84817e-05 4.16313e-05 1.36496e-05 2.4791e-06 0 
0 0.000198814 0.000116383 1.16616e-05 3.04305e-07 2.68988e-09 1.07496e-11 2.71714e-14 6.26877e-17 2.02292e-19 5.53647e-21 1.70614e-21 1.30853e-21 1.42606e-21 1.42526e-21 1.26296e-21 1.14621e-21 1.86178e-21 7.28628e-21 2.69431e-19 3.05343e-17 3.66707e-15 3.71725e-13 2.71102e-11 1.26826e-09 3.55084e-08 5.79254e-07 5.5655e-06 3.27957e-05 0.00012524 0.000323895 0.000574715 0.000701996 0.000616204 0.000422155 0.000242877 0.000121111 5.13626e-05 1.68582e-05 3.06291e-06 0 
0 0.000179145 7.39995e-05 4.36001e-06 5.52972e-08 2.00823e-10 2.90974e-13 2.48395e-16 2.02292e-19 1.29081e-21 2.00975e-22 1.38834e-22 1.44234e-22 1.7287e-22 1.76413e-22 1.48067e-22 1.15074e-22 1.1528e-22 1.44726e-22 9.21288e-22 8.52051e-20 2.34535e-17 5.47088e-15 8.68632e-13 8.20915e-11 4.25525e-09 1.17073e-07 1.72708e-06 1.42949e-05 7.10485e-05 0.000226555 0.000479765 0.000678251 0.000659331 0.000478086 0.000282277 0.000142204 6.05282e-05 1.98906e-05 3.61525e-06 0 
0 0.00016016 4.87455e-05 1.79432e-06 1.19903e-08 1.97734e-11 1.16414e-14 3.80946e-18 5.53647e-21 2.00976e-22 3.72455e-23 2.53387e-23 2.78056e-23 3.32991e-23 3.4032e-23 2.84671e-23 2.11953e-23 1.67255e-23 1.43431e-23 4.01141e-23 9.26036e-22 2.63583e-19 1.27543e-16 4.03897e-14 7.12207e-12 6.37718e-10 2.792e-08 6.03566e-07 6.76592e-06 4.24673e-05 0.00016215 0.000398098 0.000637567 0.000679837 0.000520551 0.000315385 0.000160542 6.8589e-05 2.25675e-05 4.10342e-06 0 
0 0.000144637 3.43816e-05 8.62349e-07 3.41591e-09 2.9583e-12 8.34708e-16 1.61209e-19 1.70614e-21 1.38834e-22 2.53387e-23 9.48391e-24 7.47324e-24 8.03898e-24 8.02945e-24 6.73901e-24 4.96874e-24 3.61309e-24 3.23508e-24 9.19865e-24 1.02711e-22 8.33567e-21 5.89156e-18 3.27727e-15 9.61122e-13 1.34407e-10 8.59799e-09 2.54049e-07 3.65168e-06 2.77415e-05 0.000122439 0.000337464 0.000595971 0.000685399 0.000549924 0.000340906 0.000175174 7.50962e-05 2.47368e-05 4.49948e-06 0 
0 0.000133687 2.66169e-05 5.0638e-07 1.37615e-09 7.49271e-13 1.24314e-16 4.57096e-20 1.30853e-21 1.44234e-22 2.78056e-23 7.47324e-24 3.25037e-24 2.43444e-24 2.1752e-24 1.79267e-24 1.3321e-24 1.02593e-24 1.32328e-24 4.81199e-24 4.08961e-23 1.33876e-21 6.43245e-19 5.34035e-16 2.2597e-13 4.3569e-11 3.66301e-09 1.35603e-07 2.33279e-06 2.03438e-05 9.96062e-05 0.000297746 0.000562963 0.000683544 0.000567885 0.000358291 0.000185466 7.97234e-05 2.62848e-05 4.78245e-06 0 
0 0.000127537 2.29741e-05 3.73818e-07 8.20941e-10 3.43766e-13 4.2225e-17 3.4646e-20 1.42606e-21 1.7287e-22 3.32991e-23 8.03898e-24 2.43444e-24 1.08266e-24 7.10548e-25 5.33217e-25 4.0981e-25 4.10793e-25 8.87317e-25 3.84038e-24 2.93992e-23 6.53747e-22 1.85835e-19 1.90757e-16 9.93327e-14 2.2969e-11 2.25408e-09 9.48071e-08 1.8058e-06 1.70287e-05 8.83974e-05 0.000276456 0.000542891 0.000679777 0.000576387 0.000367516 0.000191099 8.22821e-05 2.71438e-05 4.93963e-06 0 
0 0.000126058 2.22457e-05 3.50606e-07 7.37281e-10 2.92668e-13 3.3815e-17 3.25793e-20 1.42526e-21 1.76413e-22 3.4032e-23 8.02946e-24 2.1752e-24 7.10548e-25 3.15676e-25 1.93015e-25 1.61864e-25 2.50548e-25 7.73641e-25 3.59701e-24 2.71065e-23 5.64707e-22 1.44036e-19 1.54017e-16 8.36841e-14 2.00847e-11 2.03452e-09 8.78402e-08 1.70829e-06 1.63669e-05 8.59649e-05 0.000271293 0.000536977 0.000677041 0.000576911 0.000368856 0.000192031 8.2723e-05 2.72939e-05 4.96722e-06 0 
0 0.000129027 2.4091e-05 4.14899e-07 9.8472e-10 4.53773e-13 6.21911e-17 3.51296e-20 1.26296e-21 1.48067e-22 2.84672e-23 6.73901e-24 1.79267e-24 5.33217e-25 1.93015e-25 1.01015e-25 9.93274e-26 2.14109e-25 7.60986e-25 3.70993e-24 3.03658e-23 7.88244e-22 2.87284e-19 2.74124e-16 1.32435e-13 2.86803e-11 2.66191e-09 1.06916e-07 1.9625e-06 1.79819e-05 9.13296e-05 0.000280911 0.000544618 0.000675825 0.000570135 0.000362724 0.00018846 8.11272e-05 2.67613e-05 4.86996e-06 0 
0 0.000136185 2.88538e-05 6.05733e-07 1.88337e-09 1.21054e-12 2.42879e-16 5.69525e-20 1.14621e-21 1.15074e-22 2.11953e-23 4.96874e-24 1.3321e-24 4.09811e-25 1.61864e-25 9.93274e-26 1.12374e-25 2.45133e-25 8.70526e-25 4.57308e-24 4.62897e-23 2.17602e-21 1.38297e-18 9.98111e-16 3.70841e-13 6.38112e-11 4.86973e-09 1.66402e-07 2.6844e-06 2.22675e-05 0.000104951 0.000304757 0.000563736 0.000674452 0.000555933 0.000349614 0.000180783 7.76888e-05 2.56126e-05 4.66011e-06 0 
0 0.000147154 3.75513e-05 1.05378e-06 4.86733e-09 5.09409e-12 1.78478e-15 3.62215e-19 1.86178e-21 1.1528e-22 1.67255e-23 3.61309e-24 1.02593e-24 4.10793e-25 2.50548e-25 2.14109e-25 2.45133e-25 4.30585e-25 1.35814e-24 8.36985e-24 1.4226e-22 2.05174e-20 1.40604e-17 6.63297e-15 1.67633e-12 2.05767e-10 1.17787e-08 3.17435e-07 4.23732e-06 3.03836e-05 0.000128321 0.000342179 0.000590272 0.000669363 0.000533646 0.00033013 0.000169564 7.26916e-05 2.39461e-05 4.35582e-06 0 
0 0.000161264 5.19455e-05 2.09244e-06 1.58204e-08 3.0381e-11 2.12841e-14 8.35703e-18 7.28628e-21 1.44727e-22 1.43431e-23 3.23508e-24 1.32328e-24 8.87317e-25 7.73641e-25 7.60986e-25 8.70526e-25 1.35814e-24 3.86463e-24 3.18328e-23 1.62596e-21 5.97108e-19 2.52196e-16 6.98588e-14 1.09122e-11 8.7803e-10 3.50729e-08 7.02429e-07 7.40285e-06 4.42742e-05 0.000163027 0.000390427 0.00061701 0.000655487 0.000502486 0.000305054 0.0001555 6.64827e-05 2.18814e-05 3.97917e-06 0 
0 0.000177349 7.45492e-05 4.52442e-06 5.97943e-08 2.28486e-10 3.50853e-13 3.18875e-16 2.69431e-19 9.21288e-22 4.01141e-23 9.19865e-24 4.81199e-24 3.84038e-24 3.59701e-24 3.70993e-24 4.57308e-24 8.36985e-24 3.18328e-23 6.91986e-22 1.11673e-19 2.97719e-17 6.59938e-15 9.97841e-13 9.00127e-11 4.46585e-09 1.18051e-07 1.68216e-06 1.35378e-05 6.59129e-05 0.000207805 0.000440655 0.000632068 0.000626856 0.000461989 0.000275402 0.000139383 5.94429e-05 1.95486e-05 3.55407e-06 0 
0 0.000193585 0.000108317 1.0165e-05 2.42991e-07 1.92814e-09 6.8124e-12 1.50977e-14 3.05343e-17 8.52051e-20 9.26036e-22 1.02711e-22 4.08961e-23 2.93992e-23 2.71065e-23 3.03658e-23 4.62897e-23 1.4226e-22 1.62596e-21 1.11673e-19 1.416e-17 1.87546e-15 2.08447e-13 1.64691e-11 8.20647e-10 2.40153e-08 4.02989e-07 3.94892e-06 2.37326e-05 9.30643e-05 0.000250481 0.000471336 0.000617995 0.000577621 0.000412389 0.000242423 0.000122047 5.19571e-05 1.70774e-05 3.10428e-06 0 
0 0.000207512 0.000155699 2.27264e-05 9.87566e-07 1.63855e-08 1.34324e-10 7.32038e-13 3.66707e-15 2.34535e-17 2.63583e-19 8.33567e-21 1.33876e-21 6.53747e-22 5.64707e-22 7.88244e-22 2.17602e-21 2.05174e-20 5.97108e-19 2.97719e-17 1.87546e-15 1.20842e-13 6.63758e-12 2.6781e-10 7.11415e-09 1.16835e-07 1.17541e-06 7.55542e-06 3.32761e-05 0.000106601 0.00025399 0.000443252 0.000553885 0.000503552 0.000354833 0.000207537 0.000104313 4.43873e-05 1.45877e-05 2.65167e-06 0 
0 0.000216309 0.000216873 4.87326e-05 3.77354e-06 1.27779e-07 2.36677e-09 3.08394e-11 3.71725e-13 5.47088e-15 1.27543e-16 5.89156e-18 6.43245e-19 1.85835e-19 1.44036e-19 2.87284e-19 1.38297e-18 1.40604e-17 2.52196e-16 6.59938e-15 2.08447e-13 6.63758e-12 1.80865e-10 3.65146e-09 4.85973e-08 3.98828e-07 2.0635e-06 7.63992e-06 2.38631e-05 6.80861e-05 0.000167828 0.000317662 0.000425615 0.000404304 0.000291485 0.000172251 8.69365e-05 3.70501e-05 1.21829e-05 2.21492e-06 0 
0 0.000217378 0.00028748 9.73306e-05 1.29197e-05 8.49934e-07 3.36733e-08 9.90368e-10 2.71102e-11 8.68632e-13 4.03897e-14 3.27727e-15 5.34035e-16 1.90757e-16 1.54017e-16 2.74124e-16 9.98111e-16 6.63297e-15 6.98588e-14 9.97841e-13 1.64691e-11 2.6781e-10 3.65146e-09 3.51422e-08 1.9962e-07 5.92341e-07 9.99311e-07 1.42798e-06 2.88936e-06 9.86736e-06 4.11307e-05 0.000131138 0.00025008 0.00028724 0.000225775 0.000138099 7.05734e-05 3.02027e-05 9.94461e-06 1.80873e-06 0 
0 0.000209089 0.000357091 0.000177086 3.83405e-05 4.58286e-06 3.60071e-07 2.20798e-08 1.26826e-09 8.20915e-11 7.12207e-12 9.61122e-13 2.2597e-13 9.93327e-14 8.36841e-14 1.32435e-13 3.70841e-13 1.67633e-12 1.09122e-11 9.00127e-11 8.20647e-10 7.11415e-09 4.85973e-08 1.9962e-07 3.38415e-07 1.69525e-07 2.99823e-08 5.82036e-09 5.92283e-09 5.19908e-08 1.26197e-06 1.91533e-05 9.45847e-05 0.000171741 0.000162849 0.00010665 5.57602e-05 2.40353e-05 7.93113e-06 1.44344e-06 0 
0 0.00019142 0.000410333 0.000288519 9.66975e-05 1.94684e-05 2.77597e-06 3.23241e-07 3.55084e-08 4.25525e-09 6.37718e-10 1.34407e-10 4.3569e-11 2.2969e-11 2.00847e-11 2.86803e-11 6.38112e-11 2.05767e-10 8.7803e-10 4.46585e-09 2.40153e-08 1.16835e-07 3.98828e-07 5.92341e-07 1.69525e-07 3.91159e-09 9.39868e-12 2.99684e-14 8.14808e-15 9.81788e-13 1.3228e-09 5.8469e-07 1.98445e-05 8.4073e-05 0.000109215 7.94266e-05 4.28964e-05 1.86687e-05 6.17724e-06 1.12511e-06 0 
0 0.000166173 0.00043195 0.000414814 0.000205045 6.45654e-05 1.52261e-05 3.04591e-06 5.79254e-07 1.17073e-07 2.792e-08 8.59799e-09 3.66301e-09 2.25408e-09 2.03452e-09 2.66191e-09 4.86973e-09 1.17787e-08 3.50729e-08 1.18051e-07 4.02989e-07 1.17541e-06 2.0635e-06 9.99311e-07 2.99823e-08 9.39868e-12 4.53845e-16 2.17813e-15 1.6389e-15 1.31924e-14 6.10528e-14 4.64252e-09 2.65776e-06 3.61353e-05 7.00014e-05 5.75555e-05 3.22036e-05 1.41539e-05 4.69598e-06 8.55942e-07 0 
0 0.00013656 0.000414235 0.000519505 0.000362407 0.000167608 5.99792e-05 1.86808e-05 5.5655e-06 1.72708e-06 6.03566e-07 2.54049e-07 1.35603e-07 9.48071e-08 8.78402e-08 1.06916e-07 1.66402e-07 3.17435e-07 7.02429e-07 1.68216e-06 3.94892e-06 7.55542e-06 7.63992e-06 1.42798e-06 5.82036e-09 2.99684e-14 2.17813e-15 7.71656e-16 1.03991e-15 4.10833e-15 4.94625e-14 5.85899e-11 4.48065e-07 1.69458e-05 4.56582e-05 4.12576e-05 2.36783e-05 1.04762e-05 3.48179e-06 6.3491e-07 0 
0 0.000106278 0.000361807 0.000562012 0.000527998 0.000341462 0.000173171 7.70659e-05 3.27957e-05 1.42949e-05 6.76592e-06 3.65168e-06 2.33279e-06 1.8058e-06 1.70829e-06 1.9625e-06 2.6844e-06 4.23732e-06 7.40285e-06 1.35378e-05 2.37326e-05 3.32761e-05 2.38631e-05 2.88936e-06 5.92283e-09 8.14808e-15 1.6389e-15 1.03991e-15 3.0361e-15 1.29132e-14 1.89502e-13 1.56381e-11 2.33302e-07 1.12297e-05 3.23859e-05 2.9711e-05 1.70973e-05 7.56693e-06 2.51484e-06 4.58573e-07 0 
0 7.84864e-05 0.000289348 0.000525867 0.000628135 0.000542632 0.000371562 0.000221884 0.00012524 7.10485e-05 4.24673e-05 2.77415e-05 2.03438e-05 1.70287e-05 1.63669e-05 1.79819e-05 2.22675e-05 3.03836e-05 4.42742e-05 6.59129e-05 9.30643e-05 0.000106601 6.80861e-05 9.86736e-06 5.19908e-08 9.81788e-13 1.31924e-14 4.10833e-15 1.29132e-14 2.4688e-15 1.75271e-15 2.08509e-10 4.89047e-07 1.12874e-05 2.53639e-05 2.15337e-05 1.21104e-05 5.32449e-06 1.76625e-06 3.219e-07 0 
0 5.51465e-05 0.000213828 0.000431188 0.000612657 0.000667495 0.000590985 0.000454227 0.000323895 0.000226555 0.00016215 0.000122439 9.96062e-05 8.83974e-05 8.59649e-05 9.13296e-05 0.000104951 0.000128321 0.000163027 0.000207805 0.000250481 0.00025399 0.000167828 4.11307e-05 1.26197e-06 1.3228e-09 6.10528e-14 4.94625e-14 1.89502e-13 1.75271e-15 4.08341e-12 1.81038e-08 2.10949e-06 1.41568e-05 2.07928e-05 1.54672e-05 8.36683e-06 3.63787e-06 1.20298e-06 2.19052e-07 0 
0 3.69387e-05 0.000147485 0.000316377 0.000501832 0.000643157 0.000695266 0.000659836 0.000574715 0.000479765 0.000398098 0.000337464 0.000297746 0.000276456 0.000271293 0.000280911 0.000304757 0.000342179 0.000390427 0.000440655 0.000471336 0.000443252 0.000317662 0.000131138 1.91533e-05 5.8469e-07 4.64252e-09 5.85899e-11 1.56381e-11 2.08509e-10 1.81038e-08 8.49331e-07 7.59416e-06 1.67959e-05 1.6491e-05 1.07589e-05 5.59086e-06 2.40222e-06 7.91655e-07 1.44012e-07 0 
0 2.35891e-05 9.56637e-05 0.000212133 0.000357748 0.000505202 0.000622663 0.000688625 0.000701996 0.000678251 0.000637567 0.000595971 0.000562963 0.000542891 0.000536977 0.000544618 0.000563736 0.000590272 0.00061701 0.000632068 0.000617995 0.000553885 0.000425615 0.00025008 9.45847e-05 1.98445e-05 2.65776e-06 4.48065e-07 2.33302e-07 4.89047e-07 2.10949e-06 7.59416e-06 1.47627e-05 1.61085e-05 1.20046e-05 7.11337e-06 3.5826e-06 1.52443e-06 5.00906e-07 9.10418e-08 0 
0 1.43183e-05 5.85135e-05 0.000131869 0.000229239 0.00034031 0.000450737 0.000545961 0.000616204 0.000659331 0.000679837 0.000685399 0.000683544 0.000679777 0.000677041 0.000675825 0.000674452 0.000669363 0.000655487 0.000626856 0.000577621 0.000503552 0.000404304 0.00028724 0.000171741 8.4073e-05 3.61353e-05 1.69458e-05 1.12297e-05 1.12874e-05 1.41568e-05 1.67959e-05 1.61085e-05 1.23283e-05 7.90266e-06 4.4234e-06 2.1839e-06 9.23171e-07 3.02704e-07 5.49821e-08 0 
0 8.20082e-06 3.3631e-05 7.6345e-05 0.000134532 0.000204306 0.000279917 0.000354627 0.000422155 0.000478086 0.000520551 0.000549924 0.000567885 0.000576387 0.000576911 0.000570135 0.000555933 0.000533646 0.000502486 0.000461989 0.000412389 0.000354833 0.000291485 0.000225775 0.000162849 0.000109215 7.00014e-05 4.56582e-05 3.23859e-05 2.53639e-05 2.07928e-05 1.6491e-05 1.20046e-05 7.90266e-06 4.72402e-06 2.56929e-06 1.25482e-06 5.284e-07 1.73036e-07 3.14163e-08 0 
0 4.3721e-06 1.79566e-05 4.08866e-05 7.2453e-05 0.000111064 0.000154329 0.000199299 0.000242877 0.000282277 0.000315385 0.000340906 0.000358291 0.000367516 0.000368856 0.000362724 0.000349614 0.00033013 0.000305054 0.000275402 0.000242423 0.000207537 0.000172251 0.000138099 0.00010665 7.94266e-05 5.75555e-05 4.12576e-05 2.9711e-05 2.15337e-05 1.54672e-05 1.07589e-05 7.11337e-06 4.4234e-06 2.56929e-06 1.37956e-06 6.70251e-07 2.81682e-07 9.2177e-08 1.67315e-08 0 
0 2.11722e-06 8.70088e-06 1.98353e-05 3.52251e-05 5.41899e-05 7.57037e-05 9.84817e-05 0.000121111 0.000142204 0.000160542 0.000175174 0.000185466 0.000191099 0.000192031 0.00018846 0.000180783 0.000169564 0.0001555 0.000139383 0.000122047 0.000104313 8.69365e-05 7.05734e-05 5.57602e-05 4.28964e-05 3.22036e-05 2.36783e-05 1.70973e-05 1.21104e-05 8.36683e-06 5.59086e-06 3.5826e-06 2.1839e-06 1.25482e-06 6.70251e-07 3.24893e-07 1.36414e-07 4.46239e-08 8.09885e-09 0 
0 8.88557e-07 3.65245e-06 8.33018e-06 1.4805e-05 2.28051e-05 3.19196e-05 4.16313e-05 5.13626e-05 6.05282e-05 6.8589e-05 7.50962e-05 7.97234e-05 8.22821e-05 8.2723e-05 8.11272e-05 7.76888e-05 7.26916e-05 6.64827e-05 5.94429e-05 5.19571e-05 4.43873e-05 3.70501e-05 3.02027e-05 2.40353e-05 1.86687e-05 1.41539e-05 1.04762e-05 7.56693e-06 5.32449e-06 3.63787e-06 2.40222e-06 1.52443e-06 9.23171e-07 5.284e-07 2.81682e-07 1.36414e-07 5.72534e-08 1.87258e-08 3.39836e-09 0 
0 2.90609e-07 1.19466e-06 2.72512e-06 4.84463e-06 7.46576e-06 1.04563e-05 1.36496e-05 1.68582e-05 1.98906e-05 2.25675e-05 2.47368e-05 2.62848e-05 2.71438e-05 2.72939e-05 2.67613e-05 2.56126e-05 2.39461e-05 2.18814e-05 1.95486e-05 1.70774e-05 1.45877e-05 1.21829e-05 9.94461e-06 7.93113e-06 6.17724e-06 4.69598e-06 3.48179e-06 2.51484e-06 1.76625e-06 1.20298e-06 7.91655e-07 5.00906e-07 3.02704e-07 1.73036e-07 9.2177e-08 4.46239e-08 1.87258e-08 6.12418e-09 1.11139e-09 0 
0 5.27388e-08 2.16811e-07 4.9459e-07 8.79348e-07 1.35531e-06 1.8986e-06 2.4791e-06 3.06291e-06 3.61525e-06 4.10342e-06 4.49948e-06 4.78245e-06 4.93963e-06 4.96722e-06 4.86996e-06 4.66011e-06 4.35582e-06 3.97917e-06 3.55407e-06 3.10428e-06 2.65167e-06 2.21492e-06 1.80873e-06 1.44344e-06 1.12511e-06 8.55942e-07 6.3491e-07 4.58573e-07 3.219e-07 2.19052e-07 1.44012e-07 9.10418e-08 5.49821e-08 3.14163e-08 1.67315e-08 8.09885e-09 3.39836e-09 1.11139e-09 2.01686e-10 0 
0 0 0 0 0 0 0 0 0 0 0 0 0 0 0 0 0 0 0 0 0 0 0 0 0 0 0 0 0 0 0 0 0 0 0 0 0 0 0 0 0 
