0 0 0 0 0 0 0 0 0 0 0 0 0 0 0 0 0 0 0 0 0 0 0 0 0 0 0 0 0 0 0 0 0 0 0 0 0 0 0 0 0 
0 1.31893e-05 5.13925e-05 0.000106445 0.000162749 0.000204167 0.000222794 0.000220909 0.000206202 0.000186482 0.00016721 0.000151343 0.000140102 0.000133768 0.000132234 0.000135276 0.000142616 0.000153844 0.000168238 0.00018456 0.000200899 0.000214702 0.000223073 0.000223387 0.000214057 0.000195189 0.000168759 0.000138147 0.000107141 7.89006e-05 5.53219e-05 3.70044e-05 2.36109e-05 1.43248e-05 8.20251e-06 4.37249e-06 2.1173e-06 8.8857e-07 2.90611e-07 5.27389e-08 0 
0 5.13925e-05 0.000185626 0.000332664 0.000404505 0.000373973 0.000286079 0.000194824 0.000125489 8.03231e-05 5.32124e-05 3.7704e-05 2.92843e-05 2.5322e-05 2.45262e-05 2.65297e-05 3.16963e-05 4.11052e-05 5.66166e-05 8.08613e-05 0.000116887 0.000167128 0.000231508 0.000305062 0.000376432 0.000429336 0.000448237 0.000426176 0.000369207 0.000293214 0.000215541 0.000148136 9.58784e-05 5.85756e-05 3.36469e-05 1.79601e-05 8.70157e-06 3.65256e-06 1.19468e-06 2.16812e-07 0 
0 0.000106445 0.000332664 0.000454077 0.000368482 0.000207336 9.20033e-05 3.56784e-05 1.31625e-05 4.98402e-06 2.07456e-06 1.00637e-06 5.94929e-07 4.40832e-07 4.13726e-07 4.88447e-07 7.09541e-07 1.22551e-06 2.4121e-06 5.16501e-06 1.14882e-05 2.54348e-05 5.40454e-05 0.000107041 0.000193193 0.000312068 0.000444116 0.000549382 0.000586217 0.000541238 0.000438902 0.000319509 0.000213192 0.000132175 7.64215e-05 4.09033e-05 1.98385e-05 8.33067e-06 2.72518e-06 4.94593e-07 0 
0 0.000162749 0.000404505 0.000368482 0.000173017 5.14363e-05 1.13002e-05 2.08213e-06 3.63044e-07 6.74498e-08 1.49171e-08 4.31882e-09 1.76017e-09 1.05684e-09 9.50232e-10 1.26409e-09 2.39703e-09 6.11849e-09 1.95862e-08 7.27763e-08 2.90531e-07 1.16027e-06 4.36158e-06 1.47188e-05 4.31484e-05 0.000107695 0.000226082 0.000394859 0.000566435 0.00066158 0.000633732 0.00051168 0.000361325 0.000230298 0.000134796 7.25098e-05 3.52355e-05 1.48066e-05 4.84481e-06 8.79359e-07 0 
0 0.000204167 0.000373973 0.000207336 5.14363e-05 7.18653e-06 6.71751e-07 4.95516e-08 3.42841e-09 2.64766e-10 2.68638e-11 4.11879e-12 1.06178e-12 4.91993e-13 4.19613e-13 6.46665e-13 1.7027e-12 7.03132e-12 4.09743e-11 3.00256e-10 2.46558e-09 2.03904e-08 1.54954e-07 1.0069e-06 5.32191e-06 2.22465e-05 7.28457e-05 0.000186966 0.000375789 0.000586206 0.000705067 0.000665038 0.000514238 0.000343153 0.00020503 0.000111219 5.42179e-05 2.28093e-05 7.46623e-06 1.35533e-06 0 
0 0.000222794 0.000286079 9.20033e-05 1.13002e-05 6.71751e-07 2.36513e-08 6.12747e-10 1.47586e-11 4.18708e-13 1.74676e-14 1.29636e-15 1.97989e-16 6.82061e-17 5.47603e-17 9.98572e-17 3.82745e-16 2.73827e-15 3.16095e-14 5.02524e-13 9.39357e-12 1.78309e-10 3.02933e-09 4.16803e-08 4.32801e-07 3.25665e-06 1.75298e-05 6.80834e-05 0.00019413 0.000410018 0.000637763 0.00073118 0.000640453 0.000456908 0.000281554 0.000154682 7.57673e-05 3.19289e-05 1.04573e-05 1.89866e-06 0 
0 0.000220909 0.000194824 3.56784e-05 2.08213e-06 4.95516e-08 6.12747e-10 5.18052e-12 4.03688e-14 3.92392e-16 6.33495e-18 2.44395e-19 4.56232e-20 2.79469e-20 2.54734e-20 3.06034e-20 6.91154e-20 5.93708e-19 1.37448e-17 5.00461e-16 2.2547e-14 1.04043e-12 4.17965e-11 1.28445e-09 2.75368e-08 3.89969e-07 3.57881e-06 2.15233e-05 8.75222e-05 0.000248525 0.000498968 0.000705791 0.000716876 0.000557103 0.000357772 0.000199993 9.86066e-05 4.16496e-05 1.36515e-05 2.47922e-06 0 
0 0.000206202 0.000125489 1.31625e-05 3.63044e-07 3.42841e-09 1.47586e-11 4.03688e-14 1.00856e-16 3.41047e-19 5.8857e-21 1.27712e-21 7.07563e-22 6.74521e-22 6.62896e-22 6.19292e-22 7.11053e-22 1.56575e-21 9.15503e-21 4.56858e-19 4.93991e-17 5.57993e-15 5.33405e-13 3.68426e-11 1.64161e-09 4.40749e-08 6.94823e-07 6.50458e-06 3.76303e-05 0.00014168 0.000360352 0.000623736 0.000739662 0.000633399 0.000427395 0.000244071 0.000121328 5.13941e-05 1.68616e-05 3.06311e-06 0 
0 0.000186482 8.03231e-05 4.98402e-06 6.74498e-08 2.64766e-10 4.18708e-13 3.92392e-16 3.41047e-19 1.36667e-21 1.15986e-22 6.97014e-23 5.90479e-23 6.33585e-23 6.3568e-23 5.58652e-23 5.15614e-23 5.96344e-23 9.98811e-23 1.14818e-21 1.46181e-19 3.80638e-17 8.28371e-15 1.23352e-12 1.10053e-10 5.42686e-09 1.43256e-07 2.04633e-06 1.65504e-05 8.09398e-05 0.000254183 0.000526446 0.000722317 0.000682648 0.000485809 0.000284104 0.00014254 6.05771e-05 1.98958e-05 3.61556e-06 0 
0 0.00016721 5.32124e-05 2.07456e-06 1.49171e-08 2.68638e-11 1.74676e-14 6.33495e-18 5.8857e-21 1.15986e-22 1.556e-23 9.65555e-24 9.51718e-24 1.05326e-23 1.06002e-23 9.20174e-24 7.64142e-24 6.46341e-24 6.92373e-24 3.0532e-23 1.2676e-21 4.50227e-19 2.02486e-16 5.96138e-14 9.84698e-12 8.32992e-10 3.47763e-08 7.24016e-07 7.89561e-06 4.86341e-05 0.000182907 0.000440165 0.000684788 0.00070841 0.00053081 0.000317907 0.000161012 6.86577e-05 2.25749e-05 4.10384e-06 0 
0 0.000151343 3.7704e-05 1.00637e-06 4.31882e-09 4.11879e-12 1.29636e-15 2.44395e-19 1.27712e-21 6.97014e-23 9.65555e-24 3.06275e-24 2.22333e-24 2.2723e-24 2.24517e-24 1.93811e-24 1.5295e-24 1.16647e-24 1.289e-24 5.43064e-24 9.69307e-23 1.33763e-20 9.71721e-18 4.9899e-15 1.3622e-12 1.78977e-10 1.08644e-08 3.07832e-07 4.28884e-06 3.18939e-05 0.000138576 0.000374932 0.00064403 0.000717852 0.000562417 0.000344089 0.000175776 7.51845e-05 2.47463e-05 4.50003e-06 0 
0 0.000140102 2.92843e-05 5.94929e-07 1.76017e-09 1.06178e-12 1.97989e-16 4.56232e-20 7.07563e-22 5.90479e-23 9.51719e-24 2.22334e-24 8.71893e-25 6.21566e-25 5.51647e-25 4.64623e-25 3.61627e-25 3.0016e-25 5.07899e-25 2.50148e-24 2.95261e-23 1.6571e-21 1.08637e-18 8.3114e-16 3.25888e-13 5.88044e-11 4.6754e-09 1.65475e-07 2.7521e-06 2.34484e-05 0.000112944 0.000331702 0.0006107 0.000718423 0.000582033 0.000361995 0.000186176 7.98278e-05 2.6296e-05 4.78309e-06 0 
0 0.000133768 2.5322e-05 4.40832e-07 1.05684e-09 4.91993e-13 6.82061e-17 2.79469e-20 6.74522e-22 6.33585e-23 1.05326e-23 2.2723e-24 6.21566e-25 2.55583e-25 1.63782e-25 1.25117e-25 1.01857e-25 1.20908e-25 3.43328e-25 1.8486e-24 1.87596e-23 6.92847e-22 3.1539e-19 3.00381e-16 1.44576e-13 3.12202e-11 2.89207e-09 1.16106e-07 2.13497e-06 1.9648e-05 0.000100294 0.000308303 0.00058999 0.000715778 0.000591451 0.000371528 0.000191873 8.23964e-05 2.71561e-05 4.94033e-06 0 
0 0.000132234 2.45262e-05 4.13726e-07 9.50232e-10 4.19613e-13 5.47603e-17 2.54734e-20 6.62896e-22 6.35681e-23 1.06002e-23 2.24517e-24 5.51647e-25 1.63782e-25 6.80704e-26 4.19027e-26 3.98687e-26 7.9747e-26 3.05139e-25 1.7094e-24 1.6977e-23 5.83608e-22 2.44033e-19 2.42798e-16 1.21886e-13 2.73104e-11 2.61066e-09 1.0756e-07 2.01895e-06 1.8874e-05 9.74757e-05 0.000302425 0.000583543 0.000713032 0.0005921 0.000372922 0.000192818 8.28393e-05 2.73064e-05 4.96794e-06 0 
0 0.000135276 2.65297e-05 4.88447e-07 1.26409e-09 6.46665e-13 9.98572e-17 3.06034e-20 6.19292e-22 5.58652e-23 9.20174e-24 1.93811e-24 4.64623e-25 1.25117e-25 4.19027e-26 2.24019e-26 2.69219e-26 7.36899e-26 3.1277e-25 1.84495e-24 2.01487e-23 8.84631e-22 4.8567e-19 4.282e-16 1.91452e-13 3.87618e-11 3.39917e-09 1.30422e-07 2.31269e-06 2.06908e-05 0.000103371 0.000312589 0.000590796 0.000710765 0.000584681 0.000366593 0.000189208 8.12377e-05 2.67732e-05 4.87064e-06 0 
0 0.000142616 3.16963e-05 7.09541e-07 2.39703e-09 1.7027e-12 3.82745e-16 6.91154e-20 7.11053e-22 5.15615e-23 7.64143e-24 1.5295e-24 3.61627e-25 1.01857e-25 3.98687e-26 2.69219e-26 3.5267e-26 9.03522e-26 3.84181e-25 2.56432e-24 3.7251e-23 3.03488e-21 2.30174e-18 1.53068e-15 5.28132e-13 8.52106e-11 6.15989e-09 2.01521e-07 3.14655e-06 2.55229e-05 0.000118414 0.000338011 0.000609383 0.000707288 0.000569163 0.000353076 0.000181448 7.77869e-05 2.56232e-05 4.66072e-06 0 
0 0.000153844 4.11052e-05 1.22551e-06 6.11849e-09 7.03132e-12 2.73827e-15 5.93708e-19 1.56575e-21 5.96345e-23 6.46342e-24 1.16647e-24 3.0016e-25 1.20908e-25 7.9747e-26 7.36899e-26 9.03522e-26 1.73949e-25 6.57851e-25 5.42612e-24 1.52308e-22 3.4416e-20 2.26969e-17 9.90928e-15 2.33687e-12 2.70088e-10 1.46988e-08 3.80463e-07 4.92887e-06 3.46293e-05 0.000144093 0.000377589 0.000634666 0.000699002 0.000545034 0.00033304 0.000170117 7.27732e-05 2.39549e-05 4.35633e-06 0 
0 0.000168238 5.66166e-05 2.4121e-06 1.95862e-08 4.09743e-11 3.16095e-14 1.37448e-17 9.15503e-21 9.98811e-23 6.92374e-24 1.289e-24 5.07899e-25 3.43327e-25 3.05139e-25 3.12769e-25 3.8418e-25 6.5785e-25 2.42511e-24 3.05775e-23 2.51154e-21 9.99379e-19 3.91563e-16 1.01053e-13 1.48145e-11 1.12804e-09 4.30288e-08 8.30866e-07 8.52557e-06 5.00739e-05 0.000181808 0.000427687 0.000658648 0.000680877 0.000511715 0.000307351 0.000155933 6.65464e-05 2.18883e-05 3.97957e-06 0 
0 0.00018456 8.08613e-05 5.16501e-06 7.27763e-08 3.00256e-10 5.02524e-13 5.00461e-16 4.56858e-19 1.14818e-21 3.0532e-23 5.43064e-24 2.50148e-24 1.8486e-24 1.7094e-24 1.84495e-24 2.56432e-24 5.42612e-24 3.05775e-23 1.03596e-21 1.89851e-19 4.73955e-17 9.80821e-15 1.39163e-12 1.18562e-10 5.59745e-09 1.41978e-07 1.95866e-06 1.53987e-05 7.3785e-05 0.000229504 0.000477927 0.000668729 0.000647201 0.000468994 0.000277104 0.000139701 5.94897e-05 1.95537e-05 3.55437e-06 0 
0 0.000200899 0.000116887 1.14882e-05 2.90531e-07 2.46558e-09 9.39357e-12 2.2547e-14 4.93991e-17 1.46181e-19 1.2676e-21 9.69306e-23 2.9526e-23 1.87596e-23 1.6977e-23 2.01487e-23 3.7251e-23 1.52308e-22 2.51154e-21 1.89851e-19 2.27382e-17 2.82755e-15 2.95792e-13 2.20895e-11 1.04628e-09 2.9302e-08 4.74142e-07 4.51647e-06 2.6595e-05 0.000102796 0.000273057 0.000504861 0.000647308 0.000592657 0.000417358 0.000243611 0.000122268 5.19899e-05 1.7081e-05 3.10449e-06 0 
0 0.000214702 0.000167128 2.54348e-05 1.16027e-06 2.03904e-08 1.78309e-10 1.04043e-12 5.57993e-15 3.80638e-17 4.50227e-19 1.33763e-20 1.6571e-21 6.92847e-22 5.83608e-22 8.8463e-22 3.03488e-21 3.4416e-20 9.99379e-19 4.73955e-17 2.82755e-15 1.72507e-13 8.988e-12 3.45205e-10 8.77289e-09 1.38682e-07 1.35213e-06 8.48158e-06 3.66844e-05 0.000115924 0.000272668 0.000468342 0.000574439 0.000513733 0.000358153 0.00020833 0.000104461 4.44094e-05 1.45902e-05 2.65181e-06 0 
0 0.000223073 0.000231508 5.40454e-05 4.36158e-06 1.54954e-07 3.02933e-09 4.17965e-11 5.33405e-13 8.28371e-15 2.02486e-16 9.71721e-18 1.08637e-18 3.1539e-19 2.44033e-19 4.8567e-19 2.30174e-18 2.26969e-17 3.91563e-16 9.80821e-15 2.95792e-13 8.988e-12 2.34016e-10 4.52848e-09 5.80456e-08 4.61576e-07 2.32889e-06 8.45469e-06 2.59895e-05 7.31234e-05 0.000177842 0.000331822 0.000437942 0.000410705 0.000293636 0.000172773 8.70355e-05 3.70649e-05 1.21845e-05 2.21502e-06 0 
0 0.000223387 0.000305062 0.000107041 1.47188e-05 1.0069e-06 4.16803e-08 1.28445e-09 3.68426e-11 1.23352e-12 5.96138e-14 4.9899e-15 8.3114e-16 3.00381e-16 2.42798e-16 4.282e-16 1.53068e-15 9.90928e-15 1.01053e-13 1.39163e-12 2.20895e-11 3.45205e-10 4.52848e-09 4.20722e-08 2.32052e-07 6.73945e-07 1.12159e-06 1.58709e-06 3.17264e-06 1.06509e-05 4.35553e-05 0.000136453 0.000256382 0.000291142 0.000227199 0.000138457 7.06419e-05 3.0213e-05 9.94575e-06 1.8088e-06 0 
0 0.000214057 0.000376432 0.000193193 4.31484e-05 5.32191e-06 4.32801e-07 2.75368e-08 1.64161e-09 1.10053e-10 9.84698e-12 1.3622e-12 3.25888e-13 1.44576e-13 1.21886e-13 1.91452e-13 5.28132e-13 2.33687e-12 1.48145e-11 1.18562e-10 1.04628e-09 8.77289e-09 5.80456e-08 2.32052e-07 3.86662e-07 1.93212e-07 3.45686e-08 6.80246e-09 6.89491e-09 5.87839e-08 1.37204e-06 2.01385e-05 9.72362e-05 0.000174143 0.000163862 0.000106915 5.5811e-05 2.40429e-05 7.93196e-06 1.44349e-06 0 
0 0.000195189 0.000429336 0.000312068 0.000107695 2.22465e-05 3.25665e-06 3.89969e-07 4.40749e-08 5.42686e-09 8.32992e-10 1.78977e-10 5.88044e-11 3.12202e-11 2.73104e-11 3.87618e-11 8.52106e-11 2.70088e-10 1.12804e-09 5.59745e-09 2.9302e-08 1.38682e-07 4.61576e-07 6.73945e-07 1.93212e-07 4.60076e-09 1.17241e-11 4.11535e-14 1.13306e-14 1.25057e-12 1.53744e-09 6.33881e-07 2.06215e-05 8.55163e-05 0.000109981 7.96369e-05 4.29364e-05 1.86745e-05 6.17787e-06 1.12515e-06 0 
0 0.000168759 0.000448237 0.000444116 0.000226082 7.28457e-05 1.75298e-05 3.57881e-06 6.94823e-07 1.43256e-07 3.47763e-08 1.08644e-08 4.6754e-09 2.89207e-09 2.61066e-09 3.39917e-09 6.15989e-09 1.46988e-08 4.30288e-08 1.41978e-07 4.74142e-07 1.35213e-06 2.32889e-06 1.12159e-06 3.45686e-08 1.17241e-11 3.16161e-16 2.34031e-15 1.42436e-15 8.48621e-15 7.91943e-14 5.28089e-09 2.80957e-06 3.69391e-05 7.05819e-05 5.77243e-05 3.22354e-05 1.41584e-05 4.69646e-06 8.55969e-07 0 
0 0.000138147 0.000426176 0.000549382 0.000394859 0.000186966 6.80834e-05 2.15233e-05 6.50458e-06 2.04633e-06 7.24016e-07 3.07832e-07 1.65475e-07 1.16106e-07 1.0756e-07 1.30422e-07 2.01521e-07 3.80463e-07 8.30866e-07 1.95866e-06 4.51647e-06 8.48158e-06 8.45469e-06 1.58709e-06 6.80246e-09 4.11535e-14 2.34031e-15 6.24292e-16 5.36152e-16 1.66002e-15 1.95495e-14 6.98056e-11 4.81141e-07 1.73976e-05 4.60825e-05 4.13865e-05 2.37023e-05 1.04796e-05 3.48213e-06 6.3493e-07 0 
0 0.000107141 0.000369207 0.000586217 0.000566435 0.000375789 0.00019413 8.75222e-05 3.76303e-05 1.65504e-05 7.89561e-06 4.28884e-06 2.7521e-06 2.13497e-06 2.01895e-06 2.31269e-06 3.14655e-06 4.92887e-06 8.52557e-06 1.53987e-05 2.6595e-05 3.66844e-05 2.59895e-05 3.17264e-06 6.89491e-09 1.13306e-14 1.42436e-15 5.36152e-16 1.39005e-15 6.57448e-15 1.18532e-13 1.89991e-11 2.51383e-07 1.15359e-05 3.26845e-05 2.98007e-05 1.71137e-05 7.56919e-06 2.51507e-06 4.58585e-07 0 
0 7.89006e-05 0.000293214 0.000541238 0.00066158 0.000586206 0.000410018 0.000248525 0.00014168 8.09398e-05 4.86341e-05 3.18939e-05 2.34484e-05 1.9648e-05 1.8874e-05 2.06908e-05 2.55229e-05 3.46293e-05 5.00739e-05 7.3785e-05 0.000102796 0.000115924 7.31234e-05 1.06509e-05 5.87839e-08 1.25057e-12 8.48621e-15 1.66002e-15 6.57448e-15 1.0713e-15 7.22506e-16 2.42739e-10 5.20468e-07 1.15471e-05 2.55624e-05 2.15888e-05 1.21203e-05 5.32584e-06 1.76639e-06 3.21907e-07 0 
0 5.53219e-05 0.000215541 0.000438902 0.000633732 0.000705067 0.000637763 0.000498968 0.000360352 0.000254183 0.000182907 0.000138576 0.000112944 0.000100294 9.74757e-05 0.000103371 0.000118414 0.000144093 0.000181808 0.000229504 0.000273057 0.000272668 0.000177842 4.35553e-05 1.37204e-06 1.53744e-09 7.91943e-14 1.95495e-14 1.18532e-13 7.22507e-16 4.94968e-12 1.99699e-08 2.19975e-06 1.43842e-05 2.09102e-05 1.54965e-05 8.37198e-06 3.63858e-06 1.20306e-06 2.19056e-07 0 
0 3.70044e-05 0.000148136 0.000319509 0.00051168 0.000665038 0.00073118 0.000705791 0.000623736 0.000526446 0.000440165 0.000374932 0.000331702 0.000308303 0.000302425 0.000312589 0.000338011 0.000377589 0.000427687 0.000477927 0.000504861 0.000468342 0.000331822 0.000136453 2.01385e-05 6.33881e-07 5.28089e-09 6.98056e-11 1.89991e-11 2.42739e-10 1.99699e-08 8.94553e-07 7.77425e-06 1.69551e-05 1.65488e-05 1.07721e-05 5.59316e-06 2.40255e-06 7.91689e-07 1.44014e-07 0 
0 2.36109e-05 9.58784e-05 0.000213192 0.000361325 0.000514238 0.000640453 0.000716876 0.000739662 0.000722317 0.000684788 0.00064403 0.0006107 0.00058999 0.000583543 0.000590796 0.000609383 0.000634666 0.000658648 0.000668729 0.000647308 0.000574439 0.000437942 0.000256382 9.72362e-05 2.06215e-05 2.80957e-06 4.81141e-07 2.51383e-07 5.20468e-07 2.19975e-06 7.77425e-06 1.49303e-05 1.61867e-05 1.20274e-05 7.11836e-06 3.58348e-06 1.52456e-06 5.00919e-07 9.10426e-08 0 
0 1.43248e-05 5.85756e-05 0.000132175 0.000230298 0.000343153 0.000456908 0.000557103 0.000633399 0.000682648 0.00070841 0.000717852 0.000718423 0.000715778 0.000713032 0.000710765 0.000707288 0.000699002 0.000680877 0.000647201 0.000592657 0.000513733 0.000410705 0.000291142 0.000174143 8.55163e-05 3.69391e-05 1.73976e-05 1.15359e-05 1.15471e-05 1.43842e-05 1.69551e-05 1.61867e-05 1.23556e-05 7.90998e-06 4.425e-06 2.18419e-06 9.23215e-07 3.02709e-07 5.49824e-08 0 
0 8.20251e-06 3.36469e-05 7.64215e-05 0.000134796 0.00020503 0.000281554 0.000357772 0.000427395 0.000485809 0.00053081 0.000562417 0.000582033 0.000591451 0.0005921 0.000584681 0.000569163 0.000545034 0.000511715 0.000468994 0.000417358 0.000358153 0.000293636 0.000227199 0.000163862 0.000109981 7.05819e-05 4.60825e-05 3.26845e-05 2.55624e-05 2.09102e-05 1.65488e-05 1.20274e-05 7.90998e-06 4.72596e-06 2.56973e-06 1.2549e-06 5.28413e-07 1.73037e-07 3.14164e-08 0 
0 4.37249e-06 1.79601e-05 4.09033e-05 7.25098e-05 0.000111219 0.000154682 0.000199993 0.000244071 0.000284104 0.000317907 0.000344089 0.000361995 0.000371528 0.000372922 0.000366593 0.000353076 0.00033304 0.000307351 0.000277104 0.000243611 0.00020833 0.000172773 0.000138457 0.000106915 7.96369e-05 5.77243e-05 4.13865e-05 2.98007e-05 2.15888e-05 1.54965e-05 1.07721e-05 7.11836e-06 4.425e-06 2.56973e-06 1.37966e-06 6.70271e-07 2.81685e-07 9.21774e-08 1.67315e-08 0 
0 2.1173e-06 8.70157e-06 1.98385e-05 3.52355e-05 5.42179e-05 7.57673e-05 9.86066e-05 0.000121328 0.00014254 0.000161012 0.000175776 0.000186176 0.000191873 0.000192818 0.000189208 0.000181448 0.000170117 0.000155933 0.000139701 0.000122268 0.000104461 8.70355e-05 7.06419e-05 5.5811e-05 4.29364e-05 3.22354e-05 2.37023e-05 1.71137e-05 1.21203e-05 8.37198e-06 5.59316e-06 3.58348e-06 2.18419e-06 1.2549e-06 6.70271e-07 3.24897e-07 1.36414e-07 4.4624e-08 8.09886e-09 0 
0 8.8857e-07 3.65256e-06 8.33067e-06 1.48066e-05 2.28093e-05 3.19289e-05 4.16496e-05 5.13941e-05 6.05771e-05 6.86577e-05 7.51845e-05 7.98278e-05 8.23964e-05 8.28393e-05 8.12377e-05 7.77869e-05 7.27732e-05 6.65464e-05 5.94897e-05 5.19899e-05 4.44094e-05 3.70649e-05 3.0213e-05 2.40429e-05 1.86745e-05 1.41584e-05 1.04796e-05 7.56919e-06 5.32584e-06 3.63858e-06 2.40255e-06 1.52456e-06 9.23215e-07 5.28413e-07 2.81685e-07 1.36414e-07 5.72535e-08 1.87258e-08 3.39836e-09 0 
0 2.90611e-07 1.19468e-06 2.72518e-06 4.84481e-06 7.46623e-06 1.04573e-05 1.36515e-05 1.68616e-05 1.98958e-05 2.25749e-05 2.47463e-05 2.6296e-05 2.71561e-05 2.73064e-05 2.67732e-05 2.56232e-05 2.39549e-05 2.18883e-05 1.95537e-05 1.7081e-05 1.45902e-05 1.21845e-05 9.94575e-06 7.93196e-06 6.17787e-06 4.69646e-06 3.48213e-06 2.51507e-06 1.76639e-06 1.20306e-06 7.91689e-07 5.00919e-07 3.02709e-07 1.73037e-07 9.21774e-08 4.4624e-08 1.87258e-08 6.12419e-09 1.11139e-09 0 
0 5.27389e-08 2.16812e-07 4.94593e-07 8.79359e-07 1.35533e-06 1.89866e-06 2.47922e-06 3.06311e-06 3.61556e-06 4.10384e-06 4.50003e-06 4.78309e-06 4.94033e-06 4.96794e-06 4.87064e-06 4.66072e-06 4.35633e-06 3.97957e-06 3.55437e-06 3.10449e-06 2.65181e-06 2.21502e-06 1.8088e-06 1.44349e-06 1.12515e-06 8.55969e-07 6.3493e-07 4.58585e-07 3.21907e-07 2.19056e-07 1.44014e-07 9.10426e-08 5.49824e-08 3.14164e-08 1.67315e-08 8.09886e-09 3.39836e-09 1.11139e-09 2.01686e-10 0 
0 0 0 0 0 0 0 0 0 0 0 0 0 0 0 0 0 0 0 0 0 0 0 0 0 0 0 0 0 0 0 0 0 0 0 0 0 0 0 0 0 
