0 0 0 0 0 0 0 0 0 0 0 0 0 0 0 0 0 0 0 0 0 0 0 0 0 0 0 0 0 0 0 0 0 0 0 0 0 0 0 0 0 
0 1.33787e-05 5.30054e-05 0.000112934 0.000179742 0.000236618 0.000271543 0.000282397 0.00027501 0.000257851 0.000238115 0.000220451 0.000207283 0.000199596 0.000197594 0.000201086 0.000209608 0.000222362 0.00023805 0.000254694 0.000269578 0.000279455 0.000281097 0.00027214 0.000251948 0.000222073 0.000185973 0.000148005 0.000112163 8.11718e-05 5.62348e-05 3.73314e-05 2.37155e-05 1.43547e-05 8.21016e-06 4.37422e-06 2.11764e-06 8.88626e-07 2.90618e-07 5.27394e-08 0 
0 5.30054e-05 0.000199228 0.000382628 0.000512298 0.000528125 0.000448938 0.000335802 0.000234541 0.00016087 0.000112888 8.369e-05 6.7101e-05 5.90443e-05 5.73564e-05 6.13624e-05 7.16036e-05 8.97317e-05 0.000118422 0.000161027 0.000220571 0.000297729 0.000387949 0.000479025 0.000551732 0.000585763 0.000569412 0.000506528 0.000414539 0.000315018 0.000224556 0.000151376 9.69018e-05 5.88618e-05 3.37179e-05 1.79757e-05 8.70454e-06 3.65303e-06 1.19473e-06 2.16815e-07 0 
0 0.000112934 0.000382628 0.000598585 0.000577025 0.000385756 0.000200063 8.93976e-05 3.76182e-05 1.60708e-05 7.43406e-06 3.92783e-06 2.46803e-06 1.89174e-06 1.78589e-06 2.0645e-06 2.86629e-06 4.63719e-06 8.42024e-06 1.64692e-05 3.32959e-05 6.69476e-05 0.000129378 0.000233327 0.000382796 0.000558724 0.000712679 0.000786697 0.00075325 0.000634797 0.000481265 0.000335408 0.000218266 0.00013358 7.6763e-05 4.09762e-05 1.9852e-05 8.33275e-06 2.72542e-06 4.94609e-07 0 
0 0.000179742 0.000512298 0.000577025 0.00034306 0.00012769 3.48564e-05 7.97703e-06 1.72172e-06 3.90964e-07 1.03217e-07 3.45009e-08 1.5582e-08 9.90569e-09 8.99721e-09 1.15559e-08 2.03119e-08 4.64506e-08 1.29819e-07 4.1405e-07 1.4075e-06 4.78751e-06 1.5437e-05 4.51963e-05 0.000116294 0.000256415 0.000473829 0.000719312 0.000886965 0.000894913 0.000759852 0.000564094 0.000378853 0.000235208 0.00013598 7.27578e-05 3.52803e-05 1.48134e-05 4.84558e-06 8.79407e-07 0 
0 0.000236618 0.000528125 0.000385756 0.00012769 2.38996e-05 3.03965e-06 3.0899e-07 2.94289e-08 3.07108e-09 4.06344e-10 7.72652e-11 2.32329e-11 1.17294e-11 1.01588e-11 1.48551e-11 3.49152e-11 1.22298e-10 5.81396e-10 3.38646e-09 2.18185e-08 1.41465e-07 8.51342e-07 4.46367e-06 1.95014e-05 6.90396e-05 0.00019462 0.000430026 0.00073185 0.000951078 0.000961035 0.000791054 0.000560435 0.000356604 0.000208295 0.000111897 5.43384e-05 2.2827e-05 7.46821e-06 1.35545e-06 0 
0 0.000271543 0.000448938 0.000200063 3.48564e-05 3.03965e-06 1.62847e-07 6.56008e-09 2.45378e-10 1.05353e-11 6.33416e-13 6.32605e-14 1.19565e-14 4.63998e-15 3.80597e-15 6.45275e-15 2.1127e-14 1.20365e-13 1.04915e-12 1.21539e-11 1.62545e-10 2.20269e-09 2.70423e-08 2.75446e-07 2.18891e-06 1.3096e-05 5.81295e-05 0.000190646 0.000458842 0.000799934 0.0010106 0.000961257 0.000737192 0.000487056 0.000289055 0.000156241 7.60414e-05 3.19688e-05 1.04617e-05 1.89892e-06 0 
0 0.000282397 0.000335802 8.93976e-05 7.97703e-06 3.0899e-07 6.56008e-09 9.80017e-11 1.34708e-12 2.23516e-14 5.77749e-16 2.89687e-17 3.33837e-18 9.85183e-19 7.64545e-19 1.50695e-18 6.99848e-18 6.7046e-17 1.11783e-15 2.70235e-14 7.89728e-13 2.35692e-11 6.21365e-10 1.29043e-08 1.94753e-07 2.03849e-06 1.4557e-05 7.12727e-05 0.00024176 0.000567793 0.000916669 0.00103825 0.00088276 0.000613902 0.000372498 0.000203088 9.9149e-05 4.17275e-05 1.366e-05 2.47971e-06 0 
0 0.00027501 0.000234541 3.76182e-05 1.72172e-06 2.94289e-08 2.45378e-10 1.34708e-12 6.74599e-15 4.29165e-17 4.76582e-19 1.39603e-20 1.9051e-21 8.4026e-22 7.11285e-22 1.05416e-21 3.31358e-21 3.54746e-20 1.07202e-18 5.4299e-17 3.48964e-15 2.30909e-13 1.31638e-11 5.61433e-10 1.62086e-08 2.98692e-07 3.4413e-06 2.5028e-05 0.000117853 0.000366238 0.000751232 0.00102384 0.000980125 0.000725447 0.000452586 0.000249471 0.000122276 5.15296e-05 1.68761e-05 3.06395e-06 0 
0 0.000257851 0.00016087 1.60708e-05 3.90964e-07 3.07108e-09 1.05353e-11 2.23516e-14 4.29165e-17 1.11263e-19 7.96859e-22 4.70715e-23 1.23643e-23 7.60574e-24 6.85501e-24 8.22492e-24 1.64351e-23 8.16731e-23 1.68055e-21 1.45557e-19 1.9667e-17 2.77138e-15 3.28641e-13 2.77739e-11 1.48617e-09 4.69378e-08 8.52779e-07 9.01665e-06 5.751e-05 0.00022981 0.000584745 0.000950375 0.00102752 0.000813957 0.000524005 0.000292502 0.000144024 6.07886e-05 1.99183e-05 3.61685e-06 0 
0 0.000238115 0.000112888 7.43406e-06 1.03217e-07 4.06344e-10 6.33416e-13 5.77749e-16 4.76582e-19 7.96859e-22 9.12478e-24 8.31561e-25 3.40076e-25 2.59562e-25 2.42837e-25 2.55764e-25 3.64266e-25 1.02219e-24 1.19809e-23 8.43e-22 1.94866e-19 5.35801e-17 1.21759e-14 1.88906e-12 1.74946e-10 8.92455e-09 2.43291e-07 3.58816e-06 2.98868e-05 0.000148174 0.00045223 0.000856469 0.00103612 0.000877112 0.000582958 0.000329689 0.000163113 6.89569e-05 2.26066e-05 4.10565e-06 0 
0 0.000220451 8.369e-05 3.92783e-06 3.45009e-08 7.72652e-11 6.32605e-14 2.89687e-17 1.39603e-20 4.70715e-23 8.31563e-25 5.94849e-26 2.1442e-26 1.7589e-26 1.6735e-26 1.6302e-26 1.90079e-26 4.34378e-26 4.54188e-25 2.22122e-23 4.67607e-21 2.11235e-18 8.16231e-16 2.07991e-13 3.01554e-11 2.27686e-09 8.65257e-08 1.67589e-06 1.73503e-05 0.000102254 0.000360051 0.000769947 0.00102254 0.00091724 0.000627457 0.00035916 0.000178488 7.55715e-05 2.47871e-05 4.50235e-06 0 
0 0.000207283 6.7101e-05 2.46803e-06 1.5582e-08 2.32329e-11 1.19565e-14 3.33837e-18 1.9051e-21 1.23643e-23 3.40078e-25 2.14421e-26 3.26281e-27 1.7765e-27 1.59771e-27 1.4922e-27 1.76131e-27 6.08142e-27 8.09255e-26 2.97113e-24 3.86134e-22 2.03918e-19 1.1519e-16 4.19948e-14 8.41556e-12 8.4352e-10 4.07602e-08 9.61572e-07 1.16483e-05 7.76881e-05 0.000302546 0.000704887 0.00100196 0.000939107 0.000657056 0.000379737 0.000189395 8.02881e-05 2.63446e-05 4.78584e-06 0 
0 0.000199596 5.90443e-05 1.89174e-06 9.90569e-09 1.17294e-11 4.63998e-15 9.85183e-19 8.40261e-22 7.60576e-24 2.59563e-25 1.75891e-26 1.77651e-27 3.44468e-28 1.92871e-28 1.81015e-28 3.76575e-28 2.71453e-27 3.91238e-26 1.17495e-24 1.13342e-22 5.40851e-20 3.76216e-17 1.68103e-14 4.04911e-12 4.76824e-10 2.64173e-08 6.97293e-07 9.23688e-06 6.60772e-05 0.000272331 0.000665981 0.000984705 0.000947568 0.000672265 0.000390889 0.000195406 8.29024e-05 2.72095e-05 4.94336e-06 0 
0 0.000197594 5.73564e-05 1.78589e-06 8.99721e-09 1.01588e-11 3.80597e-15 7.64545e-19 7.11285e-22 6.85504e-24 2.42838e-25 1.67352e-26 1.59773e-27 1.92872e-28 4.41987e-29 4.71871e-29 2.38181e-28 2.28034e-27 3.32489e-26 9.63547e-25 8.81277e-23 4.05338e-20 2.94091e-17 1.37156e-14 3.4348e-12 4.18571e-10 2.38757e-08 6.45487e-07 8.7152e-06 6.32872e-05 0.000264102 0.000653273 0.000975794 0.000945959 0.000673933 0.000392615 0.00019642 8.3356e-05 2.7361e-05 4.97103e-06 0 
0 0.000201086 6.13624e-05 2.0645e-06 1.15559e-08 1.48551e-11 6.45275e-15 1.50695e-18 1.05416e-21 8.22494e-24 2.55765e-25 1.63021e-26 1.49221e-27 1.81016e-28 4.7187e-29 5.98452e-29 2.95227e-28 2.83409e-27 4.45652e-26 1.4822e-24 1.6207e-22 8.27377e-20 5.3605e-17 2.23252e-14 5.04894e-12 5.62845e-10 2.97723e-08 7.56569e-07 9.72382e-06 6.79568e-05 0.000275226 0.000664783 0.000975533 0.000935421 0.000662865 0.000385335 0.000192632 8.17293e-05 2.68252e-05 4.8736e-06 0 
0 0.000209608 7.16036e-05 2.86629e-06 2.03119e-08 3.49152e-11 2.1127e-14 6.99848e-18 3.31358e-21 1.64351e-23 3.64267e-25 1.9008e-26 1.76132e-27 3.76574e-28 2.38179e-28 2.95225e-28 8.05954e-28 6.10859e-27 1.0782e-25 4.90456e-24 8.06767e-22 4.24113e-19 2.10468e-16 6.79153e-14 1.22001e-11 1.11195e-09 4.95864e-08 1.09527e-06 1.25916e-05 8.06739e-05 0.00030506 0.000696912 0.00098012 0.00091497 0.000639709 0.0003698 0.000184493 7.82242e-05 2.56695e-05 4.66336e-06 0 
0 0.000222362 8.97317e-05 4.63719e-06 4.64506e-08 1.22298e-10 1.20365e-13 6.7046e-17 3.54746e-20 8.16732e-23 1.02219e-24 4.34379e-26 6.0814e-27 2.71451e-27 2.28032e-27 2.83407e-27 6.10856e-27 3.53033e-26 6.92412e-25 4.75045e-23 1.18941e-20 4.7422e-18 1.57601e-15 3.49245e-13 4.46766e-11 3.02514e-09 1.04851e-07 1.88313e-06 1.83641e-05 0.000103466 0.000353303 0.000743029 0.000981952 0.000882095 0.000605094 0.000347057 0.000172658 7.3138e-05 2.39936e-05 4.35854e-06 0 
0 0.00023805 0.000118422 8.42024e-06 1.29819e-07 5.81396e-10 1.04915e-12 1.11783e-15 1.07202e-18 1.68055e-21 1.19809e-23 4.54187e-25 8.09252e-26 3.91236e-26 3.32487e-26 4.45649e-26 1.0782e-25 6.92411e-25 1.75091e-23 1.80484e-21 3.97485e-19 9.63135e-17 1.93556e-14 2.67954e-12 2.23948e-10 1.04418e-08 2.6366e-07 3.65081e-06 2.89481e-05 0.000138723 0.000416577 0.000790664 0.000969974 0.000833665 0.000559889 0.000318405 0.000157927 6.68332e-05 2.19189e-05 3.98133e-06 0 
0 0.000254694 0.000161027 1.64692e-05 4.1405e-07 3.38646e-09 1.21539e-11 2.70235e-14 5.4299e-17 1.45557e-19 8.43e-22 2.22121e-23 2.97112e-24 1.17495e-24 9.63544e-25 1.4822e-24 4.90455e-24 4.75045e-23 1.80484e-21 1.67859e-19 2.16929e-17 2.91568e-15 3.30269e-13 2.67102e-11 1.37039e-09 4.15913e-08 7.28518e-07 7.46774e-06 4.66314e-05 0.000185529 0.00048176 0.000818124 0.000930622 0.000766966 0.000505407 0.000285343 0.000141184 5.97038e-05 1.95767e-05 3.5557e-06 0 
0 0.000269578 0.000220571 3.32959e-05 1.4075e-06 2.18185e-08 1.62545e-10 7.89728e-13 3.48964e-15 1.9667e-17 1.94866e-19 4.67607e-21 3.86134e-22 1.13342e-22 8.81276e-23 1.6207e-22 8.06767e-22 1.18941e-20 3.97485e-19 2.16929e-17 1.50874e-15 1.07998e-13 6.61917e-12 2.99967e-10 9.05471e-09 1.71407e-07 2e-06 1.46649e-05 7.03894e-05 0.000229678 0.000515854 0.00079277 0.000849757 0.000680517 0.000443464 0.000249484 0.000123329 5.21438e-05 1.70976e-05 3.10546e-06 0 
0 0.000279455 0.000297729 6.69476e-05 4.78751e-06 1.41465e-07 2.20269e-09 2.35692e-11 2.30909e-13 2.77138e-15 5.35801e-17 2.11235e-18 2.03918e-19 5.40851e-20 4.05338e-20 8.27377e-20 4.24113e-19 4.7422e-18 9.63135e-17 2.91568e-15 1.07998e-13 4.07008e-12 1.32827e-10 3.29376e-09 5.64562e-08 6.34866e-07 4.66575e-06 2.33308e-05 8.42199e-05 0.000228144 0.000461455 0.000676454 0.000715908 0.000574541 0.000376266 0.000212435 0.000105208 4.45188e-05 1.46021e-05 2.65251e-06 0 
0 0.000281097 0.000387949 0.000129378 1.5437e-05 8.51342e-07 2.70423e-08 6.21365e-10 1.31638e-11 3.28641e-13 1.21759e-14 8.16231e-16 1.1519e-16 3.76216e-17 2.94091e-17 5.3605e-17 2.10468e-16 1.57601e-15 1.93556e-14 3.30269e-13 6.61917e-12 1.32827e-10 2.30918e-09 3.06593e-08 2.81164e-07 1.68614e-06 6.77827e-06 2.0512e-05 5.40152e-05 0.00013168 0.000278219 0.000451946 0.000527089 0.000451602 0.000306305 0.000175706 8.75755e-05 3.71446e-05 1.21933e-05 2.21553e-06 0 
0 0.00027214 0.000479025 0.000233327 4.51963e-05 4.46367e-06 2.75446e-07 1.29043e-08 5.61433e-10 2.77739e-11 1.88906e-12 2.07991e-13 4.19948e-14 1.68103e-14 1.37156e-14 2.23252e-14 6.79153e-14 3.49245e-13 2.67954e-12 2.67102e-11 2.99967e-10 3.29376e-09 3.06593e-08 2.08085e-07 8.82371e-07 2.11169e-06 3.09858e-06 3.99267e-06 7.12144e-06 2.04133e-05 6.98825e-05 0.000186099 0.000307225 0.000319097 0.000236608 0.000140703 7.10586e-05 3.02744e-05 9.95245e-06 1.80919e-06 0 
0 0.000251948 0.000551732 0.000382796 0.000116294 1.95014e-05 2.18891e-06 1.94753e-07 1.62086e-08 1.48617e-09 1.74946e-10 3.01554e-11 8.41556e-12 4.04911e-12 3.4348e-12 5.04894e-12 1.22001e-11 4.46766e-11 2.23948e-10 1.37039e-09 9.05471e-09 5.64562e-08 2.81164e-07 8.82371e-07 1.25804e-06 6.11845e-07 1.20139e-07 2.62928e-08 2.559e-08 1.6999e-07 2.81951e-06 3.07574e-05 0.000121609 0.000193663 0.00017142 0.000108786 5.61575e-05 2.40933e-05 7.93738e-06 1.4438e-06 0 
0 0.000222073 0.000585763 0.000558724 0.000256415 6.90396e-05 1.3096e-05 2.03849e-06 2.98692e-07 4.69378e-08 8.92455e-09 2.27686e-09 8.4352e-10 4.76824e-10 4.18571e-10 5.62845e-10 1.11195e-09 3.02514e-09 1.04418e-08 4.15913e-08 1.71407e-07 6.34866e-07 1.68614e-06 2.11169e-06 6.11845e-07 1.90888e-08 8.08791e-11 5.20817e-13 1.72126e-13 9.61123e-12 5.70784e-09 1.27791e-06 2.86264e-05 9.84141e-05 0.000116245 8.12634e-05 4.32355e-05 1.87171e-05 6.18235e-06 1.1254e-06 0 
0 0.000185973 0.000569412 0.000712679 0.000473829 0.00019462 5.81295e-05 1.4557e-05 3.4413e-06 8.52779e-07 2.43291e-07 8.65257e-08 4.07602e-08 2.64173e-08 2.38757e-08 2.97723e-08 4.95864e-08 1.04851e-07 2.6366e-07 7.28518e-07 2e-06 4.66575e-06 6.77827e-06 3.09858e-06 1.20139e-07 8.08791e-11 1.1849e-15 1.65172e-15 2.87578e-15 1.30283e-16 7.26283e-13 1.62222e-08 4.54792e-06 4.45652e-05 7.55902e-05 5.91059e-05 3.24876e-05 1.41936e-05 4.70008e-06 8.56171e-07 0 
0 0.000148005 0.000506528 0.000786697 0.000719312 0.000430026 0.000190646 7.12727e-05 2.5028e-05 9.01665e-06 3.58816e-06 1.67589e-06 9.61572e-07 6.97293e-07 6.45487e-07 7.56569e-07 1.09527e-06 1.88313e-06 3.65081e-06 7.46774e-06 1.46649e-05 2.33308e-05 2.0512e-05 3.99267e-06 2.62928e-08 5.20817e-13 1.65172e-15 1.4768e-16 1.76496e-16 2.46173e-17 1.72976e-16 3.17767e-10 8.93123e-07 2.18312e-05 4.98432e-05 4.24732e-05 2.38991e-05 1.05066e-05 3.48487e-06 6.3508e-07 0 
0 0.000112163 0.000414539 0.00075325 0.000886965 0.00073185 0.000458842 0.00024176 0.000117853 5.751e-05 2.98868e-05 1.73503e-05 1.16483e-05 9.23688e-06 8.7152e-06 9.72382e-06 1.25916e-05 1.83641e-05 2.89481e-05 4.66314e-05 7.03894e-05 8.42199e-05 5.40152e-05 7.12144e-06 2.559e-08 1.72126e-13 2.87578e-15 1.76496e-16 3.36e-17 2.26043e-17 7.90731e-16 9.59957e-11 4.8047e-07 1.45586e-05 3.53536e-05 3.05673e-05 1.72508e-05 7.58779e-06 2.51694e-06 4.58687e-07 0 
0 8.11718e-05 0.000315018 0.000634797 0.000894913 0.000951078 0.000799934 0.000567793 0.000366238 0.00022981 0.000148174 0.000102254 7.76881e-05 6.60772e-05 6.32872e-05 6.79568e-05 8.06739e-05 0.000103466 0.000138723 0.000185529 0.000229678 0.000228144 0.00013168 2.04133e-05 1.6999e-07 9.61123e-12 1.30283e-16 2.46173e-17 2.26043e-17 7.18856e-17 3.67799e-15 9.08133e-10 8.93974e-07 1.40617e-05 2.73315e-05 2.20633e-05 1.22037e-05 5.33712e-06 1.76752e-06 3.2197e-07 0 
0 5.62348e-05 0.000224556 0.000481265 0.000759852 0.000961035 0.0010106 0.000916669 0.000751232 0.000584745 0.00045223 0.000360051 0.000302546 0.000272331 0.000264102 0.000275226 0.00030506 0.000353303 0.000416577 0.00048176 0.000515854 0.000461455 0.000278219 6.98825e-05 2.81951e-06 5.70784e-09 7.26283e-13 1.72976e-16 7.90732e-16 3.67799e-15 2.65224e-11 4.69034e-08 3.16686e-06 1.65138e-05 2.19476e-05 1.57487e-05 8.41562e-06 3.64453e-06 1.20366e-06 2.1909e-07 0 
0 3.73314e-05 0.000151376 0.000335408 0.000564094 0.000791054 0.000961257 0.00103825 0.00102384 0.000950375 0.000856469 0.000769947 0.000704887 0.000665981 0.000653273 0.000664783 0.000696912 0.000743029 0.000790664 0.000818124 0.00079277 0.000676454 0.000451946 0.000186099 3.07574e-05 1.27791e-06 1.62222e-08 3.17767e-10 9.59957e-11 9.08133e-10 4.69034e-08 1.40569e-06 9.53139e-06 1.83971e-05 1.70541e-05 1.08853e-05 5.61272e-06 2.40527e-06 7.91973e-07 1.4403e-07 0 
0 2.37155e-05 9.69018e-05 0.000218266 0.000378853 0.000560435 0.000737192 0.00088276 0.000980125 0.00102752 0.00103612 0.00102254 0.00100196 0.000984705 0.000975794 0.000975533 0.00098012 0.000981952 0.000969974 0.000930622 0.000849757 0.000715908 0.000527089 0.000307225 0.000121609 2.86264e-05 4.54792e-06 8.93123e-07 4.8047e-07 8.93974e-07 3.16686e-06 9.53139e-06 1.64658e-05 1.68776e-05 1.22256e-05 7.16113e-06 3.59099e-06 1.52564e-06 5.01036e-07 9.10494e-08 0 
0 1.43547e-05 5.88618e-05 0.00013358 0.000235208 0.000356604 0.000487056 0.000613902 0.000725447 0.000813957 0.000877112 0.00091724 0.000939107 0.000947568 0.000945959 0.000935421 0.00091497 0.000882095 0.000833665 0.000766966 0.000680517 0.000574541 0.000451602 0.000319097 0.000193663 9.84141e-05 4.45652e-05 2.18312e-05 1.45586e-05 1.40617e-05 1.65138e-05 1.83971e-05 1.68776e-05 1.25934e-05 7.97302e-06 4.43866e-06 2.18667e-06 9.23584e-07 3.02751e-07 5.49849e-08 0 
0 8.21016e-06 3.37179e-05 7.6763e-05 0.00013598 0.000208295 0.000289055 0.000372498 0.000452586 0.000524005 0.000582958 0.000627457 0.000657056 0.000672265 0.000673933 0.000662865 0.000639709 0.000605094 0.000559889 0.000505407 0.000443464 0.000376266 0.000306305 0.000236608 0.00017142 0.000116245 7.55902e-05 4.98432e-05 3.53536e-05 2.73315e-05 2.19476e-05 1.70541e-05 1.22256e-05 7.97302e-06 4.74262e-06 2.57346e-06 1.25561e-06 5.28523e-07 1.7305e-07 3.14172e-08 0 
0 4.37422e-06 1.79757e-05 4.09762e-05 7.27578e-05 0.000111897 0.000156241 0.000203088 0.000249471 0.000292502 0.000329689 0.00035916 0.000379737 0.000390889 0.000392615 0.000385335 0.0003698 0.000347057 0.000318405 0.000285343 0.000249484 0.000212435 0.000175706 0.000140703 0.000108786 8.12634e-05 5.91059e-05 4.24732e-05 3.05673e-05 2.20633e-05 1.57487e-05 1.08853e-05 7.16113e-06 4.43866e-06 2.57346e-06 1.38053e-06 6.70445e-07 2.81713e-07 9.21809e-08 1.67318e-08 0 
0 2.11764e-06 8.70454e-06 1.9852e-05 3.52803e-05 5.43384e-05 7.60414e-05 9.9149e-05 0.000122276 0.000144024 0.000163113 0.000178488 0.000189395 0.000195406 0.00019642 0.000192632 0.000184493 0.000172658 0.000157927 0.000141184 0.000123329 0.000105208 8.75755e-05 7.10586e-05 5.61575e-05 4.32355e-05 3.24876e-05 2.38991e-05 1.72508e-05 1.22037e-05 8.41562e-06 5.61272e-06 3.59099e-06 2.18667e-06 1.25561e-06 6.70445e-07 3.24933e-07 1.36421e-07 4.46248e-08 8.09891e-09 0 
0 8.88626e-07 3.65303e-06 8.33275e-06 1.48134e-05 2.2827e-05 3.19688e-05 4.17275e-05 5.15296e-05 6.07886e-05 6.89569e-05 7.55715e-05 8.02881e-05 8.29024e-05 8.3356e-05 8.17293e-05 7.82242e-05 7.3138e-05 6.68332e-05 5.97038e-05 5.21438e-05 4.45188e-05 3.71446e-05 3.02744e-05 2.40933e-05 1.87171e-05 1.41936e-05 1.05066e-05 7.58779e-06 5.33712e-06 3.64453e-06 2.40527e-06 1.52564e-06 9.23584e-07 5.28523e-07 2.81713e-07 1.36421e-07 5.72546e-08 1.87259e-08 3.39837e-09 0 
0 2.90618e-07 1.19473e-06 2.72542e-06 4.84558e-06 7.46821e-06 1.04617e-05 1.366e-05 1.68761e-05 1.99183e-05 2.26066e-05 2.47871e-05 2.63446e-05 2.72095e-05 2.7361e-05 2.68252e-05 2.56695e-05 2.39936e-05 2.19189e-05 1.95767e-05 1.70976e-05 1.46021e-05 1.21933e-05 9.95245e-06 7.93738e-06 6.18235e-06 4.70008e-06 3.48487e-06 2.51694e-06 1.76752e-06 1.20366e-06 7.91973e-07 5.01036e-07 3.02751e-07 1.7305e-07 9.21809e-08 4.46248e-08 1.87259e-08 6.12421e-09 1.11139e-09 0 
0 5.27394e-08 2.16815e-07 4.94609e-07 8.79407e-07 1.35545e-06 1.89892e-06 2.47971e-06 3.06395e-06 3.61685e-06 4.10565e-06 4.50235e-06 4.78584e-06 4.94336e-06 4.97103e-06 4.8736e-06 4.66336e-06 4.35854e-06 3.98133e-06 3.5557e-06 3.10546e-06 2.65251e-06 2.21553e-06 1.80919e-06 1.4438e-06 1.1254e-06 8.56171e-07 6.3508e-07 4.58687e-07 3.2197e-07 2.1909e-07 1.4403e-07 9.10494e-08 5.49849e-08 3.14172e-08 1.67318e-08 8.09891e-09 3.39837e-09 1.11139e-09 2.01686e-10 0 
0 0 0 0 0 0 0 0 0 0 0 0 0 0 0 0 0 0 0 0 0 0 0 0 0 0 0 0 0 0 0 0 0 0 0 0 0 0 0 0 0 
