0 0 0 0 0 0 0 0 0 0 0 0 0 0 0 0 0 0 0 0 0 0 0 0 0 0 0 0 0 0 0 0 0 0 0 0 0 0 0 0 0 
0 1.32329e-05 5.17589e-05 0.000107884 0.000166382 0.000210805 0.000232317 0.000232417 0.000218614 0.000198978 0.000179341 0.000162968 0.000151276 0.00014465 0.000143026 0.000146178 0.0001538 0.00016542 0.000180222 0.000196842 0.000213219 0.000226652 0.000234137 0.000233033 0.000221865 0.000200973 0.00017263 0.000140461 0.000108369 7.94765e-05 5.55609e-05 3.70923e-05 2.36396e-05 1.43332e-05 8.20468e-06 4.37299e-06 2.1174e-06 8.88586e-07 2.90613e-07 5.27391e-08 0 
0 5.17589e-05 0.000188653 0.000343312 0.000426009 0.000402406 0.000313872 0.000217296 0.000141923 9.19288e-05 6.15145e-05 4.39357e-05 3.4318e-05 2.97674e-05 2.88466e-05 3.11406e-05 3.70474e-05 4.77517e-05 6.52769e-05 9.24377e-05 0.000132399 0.000187485 0.000257072 0.000335063 0.00040854 0.000459911 0.00047356 0.000444097 0.000379937 0.000298648 0.000217884 0.000149007 9.61607e-05 5.86561e-05 3.36671e-05 1.79646e-05 8.70243e-06 3.6527e-06 1.19469e-06 2.16813e-07 0 
0 0.000107884 0.000343312 0.000482491 0.000405121 0.000235213 0.000107231 4.26172e-05 1.6093e-05 6.22802e-06 2.643e-06 1.30252e-06 7.78772e-07 5.80705e-07 5.45591e-07 6.41596e-07 9.24178e-07 1.57693e-06 3.05789e-06 6.44004e-06 1.4079e-05 3.06442e-05 6.40646e-05 0.00012494 0.000222078 0.000352895 0.000492883 0.000596854 0.00062286 0.000563473 0.000449633 0.000323733 0.000214587 0.000132571 7.65193e-05 4.09244e-05 1.98424e-05 8.33128e-06 2.72525e-06 4.94598e-07 0 
0 0.000166382 0.000426009 0.000405121 0.000198692 6.1444e-05 1.40272e-05 2.68815e-06 4.87522e-07 9.40257e-08 2.14959e-08 6.39392e-09 2.65683e-09 1.61251e-09 1.45263e-09 1.91965e-09 3.58833e-09 8.9715e-09 2.79952e-08 1.01087e-07 3.91635e-07 1.5183e-06 5.55023e-06 1.82648e-05 5.23766e-05 0.000128169 0.000263795 0.000450326 0.000628499 0.000712419 0.000664032 0.000525216 0.000366082 0.000231674 0.000135135 7.25818e-05 3.52486e-05 1.48086e-05 4.84504e-06 8.79374e-07 0 
0 0.000210805 0.000402406 0.000235213 6.1444e-05 9.04592e-06 8.94581e-07 7.00405e-08 5.14496e-09 4.20487e-10 4.48567e-11 7.16378e-12 1.9016e-12 8.9568e-13 7.66166e-13 1.16897e-12 3.01204e-12 1.20551e-11 6.75919e-11 4.7429e-10 3.72079e-09 2.93976e-08 2.13887e-07 1.33589e-06 6.82244e-06 2.77149e-05 8.86022e-05 0.000222294 0.000435121 0.000656681 0.000761719 0.000696053 0.000526466 0.000346881 0.000205961 0.000111416 5.42532e-05 2.28145e-05 7.46681e-06 1.35537e-06 0 
0 0.000232317 0.000313872 0.000107231 1.40272e-05 8.94581e-07 3.40578e-08 9.58547e-10 2.50842e-11 7.69667e-13 3.44184e-14 2.70369e-15 4.30261e-16 1.51687e-16 1.22294e-16 2.19888e-16 8.17469e-16 5.59747e-15 6.12368e-14 9.1671e-13 1.60839e-11 2.86501e-10 4.57895e-09 5.95526e-08 5.88456e-07 4.24749e-06 2.21145e-05 8.36165e-05 0.000232447 0.000476056 0.000712226 0.000784162 0.000665123 0.000465107 0.000283673 0.000155132 7.58475e-05 3.19407e-05 1.04586e-05 1.89874e-06 0 
0 0.000232417 0.000217296 4.26172e-05 2.68815e-06 7.00405e-08 9.58547e-10 9.02198e-12 7.82727e-14 8.42313e-16 1.48624e-17 5.66096e-19 7.11545e-20 3.13385e-20 2.71158e-20 3.91069e-20 1.34654e-19 1.42457e-18 3.15721e-17 1.06308e-15 4.41073e-14 1.87416e-12 6.95367e-11 1.98501e-09 3.98468e-08 5.3352e-07 4.67902e-06 2.71716e-05 0.000107439 0.00029654 0.000573912 0.000776594 0.000757233 0.000572167 0.00036188 0.000200881 9.87647e-05 4.16725e-05 1.3654e-05 2.47936e-06 0 
0 0.000218614 0.000141923 1.6093e-05 4.87522e-07 5.14496e-09 2.50842e-11 7.82727e-14 2.23198e-16 8.40933e-19 9.33174e-21 1.24371e-21 4.81941e-22 3.44355e-22 3.2231e-22 3.52728e-22 5.8079e-22 1.72363e-21 1.80328e-20 1.12088e-18 1.10396e-16 1.12638e-14 9.76413e-13 6.15781e-11 2.52864e-09 6.32718e-08 9.41301e-07 8.42412e-06 4.71148e-05 0.00017238 0.000424019 0.000702413 0.000795174 0.000657103 0.000434314 0.000245607 0.000121603 5.14338e-05 1.68659e-05 3.06336e-06 0 
0 0.000198978 9.19288e-05 6.22802e-06 9.40257e-08 4.20487e-10 7.69667e-13 8.42313e-16 8.40933e-19 2.14286e-21 8.6955e-23 3.43303e-23 2.5123e-23 2.22727e-23 2.14566e-23 2.11705e-23 2.38874e-23 3.06017e-23 9.90264e-23 2.21652e-21 3.66579e-19 8.55329e-17 1.65868e-14 2.21911e-12 1.79796e-10 8.15389e-09 2.00752e-07 2.71432e-06 2.10726e-05 9.98805e-05 0.000303964 0.000603984 0.000789195 0.000715433 0.000496125 0.000286472 0.000142968 6.06389e-05 1.99025e-05 3.61594e-06 0 
0 0.000179341 6.15145e-05 2.643e-06 2.14959e-08 4.48567e-11 3.44184e-14 1.48624e-17 9.33174e-21 8.69551e-23 6.85704e-24 3.13962e-24 2.93264e-24 2.92323e-24 2.862e-24 2.66516e-24 2.43703e-24 2.15816e-24 3.73886e-24 3.3706e-23 2.7355e-21 1.10827e-18 4.38703e-16 1.14394e-13 1.69402e-11 1.30287e-09 5.02176e-08 9.80941e-07 1.01978e-05 6.06512e-05 0.000221146 0.000511911 0.00075826 0.000749317 0.000544665 0.000321199 0.000161615 6.87447e-05 2.25842e-05 4.10438e-06 0 
0 0.000162968 4.39357e-05 1.30252e-06 6.39392e-09 7.16378e-12 2.70369e-15 5.66096e-19 1.24371e-21 3.43303e-23 3.13963e-24 7.68671e-25 5.33779e-25 5.24219e-25 5.11668e-25 4.59315e-25 3.77755e-25 2.99922e-25 4.97386e-25 3.66449e-24 1.28937e-22 3.29167e-20 2.24347e-17 1.00849e-14 2.44269e-12 2.89121e-10 1.60727e-08 4.24294e-07 5.60293e-06 4.00823e-05 0.000168751 0.000440049 0.000720259 0.00076501 0.000579451 0.000348265 0.00017655 7.52966e-05 2.47582e-05 4.50071e-06 0 
0 0.000151276 3.4318e-05 7.78772e-07 2.65683e-09 1.9016e-12 4.30261e-16 7.11545e-20 4.81941e-22 2.5123e-23 2.93264e-24 5.3378e-25 1.77408e-25 1.20585e-25 1.07122e-25 9.23058e-26 7.34355e-26 6.88693e-26 1.83842e-25 1.41387e-24 2.86867e-23 3.20036e-21 2.61852e-18 1.7422e-15 6.01621e-13 9.71643e-11 7.03482e-09 2.3083e-07 3.62371e-06 2.96157e-05 0.000138114 0.000391431 0.000687419 0.000769656 0.000601464 0.000366879 0.00018709 7.99608e-05 2.63102e-05 4.78389e-06 0 
0 0.00014465 2.97674e-05 5.80705e-07 1.61251e-09 8.9568e-13 1.51687e-16 3.13385e-20 3.44356e-22 2.22727e-23 2.92324e-24 5.2422e-25 1.20585e-25 4.35788e-26 2.70446e-26 2.10494e-26 1.83418e-26 2.94832e-26 1.2427e-25 9.33132e-25 1.47504e-23 1.07031e-21 7.74229e-19 6.42001e-16 2.71027e-13 5.2199e-11 4.38971e-09 1.62947e-07 2.82181e-06 2.48692e-05 0.000122843 0.00036467 0.00066623 0.000768993 0.000612234 0.000376833 0.000192874 8.25422e-05 2.71716e-05 4.94122e-06 0 
0 0.000143026 2.88466e-05 5.45591e-07 1.45263e-09 7.66166e-13 1.22294e-16 2.71158e-20 3.2231e-22 2.14567e-23 2.86201e-24 5.11669e-25 1.07122e-25 2.70446e-26 1.00099e-26 6.22662e-27 7.41056e-27 2.18148e-26 1.11677e-25 8.4166e-25 1.28157e-23 8.6532e-22 5.99374e-19 5.19868e-16 2.2876e-13 4.56918e-11 3.9634e-09 1.50924e-07 2.66702e-06 2.38706e-05 0.000119298 0.000357576 0.000659039 0.000766329 0.000613087 0.000378306 0.000193836 8.29879e-05 2.73222e-05 4.96884e-06 0 
0 0.000146178 3.11406e-05 6.41596e-07 1.91965e-09 1.16897e-12 2.19888e-16 3.91069e-20 3.52728e-22 2.11705e-23 2.66516e-24 4.59315e-25 9.23059e-26 2.10494e-26 6.22663e-27 3.52895e-27 5.82494e-27 2.18292e-26 1.20054e-25 9.79052e-25 1.71991e-23 1.49165e-21 1.17765e-18 9.03001e-16 3.54849e-13 6.41934e-11 5.11867e-09 1.81842e-07 3.04014e-06 2.60698e-05 0.000126114 0.000368485 0.000665388 0.000762374 0.000604759 0.000371716 0.000190175 8.13789e-05 2.67883e-05 4.8715e-06 0 
0 0.0001538 3.70474e-05 9.24178e-07 3.58833e-09 3.01204e-12 8.17469e-16 1.34654e-19 5.8079e-22 2.38874e-23 2.43703e-24 3.77755e-25 7.34356e-26 1.83418e-26 7.41056e-27 5.82493e-27 9.05298e-27 2.88104e-26 1.59898e-25 1.5662e-24 4.13508e-23 6.64342e-21 5.39973e-18 3.13065e-15 9.5469e-13 1.38304e-10 9.12983e-09 2.77569e-07 4.09888e-06 3.19409e-05 0.000143649 0.000396177 0.000682491 0.00075549 0.000587362 0.000357653 0.000182307 7.79123e-05 2.56366e-05 4.66148e-06 0 
0 0.00016542 4.77517e-05 1.57693e-06 8.9715e-09 1.20551e-11 5.59747e-15 1.42457e-18 1.72363e-21 3.06017e-23 2.15816e-24 2.99922e-25 6.88693e-26 2.94832e-26 2.18148e-26 2.18292e-26 2.88103e-26 6.55989e-26 3.34912e-25 4.3765e-24 2.3751e-22 8.5515e-20 5.0546e-17 1.9402e-14 4.07606e-12 4.25933e-10 2.12961e-08 5.14962e-07 6.33722e-06 4.29098e-05 0.00017331 0.000438707 0.000704868 0.000742122 0.000560627 0.000336882 0.000170834 7.28776e-05 2.39661e-05 4.35697e-06 0 
0 0.000180222 6.52769e-05 3.05789e-06 2.79952e-08 6.75919e-11 6.12368e-14 3.15721e-17 1.80328e-20 9.90264e-23 3.73886e-24 4.97386e-25 1.83842e-25 1.2427e-25 1.11676e-25 1.20054e-25 1.59898e-25 3.34912e-25 1.82927e-24 4.31766e-23 6.0042e-21 2.36755e-18 8.17439e-16 1.87491e-13 2.472e-11 1.71618e-09 6.05858e-08 1.09987e-06 1.07768e-05 6.12199e-05 0.00021604 0.000490873 0.000723467 0.000717441 0.000524296 0.000310381 0.000156493 6.66281e-05 2.18971e-05 3.98007e-06 0 
0 0.000196842 9.24377e-05 6.44004e-06 1.01087e-07 4.7429e-10 9.1671e-13 1.06308e-15 1.12088e-18 2.21652e-21 3.3706e-23 3.66449e-24 1.41387e-24 9.33131e-25 8.41659e-25 9.79051e-25 1.5662e-24 4.3765e-24 4.31766e-23 2.41902e-21 4.63698e-19 1.03143e-16 1.90391e-14 2.4291e-12 1.88072e-10 8.17052e-09 1.93352e-07 2.525e-06 1.90588e-05 8.86298e-05 0.000268256 0.000539848 0.000724873 0.000676236 0.000478519 0.000279352 0.000140115 5.95501e-05 1.95602e-05 3.55475e-06 0 
0 0.000213219 0.000132399 1.4079e-05 3.91635e-07 3.72079e-09 1.60839e-11 4.41073e-14 1.10396e-16 3.66579e-19 2.7355e-21 1.28937e-22 2.86867e-23 1.47503e-23 1.28157e-23 1.71991e-23 4.13508e-23 2.3751e-22 6.0042e-21 4.63698e-19 5.02007e-17 5.62118e-15 5.31489e-13 3.61204e-11 1.57159e-09 4.08876e-08 6.22351e-07 5.64982e-06 3.20984e-05 0.000120742 0.000312474 0.000559452 0.000691629 0.000614031 0.000424134 0.000245191 0.000122559 5.20325e-05 1.70856e-05 3.10476e-06 0 
0 0.000226652 0.000187485 3.06442e-05 1.5183e-06 2.93976e-08 2.86501e-10 1.87416e-12 1.12638e-14 8.55329e-17 1.10827e-18 3.29167e-20 3.20036e-21 1.07031e-21 8.6532e-22 1.49165e-21 6.64342e-21 8.5515e-20 2.36755e-18 1.03143e-16 5.62118e-15 3.13079e-13 1.49333e-11 5.28132e-10 1.2462e-08 1.84785e-07 1.70898e-06 1.02833e-05 4.30871e-05 0.00013275 0.000304686 0.000508713 0.000605441 0.000528303 0.00036274 0.000209403 0.00010466 4.44387e-05 1.45934e-05 2.652e-06 0 
0 0.000234137 0.000257072 6.40646e-05 5.55023e-06 2.13887e-07 4.57895e-09 6.95367e-11 9.76413e-13 1.65868e-14 4.38703e-16 2.24347e-17 2.61852e-18 7.74229e-19 5.99374e-19 1.17765e-18 5.39973e-18 5.0546e-17 8.17439e-16 1.90391e-14 5.31489e-13 1.49333e-11 3.60296e-10 6.49437e-09 7.81596e-08 5.89458e-07 2.85076e-06 1.0009e-05 2.99274e-05 8.2135e-05 0.00019498 0.00035478 0.000456849 0.000420085 0.00029669 0.000173501 8.71719e-05 3.70852e-05 1.21868e-05 2.21515e-06 0 
0 0.000233033 0.000335063 0.00012494 1.82648e-05 1.33589e-06 5.95526e-08 1.98501e-09 6.15781e-11 2.21911e-12 1.14394e-13 1.00849e-14 1.7422e-15 6.42001e-16 5.19868e-16 9.03001e-16 3.13065e-15 1.9402e-14 1.87491e-13 2.4291e-12 3.61204e-11 5.28132e-10 6.49437e-09 5.68727e-08 2.98565e-07 8.36314e-07 1.35993e-06 1.89217e-06 3.70483e-06 1.20803e-05 4.78115e-05 0.000145362 0.000266439 0.000297109 0.000229312 0.000138977 7.07402e-05 3.02277e-05 9.94736e-06 1.8089e-06 0 
0 0.000221865 0.00040854 0.000222078 5.23766e-05 6.82244e-06 5.88456e-07 3.98468e-08 2.52864e-09 1.79796e-10 1.69402e-11 2.44269e-12 6.01621e-13 2.71027e-13 2.2876e-13 3.54849e-13 9.5469e-13 4.07606e-12 2.472e-11 1.88072e-10 1.57159e-09 1.2462e-08 7.81596e-08 2.98565e-07 4.83221e-07 2.40372e-07 4.38158e-08 8.81157e-09 8.86961e-09 7.20595e-08 1.57574e-06 2.1867e-05 0.000101671 0.000177998 0.000165438 0.000107319 5.58873e-05 2.40541e-05 7.93318e-06 1.44356e-06 0 
0 0.000200973 0.000459911 0.000352895 0.000128169 2.77149e-05 4.24749e-06 5.3352e-07 6.32718e-08 8.15389e-09 1.30287e-09 2.89121e-10 9.71643e-11 5.2199e-11 4.56918e-11 6.41934e-11 1.38304e-10 4.25933e-10 1.71618e-09 8.17052e-09 4.08876e-08 1.84785e-07 5.89458e-07 8.36314e-07 2.40372e-07 6.02956e-09 1.69387e-11 6.84459e-14 1.95613e-14 1.85372e-12 1.97456e-09 7.2487e-07 2.19701e-05 8.79167e-05 0.000111217 7.99693e-05 4.29988e-05 1.86835e-05 6.17883e-06 1.1252e-06 0 
0 0.00017263 0.00047356 0.000492883 0.000263795 8.86022e-05 2.21145e-05 4.67902e-06 9.41301e-07 2.00752e-07 5.02176e-08 1.60727e-08 7.03482e-09 4.38971e-09 3.9634e-09 5.11867e-09 9.12983e-09 2.12961e-08 6.05858e-08 1.93352e-07 6.22351e-07 1.70898e-06 2.85076e-06 1.35993e-06 4.38158e-08 1.69387e-11 2.59346e-16 2.59413e-15 1.50129e-15 3.9771e-15 1.21277e-13 6.54318e-09 3.08099e-06 3.83037e-05 7.15387e-05 5.79975e-05 3.22863e-05 1.41656e-05 4.69721e-06 8.56011e-07 0 
0 0.000140461 0.000444097 0.000596854 0.000450326 0.000222294 8.36165e-05 2.71716e-05 8.42412e-06 2.71432e-06 9.80941e-07 4.24294e-07 2.3083e-07 1.62947e-07 1.50924e-07 1.81842e-07 2.77569e-07 5.14962e-07 1.09987e-06 2.525e-06 5.64982e-06 1.02833e-05 1.0009e-05 1.89217e-06 8.81157e-09 6.84459e-14 2.59413e-15 5.16213e-16 2.97548e-16 4.49725e-16 4.58079e-15 9.33218e-11 5.41584e-07 1.81729e-05 4.67892e-05 4.15976e-05 2.37412e-05 1.0485e-05 3.48268e-06 6.3496e-07 0 
0 0.000108369 0.000379937 0.00062286 0.000628499 0.000435121 0.000232447 0.000107439 4.71148e-05 2.10726e-05 1.01978e-05 5.60293e-06 3.62371e-06 2.82181e-06 2.66702e-06 3.04014e-06 4.09888e-06 6.33722e-06 1.07768e-05 1.90588e-05 3.20984e-05 4.30871e-05 2.99274e-05 3.70483e-06 8.86961e-09 1.95613e-14 1.50129e-15 2.97548e-16 4.42227e-16 2.25916e-15 5.28559e-14 2.60267e-11 2.84558e-07 1.20621e-05 3.31833e-05 2.99483e-05 1.71405e-05 7.57286e-06 2.51544e-06 4.58606e-07 0 
0 7.94765e-05 0.000298648 0.000563473 0.000712419 0.000656681 0.000476056 0.00029654 0.00017238 9.98805e-05 6.06512e-05 4.00823e-05 2.96157e-05 2.48692e-05 2.38706e-05 2.60698e-05 3.19409e-05 4.29098e-05 6.12199e-05 8.86298e-05 0.000120742 0.00013275 8.2135e-05 1.20803e-05 7.20595e-08 1.85372e-12 3.9771e-15 4.49725e-16 2.25916e-15 3.20506e-16 4.59013e-16 3.12476e-10 5.77197e-07 1.19912e-05 2.58938e-05 2.168e-05 1.21365e-05 5.32805e-06 1.76661e-06 3.21919e-07 0 
0 5.55609e-05 0.000217884 0.000449633 0.000664032 0.000761719 0.000712226 0.000573912 0.000424019 0.000303964 0.000221146 0.000168751 0.000138114 0.000122843 0.000119298 0.000126114 0.000143649 0.00017331 0.00021604 0.000268256 0.000312474 0.000304686 0.00019498 4.78115e-05 1.57574e-06 1.97456e-09 1.21277e-13 4.58079e-15 5.28559e-14 4.59013e-16 6.8175e-12 2.35081e-08 2.35839e-06 1.47697e-05 2.11059e-05 1.55449e-05 8.38044e-06 3.63974e-06 1.20317e-06 2.19063e-07 0 
0 3.70923e-05 0.000149007 0.000323733 0.000525216 0.000696053 0.000784162 0.000776594 0.000702413 0.000603984 0.000511911 0.000440049 0.000391431 0.00036467 0.000357576 0.000368485 0.000396177 0.000438707 0.000490873 0.000539848 0.000559452 0.000508713 0.00035478 0.000145362 2.1867e-05 7.2487e-07 6.54318e-09 9.33218e-11 2.60267e-11 3.12476e-10 2.35081e-08 9.75162e-07 8.083e-06 1.72225e-05 1.66448e-05 1.07939e-05 5.59695e-06 2.40307e-06 7.91744e-07 1.44017e-07 0 
0 2.36396e-05 9.61607e-05 0.000214587 0.000366082 0.000526466 0.000665123 0.000757233 0.000795174 0.000789195 0.00075826 0.000720259 0.000687419 0.00066623 0.000659039 0.000665388 0.000682491 0.000704868 0.000723467 0.000724873 0.000691629 0.000605441 0.000456849 0.000266439 0.000101671 2.19701e-05 3.08099e-06 5.41584e-07 2.84558e-07 5.77197e-07 2.35839e-06 8.083e-06 1.52128e-05 1.63171e-05 1.20654e-05 7.1266e-06 3.58493e-06 1.52477e-06 5.00942e-07 9.10439e-08 0 
0 1.43332e-05 5.86561e-05 0.000132571 0.000231674 0.000346881 0.000465107 0.000572167 0.000657103 0.000715433 0.000749317 0.00076501 0.000769656 0.000768993 0.000766329 0.000762374 0.00075549 0.000742122 0.000717441 0.000676236 0.000614031 0.000528303 0.000420085 0.000297109 0.000177998 8.79167e-05 3.83037e-05 1.81729e-05 1.20621e-05 1.19912e-05 1.47697e-05 1.72225e-05 1.63171e-05 1.2401e-05 7.92209e-06 4.42764e-06 2.18467e-06 9.23286e-07 3.02717e-07 5.49829e-08 0 
0 8.20468e-06 3.36671e-05 7.65193e-05 0.000135135 0.000205961 0.000283673 0.00036188 0.000434314 0.000496125 0.000544665 0.000579451 0.000601464 0.000612234 0.000613087 0.000604759 0.000587362 0.000560627 0.000524296 0.000478519 0.000424134 0.00036274 0.00029669 0.000229312 0.000165438 0.000111217 7.15387e-05 4.67892e-05 3.31833e-05 2.58938e-05 2.11059e-05 1.66448e-05 1.20654e-05 7.92209e-06 4.72917e-06 2.57045e-06 1.25504e-06 5.28434e-07 1.7304e-07 3.14166e-08 0 
0 4.37299e-06 1.79646e-05 4.09244e-05 7.25818e-05 0.000111416 0.000155132 0.000200881 0.000245607 0.000286472 0.000321199 0.000348265 0.000366879 0.000376833 0.000378306 0.000371716 0.000357653 0.000336882 0.000310381 0.000279352 0.000245191 0.000209403 0.000173501 0.000138977 0.000107319 7.99693e-05 5.79975e-05 4.15976e-05 2.99483e-05 2.168e-05 1.55449e-05 1.07939e-05 7.1266e-06 4.42764e-06 2.57045e-06 1.37983e-06 6.70305e-07 2.81691e-07 9.21781e-08 1.67316e-08 0 
0 2.1174e-06 8.70243e-06 1.98424e-05 3.52486e-05 5.42532e-05 7.58475e-05 9.87647e-05 0.000121603 0.000142968 0.000161615 0.00017655 0.00018709 0.000192874 0.000193836 0.000190175 0.000182307 0.000170834 0.000156493 0.000140115 0.000122559 0.00010466 8.71719e-05 7.07402e-05 5.58873e-05 4.29988e-05 3.22863e-05 2.37412e-05 1.71405e-05 1.21365e-05 8.38044e-06 5.59695e-06 3.58493e-06 2.18467e-06 1.25504e-06 6.70305e-07 3.24904e-07 1.36416e-07 4.46241e-08 8.09887e-09 0 
0 8.88586e-07 3.6527e-06 8.33128e-06 1.48086e-05 2.28145e-05 3.19407e-05 4.16725e-05 5.14338e-05 6.06389e-05 6.87447e-05 7.52966e-05 7.99608e-05 8.25422e-05 8.29879e-05 8.13789e-05 7.79123e-05 7.28776e-05 6.66281e-05 5.95501e-05 5.20325e-05 4.44387e-05 3.70852e-05 3.02277e-05 2.40541e-05 1.86835e-05 1.41656e-05 1.0485e-05 7.57286e-06 5.32805e-06 3.63974e-06 2.40307e-06 1.52477e-06 9.23286e-07 5.28434e-07 2.81691e-07 1.36416e-07 5.72537e-08 1.87258e-08 3.39836e-09 0 
0 2.90613e-07 1.19469e-06 2.72525e-06 4.84504e-06 7.46681e-06 1.04586e-05 1.3654e-05 1.68659e-05 1.99025e-05 2.25842e-05 2.47582e-05 2.63102e-05 2.71716e-05 2.73222e-05 2.67883e-05 2.56366e-05 2.39661e-05 2.18971e-05 1.95602e-05 1.70856e-05 1.45934e-05 1.21868e-05 9.94736e-06 7.93318e-06 6.17883e-06 4.69721e-06 3.48268e-06 2.51544e-06 1.76661e-06 1.20317e-06 7.91744e-07 5.00942e-07 3.02717e-07 1.7304e-07 9.21781e-08 4.46241e-08 1.87258e-08 6.12419e-09 1.11139e-09 0 
0 5.27391e-08 2.16813e-07 4.94598e-07 8.79374e-07 1.35537e-06 1.89874e-06 2.47936e-06 3.06336e-06 3.61594e-06 4.10438e-06 4.50071e-06 4.78389e-06 4.94122e-06 4.96884e-06 4.8715e-06 4.66148e-06 4.35697e-06 3.98007e-06 3.55475e-06 3.10476e-06 2.652e-06 2.21515e-06 1.8089e-06 1.44356e-06 1.1252e-06 8.56011e-07 6.3496e-07 4.58606e-07 3.21919e-07 2.19063e-07 1.44017e-07 9.10439e-08 5.49829e-08 3.14166e-08 1.67316e-08 8.09887e-09 3.39836e-09 1.11139e-09 2.01686e-10 0 
0 0 0 0 0 0 0 0 0 0 0 0 0 0 0 0 0 0 0 0 0 0 0 0 0 0 0 0 0 0 0 0 0 0 0 0 0 0 0 0 0 
