0 0 0 0 0 0 0 0 0 0 0 0 0 0 0 0 0 0 0 0 0 0 0 0 0 0 0 0 0 0 0 0 0 0 0 0 0 0 0 0 0 
0 1.32292e-05 5.17276e-05 0.00010776 0.000166066 0.000210221 0.000231468 0.00023138 0.000217486 0.000197834 0.000178224 0.000161894 0.000150241 0.000143641 0.000142024 0.000145167 0.000152765 0.000164351 0.00017912 0.000195717 0.000212098 0.000225571 0.000233145 0.000232176 0.000221178 0.00020047 0.000172298 0.000140265 0.000108266 7.94289e-05 5.55413e-05 3.70852e-05 2.36373e-05 1.43325e-05 8.20451e-06 4.37295e-06 2.11739e-06 8.88585e-07 2.90613e-07 5.27391e-08 0 
0 5.17276e-05 0.000188393 0.000342384 0.000424104 0.000399837 0.000311315 0.000215197 0.000140371 9.08227e-05 6.0718e-05 4.33349e-05 3.38311e-05 2.93367e-05 2.84278e-05 3.06942e-05 3.65305e-05 4.71119e-05 6.44472e-05 9.13348e-05 0.000130931 0.000185575 0.000254698 0.000332309 0.000405634 0.000457188 0.000471343 0.000442556 0.000379031 0.000298196 0.000217692 0.000148936 9.6138e-05 5.86497e-05 3.36655e-05 1.79643e-05 8.70236e-06 3.65269e-06 1.19469e-06 2.16813e-07 0 
0 0.00010776 0.000342384 0.000479964 0.000401774 0.0002326 0.000105773 4.19425e-05 1.58042e-05 6.10409e-06 2.58584e-06 1.27252e-06 7.60056e-07 5.66425e-07 5.32122e-07 6.2598e-07 9.02375e-07 1.54143e-06 2.99309e-06 6.31312e-06 1.38234e-05 3.0135e-05 6.30955e-05 0.000123229 0.000219356 0.000349114 0.000488461 0.000592651 0.000619695 0.000561597 0.000448745 0.000323389 0.000214475 0.000132539 7.65116e-05 4.09228e-05 1.98421e-05 8.33124e-06 2.72525e-06 4.94598e-07 0 
0 0.000166066 0.000424104 0.000401774 0.000196269 6.04737e-05 1.37569e-05 2.6269e-06 4.74711e-07 9.1245e-08 2.07976e-08 6.17111e-09 2.55977e-09 1.55209e-09 1.39796e-09 1.8485e-09 3.45982e-09 8.66641e-09 2.71057e-08 9.81289e-08 3.8121e-07 1.48188e-06 5.43092e-06 1.79136e-05 5.14753e-05 0.000126201 0.00026024 0.000445225 0.000622957 0.000708018 0.000661483 0.000524104 0.000365697 0.000231564 0.000135108 7.25761e-05 3.52476e-05 1.48085e-05 4.84502e-06 8.79372e-07 0 
0 0.000210221 0.000399837 0.0002326 6.04737e-05 8.86039e-06 8.71742e-07 6.7884e-08 4.95958e-09 4.03265e-10 4.28251e-11 6.81421e-12 1.80404e-12 8.48478e-13 7.25598e-13 1.10807e-12 2.86069e-12 1.14817e-11 6.46014e-11 4.55085e-10 3.58491e-09 2.84413e-08 2.07748e-07 1.30223e-06 6.67147e-06 2.71736e-05 8.70699e-05 0.000218932 0.000429632 0.000650382 0.000756836 0.000693463 0.000525469 0.000346582 0.000205887 0.0001114 5.42505e-05 2.28141e-05 7.46677e-06 1.35537e-06 0 
0 0.000231468 0.000311315 0.000105773 1.37569e-05 8.71742e-07 3.29537e-08 9.20543e-10 2.39097e-11 7.28456e-13 3.23721e-14 2.53e-15 4.01139e-16 1.41128e-16 1.13738e-16 2.04764e-16 7.63325e-16 5.24732e-15 5.7684e-14 8.68219e-13 1.53205e-11 2.74475e-10 4.41107e-09 5.76626e-08 5.72353e-07 4.14699e-06 2.1658e-05 8.21001e-05 0.000228798 0.000469967 0.000705625 0.000779646 0.000663086 0.000464445 0.000283504 0.000155097 7.58412e-05 3.19397e-05 1.04585e-05 1.89873e-06 0 
0 0.00023138 0.000215197 4.19425e-05 2.6269e-06 6.7884e-08 9.20543e-10 8.58063e-12 7.37253e-14 7.86138e-16 1.37596e-17 5.22817e-19 6.72733e-20 3.04699e-20 2.6496e-20 3.75727e-20 1.25453e-19 1.31477e-18 2.92869e-17 9.93107e-16 4.15111e-14 1.77703e-12 6.64083e-11 1.9084e-09 3.85378e-08 5.18629e-07 4.56734e-06 2.66097e-05 0.000105501 0.000292 0.000567091 0.000770423 0.00075385 0.00057094 0.000361551 0.00020081 9.87523e-05 4.16707e-05 1.36538e-05 2.47935e-06 0 
0 0.000217486 0.000140371 1.58042e-05 4.74711e-07 4.95958e-09 2.39097e-11 7.37253e-14 2.07741e-16 7.74545e-19 8.82897e-21 1.22992e-21 4.87476e-22 3.56897e-22 3.35734e-22 3.61736e-22 5.80525e-22 1.68799e-21 1.67895e-20 1.03322e-18 1.02658e-16 1.05708e-14 9.24463e-13 5.87831e-11 2.43177e-09 6.12375e-08 9.15849e-07 8.23029e-06 4.61775e-05 0.000169423 0.000418097 0.000695409 0.000790445 0.000655151 0.000433757 0.000245485 0.000121581 5.14307e-05 1.68655e-05 3.06334e-06 0 
0 0.000197834 9.08227e-05 6.10409e-06 9.1245e-08 4.03265e-10 7.28456e-13 7.86138e-16 7.74545e-19 2.03108e-21 8.7115e-23 3.60803e-23 2.65815e-23 2.38811e-23 2.30868e-23 2.25622e-23 2.51843e-23 3.19082e-23 9.7278e-23 2.06679e-21 3.37219e-19 7.94976e-17 1.55776e-14 2.10434e-12 1.71989e-10 7.85919e-09 1.94723e-07 2.64603e-06 2.06206e-05 9.80322e-05 0.000299258 0.000596957 0.000783412 0.000712707 0.000495289 0.000286283 0.000142934 6.0634e-05 1.99019e-05 3.61591e-06 0 
0 0.000178224 6.0718e-05 2.58584e-06 2.07976e-08 4.28251e-11 3.23721e-14 1.37596e-17 8.82897e-21 8.7115e-23 7.21905e-24 3.41908e-24 3.19925e-24 3.20729e-24 3.14624e-24 2.91615e-24 2.65771e-24 2.33589e-24 3.87337e-24 3.28238e-23 2.53103e-21 1.02149e-18 4.09089e-16 1.07847e-13 1.61291e-11 1.25122e-09 4.8577e-08 9.54408e-07 9.9657e-06 5.94678e-05 0.000217489 0.000505319 0.000751824 0.000745884 0.000543537 0.000320935 0.000161567 6.87379e-05 2.25834e-05 4.10433e-06 0 
0 0.000161894 4.33349e-05 1.27252e-06 6.17111e-09 6.81421e-12 2.53e-15 5.22817e-19 1.22992e-21 3.60803e-23 3.41909e-24 8.5666e-25 5.95954e-25 5.85589e-25 5.71842e-25 5.12368e-25 4.21376e-25 3.32321e-25 5.30436e-25 3.72573e-24 1.24071e-22 3.02537e-20 2.08007e-17 9.46325e-15 2.31703e-12 2.7685e-10 1.55136e-08 4.12171e-07 5.46961e-06 3.92709e-05 0.000165843 0.000434007 0.000713515 0.000761022 0.000578056 0.000347929 0.000176488 7.52878e-05 2.47573e-05 4.50065e-06 0 
0 0.000150241 3.38311e-05 7.60056e-07 2.55977e-09 1.80404e-12 4.01139e-16 6.72733e-20 4.87476e-22 2.65815e-23 3.19926e-24 5.95955e-25 2.01089e-25 1.36994e-25 1.21592e-25 1.04696e-25 8.33179e-26 7.70315e-26 1.97542e-25 1.46289e-24 2.82645e-23 2.98352e-21 2.41821e-18 1.62944e-15 5.69174e-13 9.28502e-11 6.77967e-09 2.2399e-07 3.53491e-06 2.90022e-05 0.000135676 0.000385855 0.000680585 0.000765299 0.000599868 0.000366486 0.000187018 7.99503e-05 2.63091e-05 4.78383e-06 0 
0 0.000143641 2.93367e-05 5.66425e-07 1.55209e-09 8.48478e-13 1.41128e-16 3.04699e-20 3.56897e-22 2.38812e-23 3.20729e-24 5.85589e-25 1.36994e-25 5.01155e-26 3.11802e-26 2.42451e-26 2.10051e-26 3.27627e-26 1.336e-25 9.73596e-25 1.47753e-23 1.01573e-21 7.1365e-19 5.994e-16 2.56055e-13 4.98281e-11 4.22715e-09 1.58032e-07 2.7517e-06 2.43489e-05 0.000120654 0.000359391 0.000659413 0.000764453 0.000610522 0.000376406 0.000192794 8.25307e-05 2.71704e-05 4.94115e-06 0 
0 0.000142024 2.84278e-05 5.32122e-07 1.39796e-09 7.25598e-13 1.13738e-16 2.6496e-20 3.35734e-22 2.30868e-23 3.14624e-24 5.71843e-25 1.21592e-25 3.11802e-26 1.1669e-26 7.2505e-27 8.44032e-27 2.40246e-26 1.20004e-25 8.79891e-25 1.28838e-23 8.24237e-22 5.52404e-19 4.85293e-16 2.161e-13 4.36138e-11 3.81656e-09 1.46374e-07 2.60087e-06 2.33728e-05 0.00011718 0.000352408 0.000652283 0.000761777 0.000611357 0.000377872 0.000193755 8.29762e-05 2.7321e-05 4.96877e-06 0 
0 0.000145167 3.06942e-05 6.2598e-07 1.8485e-09 1.10807e-12 2.04764e-16 3.75727e-20 3.61736e-22 2.25623e-23 2.91615e-24 5.12369e-25 1.04696e-25 2.42451e-26 7.2505e-27 4.08024e-27 6.54633e-27 2.39152e-26 1.28596e-25 1.01779e-24 1.71103e-23 1.40524e-21 1.08686e-18 8.44101e-16 3.35591e-13 6.13306e-11 4.93265e-09 1.76461e-07 2.96606e-06 2.55349e-05 0.00012391 0.000363258 0.000658725 0.000757972 0.000603105 0.000371303 0.000190098 8.13677e-05 2.67871e-05 4.87144e-06 0 
0 0.000152765 3.65305e-05 9.02375e-07 3.45982e-09 2.86069e-12 7.63325e-16 1.25453e-19 5.80525e-22 2.51843e-23 2.65771e-24 4.21377e-25 8.3318e-26 2.10051e-26 8.44032e-27 6.54633e-27 1.00386e-26 3.13666e-26 1.70103e-25 1.61104e-24 4.03663e-23 6.1451e-21 4.99916e-18 2.93453e-15 9.04921e-13 1.32377e-10 8.81069e-09 2.69653e-07 4.00231e-06 3.1305e-05 0.000141214 0.000390763 0.000675989 0.000751392 0.000585866 0.000357284 0.000182239 7.79024e-05 2.56355e-05 4.66142e-06 0 
0 0.000164351 4.71119e-05 1.54143e-06 8.66641e-09 1.14817e-11 5.24732e-15 1.31477e-18 1.68799e-21 3.19082e-23 2.33589e-24 3.32321e-25 7.70315e-26 3.27627e-26 2.40246e-26 2.39152e-26 3.13666e-26 7.02347e-26 3.48713e-25 4.37132e-24 2.2542e-22 7.86727e-20 4.70175e-17 1.82584e-14 3.87606e-12 4.08743e-10 2.0594e-08 5.01069e-07 6.1953e-06 4.20941e-05 0.000170508 0.000433057 0.000698666 0.000738473 0.000559348 0.000336573 0.000170777 7.28693e-05 2.39652e-05 4.35692e-06 0 
0 0.00017912 6.44472e-05 2.99309e-06 2.71057e-08 6.46014e-11 5.7684e-14 2.92869e-17 1.67895e-20 9.72781e-23 3.87337e-24 5.30436e-25 1.97542e-25 1.336e-25 1.20004e-25 1.28596e-25 1.70103e-25 3.48713e-25 1.83941e-24 4.13065e-23 5.52585e-21 2.18996e-18 7.64817e-16 1.77299e-13 2.36015e-11 1.65228e-09 5.87401e-08 1.07236e-06 1.05518e-05 6.01304e-05 0.000212785 0.000485085 0.000717786 0.000714362 0.000523266 0.000310137 0.000156449 6.66216e-05 2.18964e-05 3.98003e-06 0 
0 0.000195717 9.13348e-05 6.31312e-06 9.81289e-08 4.55085e-10 8.68219e-13 9.93107e-16 1.03322e-18 2.06679e-21 3.28238e-23 3.72573e-24 1.46289e-24 9.73595e-25 8.7989e-25 1.01779e-24 1.61104e-24 4.37132e-24 4.13064e-23 2.22851e-21 4.27691e-19 9.61428e-17 1.79308e-14 2.30976e-12 1.80386e-10 7.89578e-09 1.88029e-07 2.46776e-06 1.86968e-05 8.71933e-05 0.00026461 0.000534235 0.000719994 0.000673803 0.00047774 0.000279171 0.000140082 5.95453e-05 1.95597e-05 3.55472e-06 0 
0 0.000212098 0.000130931 1.38234e-05 3.8121e-07 3.58491e-09 1.53205e-11 4.15111e-14 1.02658e-16 3.37219e-19 2.53103e-21 1.24071e-22 2.82645e-23 1.47753e-23 1.28838e-23 1.71103e-23 4.03663e-23 2.2542e-22 5.52585e-21 4.27691e-19 4.67328e-17 5.28258e-15 5.04055e-13 3.45491e-11 1.51481e-09 3.96741e-08 6.07237e-07 5.53681e-06 3.15606e-05 0.000119026 0.000308809 0.000554554 0.000687802 0.000612243 0.000423579 0.000245064 0.000122536 5.20291e-05 1.70852e-05 3.10474e-06 0 
0 0.000225571 0.000185575 3.0135e-05 1.48188e-06 2.84413e-08 2.74475e-10 1.77703e-12 1.05708e-14 7.94976e-17 1.02149e-18 3.02537e-20 2.98352e-21 1.01573e-21 8.24237e-22 1.40524e-21 6.1451e-21 7.86727e-20 2.18996e-18 9.61428e-17 5.28258e-15 2.96651e-13 1.42631e-11 5.08207e-10 1.20726e-08 1.80051e-07 1.67319e-06 1.01062e-05 4.24692e-05 0.000131159 0.000301738 0.000505114 0.000602767 0.000527079 0.000362362 0.000209315 0.000104644 4.44364e-05 1.45931e-05 2.65199e-06 0 
0 0.000233145 0.000254698 6.30955e-05 5.43092e-06 2.07748e-07 4.41107e-09 6.64083e-11 9.24463e-13 1.55776e-14 4.09089e-16 2.08007e-17 2.41821e-18 7.1365e-19 5.52404e-19 1.08686e-18 4.99916e-18 4.70175e-17 7.64817e-16 1.79308e-14 5.04055e-13 1.42631e-11 3.46504e-10 6.28601e-09 7.60846e-08 5.76568e-07 2.79916e-06 9.85781e-06 2.95503e-05 8.12875e-05 0.000193404 0.000352726 0.000455204 0.000419288 0.000296435 0.000173441 8.71606e-05 3.70836e-05 1.21866e-05 2.21514e-06 0 
0 0.000232176 0.000332309 0.000123229 1.79136e-05 1.30223e-06 5.76626e-08 1.9084e-09 5.87831e-11 2.10434e-12 1.07847e-13 9.46325e-15 1.62944e-15 5.994e-16 4.85293e-16 8.44101e-16 2.93453e-15 1.82584e-14 1.77299e-13 2.30976e-12 3.45491e-11 5.08207e-10 6.28601e-09 5.53433e-08 2.91839e-07 8.20157e-07 1.33648e-06 1.86241e-06 3.65348e-06 1.19445e-05 4.74153e-05 0.000144552 0.000265546 0.000296591 0.000229131 0.000138933 7.07319e-05 3.02264e-05 9.94723e-06 1.80889e-06 0 
0 0.000221178 0.000405634 0.000219356 5.14753e-05 6.67147e-06 5.72353e-07 3.85378e-08 2.43177e-09 1.71989e-10 1.61291e-11 2.31703e-12 5.69174e-13 2.56055e-13 2.161e-13 3.35591e-13 9.04921e-13 3.87606e-12 2.36015e-11 1.80386e-10 1.51481e-09 1.20726e-08 7.60846e-08 2.91839e-07 4.73583e-07 2.35677e-07 4.28891e-08 8.60864e-09 8.6709e-09 7.07508e-08 1.55625e-06 2.17062e-05 0.000101269 0.000177655 0.000165301 0.000107284 5.58807e-05 2.40532e-05 7.93308e-06 1.44356e-06 0 
0 0.00020047 0.000457188 0.000349114 0.000126201 2.71736e-05 4.14699e-06 5.18629e-07 6.12375e-08 7.85919e-09 1.25122e-09 2.7685e-10 9.28502e-11 4.98281e-11 4.36138e-11 6.13306e-11 1.32377e-10 4.08743e-10 1.65228e-09 7.89578e-09 3.96741e-08 1.80051e-07 5.76568e-07 8.20157e-07 2.35677e-07 5.88422e-09 1.6386e-11 6.5426e-14 1.86349e-14 1.78954e-12 1.93051e-09 7.16165e-07 2.18454e-05 8.76998e-05 0.000111107 7.994e-05 4.29934e-05 1.86827e-05 6.17874e-06 1.1252e-06 0 
0 0.000172298 0.000471343 0.000488461 0.00026024 8.70699e-05 2.1658e-05 4.56734e-06 9.15849e-07 1.94723e-07 4.8577e-08 1.55136e-08 6.77967e-09 4.22715e-09 3.81656e-09 4.93265e-09 8.81069e-09 2.0594e-08 5.87401e-08 1.88029e-07 6.07237e-07 1.67319e-06 2.79916e-06 1.33648e-06 4.28891e-08 1.6386e-11 2.61416e-16 2.57655e-15 1.48233e-15 4.26474e-15 1.16729e-13 6.41798e-09 3.05551e-06 3.81792e-05 7.14527e-05 5.79732e-05 3.22818e-05 1.4165e-05 4.69714e-06 8.56008e-07 0 
0 0.000140265 0.000442556 0.000592651 0.000445225 0.000218932 8.21001e-05 2.66097e-05 8.23029e-06 2.64603e-06 9.54408e-07 4.12171e-07 2.2399e-07 1.58032e-07 1.46374e-07 1.76461e-07 2.69653e-07 5.01069e-07 1.07236e-06 2.46776e-06 5.53681e-06 1.01062e-05 9.85781e-06 1.86241e-06 8.60864e-09 6.5426e-14 2.57655e-15 5.24437e-16 3.07555e-16 5.01982e-16 5.21282e-15 9.09135e-11 5.35841e-07 1.81017e-05 4.67254e-05 4.15787e-05 2.37377e-05 1.04845e-05 3.48263e-06 6.34957e-07 0 
0 0.000108266 0.000379031 0.000619695 0.000622957 0.000429632 0.000228798 0.000105501 4.61775e-05 2.06206e-05 9.9657e-06 5.46961e-06 3.53491e-06 2.7517e-06 2.60087e-06 2.96606e-06 4.00231e-06 6.1953e-06 1.05518e-05 1.86968e-05 3.15606e-05 4.24692e-05 2.95503e-05 3.65348e-06 8.6709e-09 1.86349e-14 1.48233e-15 3.07555e-16 4.87049e-16 2.48533e-15 5.69598e-14 2.53053e-11 2.81399e-07 1.20138e-05 3.31382e-05 2.99351e-05 1.71381e-05 7.57254e-06 2.51541e-06 4.58604e-07 0 
0 7.94289e-05 0.000298196 0.000561597 0.000708018 0.000650382 0.000469967 0.000292 0.000169423 9.80322e-05 5.94678e-05 3.92709e-05 2.90022e-05 2.43489e-05 2.33728e-05 2.55349e-05 3.1305e-05 4.20941e-05 6.01304e-05 8.71933e-05 0.000119026 0.000131159 8.12875e-05 1.19445e-05 7.07508e-08 1.78954e-12 4.26474e-15 5.01982e-16 2.48533e-15 3.53945e-16 4.5423e-16 3.05448e-10 5.71843e-07 1.19505e-05 2.58639e-05 2.16718e-05 1.21351e-05 5.32785e-06 1.76659e-06 3.21918e-07 0 
0 5.55413e-05 0.000217692 0.000448745 0.000661483 0.000756836 0.000705625 0.000567091 0.000418097 0.000299258 0.000217489 0.000165843 0.000135676 0.000120654 0.00011718 0.00012391 0.000141214 0.000170508 0.000212785 0.00026461 0.000308809 0.000301738 0.000193404 4.74153e-05 1.55625e-06 1.93051e-09 1.16729e-13 5.21282e-15 5.69598e-14 4.5423e-16 6.62353e-12 2.3165e-08 2.34364e-06 1.47346e-05 2.10882e-05 1.55406e-05 8.37968e-06 3.63963e-06 1.20316e-06 2.19062e-07 0 
0 3.70852e-05 0.000148936 0.000323389 0.000524104 0.000693463 0.000779646 0.000770423 0.000695409 0.000596957 0.000505319 0.000434007 0.000385855 0.000359391 0.000352408 0.000363258 0.000390763 0.000433057 0.000485085 0.000534235 0.000554554 0.000505114 0.000352726 0.000144552 2.17062e-05 7.16165e-07 6.41798e-09 9.09135e-11 2.53053e-11 3.05448e-10 2.3165e-08 9.67608e-07 8.05468e-06 1.71982e-05 1.66362e-05 1.07919e-05 5.59661e-06 2.40303e-06 7.91739e-07 1.44017e-07 0 
0 2.36373e-05 9.6138e-05 0.000214475 0.000365697 0.000525469 0.000663086 0.00075385 0.000790445 0.000783412 0.000751824 0.000713515 0.000680585 0.000659413 0.000652283 0.000658725 0.000675989 0.000698666 0.000717786 0.000719994 0.000687802 0.000602767 0.000455204 0.000265546 0.000101269 2.18454e-05 3.05551e-06 5.35841e-07 2.81399e-07 5.71843e-07 2.34364e-06 8.05468e-06 1.51871e-05 1.63053e-05 1.20619e-05 7.12586e-06 3.5848e-06 1.52475e-06 5.0094e-07 9.10438e-08 0 
0 1.43325e-05 5.86497e-05 0.000132539 0.000231564 0.000346582 0.000464445 0.00057094 0.000655151 0.000712707 0.000745884 0.000761022 0.000765299 0.000764453 0.000761777 0.000757972 0.000751392 0.000738473 0.000714362 0.000673803 0.000612243 0.000527079 0.000419288 0.000296591 0.000177655 8.76998e-05 3.81792e-05 1.81017e-05 1.20138e-05 1.19505e-05 1.47346e-05 1.71982e-05 1.63053e-05 1.23969e-05 7.92101e-06 4.4274e-06 2.18463e-06 9.2328e-07 3.02717e-07 5.49828e-08 0 
0 8.20451e-06 3.36655e-05 7.65116e-05 0.000135108 0.000205887 0.000283504 0.000361551 0.000433757 0.000495289 0.000543537 0.000578056 0.000599868 0.000610522 0.000611357 0.000603105 0.000585866 0.000559348 0.000523266 0.00047774 0.000423579 0.000362362 0.000296435 0.000229131 0.000165301 0.000111107 7.14527e-05 4.67254e-05 3.31382e-05 2.58639e-05 2.10882e-05 1.66362e-05 1.20619e-05 7.92101e-06 4.72889e-06 2.57039e-06 1.25502e-06 5.28433e-07 1.7304e-07 3.14165e-08 0 
0 4.37295e-06 1.79643e-05 4.09228e-05 7.25761e-05 0.0001114 0.000155097 0.00020081 0.000245485 0.000286283 0.000320935 0.000347929 0.000366486 0.000376406 0.000377872 0.000371303 0.000357284 0.000336573 0.000310137 0.000279171 0.000245064 0.000209315 0.000173441 0.000138933 0.000107284 7.994e-05 5.79732e-05 4.15787e-05 2.99351e-05 2.16718e-05 1.55406e-05 1.07919e-05 7.12586e-06 4.4274e-06 2.57039e-06 1.37982e-06 6.70302e-07 2.8169e-07 9.2178e-08 1.67316e-08 0 
0 2.11739e-06 8.70236e-06 1.98421e-05 3.52476e-05 5.42505e-05 7.58412e-05 9.87523e-05 0.000121581 0.000142934 0.000161567 0.000176488 0.000187018 0.000192794 0.000193755 0.000190098 0.000182239 0.000170777 0.000156449 0.000140082 0.000122536 0.000104644 8.71606e-05 7.07319e-05 5.58807e-05 4.29934e-05 3.22818e-05 2.37377e-05 1.71381e-05 1.21351e-05 8.37968e-06 5.59661e-06 3.5848e-06 2.18463e-06 1.25502e-06 6.70302e-07 3.24903e-07 1.36415e-07 4.46241e-08 8.09887e-09 0 
0 8.88585e-07 3.65269e-06 8.33124e-06 1.48085e-05 2.28141e-05 3.19397e-05 4.16707e-05 5.14307e-05 6.0634e-05 6.87379e-05 7.52878e-05 7.99503e-05 8.25307e-05 8.29762e-05 8.13677e-05 7.79024e-05 7.28693e-05 6.66216e-05 5.95453e-05 5.20291e-05 4.44364e-05 3.70836e-05 3.02264e-05 2.40532e-05 1.86827e-05 1.4165e-05 1.04845e-05 7.57254e-06 5.32785e-06 3.63963e-06 2.40303e-06 1.52475e-06 9.2328e-07 5.28433e-07 2.8169e-07 1.36415e-07 5.72537e-08 1.87258e-08 3.39836e-09 0 
0 2.90613e-07 1.19469e-06 2.72525e-06 4.84502e-06 7.46677e-06 1.04585e-05 1.36538e-05 1.68655e-05 1.99019e-05 2.25834e-05 2.47573e-05 2.63091e-05 2.71704e-05 2.7321e-05 2.67871e-05 2.56355e-05 2.39652e-05 2.18964e-05 1.95597e-05 1.70852e-05 1.45931e-05 1.21866e-05 9.94723e-06 7.93308e-06 6.17874e-06 4.69714e-06 3.48263e-06 2.51541e-06 1.76659e-06 1.20316e-06 7.91739e-07 5.0094e-07 3.02717e-07 1.7304e-07 9.2178e-08 4.46241e-08 1.87258e-08 6.12419e-09 1.11139e-09 0 
0 5.27391e-08 2.16813e-07 4.94598e-07 8.79372e-07 1.35537e-06 1.89873e-06 2.47935e-06 3.06334e-06 3.61591e-06 4.10433e-06 4.50065e-06 4.78383e-06 4.94115e-06 4.96877e-06 4.87144e-06 4.66142e-06 4.35692e-06 3.98003e-06 3.55472e-06 3.10474e-06 2.65199e-06 2.21514e-06 1.80889e-06 1.44356e-06 1.1252e-06 8.56008e-07 6.34957e-07 4.58604e-07 3.21918e-07 2.19062e-07 1.44017e-07 9.10438e-08 5.49828e-08 3.14165e-08 1.67316e-08 8.09887e-09 3.39836e-09 1.11139e-09 2.01686e-10 0 
0 0 0 0 0 0 0 0 0 0 0 0 0 0 0 0 0 0 0 0 0 0 0 0 0 0 0 0 0 0 0 0 0 0 0 0 0 0 0 0 0 
