0 0 0 0 0 0 0 0 0 0 0 0 0 0 0 0 0 0 0 0 0 0 0 0 0 0 0 0 0 0 0 0 0 0 0 0 0 0 0 0 0 
0 1.31879e-05 5.13808e-05 0.0001064 0.000162636 0.000203963 0.000222505 0.000220565 0.000205835 0.000186116 0.000166856 0.000151006 0.000139779 0.000133454 0.000131922 0.00013496 0.000142292 0.000153507 0.000167888 0.000184199 0.000200535 0.000214346 0.00022274 0.000223093 0.000213817 0.000195008 0.000168636 0.000138072 0.000107101 7.88815e-05 5.53139e-05 3.70015e-05 2.36099e-05 1.43245e-05 8.20244e-06 4.37247e-06 2.1173e-06 8.88569e-07 2.90611e-07 5.27389e-08 0 
0 5.13808e-05 0.00018553 0.000332332 0.000403848 0.000373124 0.000285268 0.000194179 0.000125024 7.99983e-05 5.29819e-05 3.7532e-05 2.91459e-05 2.52001e-05 2.44077e-05 2.64031e-05 3.1549e-05 4.09214e-05 5.63758e-05 8.05371e-05 0.000116449 0.000166548 0.00023077 0.000304183 0.000375475 0.000428407 0.000447451 0.000425608 0.00036886 0.000293035 0.000215462 0.000148106 9.58688e-05 5.85728e-05 3.36462e-05 1.796e-05 8.70154e-06 3.65255e-06 1.19468e-06 2.16812e-07 0 
0 0.0001064 0.000332332 0.000453213 0.000367402 0.00020654 9.1579e-05 3.54888e-05 1.30837e-05 4.95103e-06 2.05966e-06 9.98672e-07 5.90181e-07 4.37232e-07 4.10334e-07 4.84499e-07 7.03983e-07 1.21634e-06 2.39512e-06 5.13115e-06 1.14187e-05 2.52934e-05 5.37699e-05 0.000106541 0.000192373 0.000310885 0.000442666 0.00054793 0.000585062 0.000540519 0.000438546 0.000319366 0.000213144 0.000132161 7.64181e-05 4.09025e-05 1.98383e-05 8.33065e-06 2.72518e-06 4.94593e-07 0 
0 0.000162636 0.000403848 0.000367402 0.000172289 5.11619e-05 1.12274e-05 2.06633e-06 3.59873e-07 6.67866e-08 1.47559e-08 4.26872e-09 1.73875e-09 1.04364e-09 9.38313e-10 1.24849e-09 2.36844e-09 6.04925e-09 1.93793e-08 7.20685e-08 2.87961e-07 1.15101e-06 4.33033e-06 1.4624e-05 4.28975e-05 0.000107127 0.000225011 0.000393237 0.000564555 0.000659983 0.000632748 0.000511229 0.000361163 0.00023025 0.000134785 7.25073e-05 3.5235e-05 1.48066e-05 4.84481e-06 8.79359e-07 0 
0 0.000203963 0.000373124 0.00020654 5.11619e-05 7.13729e-06 6.66044e-07 4.90441e-08 3.38728e-09 2.61149e-10 2.64573e-11 4.05154e-12 1.04353e-12 4.83301e-13 4.12163e-13 6.35374e-13 1.67406e-12 6.91949e-12 4.0369e-11 2.96202e-10 2.4356e-09 2.01698e-08 1.53475e-07 9.98455e-07 5.28258e-06 2.21003e-05 7.24151e-05 0.000185975 0.000374066 0.000584074 0.000703278 0.000664022 0.000513827 0.000343025 0.000204998 0.000111212 5.42167e-05 2.28091e-05 7.46621e-06 1.35533e-06 0 
0 0.000222505 0.000285268 9.1579e-05 1.12274e-05 6.66044e-07 2.33962e-08 6.04649e-10 1.45276e-11 4.11196e-13 1.71187e-14 1.26831e-15 1.93464e-16 6.66009e-17 5.34649e-17 9.75361e-17 3.74193e-16 2.68062e-15 3.09939e-14 4.93622e-13 9.24458e-12 1.75813e-10 2.99235e-09 4.12403e-08 4.28861e-07 3.23094e-06 1.7408e-05 6.76609e-05 0.000193056 0.000408093 0.000635488 0.000729485 0.000639634 0.000456629 0.000281481 0.000154666 7.57645e-05 3.19285e-05 1.04573e-05 1.89866e-06 0 
0 0.000220565 0.000194179 3.54888e-05 2.06633e-06 4.90441e-08 6.04649e-10 5.09578e-12 3.95816e-14 3.83572e-16 6.17643e-18 2.38848e-19 4.53528e-20 2.80662e-20 2.56201e-20 3.06179e-20 6.81172e-20 5.78831e-19 1.34089e-17 4.89369e-16 2.21016e-14 1.02239e-12 4.11689e-11 1.26794e-09 2.72359e-08 3.86347e-07 3.55029e-06 2.13732e-05 8.69783e-05 0.000247167 0.000496749 0.000703584 0.00071556 0.000556596 0.000357631 0.000199962 9.86011e-05 4.16488e-05 1.36515e-05 2.47921e-06 0 
0 0.000205835 0.000125024 1.30837e-05 3.59873e-07 3.38728e-09 1.45276e-11 3.95816e-14 9.84999e-17 3.32144e-19 5.84021e-21 1.28696e-21 7.23481e-22 6.95213e-22 6.8395e-22 6.36715e-22 7.22102e-22 1.57035e-21 9.01552e-21 4.44908e-19 4.82313e-17 5.4646e-15 5.23905e-13 3.62844e-11 1.62067e-09 4.36035e-08 6.88569e-07 6.4545e-06 3.73762e-05 0.000140831 0.000358515 0.000621345 0.000737885 0.000632609 0.000427159 0.000244017 0.000121318 5.13927e-05 1.68614e-05 3.0631e-06 0 
0 0.000186116 7.99983e-05 4.95103e-06 6.67866e-08 2.61149e-10 4.11196e-13 3.83572e-16 3.32144e-19 1.35616e-21 1.18273e-22 7.16593e-23 6.11921e-23 6.60741e-23 6.63631e-23 5.81423e-23 5.32131e-23 6.12772e-23 1.00858e-22 1.1313e-21 1.4227e-19 3.7158e-17 8.11447e-15 1.21218e-12 1.08459e-10 5.36157e-09 1.41825e-07 2.02917e-06 1.6431e-05 8.04243e-05 0.000252774 0.000524138 0.000720214 0.000681568 0.000485459 0.000284022 0.000142525 6.05749e-05 1.98956e-05 3.61554e-06 0 
0 0.000166856 5.29819e-05 2.05966e-06 1.47559e-08 2.64573e-11 1.71187e-14 6.17643e-18 5.84021e-21 1.18273e-22 1.61136e-23 1.00588e-23 9.95214e-24 1.10596e-23 1.11405e-23 9.64869e-24 7.97303e-24 6.73312e-24 7.11865e-24 3.07081e-23 1.24377e-21 4.38356e-19 1.97883e-16 5.847e-14 9.68949e-12 8.21991e-10 3.43984e-08 7.17497e-07 7.83542e-06 4.83107e-05 0.00018184 0.000438064 0.000682511 0.000707077 0.000530343 0.000317794 0.000160991 6.86546e-05 2.25746e-05 4.10382e-06 0 
0 0.000151006 3.7532e-05 9.98672e-07 4.26872e-09 4.05154e-12 1.26831e-15 2.38848e-19 1.28696e-21 7.16594e-23 1.00588e-23 3.21613e-24 2.34146e-24 2.39861e-24 2.37127e-24 2.04376e-24 1.60833e-24 1.22518e-24 1.33874e-24 5.53896e-24 9.66788e-23 1.30436e-20 9.47835e-18 4.88661e-15 1.33876e-12 1.76444e-10 1.07387e-08 3.04907e-07 4.25475e-06 3.16752e-05 0.000137742 0.000373047 0.000641696 0.00071633 0.000561846 0.000343945 0.000175749 7.51805e-05 2.47458e-05 4.5e-06 0 
0 0.000139779 2.91459e-05 5.90181e-07 1.73875e-09 1.04353e-12 1.93464e-16 4.53528e-20 7.23481e-22 6.11922e-23 9.95215e-24 2.34146e-24 9.22784e-25 6.593e-25 5.85293e-25 4.92425e-25 3.82585e-25 3.1656e-25 5.28381e-25 2.56549e-24 2.97992e-23 1.63299e-21 1.05836e-18 8.13049e-16 3.20003e-13 5.79332e-11 4.61897e-09 1.63844e-07 2.7296e-06 2.32845e-05 0.000112253 0.000329987 0.000608369 0.000716779 0.000581385 0.000361828 0.000186144 7.98232e-05 2.62955e-05 4.78306e-06 0 
0 0.000133454 2.52001e-05 4.37232e-07 1.04364e-09 4.83301e-13 6.66009e-17 2.80662e-20 6.95213e-22 6.60741e-23 1.10596e-23 2.39861e-24 6.593e-25 2.72115e-25 1.74568e-25 1.33245e-25 1.08203e-25 1.27383e-25 3.57124e-25 1.90344e-24 1.90609e-23 6.87787e-22 3.07133e-19 2.93673e-16 1.41901e-13 3.07469e-11 2.85642e-09 1.14941e-07 2.11729e-06 1.95095e-05 9.96763e-05 0.000306691 0.000587684 0.000714077 0.000590759 0.000371347 0.000191839 8.23913e-05 2.71555e-05 4.9403e-06 0 
0 0.000131922 2.44077e-05 4.10334e-07 9.38313e-10 4.12163e-13 5.34649e-17 2.56201e-20 6.83951e-22 6.63632e-23 1.11405e-23 2.37127e-24 5.85293e-25 1.74568e-25 7.27899e-26 4.47922e-26 4.23519e-26 8.3699e-26 3.17206e-25 1.76145e-24 1.72686e-23 5.80047e-22 2.37651e-19 2.37362e-16 1.19627e-13 2.68959e-11 2.57847e-09 1.06482e-07 2.00226e-06 1.87414e-05 9.6878e-05 0.000300848 0.000581262 0.000711331 0.000591402 0.000372739 0.000192783 8.28341e-05 2.73058e-05 4.9679e-06 0 
0 0.00013496 2.64031e-05 4.84499e-07 1.24849e-09 6.35374e-13 9.75361e-17 3.06179e-20 6.36715e-22 5.81423e-23 9.6487e-24 2.04376e-24 4.92426e-25 1.33245e-25 4.47923e-26 2.39165e-26 2.84655e-26 7.70892e-26 3.24529e-25 1.89643e-24 2.04245e-23 8.75764e-22 4.7309e-19 4.18804e-16 1.87973e-13 3.8185e-11 3.35807e-09 1.29139e-07 2.29391e-06 2.05478e-05 0.000102746 0.000310987 0.000588538 0.000709115 0.000584013 0.000366419 0.000189174 8.12328e-05 2.67727e-05 4.87061e-06 0 
0 0.000142292 3.1549e-05 7.03983e-07 2.36844e-09 1.67406e-12 3.74193e-16 6.81172e-20 7.22102e-22 5.32131e-23 7.97304e-24 1.60833e-24 3.82585e-25 1.08203e-25 4.23519e-26 2.84655e-26 3.70581e-26 9.42636e-26 3.97431e-25 2.62168e-24 3.74048e-23 2.97551e-21 2.24412e-18 1.49846e-15 5.1892e-13 8.39929e-11 6.08827e-09 1.99611e-07 3.12183e-06 2.53514e-05 0.000117718 0.000336334 0.000607158 0.000705741 0.000568556 0.000352919 0.000181418 7.77825e-05 2.56227e-05 4.66069e-06 0 
0 0.000153507 4.09214e-05 1.21634e-06 6.04925e-09 6.91949e-12 2.68062e-15 5.78831e-19 1.57035e-21 6.12772e-23 6.73312e-24 1.22518e-24 3.1656e-25 1.27383e-25 8.3699e-26 7.70891e-26 9.42636e-26 1.80678e-25 6.77334e-25 5.50956e-24 1.51107e-22 3.3518e-20 2.21627e-17 9.71331e-15 2.29855e-12 2.66456e-10 1.45377e-08 3.77051e-07 4.89203e-06 3.44065e-05 0.000143281 0.000375813 0.000632513 0.000697611 0.000544512 0.000332909 0.000170093 7.27695e-05 2.39545e-05 4.3563e-06 0 
0 0.000167888 5.63758e-05 2.39512e-06 1.93793e-08 4.0369e-11 3.09939e-14 1.34089e-17 9.01552e-21 1.00858e-22 7.11866e-24 1.33874e-24 5.28381e-25 3.57124e-25 3.17206e-25 3.24529e-25 3.97431e-25 6.77334e-25 2.4662e-24 3.04543e-23 2.45263e-21 9.74081e-19 3.83086e-16 9.92132e-14 1.45908e-11 1.11406e-09 4.25933e-08 8.23958e-07 8.46608e-06 4.97712e-05 0.000180847 0.00042583 0.000656641 0.000679691 0.000511294 0.000307248 0.000155913 6.65435e-05 2.1888e-05 3.97955e-06 0 
0 0.000184199 8.05371e-05 5.13115e-06 7.20685e-08 2.96202e-10 4.93622e-13 4.89369e-16 4.44908e-19 1.1313e-21 3.07081e-23 5.53896e-24 2.56549e-24 1.90344e-24 1.76145e-24 1.89643e-24 2.62168e-24 5.50956e-24 3.04543e-23 1.01288e-21 1.84888e-19 4.63119e-17 9.61672e-15 1.36878e-12 1.16947e-10 5.53489e-09 1.40681e-07 1.9439e-06 1.53008e-05 7.33769e-05 0.000228402 0.000476085 0.000666973 0.000646254 0.000468674 0.000277027 0.000139687 5.94876e-05 1.95535e-05 3.55436e-06 0 
0 0.000200535 0.000116449 1.14187e-05 2.87961e-07 2.4356e-09 9.24458e-12 2.21016e-14 4.82313e-17 1.4227e-19 1.24377e-21 9.66788e-23 2.97992e-23 1.90609e-23 1.72686e-23 2.04245e-23 3.74048e-23 1.51107e-22 2.45263e-21 1.84888e-19 2.22088e-17 2.77038e-15 2.90685e-13 2.1769e-11 1.03371e-09 2.90133e-08 4.70322e-07 4.48644e-06 2.64455e-05 0.000102296 0.000271919 0.000503216 0.000645911 0.000591958 0.000417131 0.000243557 0.000122258 5.19884e-05 1.70808e-05 3.10448e-06 0 
0 0.000214346 0.000166548 2.52934e-05 1.15101e-06 2.01698e-08 1.75813e-10 1.02239e-12 5.4646e-15 3.7158e-17 4.38356e-19 1.30436e-20 1.63299e-21 6.87787e-22 5.80046e-22 8.75764e-22 2.97551e-21 3.3518e-20 9.74081e-19 4.63119e-17 2.77038e-15 1.69478e-13 8.8534e-12 3.40871e-10 8.68185e-09 1.37504e-07 1.34275e-06 8.43301e-06 3.65079e-05 0.000115448 0.000271734 0.000467116 0.00057346 0.000513259 0.000358001 0.000208294 0.000104455 4.44084e-05 1.45901e-05 2.6518e-06 0 
0 0.00022274 0.00023077 5.37699e-05 4.33033e-06 1.53475e-07 2.99235e-09 4.11689e-11 5.23905e-13 8.11447e-15 1.97883e-16 9.47835e-18 1.05836e-18 3.07133e-19 2.37651e-19 4.7309e-19 2.24412e-18 2.21627e-17 3.83086e-16 9.61672e-15 2.90685e-13 8.8534e-12 2.31034e-10 4.48022e-09 5.75346e-08 4.58232e-07 2.31492e-06 8.41225e-06 2.58799e-05 7.2867e-05 0.000177341 0.000331129 0.000437351 0.000410404 0.000293536 0.000172749 8.7031e-05 3.70643e-05 1.21845e-05 2.21501e-06 0 
0 0.000223093 0.000304183 0.000106541 1.4624e-05 9.98455e-07 4.12403e-08 1.26794e-09 3.62844e-11 1.21218e-12 5.847e-14 4.88661e-15 8.13049e-16 2.93673e-16 2.37362e-16 4.18804e-16 1.49846e-15 9.71331e-15 9.92132e-14 1.36878e-12 2.1769e-11 3.40871e-10 4.48022e-09 4.1697e-08 2.3032e-07 6.69632e-07 1.11517e-06 1.57879e-06 3.15796e-06 1.06107e-05 4.34327e-05 0.000136189 0.000256075 0.000290955 0.000227132 0.00013844 7.06387e-05 3.02125e-05 9.94569e-06 1.8088e-06 0 
0 0.000213817 0.000375475 0.000192373 4.28975e-05 5.28258e-06 4.28861e-07 2.72359e-08 1.62067e-09 1.08459e-10 9.68949e-12 1.33876e-12 3.20003e-13 1.41901e-13 1.19627e-13 1.87973e-13 5.1892e-13 2.29855e-12 1.45908e-11 1.16947e-10 1.03371e-09 8.68185e-09 5.75346e-08 2.3032e-07 3.84107e-07 1.9196e-07 3.43251e-08 6.75006e-09 6.84317e-09 5.84271e-08 1.36637e-06 2.00887e-05 9.71046e-05 0.000174026 0.000163813 0.000106902 5.58086e-05 2.40425e-05 7.93192e-06 1.44349e-06 0 
0 0.000195008 0.000428407 0.000310885 0.000107127 2.21003e-05 3.23094e-06 3.86347e-07 4.36035e-08 5.36157e-09 8.21991e-10 1.76444e-10 5.79332e-11 3.07469e-11 2.68959e-11 3.8185e-11 8.39929e-11 2.66456e-10 1.11406e-09 5.53489e-09 2.90133e-08 1.37504e-07 4.58232e-07 6.69632e-07 1.9196e-07 4.56382e-09 1.15961e-11 4.05206e-14 1.11447e-14 1.2358e-12 1.526e-09 6.31346e-07 2.05823e-05 8.54447e-05 0.000109943 7.96267e-05 4.29345e-05 1.86742e-05 6.17784e-06 1.12515e-06 0 
0 0.000168636 0.000447451 0.000442666 0.000225011 7.24151e-05 1.7408e-05 3.55029e-06 6.88569e-07 1.41825e-07 3.43984e-08 1.07387e-08 4.61897e-09 2.85642e-09 2.57847e-09 3.35807e-09 6.08827e-09 1.45377e-08 4.25933e-08 1.40681e-07 4.70322e-07 1.34275e-06 2.31492e-06 1.11517e-06 3.43251e-08 1.15961e-11 3.19688e-16 2.33163e-15 1.42832e-15 8.67567e-15 7.81854e-14 5.24723e-09 2.80184e-06 3.68989e-05 7.05532e-05 5.7716e-05 3.22339e-05 1.41582e-05 4.69644e-06 8.55968e-07 0 
0 0.000138072 0.000425608 0.00054793 0.000393237 0.000185975 6.76609e-05 2.13732e-05 6.4545e-06 2.02917e-06 7.17497e-07 3.04907e-07 1.63844e-07 1.14941e-07 1.06482e-07 1.29139e-07 1.99611e-07 3.77051e-07 8.23958e-07 1.9439e-06 4.48644e-06 8.43301e-06 8.41225e-06 1.57879e-06 6.75006e-09 4.05206e-14 2.33163e-15 6.28912e-16 5.50595e-16 1.73171e-15 2.0439e-14 6.92025e-11 4.79444e-07 1.7375e-05 4.60615e-05 4.13802e-05 2.37011e-05 1.04794e-05 3.48211e-06 6.34929e-07 0 
0 0.000107101 0.00036886 0.000585062 0.000564555 0.000374066 0.000193056 8.69783e-05 3.73762e-05 1.6431e-05 7.83542e-06 4.25475e-06 2.7296e-06 2.11729e-06 2.00226e-06 2.29391e-06 3.12183e-06 4.89203e-06 8.46608e-06 1.53008e-05 2.64455e-05 3.65079e-05 2.58799e-05 3.15796e-06 6.84317e-09 1.11447e-14 1.42832e-15 5.50595e-16 1.44217e-15 6.79216e-15 1.21347e-13 1.88189e-11 2.50454e-07 1.15205e-05 3.26696e-05 2.97962e-05 1.71129e-05 7.56908e-06 2.51506e-06 4.58585e-07 0 
0 7.88815e-05 0.000293035 0.000540519 0.000659983 0.000584074 0.000408093 0.000247167 0.000140831 8.04243e-05 4.83107e-05 3.16752e-05 2.32845e-05 1.95095e-05 1.87414e-05 2.05478e-05 2.53514e-05 3.44065e-05 4.97712e-05 7.33769e-05 0.000102296 0.000115448 7.2867e-05 1.06107e-05 5.84271e-08 1.2358e-12 8.67567e-15 1.73171e-15 6.79216e-15 1.11423e-15 7.48319e-16 2.40915e-10 5.18863e-07 1.15341e-05 2.55525e-05 2.15861e-05 1.21198e-05 5.32577e-06 1.76638e-06 3.21907e-07 0 
0 5.53139e-05 0.000215462 0.000438546 0.000632748 0.000703278 0.000635488 0.000496749 0.000358515 0.000252774 0.00018184 0.000137742 0.000112253 9.96763e-05 9.6878e-05 0.000102746 0.000117718 0.000143281 0.000180847 0.000228402 0.000271919 0.000271734 0.000177341 4.34327e-05 1.36637e-06 1.526e-09 7.81854e-14 2.0439e-14 1.21347e-13 7.48319e-16 4.90263e-12 1.98729e-08 2.19518e-06 1.43729e-05 2.09044e-05 1.5495e-05 8.37172e-06 3.63854e-06 1.20305e-06 2.19056e-07 0 
0 3.70015e-05 0.000148106 0.000319366 0.000511229 0.000664022 0.000729485 0.000703584 0.000621345 0.000524138 0.000438064 0.000373047 0.000329987 0.000306691 0.000300848 0.000310987 0.000336334 0.000375813 0.00042583 0.000476085 0.000503216 0.000467116 0.000331129 0.000136189 2.00887e-05 6.31346e-07 5.24723e-09 6.92025e-11 1.88189e-11 2.40915e-10 1.98729e-08 8.92253e-07 7.76521e-06 1.69472e-05 1.65459e-05 1.07714e-05 5.59304e-06 2.40253e-06 7.91687e-07 1.44014e-07 0 
0 2.36099e-05 9.58688e-05 0.000213144 0.000361163 0.000513827 0.000639634 0.00071556 0.000737885 0.000720214 0.000682511 0.000641696 0.000608369 0.000587684 0.000581262 0.000588538 0.000607158 0.000632513 0.000656641 0.000666973 0.000645911 0.00057346 0.000437351 0.000256075 9.71046e-05 2.05823e-05 2.80184e-06 4.79444e-07 2.50454e-07 5.18863e-07 2.19518e-06 7.76521e-06 1.4922e-05 1.61828e-05 1.20263e-05 7.11812e-06 3.58344e-06 1.52455e-06 5.00919e-07 9.10425e-08 0 
0 1.43245e-05 5.85728e-05 0.000132161 0.00023025 0.000343025 0.000456629 0.000556596 0.000632609 0.000681568 0.000707077 0.00071633 0.000716779 0.000714077 0.000711331 0.000709115 0.000705741 0.000697611 0.000679691 0.000646254 0.000591958 0.000513259 0.000410404 0.000290955 0.000174026 8.54447e-05 3.68989e-05 1.7375e-05 1.15205e-05 1.15341e-05 1.43729e-05 1.69472e-05 1.61828e-05 1.23543e-05 7.90962e-06 4.42492e-06 2.18417e-06 9.23212e-07 3.02709e-07 5.49824e-08 0 
0 8.20244e-06 3.36462e-05 7.64181e-05 0.000134785 0.000204998 0.000281481 0.000357631 0.000427159 0.000485459 0.000530343 0.000561846 0.000581385 0.000590759 0.000591402 0.000584013 0.000568556 0.000544512 0.000511294 0.000468674 0.000417131 0.000358001 0.000293536 0.000227132 0.000163813 0.000109943 7.05532e-05 4.60615e-05 3.26696e-05 2.55525e-05 2.09044e-05 1.65459e-05 1.20263e-05 7.90962e-06 4.72587e-06 2.56971e-06 1.2549e-06 5.28412e-07 1.73037e-07 3.14164e-08 0 
0 4.37247e-06 1.796e-05 4.09025e-05 7.25073e-05 0.000111212 0.000154666 0.000199962 0.000244017 0.000284022 0.000317794 0.000343945 0.000361828 0.000371347 0.000372739 0.000366419 0.000352919 0.000332909 0.000307248 0.000277027 0.000243557 0.000208294 0.000172749 0.00013844 0.000106902 7.96267e-05 5.7716e-05 4.13802e-05 2.97962e-05 2.15861e-05 1.5495e-05 1.07714e-05 7.11812e-06 4.42492e-06 2.56971e-06 1.37966e-06 6.7027e-07 2.81685e-07 9.21774e-08 1.67315e-08 0 
0 2.1173e-06 8.70154e-06 1.98383e-05 3.5235e-05 5.42167e-05 7.57645e-05 9.86011e-05 0.000121318 0.000142525 0.000160991 0.000175749 0.000186144 0.000191839 0.000192783 0.000189174 0.000181418 0.000170093 0.000155913 0.000139687 0.000122258 0.000104455 8.7031e-05 7.06387e-05 5.58086e-05 4.29345e-05 3.22339e-05 2.37011e-05 1.71129e-05 1.21198e-05 8.37172e-06 5.59304e-06 3.58344e-06 2.18417e-06 1.2549e-06 6.7027e-07 3.24897e-07 1.36414e-07 4.4624e-08 8.09886e-09 0 
0 8.88569e-07 3.65255e-06 8.33065e-06 1.48066e-05 2.28091e-05 3.19285e-05 4.16488e-05 5.13927e-05 6.05749e-05 6.86546e-05 7.51805e-05 7.98232e-05 8.23913e-05 8.28341e-05 8.12328e-05 7.77825e-05 7.27695e-05 6.65435e-05 5.94876e-05 5.19884e-05 4.44084e-05 3.70643e-05 3.02125e-05 2.40425e-05 1.86742e-05 1.41582e-05 1.04794e-05 7.56908e-06 5.32577e-06 3.63854e-06 2.40253e-06 1.52455e-06 9.23212e-07 5.28412e-07 2.81685e-07 1.36414e-07 5.72535e-08 1.87258e-08 3.39836e-09 0 
0 2.90611e-07 1.19468e-06 2.72518e-06 4.84481e-06 7.46621e-06 1.04573e-05 1.36515e-05 1.68614e-05 1.98956e-05 2.25746e-05 2.47458e-05 2.62955e-05 2.71555e-05 2.73058e-05 2.67727e-05 2.56227e-05 2.39545e-05 2.1888e-05 1.95535e-05 1.70808e-05 1.45901e-05 1.21845e-05 9.94569e-06 7.93192e-06 6.17784e-06 4.69644e-06 3.48211e-06 2.51506e-06 1.76638e-06 1.20305e-06 7.91687e-07 5.00919e-07 3.02709e-07 1.73037e-07 9.21774e-08 4.4624e-08 1.87258e-08 6.12419e-09 1.11139e-09 0 
0 5.27389e-08 2.16812e-07 4.94593e-07 8.79359e-07 1.35533e-06 1.89866e-06 2.47921e-06 3.0631e-06 3.61554e-06 4.10382e-06 4.5e-06 4.78306e-06 4.9403e-06 4.9679e-06 4.87061e-06 4.66069e-06 4.3563e-06 3.97955e-06 3.55436e-06 3.10448e-06 2.6518e-06 2.21501e-06 1.8088e-06 1.44349e-06 1.12515e-06 8.55968e-07 6.34929e-07 4.58585e-07 3.21907e-07 2.19056e-07 1.44014e-07 9.10425e-08 5.49824e-08 3.14164e-08 1.67315e-08 8.09886e-09 3.39836e-09 1.11139e-09 2.01686e-10 0 
0 0 0 0 0 0 0 0 0 0 0 0 0 0 0 0 0 0 0 0 0 0 0 0 0 0 0 0 0 0 0 0 0 0 0 0 0 0 0 0 0 
