0 0 0 0 0 0 0 0 0 0 0 0 0 0 0 0 0 0 0 0 0 0 0 0 0 0 0 0 0 0 0 0 0 0 0 0 0 0 0 0 0 
0 1.37001e-05 5.58561e-05 0.000125365 0.000216583 0.000318969 0.000418897 0.000503717 0.00056589 0.000604527 0.000623851 0.00063028 0.000629962 0.000627445 0.000625295 0.00062419 0.000623192 0.00062007 0.000611727 0.000594812 0.000566523 0.000525497 0.000472467 0.000410375 0.000343772 0.000277695 0.000216504 0.00016313 0.000118917 8.38913e-05 5.7224e-05 3.7657e-05 2.38126e-05 1.4381e-05 8.21657e-06 4.37562e-06 2.11791e-06 8.88669e-07 2.90623e-07 5.27398e-08 0 
0 5.58561e-05 0.000225009 0.000492413 0.000811639 0.00110709 0.00130277 0.00136333 0.00130867 0.00119003 0.00105698 0.000941197 0.000857095 0.000808743 0.000795816 0.000816829 0.000869978 0.000952295 0.00105763 0.00117419 0.00128302 0.00135953 0.00137942 0.00132787 0.00120688 0.0010353 0.000840959 0.000650258 0.000481237 0.000342285 0.000234446 0.000154582 9.78364e-05 5.91074e-05 3.3776e-05 1.7988e-05 8.70681e-06 3.65339e-06 1.19478e-06 2.16818e-07 0 
0 0.000125365 0.000492413 0.00102013 0.00151695 0.00175315 0.0016408 0.00130339 0.000930931 0.000634549 0.000435343 0.000313809 0.000245266 0.000212035 0.000204537 0.000219793 0.000260294 0.000333608 0.00045193 0.000629775 0.00087716 0.00118656 0.00151791 0.00179614 0.00193708 0.00189406 0.00168654 0.00138324 0.00105972 0.000767915 0.000530882 0.000351546 0.000222913 0.000134775 7.70385e-05 4.10328e-05 1.98621e-05 8.3343e-06 2.7256e-06 4.9462e-07 0 
0 0.000216583 0.000811639 0.00151695 0.00186608 0.00161434 0.00104235 0.000547424 0.000257465 0.000118532 5.75938e-05 3.13727e-05 2.00355e-05 1.54328e-05 1.45072e-05 1.65732e-05 2.25938e-05 3.5685e-05 6.28923e-05 0.000118591 0.000229043 0.000434078 0.000774973 0.00125561 0.00178956 0.00219943 0.00232278 0.00213654 0.00175431 0.00132029 0.000930124 0.000621271 0.000395402 0.00023942 0.000136932 7.29488e-05 3.53139e-05 1.48183e-05 4.84614e-06 8.79441e-07 0 
0 0.000318969 0.00110709 0.00175315 0.00161434 0.000929877 0.000371846 0.000117786 3.3604e-05 9.67893e-06 3.10682e-06 1.20625e-06 6.02837e-07 4.03514e-07 3.67588e-07 4.52494e-07 7.32119e-07 1.48967e-06 3.60616e-06 9.76823e-06 2.78245e-05 7.85712e-05 0.000208452 0.000495166 0.00100879 0.00170024 0.00232035 0.00257088 0.00237826 0.00191497 0.00139604 0.000947276 0.000606921 0.000368469 0.000210948 0.00011242 5.44283e-05 2.284e-05 7.46963e-06 1.35554e-06 0 
0 0.000418897 0.00130277 0.0016408 0.00104235 0.000371846 8.69428e-05 1.57224e-05 2.56571e-06 4.35329e-07 8.72462e-08 2.30198e-08 8.69092e-09 4.95264e-09 4.35124e-09 5.83268e-09 1.14768e-08 3.11816e-08 1.08352e-07 4.42616e-07 1.95298e-06 8.60134e-06 3.52846e-05 0.000127198 0.000383675 0.000927671 0.00173521 0.00246946 0.00271901 0.00243126 0.00187277 0.0013039 0.000844593 0.000514972 0.00029529 0.000157456 7.6247e-05 3.19979e-05 1.04649e-05 1.8991e-06 0 
0 0.000503717 0.00136333 0.00130339 0.000547424 0.000117786 1.57224e-05 1.57374e-06 1.41599e-07 1.36228e-08 1.64512e-09 2.86285e-10 7.98666e-11 3.82468e-11 3.2298e-11 4.74311e-11 1.15176e-10 4.2708e-10 2.18914e-09 1.39039e-08 9.80539e-08 6.93608e-07 4.50834e-06 2.50873e-05 0.000113145 0.000395866 0.00103397 0.00195672 0.0026758 0.00275491 0.00229461 0.00165891 0.00109209 0.000670132 0.000385158 0.000205543 9.95596e-05 4.1785e-05 1.36661e-05 2.48006e-06 0 
0 0.00056589 0.00130867 0.000930931 0.000257465 3.3604e-05 2.56571e-06 1.41599e-07 6.97389e-09 3.77261e-10 2.7229e-11 3.10308e-12 6.36151e-13 2.55086e-13 2.06739e-13 3.32827e-13 1.00003e-12 5.08312e-12 3.86558e-11 3.84248e-10 4.36069e-09 4.98479e-08 5.15493e-07 4.42885e-06 2.96961e-05 0.000148653 0.000536397 0.00135141 0.00233577 0.00283762 0.00260678 0.00197963 0.00133168 0.000824165 0.000475172 0.000253854 0.000123004 5.16303e-05 1.68866e-05 3.06455e-06 0 
0 0.000604527 0.00119003 0.000634549 0.000118532 9.67893e-06 4.35329e-07 1.36228e-08 3.77261e-10 1.17662e-11 5.18832e-13 3.94124e-14 6.01187e-15 2.03194e-15 1.58155e-15 2.77701e-15 1.02196e-14 7.01849e-14 7.78001e-13 1.1867e-11 2.12261e-10 3.83952e-09 6.18699e-08 8.03684e-07 7.83519e-06 5.47205e-05 0.000265433 0.00087041 0.00188575 0.00272 0.00278617 0.00224085 0.00154696 0.000967385 0.000559873 0.000299495 0.000145181 6.09476e-05 1.99349e-05 3.61778e-06 0 
0 0.000623851 0.00105698 0.000435343 5.75938e-05 3.10682e-06 8.72462e-08 1.64512e-09 2.7229e-11 5.18832e-13 1.47156e-14 7.77046e-16 9.08833e-17 2.63274e-17 1.97355e-17 3.73988e-17 1.64794e-16 1.47986e-15 2.29637e-14 5.13554e-13 1.37985e-11 3.76357e-10 9.01976e-09 1.69556e-07 2.30705e-06 2.16162e-05 0.000135604 0.000558041 0.00147484 0.00249527 0.00284704 0.00243082 0.00172546 0.0010913 0.000634237 0.000339763 0.000164779 6.91847e-05 2.26301e-05 4.10698e-06 0 
0 0.00063028 0.000941197 0.000313809 3.13727e-05 1.20625e-06 2.30198e-08 2.86285e-10 3.10308e-12 3.94124e-14 7.77046e-16 3.03898e-17 2.85282e-18 7.26772e-19 5.27273e-19 1.06197e-18 5.41815e-18 6.05867e-17 1.23873e-15 3.79326e-14 1.42427e-12 5.44761e-11 1.81069e-09 4.61578e-08 8.26343e-07 9.8501e-06 7.6121e-05 0.000375801 0.00116578 0.00225384 0.00282816 0.0025518 0.00186005 0.00118945 0.000694116 0.000372366 0.000180674 7.58696e-05 2.48178e-05 4.50407e-06 0 
0 0.000629962 0.000857095 0.000245266 2.00355e-05 6.02837e-07 8.69092e-09 7.98666e-11 6.36151e-13 6.01187e-15 9.08833e-17 2.85282e-18 2.27806e-19 5.27447e-20 3.72823e-20 7.83183e-20 4.43629e-19 5.80917e-18 1.44991e-16 5.57695e-15 2.67093e-13 1.307e-11 5.51549e-10 1.75655e-08 3.84335e-07 5.46174e-06 4.91106e-05 0.000276433 0.000962534 0.0020536 0.00277281 0.00261528 0.00194865 0.00125773 0.000736536 0.000395604 0.000192026 8.06466e-05 2.63815e-05 4.7879e-06 0 
0 0.000627445 0.000808743 0.000212035 1.54328e-05 4.03514e-07 4.95264e-09 3.82468e-11 2.55086e-13 2.03194e-15 2.63274e-17 7.26772e-19 5.27447e-20 1.15243e-20 7.99957e-21 1.71649e-20 1.02971e-19 1.47305e-18 4.11631e-17 1.8033e-15 9.93072e-14 5.60128e-12 2.71411e-10 9.83765e-09 2.41963e-07 3.8105e-06 3.74365e-05 0.000227524 0.000847997 0.00192 0.0027142 0.00263501 0.00199255 0.00129431 0.000759824 0.000408466 0.000198326 8.33004e-05 2.72504e-05 4.94564e-06 0 
0 0.000625295 0.000795816 0.000204537 1.45072e-05 3.67588e-07 4.35124e-09 3.2298e-11 2.06739e-13 1.58155e-15 1.97355e-17 5.27273e-19 3.72823e-20 7.99957e-21 5.50115e-21 1.18e-20 7.13755e-20 1.03754e-18 2.96543e-17 1.3354e-15 7.58475e-14 4.41962e-12 2.21261e-10 8.27581e-09 2.09567e-07 3.38818e-06 3.40757e-05 0.000211552 0.000804654 0.00185768 0.00266981 0.00262126 0.00199442 0.00129922 0.000763584 0.000410665 0.000199424 8.37658e-05 2.74031e-05 4.97338e-06 0 
0 0.00062419 0.000816829 0.000219793 1.65732e-05 4.52494e-07 5.83268e-09 4.74311e-11 3.32827e-13 2.77701e-15 3.73988e-17 1.06197e-18 7.83183e-20 1.71649e-20 1.18e-20 2.47846e-20 1.4413e-19 1.9841e-18 5.31041e-17 2.22376e-15 1.17108e-13 6.33191e-12 2.9527e-10 1.03502e-08 2.47522e-07 3.81125e-06 3.68163e-05 0.000221279 0.000820604 0.00185961 0.00264126 0.00257785 0.00195682 0.00127385 0.000748576 0.000402595 0.000195509 8.21225e-05 2.68657e-05 4.87586e-06 0 
0 0.000623192 0.000869978 0.000260294 2.25938e-05 7.32119e-07 1.14768e-08 1.15176e-10 1.00003e-12 1.02196e-14 1.64794e-16 5.41815e-18 4.43629e-19 1.02971e-19 7.13755e-20 1.4413e-19 7.71853e-19 9.43768e-18 2.18258e-16 7.75467e-15 3.4343e-13 1.5611e-11 6.16322e-10 1.8525e-08 3.86267e-07 5.28419e-06 4.62224e-05 0.000255986 0.000887954 0.00190958 0.00261605 0.00250187 0.0018817 0.00122069 0.000716538 0.000385246 0.000187072 7.85776e-05 2.5706e-05 4.66541e-06 0 
0 0.00062007 0.000952295 0.000333608 3.5685e-05 1.48967e-06 3.11816e-08 4.2708e-10 5.08312e-12 7.01849e-14 1.47986e-15 6.05867e-17 5.80917e-18 1.47305e-18 1.03754e-18 1.9841e-18 9.43768e-18 9.70975e-17 1.81227e-15 5.05317e-14 1.73131e-12 6.07868e-11 1.87107e-09 4.46452e-08 7.57058e-07 8.65807e-06 6.51186e-05 0.000318218 0.000996486 0.00197928 0.00256949 0.00238551 0.00177064 0.00114308 0.000669973 0.000360073 0.000174836 7.3438e-05 2.40248e-05 4.3603e-06 0 
0 0.000611727 0.00105763 0.00045193 6.28923e-05 3.60616e-06 1.08352e-07 2.18914e-09 3.86558e-11 7.78001e-13 2.29637e-14 1.23873e-15 1.44991e-16 4.11631e-17 2.96543e-17 5.31041e-17 2.18258e-16 1.81227e-15 2.58924e-14 5.33095e-13 1.32323e-11 3.35505e-10 7.53657e-09 1.34089e-07 1.74608e-06 1.58659e-05 9.82086e-05 0.000408377 0.00112271 0.00202296 0.00246761 0.00221876 0.00162554 0.00104503 0.00061191 0.000328839 0.000159681 6.70765e-05 2.19444e-05 3.98278e-06 0 
0 0.000594812 0.00117419 0.000629775 0.000118591 9.76823e-06 4.42616e-07 1.39039e-08 3.84248e-10 1.1867e-11 5.13554e-13 3.79326e-14 5.57695e-15 1.8033e-15 1.3354e-15 2.22376e-15 7.75467e-15 5.05317e-14 5.33095e-13 7.77083e-12 1.33452e-10 2.32871e-09 3.63677e-08 4.6011e-07 4.3977e-06 3.04505e-05 0.000149501 0.00051349 0.00121601 0.00197529 0.00227181 0.00199189 0.00144883 0.00093094 0.000545616 0.000293448 0.000142559 5.98963e-05 1.95971e-05 3.55687e-06 0 
0 0.000566523 0.00128302 0.00087716 0.000229043 2.78245e-05 1.95298e-06 9.80539e-08 4.36069e-09 2.12261e-10 1.37985e-11 1.42427e-12 2.67093e-13 9.93072e-14 7.58475e-14 1.17108e-13 3.4343e-13 1.73131e-12 1.32323e-11 1.33452e-10 1.54443e-09 1.8015e-08 1.89515e-07 1.64811e-06 1.11533e-05 5.67102e-05 0.000213292 0.000589557 0.0011909 0.00175887 0.00194475 0.0016962 0.00124285 0.000805025 0.000474291 0.000255779 0.00012441 5.22973e-05 1.7114e-05 3.10642e-06 0 
0 0.000525497 0.00135953 0.00118656 0.000434078 7.85712e-05 8.60134e-06 6.93608e-07 4.98479e-08 3.83952e-09 3.76357e-10 5.44761e-11 1.307e-11 5.60128e-12 4.41962e-12 6.33191e-12 1.5611e-11 6.07868e-11 3.35505e-10 2.32871e-09 1.8015e-08 1.38806e-07 9.66707e-07 5.63616e-06 2.60837e-05 9.32024e-05 0.000256502 0.000552477 0.000949278 0.00131199 0.00146018 0.00132414 0.00100877 0.00067076 0.000400793 0.000217552 0.000106102 4.46471e-05 1.4616e-05 2.65332e-06 0 
0 0.000472467 0.00137942 0.00151791 0.000774973 0.000208452 3.52846e-05 4.50834e-06 5.15493e-07 6.18699e-08 9.01976e-09 1.81069e-09 5.51549e-10 2.71411e-10 2.21261e-10 2.9527e-10 6.16322e-10 1.87107e-09 7.53657e-09 3.63677e-08 1.89515e-07 9.66707e-07 4.42227e-06 1.6857e-05 5.06948e-05 0.000117433 0.000214896 0.000335634 0.000487506 0.000674786 0.000842155 0.000879625 0.000748023 0.00053091 0.000327553 0.000180251 8.83784e-05 3.72604e-05 1.22058e-05 2.21627e-06 0 
0 0.000410375 0.00132787 0.00179614 0.00125561 0.000495166 0.000127198 2.50873e-05 4.42885e-06 8.03684e-07 1.69556e-07 4.61578e-08 1.75655e-08 9.83765e-09 8.27581e-09 1.03502e-08 1.8525e-08 4.46452e-08 1.34089e-07 4.6011e-07 1.64811e-06 5.63616e-06 1.6857e-05 4.03781e-05 7.12451e-05 8.86249e-05 8.36968e-05 7.64025e-05 8.99589e-05 0.000147873 0.000273677 0.000423968 0.000473669 0.000389571 0.000256875 0.000145132 7.18412e-05 3.03864e-05 9.96444e-06 1.80989e-06 0 
0 0.000343772 0.00120688 0.00193708 0.00178956 0.00100879 0.000383675 0.000113145 2.96961e-05 7.83519e-06 2.30705e-06 8.26343e-07 3.84335e-07 2.41963e-07 2.09567e-07 2.47522e-07 3.86267e-07 7.57058e-07 1.74608e-06 4.3977e-06 1.11533e-05 2.60837e-05 5.06948e-05 7.12451e-05 6.02588e-05 2.63691e-05 6.80641e-06 2.00978e-06 1.65477e-06 4.93309e-06 2.70657e-05 0.000111663 0.000230758 0.000256681 0.000191659 0.000113308 5.69489e-05 2.42045e-05 7.94906e-06 1.44447e-06 0 
0 0.000277695 0.0010353 0.00189406 0.00219943 0.00170024 0.000927671 0.000395866 0.000148653 5.47205e-05 2.16162e-05 9.8501e-06 5.46174e-06 3.8105e-06 3.38818e-06 3.81125e-06 5.28419e-06 8.65807e-06 1.58659e-05 3.04505e-05 5.67102e-05 9.32024e-05 0.000117433 8.86249e-05 2.63691e-05 1.94749e-06 4.1658e-08 1.25276e-09 5.31564e-10 6.42365e-09 3.82091e-07 1.18889e-05 7.92739e-05 0.000149181 0.000135775 8.57804e-05 4.40169e-05 1.88245e-05 6.19339e-06 1.12602e-06 0 
0 0.000216504 0.000840959 0.00168654 0.00232278 0.00232035 0.00173521 0.00103397 0.000536397 0.000265433 0.000135604 7.6121e-05 4.91106e-05 3.74365e-05 3.40757e-05 3.68163e-05 4.62224e-05 6.51186e-05 9.82086e-05 0.000149501 0.000213292 0.000256502 0.000214896 8.36968e-05 6.80641e-06 4.1658e-08 2.16202e-11 1.94993e-14 3.07142e-15 3.55673e-13 8.84555e-10 5.85252e-07 2.0969e-05 7.97518e-05 9.27767e-05 6.32739e-05 3.32028e-05 1.429e-05 4.70979e-06 8.56703e-07 0 
0 0.00016313 0.000650258 0.00138324 0.00213654 0.00257088 0.00246946 0.00195672 0.00135141 0.00087041 0.000558041 0.000375801 0.000276433 0.000227524 0.000211552 0.000221279 0.000255986 0.000318218 0.000408377 0.00051349 0.000589557 0.000552477 0.000335634 7.64025e-05 2.00978e-06 1.25276e-09 1.94993e-14 1.54873e-17 6.93033e-18 5.09766e-17 3.36067e-12 3.87981e-08 6.38307e-06 4.46316e-05 6.34542e-05 4.59033e-05 2.44844e-05 1.05844e-05 3.4926e-06 6.35499e-07 0 
0 0.000118917 0.000481237 0.00105972 0.00175431 0.00237826 0.00271901 0.0026758 0.00233577 0.00188575 0.00147484 0.00116578 0.000962534 0.000847997 0.000804654 0.000820604 0.000887954 0.000996486 0.00112271 0.00121601 0.0011909 0.000949278 0.000487506 8.99589e-05 1.65477e-06 5.31564e-10 3.07142e-15 6.93038e-18 4.04674e-19 3.69377e-17 6.55973e-13 1.57053e-08 3.77255e-06 3.04318e-05 4.51622e-05 3.30372e-05 1.76693e-05 7.64306e-06 2.52241e-06 4.58983e-07 0 
0 8.38913e-05 0.000342285 0.000767915 0.00132029 0.00191497 0.00243126 0.00275491 0.00283762 0.00272 0.00249527 0.00225384 0.0020536 0.00192 0.00185768 0.00185961 0.00190958 0.00197928 0.00202296 0.00197529 0.00175887 0.00131199 0.000674786 0.000147873 4.93309e-06 6.42365e-09 3.55673e-13 5.09767e-17 3.69378e-17 1.0742e-15 1.89853e-11 6.11408e-08 5.03048e-06 2.63031e-05 3.37215e-05 2.35979e-05 1.24614e-05 5.37126e-06 1.77092e-06 3.22154e-07 0 
0 5.7224e-05 0.000234446 0.000530882 0.000930124 0.00139604 0.00187277 0.00229461 0.00260678 0.00278617 0.00284704 0.00282816 0.00277281 0.0027142 0.00266981 0.00264126 0.00261605 0.00256949 0.00246761 0.00227181 0.00194475 0.00146018 0.000842155 0.000273677 2.70657e-05 3.82091e-07 8.84555e-10 3.36067e-12 6.55973e-13 1.89853e-11 5.9161e-09 7.28982e-07 1.01853e-05 2.56306e-05 2.55634e-05 1.656e-05 8.55138e-06 3.66274e-06 1.2055e-06 2.19191e-07 0 
0 3.7657e-05 0.000154582 0.000351546 0.000621271 0.000947276 0.0013039 0.00165891 0.00197963 0.00224085 0.00243082 0.0025518 0.00261528 0.00263501 0.00262126 0.00257785 0.00250187 0.00238551 0.00221876 0.00199189 0.0016962 0.00132414 0.000879625 0.000423968 0.000111663 1.18889e-05 5.85252e-07 3.87981e-08 1.57053e-08 6.11408e-08 7.28982e-07 6.01842e-06 1.83185e-05 2.38527e-05 1.87499e-05 1.12466e-05 5.6737e-06 2.41364e-06 7.92841e-07 1.44079e-07 0 
0 2.38126e-05 9.78364e-05 0.000222913 0.000395402 0.000606921 0.000844593 0.00109209 0.00133168 0.00154696 0.00172546 0.00186005 0.00194865 0.00199255 0.00199442 0.00195682 0.0018817 0.00177064 0.00162554 0.00144883 0.00124285 0.00100877 0.000748023 0.000473669 0.000230758 7.92739e-05 2.0969e-05 6.38307e-06 3.77255e-06 5.03048e-06 1.01853e-05 1.83185e-05 2.25079e-05 1.92704e-05 1.28712e-05 7.29646e-06 3.6144e-06 1.52896e-06 5.01392e-07 9.10701e-08 0 
0 1.4381e-05 5.91074e-05 0.000134775 0.00023942 0.000368469 0.000514972 0.000670132 0.000824165 0.000967385 0.0010913 0.00118945 0.00125773 0.00129431 0.00129922 0.00127385 0.00122069 0.00114308 0.00104503 0.00093094 0.000805025 0.00067076 0.00053091 0.000389571 0.000256681 0.000149181 7.97518e-05 4.46316e-05 3.04318e-05 2.63031e-05 2.56306e-05 2.38527e-05 1.92704e-05 1.33745e-05 8.17429e-06 4.48161e-06 2.19439e-06 9.24729e-07 3.02878e-07 5.49926e-08 0 
0 8.21657e-06 3.3776e-05 7.70385e-05 0.000136932 0.000210948 0.00029529 0.000385158 0.000475172 0.000559873 0.000634237 0.000694116 0.000736536 0.000759824 0.000763584 0.000748576 0.000716538 0.000669973 0.00061191 0.000545616 0.000474291 0.000400793 0.000327553 0.000256875 0.000191659 0.000135775 9.27767e-05 6.34542e-05 4.51622e-05 3.37215e-05 2.55634e-05 1.87499e-05 1.28712e-05 8.17429e-06 4.79514e-06 2.58511e-06 1.2578e-06 5.28865e-07 1.7309e-07 3.14197e-08 0 
0 4.37562e-06 1.7988e-05 4.10328e-05 7.29488e-05 0.00011242 0.000157456 0.000205543 0.000253854 0.000299495 0.000339763 0.000372366 0.000395604 0.000408466 0.000410665 0.000402595 0.000385246 0.000360073 0.000328839 0.000293448 0.000255779 0.000217552 0.000180251 0.000145132 0.000113308 8.57804e-05 6.32739e-05 4.59033e-05 3.30372e-05 2.35979e-05 1.656e-05 1.12466e-05 7.29646e-06 4.48161e-06 2.58511e-06 1.38325e-06 6.70984e-07 2.81801e-07 9.21916e-08 1.67325e-08 0 
0 2.11791e-06 8.70681e-06 1.98621e-05 3.53139e-05 5.44283e-05 7.6247e-05 9.95596e-05 0.000123004 0.000145181 0.000164779 0.000180674 0.000192026 0.000198326 0.000199424 0.000195509 0.000187072 0.000174836 0.000159681 0.000142559 0.00012441 0.000106102 8.83784e-05 7.18412e-05 5.69489e-05 4.40169e-05 3.32028e-05 2.44844e-05 1.76693e-05 1.24614e-05 8.55138e-06 5.6737e-06 3.6144e-06 2.19439e-06 1.2578e-06 6.70984e-07 3.25046e-07 1.3644e-07 4.46272e-08 8.09908e-09 0 
0 8.88669e-07 3.65339e-06 8.3343e-06 1.48183e-05 2.284e-05 3.19979e-05 4.1785e-05 5.16303e-05 6.09476e-05 6.91847e-05 7.58696e-05 8.06466e-05 8.33004e-05 8.37658e-05 8.21225e-05 7.85776e-05 7.3438e-05 6.70765e-05 5.98963e-05 5.22973e-05 4.46471e-05 3.72604e-05 3.03864e-05 2.42045e-05 1.88245e-05 1.429e-05 1.05844e-05 7.64306e-06 5.37126e-06 3.66274e-06 2.41364e-06 1.52896e-06 9.24729e-07 5.28865e-07 2.81801e-07 1.3644e-07 5.72581e-08 1.87264e-08 3.3984e-09 0 
0 2.90623e-07 1.19478e-06 2.7256e-06 4.84614e-06 7.46963e-06 1.04649e-05 1.36661e-05 1.68866e-05 1.99349e-05 2.26301e-05 2.48178e-05 2.63815e-05 2.72504e-05 2.74031e-05 2.68657e-05 2.5706e-05 2.40248e-05 2.19444e-05 1.95971e-05 1.7114e-05 1.4616e-05 1.22058e-05 9.96444e-06 7.94906e-06 6.19339e-06 4.70979e-06 3.4926e-06 2.52241e-06 1.77092e-06 1.2055e-06 7.92841e-07 5.01392e-07 3.02878e-07 1.7309e-07 9.21916e-08 4.46272e-08 1.87264e-08 6.12427e-09 1.11139e-09 0 
0 5.27398e-08 2.16818e-07 4.9462e-07 8.79441e-07 1.35554e-06 1.8991e-06 2.48006e-06 3.06455e-06 3.61778e-06 4.10698e-06 4.50407e-06 4.7879e-06 4.94564e-06 4.97338e-06 4.87586e-06 4.66541e-06 4.3603e-06 3.98278e-06 3.55687e-06 3.10642e-06 2.65332e-06 2.21627e-06 1.80989e-06 1.44447e-06 1.12602e-06 8.56703e-07 6.35499e-07 4.58983e-07 3.22154e-07 2.19191e-07 1.44079e-07 9.10701e-08 5.49926e-08 3.14197e-08 1.67325e-08 8.09908e-09 3.3984e-09 1.11139e-09 2.01687e-10 0 
0 0 0 0 0 0 0 0 0 0 0 0 0 0 0 0 0 0 0 0 0 0 0 0 0 0 0 0 0 0 0 0 0 0 0 0 0 0 0 0 0 
