0 0 0 0 0 0 0 0 0 0 0 0 0 0 0 0 0 0 0 0 0 0 0 0 0 0 0 0 0 0 0 0 0 0 0 0 0 0 0 0 0 
0 1.33754e-05 5.2977e-05 0.000112816 0.00017942 0.000235972 0.000270521 0.000281047 0.000273439 0.000256169 0.000236403 0.000218753 0.000205613 0.000197949 0.000195957 0.000199444 0.000207949 0.000220686 0.00023637 0.000253041 0.000268 0.000278011 0.000279848 0.000271132 0.0002512 0.000221568 0.000185666 0.000147838 0.000112082 8.11369e-05 5.62214e-05 3.73267e-05 2.3714e-05 1.43543e-05 8.21006e-06 4.3742e-06 2.11764e-06 8.88625e-07 2.90618e-07 5.27394e-08 0 
0 5.2977e-05 0.000198982 0.000381677 0.000510086 0.000524679 0.00044499 0.00033214 0.000231548 0.000158563 0.000111121 8.22949e-05 6.59349e-05 5.79952e-05 5.63335e-05 6.02829e-05 7.03811e-05 8.8268e-05 0.000116604 0.000158735 0.000217705 0.000294262 0.000383987 0.000474855 0.000547788 0.000582484 0.000567056 0.00050508 0.000413779 0.000314676 0.000224422 0.00015133 9.68878e-05 5.8858e-05 3.3717e-05 1.79755e-05 8.7045e-06 3.65303e-06 1.19473e-06 2.16815e-07 0 
0 0.000112816 0.000381677 0.000595571 0.000572118 0.00038103 0.000196904 8.76979e-05 3.67927e-05 1.56758e-05 7.23445e-06 3.81521e-06 2.39408e-06 1.83371e-06 1.73088e-06 2.00182e-06 2.782e-06 4.50724e-06 8.19876e-06 1.60681e-05 3.25545e-05 6.56007e-05 0.000127056 0.000229657 0.000377655 0.000552566 0.00070659 0.000781855 0.000750185 0.000633239 0.000480614 0.000335178 0.000218196 0.000133561 7.67586e-05 4.09753e-05 1.98518e-05 8.33273e-06 2.72542e-06 4.94609e-07 0 
0 0.00017942 0.000510086 0.000572118 0.000338405 0.000125313 3.40388e-05 7.75234e-06 1.6654e-06 3.76529e-07 9.90266e-08 3.29977e-08 1.48702e-08 9.4416e-09 8.57382e-09 1.10204e-08 1.94023e-08 4.44754e-08 1.24663e-07 3.9892e-07 1.36081e-06 4.64499e-06 1.50286e-05 4.41433e-05 0.000113936 0.000251984 0.000467121 0.000711493 0.000880199 0.000890605 0.000757782 0.00056331 0.000378608 0.000235142 0.000135964 7.27546e-05 3.52798e-05 1.48133e-05 4.84557e-06 8.79406e-07 0 
0 0.000235972 0.000524679 0.00038103 0.000125313 2.33006e-05 2.94337e-06 2.9712e-07 2.81035e-08 2.91382e-09 3.83345e-10 7.25566e-11 2.17455e-11 1.09584e-11 9.48791e-12 1.38896e-11 3.27251e-11 1.1503e-10 5.49237e-10 3.21495e-09 2.08219e-08 1.35714e-07 8.2088e-07 4.32427e-06 1.89732e-05 6.7431e-05 0.000190788 0.000423158 0.000723059 0.00094337 0.000956403 0.00078905 0.000559766 0.000356421 0.000208252 0.000111888 5.43369e-05 2.28268e-05 7.46818e-06 1.35545e-06 0 
0 0.000270521 0.00044499 0.000196904 3.40388e-05 2.94337e-06 1.56256e-07 6.2349e-09 2.31018e-10 9.83107e-12 5.86476e-13 5.82037e-14 1.09512e-14 4.23923e-15 3.4757e-15 5.90184e-15 1.93875e-14 1.1099e-13 9.73234e-13 1.1351e-11 1.52899e-10 2.08703e-09 2.58023e-08 2.6453e-07 2.11448e-06 1.27155e-05 5.66951e-05 0.000186723 0.000451345 0.00079048 0.00100302 0.00095729 0.000735723 0.000486635 0.000288956 0.000156221 7.6038e-05 3.19683e-05 1.04617e-05 1.89891e-06 0 
0 0.000281047 0.00033214 8.76979e-05 7.75234e-06 2.9712e-07 6.2349e-09 9.20111e-11 1.24944e-12 2.04962e-14 5.24498e-16 2.60862e-17 2.98988e-18 8.80494e-19 6.83189e-19 1.34785e-18 6.28175e-18 6.05476e-17 1.01729e-15 2.4808e-14 7.31714e-13 2.20426e-11 5.86396e-10 1.22812e-08 1.86761e-07 1.96778e-06 1.41312e-05 6.95241e-05 0.00023691 0.000559086 0.00090714 0.00103197 0.000880088 0.000613083 0.0003723 0.000203048 9.91421e-05 4.17266e-05 1.36599e-05 2.4797e-06 0 
0 0.000273439 0.000231548 3.67927e-05 1.6654e-06 2.81035e-08 2.31018e-10 1.24944e-12 6.16482e-15 3.86761e-17 4.24624e-19 1.25257e-20 1.77212e-21 7.94611e-22 6.74001e-22 9.91471e-22 3.03352e-21 3.16084e-20 9.57508e-19 4.90041e-17 3.18514e-15 2.13181e-13 1.22885e-11 5.29553e-10 1.54317e-08 2.867e-07 3.32592e-06 2.43277e-05 0.000115129 0.000359538 0.000741386 0.00101558 0.000975996 0.000724068 0.00045224 0.0002494 0.000122264 5.15279e-05 1.68759e-05 3.06394e-06 0 
0 0.000256169 0.000158563 1.56758e-05 3.76529e-07 2.91382e-09 9.83107e-12 2.04962e-14 3.86761e-17 9.87993e-20 7.19758e-22 4.42857e-23 1.20088e-23 7.53843e-24 6.81514e-24 8.09141e-24 1.57269e-23 7.59109e-23 1.49938e-21 1.29364e-19 1.77007e-17 2.52788e-15 3.03681e-13 2.5978e-11 1.40542e-09 4.48158e-08 8.20855e-07 8.73721e-06 5.60376e-05 0.000225069 0.000575749 0.000940906 0.00102194 0.000811911 0.000523467 0.00029239 0.000144005 6.07859e-05 1.9918e-05 3.61683e-06 0 
0 0.000236403 0.000111121 7.23445e-06 9.90266e-08 3.83345e-10 5.86476e-13 5.24498e-16 4.24624e-19 7.19758e-22 8.57074e-24 8.16145e-25 3.43001e-25 2.66344e-25 2.49941e-25 2.60733e-25 3.63221e-25 9.87132e-25 1.10271e-23 7.47911e-22 1.73303e-19 4.83586e-17 1.11514e-14 1.75401e-12 1.64468e-10 8.4818e-09 2.3336e-07 3.4678e-06 2.90621e-05 0.000144855 0.000444477 0.000846572 0.00102934 0.000874384 0.000582208 0.00032953 0.000163085 6.89531e-05 2.26062e-05 4.10563e-06 0 
0 0.000218753 8.22949e-05 3.81521e-06 3.29977e-08 7.25566e-11 5.82037e-14 2.60862e-17 1.25257e-20 4.42858e-23 8.16147e-25 6.04413e-26 2.22837e-26 1.8519e-26 1.76648e-26 1.70763e-26 1.95607e-26 4.31589e-26 4.30736e-25 2.0256e-23 4.14052e-21 1.89048e-18 7.42241e-16 1.9199e-13 2.82157e-11 2.15591e-09 8.27609e-08 1.61631e-06 1.68453e-05 9.98331e-05 0.000353424 0.000760118 0.00101493 0.000913915 0.000626503 0.000358955 0.000178453 7.55665e-05 2.47866e-05 4.50232e-06 0 
0 0.000205613 6.59349e-05 2.39408e-06 1.48702e-08 2.17455e-11 1.09512e-14 2.98988e-18 1.77212e-21 1.20089e-23 3.43002e-25 2.22839e-26 3.47004e-27 1.91036e-27 1.72065e-27 1.59668e-27 1.84926e-27 6.13233e-27 7.8606e-26 2.77561e-24 3.46422e-22 1.81499e-19 1.04225e-16 3.86049e-14 7.84827e-12 7.96651e-10 3.89105e-08 9.26052e-07 1.12974e-05 7.57847e-05 0.000296734 0.00069532 0.000993848 0.000935342 0.00065594 0.000379494 0.000189352 8.02822e-05 2.6344e-05 4.78581e-06 0 
0 0.000197949 5.79952e-05 1.83371e-06 9.4416e-09 1.09584e-11 4.23923e-15 8.80494e-19 7.94612e-22 7.53846e-24 2.66345e-25 1.85191e-26 1.91037e-27 3.76885e-28 2.11646e-28 1.96619e-28 3.95465e-28 2.75193e-27 3.84753e-26 1.11403e-24 1.03284e-22 4.80391e-20 3.39494e-17 1.54196e-14 3.76959e-12 4.49723e-10 2.51931e-08 6.71048e-07 8.95401e-06 6.44327e-05 0.000266995 0.000656667 0.000976385 0.000943559 0.000671051 0.000390622 0.000195359 8.28959e-05 2.72088e-05 4.94332e-06 0 
0 0.000195957 5.63335e-05 1.73088e-06 8.57382e-09 9.48791e-12 3.4757e-15 6.83189e-19 6.74002e-22 6.81516e-24 2.49942e-25 1.76649e-26 1.72066e-27 2.11647e-28 4.90459e-29 5.0952e-29 2.4786e-28 2.31328e-27 3.27799e-26 9.16556e-25 8.05792e-23 3.60036e-20 2.65312e-17 1.25785e-14 3.19727e-12 3.94751e-10 2.27685e-08 6.21198e-07 8.44859e-06 6.17144e-05 0.000258929 0.000644111 0.000967492 0.000941913 0.0006727 0.000392343 0.000196372 8.33494e-05 2.73603e-05 4.97099e-06 0 
0 0.000199444 6.02829e-05 2.00182e-06 1.10204e-08 1.38896e-11 5.90184e-15 1.34785e-18 9.91472e-22 8.09144e-24 2.60734e-25 1.70764e-26 1.59669e-27 1.9662e-28 5.09519e-29 6.31649e-29 3.04768e-28 2.85702e-27 4.36132e-26 1.39735e-24 1.46836e-22 7.35931e-20 4.84578e-17 2.05094e-14 4.70646e-12 5.31431e-10 2.84181e-08 7.28633e-07 9.43175e-06 6.62983e-05 0.000269939 0.00065567 0.000967451 0.000931535 0.000661688 0.000385075 0.000192587 8.1723e-05 2.68245e-05 4.87356e-06 0 
0 0.000207949 7.03811e-05 2.782e-06 1.94023e-08 3.27251e-11 1.93875e-14 6.28175e-18 3.03352e-21 1.5727e-23 3.63223e-25 1.95608e-26 1.84927e-27 3.95464e-28 2.47858e-28 3.04766e-28 8.18851e-28 6.05634e-27 1.0364e-25 4.54168e-24 7.19153e-22 3.78743e-19 1.91043e-16 6.2607e-14 1.14049e-11 1.0523e-09 4.7417e-08 1.05632e-06 1.22267e-05 7.87737e-05 0.000299426 0.000687813 0.000972472 0.000911421 0.000638652 0.000369569 0.000184453 7.82185e-05 2.56689e-05 4.66332e-06 0 
0 0.000220686 8.8268e-05 4.50724e-06 4.44754e-08 1.1503e-10 1.1099e-13 6.05476e-17 3.16084e-20 7.5911e-23 9.87135e-25 4.3159e-26 6.13231e-27 2.75191e-27 2.31326e-27 2.857e-27 6.05632e-27 3.40196e-26 6.45186e-25 4.28023e-23 1.0549e-20 4.26334e-18 1.43899e-15 3.23539e-13 4.19345e-11 2.87227e-09 1.00525e-07 1.81985e-06 1.78601e-05 0.000101159 0.000347171 0.000734047 0.000974978 0.000879018 0.000604202 0.000346863 0.000172624 7.31333e-05 2.39931e-05 4.35851e-06 0 
0 0.00023637 0.000116604 8.19876e-06 1.24663e-07 5.49237e-10 9.73234e-13 1.01729e-15 9.57508e-19 1.49938e-21 1.10271e-23 4.30735e-25 7.86057e-26 3.84751e-26 3.27797e-26 4.3613e-26 1.0364e-25 6.45186e-25 1.57934e-23 1.59763e-21 3.55166e-19 8.73259e-17 1.78016e-14 2.49749e-12 2.11265e-10 9.95483e-09 2.5361e-07 3.53724e-06 2.82114e-05 0.000135861 0.000409964 0.000782093 0.000963919 0.000831144 0.000559177 0.000318251 0.0001579 6.68294e-05 2.19185e-05 3.9813e-06 0 
0 0.000253041 0.000158735 1.60681e-05 3.9892e-07 3.21495e-09 1.1351e-11 2.4808e-14 4.90041e-17 1.29364e-19 7.47911e-22 2.02559e-23 2.7756e-24 1.11403e-24 9.16553e-25 1.39735e-24 4.54167e-24 4.28022e-23 1.59763e-21 1.49677e-19 1.95959e-17 2.66908e-15 3.06258e-13 2.50687e-11 1.30025e-09 3.98393e-08 7.03434e-07 7.25773e-06 4.5559e-05 0.00018209 0.000474993 0.000810443 0.000925686 0.000765017 0.000504869 0.000285228 0.000141164 5.9701e-05 1.95764e-05 3.55568e-06 0 
0 0.000268 0.000217705 3.25545e-05 1.36081e-06 2.08219e-08 1.52899e-10 7.31714e-13 3.18514e-15 1.77007e-17 1.73303e-19 4.14052e-21 3.46421e-22 1.03284e-22 8.05792e-23 1.46836e-22 7.19153e-22 1.0549e-20 3.55166e-19 1.95959e-17 1.37891e-15 9.98767e-14 6.19194e-12 2.8363e-10 8.64481e-09 1.65033e-07 1.93929e-06 1.4302e-05 6.89711e-05 0.000225987 0.000509673 0.000786531 0.000846022 0.000679088 0.000443072 0.0002494 0.000123314 5.21417e-05 1.70974e-05 3.10545e-06 0 
0 0.000278011 0.000294262 6.56007e-05 4.64499e-06 1.35714e-07 2.08703e-09 2.20426e-11 2.13181e-13 2.52788e-15 4.83586e-17 1.89048e-18 1.81499e-19 4.80391e-20 3.60036e-20 7.35931e-20 3.78743e-19 4.26334e-18 8.73259e-17 2.66908e-15 9.98767e-14 3.80306e-12 1.25365e-10 3.13805e-09 5.42445e-08 6.14485e-07 4.54372e-06 2.28345e-05 8.27708e-05 0.00022505 0.000456845 0.000672041 0.00071329 0.000573528 0.000375984 0.000212373 0.000105198 4.45172e-05 1.46019e-05 2.6525e-06 0 
0 0.000279848 0.000383987 0.000127056 1.50286e-05 8.2088e-07 2.58023e-08 5.86396e-10 1.22885e-11 3.03681e-13 1.11514e-14 7.42241e-16 1.04225e-16 3.39494e-17 2.65312e-17 4.84578e-17 1.91043e-16 1.43899e-15 1.78016e-14 3.06258e-13 6.19194e-12 1.25365e-10 2.19843e-09 2.9426e-08 2.71803e-07 1.63995e-06 6.62519e-06 2.01293e-05 5.31925e-05 0.000130103 0.000275781 0.00044935 0.00052537 0.00045088 0.000306094 0.000175659 8.7567e-05 3.71433e-05 1.21931e-05 2.21553e-06 0 
0 0.000271132 0.000474855 0.000229657 4.41433e-05 4.32427e-06 2.6453e-07 1.22812e-08 5.29553e-10 2.5978e-11 1.75401e-12 1.9199e-13 3.86049e-14 1.54196e-14 1.25785e-14 2.05094e-14 6.2607e-14 3.23539e-13 2.49749e-12 2.50687e-11 2.8363e-10 3.13805e-09 2.9426e-08 2.01066e-07 8.5745e-07 2.06066e-06 3.03206e-06 3.91515e-06 7.00088e-06 2.01373e-05 6.92069e-05 0.000184954 0.000306166 0.000318561 0.000236437 0.000140663 7.10515e-05 3.02734e-05 9.95233e-06 1.80919e-06 0 
0 0.0002512 0.000547788 0.000377655 0.000113936 1.89732e-05 2.11448e-06 1.86761e-07 1.54317e-08 1.40542e-09 1.64468e-10 2.82157e-11 7.84827e-12 3.76959e-12 3.19727e-12 4.70646e-12 1.14049e-11 4.19345e-11 2.11265e-10 1.30025e-09 8.64481e-09 5.42445e-08 2.71803e-07 8.5745e-07 1.22664e-06 5.96952e-07 1.16994e-07 2.55503e-08 2.48915e-08 1.6622e-07 2.77704e-06 3.04871e-05 0.000121057 0.000193257 0.000171272 0.00010875 5.61511e-05 2.40924e-05 7.93728e-06 1.4438e-06 0 
0 0.000221568 0.000582484 0.000552566 0.000251984 6.7431e-05 1.27155e-05 1.96778e-06 2.867e-07 4.48158e-08 8.4818e-09 2.15591e-09 7.96651e-10 4.49723e-10 3.94751e-10 5.31431e-10 1.0523e-09 2.87227e-09 9.95483e-09 3.98393e-08 1.65033e-07 6.14485e-07 1.63995e-06 2.06066e-06 5.96952e-07 1.85184e-08 7.76233e-11 4.94491e-13 1.62922e-13 9.20618e-12 5.55124e-09 1.25909e-06 2.84301e-05 9.81299e-05 0.000116115 8.1231e-05 4.32296e-05 1.87163e-05 6.18227e-06 1.1254e-06 0 
0 0.000185666 0.000567056 0.00070659 0.000467121 0.000190788 5.66951e-05 1.41312e-05 3.32592e-06 8.20855e-07 2.3336e-07 8.27609e-08 3.89105e-08 2.51931e-08 2.27685e-08 2.84181e-08 4.7417e-08 1.00525e-07 2.5361e-07 7.03434e-07 1.93929e-06 4.54372e-06 6.62519e-06 3.03206e-06 1.16994e-07 7.76233e-11 1.11133e-15 1.7005e-15 2.85947e-15 1.41742e-16 6.93009e-13 1.58412e-08 4.50187e-06 4.43903e-05 7.54832e-05 5.90775e-05 3.24825e-05 1.41929e-05 4.70001e-06 8.56167e-07 0 
0 0.000147838 0.00050508 0.000781855 0.000711493 0.000423158 0.000186723 6.95241e-05 2.43277e-05 8.73721e-06 3.4678e-06 1.61631e-06 9.26052e-07 6.71048e-07 6.21198e-07 7.28633e-07 1.05632e-06 1.81985e-06 3.53724e-06 7.25773e-06 1.4302e-05 2.28345e-05 2.01293e-05 3.91515e-06 2.55503e-08 4.94491e-13 1.7005e-15 1.54485e-16 1.79518e-16 2.50835e-17 1.63099e-16 3.07761e-10 8.81519e-07 2.1727e-05 4.97616e-05 4.24505e-05 2.38951e-05 1.0506e-05 3.48481e-06 6.35077e-07 0 
0 0.000112082 0.000413779 0.000750185 0.000880199 0.000723059 0.000451345 0.00023691 0.000115129 5.60376e-05 2.90621e-05 1.68453e-05 1.12974e-05 8.95401e-06 8.44859e-06 9.43175e-06 1.22267e-05 1.78601e-05 2.82114e-05 4.5559e-05 6.89711e-05 8.27708e-05 5.31925e-05 7.00088e-06 2.48915e-08 1.62922e-13 2.85947e-15 1.79518e-16 3.48047e-17 2.51962e-17 8.99755e-16 9.27861e-11 4.73934e-07 1.44873e-05 3.52954e-05 3.05512e-05 1.7248e-05 7.58741e-06 2.5169e-06 4.58685e-07 0 
0 8.11369e-05 0.000314676 0.000633239 0.000890605 0.00094337 0.00079048 0.000559086 0.000359538 0.000225069 0.000144855 9.98331e-05 7.57847e-05 6.44327e-05 6.17144e-05 6.62983e-05 7.87737e-05 0.000101159 0.000135861 0.00018209 0.000225987 0.00022505 0.000130103 2.01373e-05 1.6622e-07 9.20618e-12 1.41742e-16 2.50835e-17 2.51962e-17 7.23729e-17 3.4728e-15 8.83144e-10 8.83797e-07 1.40033e-05 2.7293e-05 2.20533e-05 1.22019e-05 5.33689e-06 1.7675e-06 3.21968e-07 0 
0 5.62214e-05 0.000224422 0.000480614 0.000757782 0.000956403 0.00100302 0.00090714 0.000741386 0.000575749 0.000444477 0.000353424 0.000296734 0.000266995 0.000258929 0.000269939 0.000299426 0.000347171 0.000409964 0.000474993 0.000509673 0.000456845 0.000275781 6.92069e-05 2.77704e-06 5.55124e-09 6.93009e-13 1.63099e-16 8.99756e-16 3.4728e-15 2.55938e-11 4.6062e-08 3.14251e-06 1.64657e-05 2.19252e-05 1.57433e-05 8.41471e-06 3.64441e-06 1.20365e-06 2.19089e-07 0 
0 3.73267e-05 0.00015133 0.000335178 0.00056331 0.00078905 0.00095729 0.00103197 0.00101558 0.000940906 0.000846572 0.000760118 0.00069532 0.000656667 0.000644111 0.00065567 0.000687813 0.000734047 0.000782093 0.000810443 0.000786531 0.000672041 0.00044935 0.000184954 3.04871e-05 1.25909e-06 1.58412e-08 3.07761e-10 9.27861e-11 8.83144e-10 4.6062e-08 1.39228e-06 9.49032e-06 1.83653e-05 1.70433e-05 1.08829e-05 5.61231e-06 2.40521e-06 7.91967e-07 1.4403e-07 0 
0 2.3714e-05 9.68878e-05 0.000218196 0.000378608 0.000559766 0.000735723 0.000880088 0.000975996 0.00102194 0.00102934 0.00101493 0.000993848 0.000976385 0.000967492 0.000967451 0.000972472 0.000974978 0.000963919 0.000925686 0.000846022 0.00071329 0.00052537 0.000306166 0.000121057 2.84301e-05 4.50187e-06 8.81519e-07 4.73934e-07 8.83797e-07 3.14251e-06 9.49032e-06 1.64317e-05 1.68627e-05 1.22214e-05 7.16023e-06 3.59083e-06 1.52562e-06 5.01033e-07 9.10492e-08 0 
0 1.43543e-05 5.8858e-05 0.000133561 0.000235142 0.000356421 0.000486635 0.000613083 0.000724068 0.000811911 0.000874384 0.000913915 0.000935342 0.000943559 0.000941913 0.000931535 0.000911421 0.000879018 0.000831144 0.000765017 0.000679088 0.000573528 0.00045088 0.000318561 0.000193257 9.81299e-05 4.43903e-05 2.1727e-05 1.44873e-05 1.40033e-05 1.64657e-05 1.83653e-05 1.68627e-05 1.25883e-05 7.97169e-06 4.43838e-06 2.18662e-06 9.23577e-07 3.0275e-07 5.49848e-08 0 
0 8.21006e-06 3.3717e-05 7.67586e-05 0.000135964 0.000208252 0.000288956 0.0003723 0.00045224 0.000523467 0.000582208 0.000626503 0.00065594 0.000671051 0.0006727 0.000661688 0.000638652 0.000604202 0.000559177 0.000504869 0.000443072 0.000375984 0.000306094 0.000236437 0.000171272 0.000116115 7.54832e-05 4.97616e-05 3.52954e-05 2.7293e-05 2.19252e-05 1.70433e-05 1.22214e-05 7.97169e-06 4.74227e-06 2.57338e-06 1.25559e-06 5.28521e-07 1.7305e-07 3.14172e-08 0 
0 4.3742e-06 1.79755e-05 4.09753e-05 7.27546e-05 0.000111888 0.000156221 0.000203048 0.0002494 0.00029239 0.00032953 0.000358955 0.000379494 0.000390622 0.000392343 0.000385075 0.000369569 0.000346863 0.000318251 0.000285228 0.0002494 0.000212373 0.000175659 0.000140663 0.00010875 8.1231e-05 5.90775e-05 4.24505e-05 3.05512e-05 2.20533e-05 1.57433e-05 1.08829e-05 7.16023e-06 4.43838e-06 2.57338e-06 1.38052e-06 6.70441e-07 2.81713e-07 9.21808e-08 1.67317e-08 0 
0 2.11764e-06 8.7045e-06 1.98518e-05 3.52798e-05 5.43369e-05 7.6038e-05 9.91421e-05 0.000122264 0.000144005 0.000163085 0.000178453 0.000189352 0.000195359 0.000196372 0.000192587 0.000184453 0.000172624 0.0001579 0.000141164 0.000123314 0.000105198 8.7567e-05 7.10515e-05 5.61511e-05 4.32296e-05 3.24825e-05 2.38951e-05 1.7248e-05 1.22019e-05 8.41471e-06 5.61231e-06 3.59083e-06 2.18662e-06 1.25559e-06 6.70441e-07 3.24932e-07 1.3642e-07 4.46248e-08 8.09891e-09 0 
0 8.88625e-07 3.65303e-06 8.33273e-06 1.48133e-05 2.28268e-05 3.19683e-05 4.17266e-05 5.15279e-05 6.07859e-05 6.89531e-05 7.55665e-05 8.02822e-05 8.28959e-05 8.33494e-05 8.1723e-05 7.82185e-05 7.31333e-05 6.68294e-05 5.9701e-05 5.21417e-05 4.45172e-05 3.71433e-05 3.02734e-05 2.40924e-05 1.87163e-05 1.41929e-05 1.0506e-05 7.58741e-06 5.33689e-06 3.64441e-06 2.40521e-06 1.52562e-06 9.23577e-07 5.28521e-07 2.81713e-07 1.3642e-07 5.72546e-08 1.87259e-08 3.39837e-09 0 
0 2.90618e-07 1.19473e-06 2.72542e-06 4.84557e-06 7.46818e-06 1.04617e-05 1.36599e-05 1.68759e-05 1.9918e-05 2.26062e-05 2.47866e-05 2.6344e-05 2.72088e-05 2.73603e-05 2.68245e-05 2.56689e-05 2.39931e-05 2.19185e-05 1.95764e-05 1.70974e-05 1.46019e-05 1.21931e-05 9.95233e-06 7.93728e-06 6.18227e-06 4.70001e-06 3.48481e-06 2.5169e-06 1.7675e-06 1.20365e-06 7.91967e-07 5.01033e-07 3.0275e-07 1.7305e-07 9.21808e-08 4.46248e-08 1.87259e-08 6.12421e-09 1.11139e-09 0 
0 5.27394e-08 2.16815e-07 4.94609e-07 8.79406e-07 1.35545e-06 1.89891e-06 2.4797e-06 3.06394e-06 3.61683e-06 4.10563e-06 4.50232e-06 4.78581e-06 4.94332e-06 4.97099e-06 4.87356e-06 4.66332e-06 4.35851e-06 3.9813e-06 3.55568e-06 3.10545e-06 2.6525e-06 2.21553e-06 1.80919e-06 1.4438e-06 1.1254e-06 8.56167e-07 6.35077e-07 4.58685e-07 3.21968e-07 2.19089e-07 1.4403e-07 9.10492e-08 5.49848e-08 3.14172e-08 1.67317e-08 8.09891e-09 3.39837e-09 1.11139e-09 2.01686e-10 0 
0 0 0 0 0 0 0 0 0 0 0 0 0 0 0 0 0 0 0 0 0 0 0 0 0 0 0 0 0 0 0 0 0 0 0 0 0 0 0 0 0 
