0 0 0 0 0 0 0 0 0 0 0 0 0 0 0 0 0 0 0 0 0 0 0 0 0 0 0 0 0 0 0 0 0 0 0 0 0 0 0 0 0 
0 1.31855e-05 5.13607e-05 0.000106322 0.000162441 0.000203612 0.00022201 0.000219975 0.000205206 0.000185488 0.000166251 0.000150429 0.000139226 0.000132917 0.00013139 0.000134422 0.000141738 0.000152932 0.00016729 0.000183583 0.000199912 0.000213736 0.00022217 0.00022259 0.000213403 0.000194697 0.000168425 0.000137943 0.000107032 7.88485e-05 5.53001e-05 3.69963e-05 2.36082e-05 1.4324e-05 8.2023e-06 4.37244e-06 2.11729e-06 8.88568e-07 2.9061e-07 5.27389e-08 0 
0 5.13607e-05 0.000185366 0.000331761 0.00040272 0.00037167 0.000283879 0.000193078 0.000124231 7.94447e-05 5.25893e-05 3.72392e-05 2.89104e-05 2.49925e-05 2.42061e-05 2.61876e-05 3.12982e-05 4.06084e-05 5.59655e-05 7.99846e-05 0.000115702 0.000165557 0.000229509 0.000302679 0.000373836 0.000426814 0.000446102 0.000424631 0.000368261 0.000292726 0.000215327 0.000148055 9.5852e-05 5.8568e-05 3.36449e-05 1.79597e-05 8.70149e-06 3.65255e-06 1.19468e-06 2.16811e-07 0 
0 0.000106322 0.000331761 0.000451729 0.000365555 0.000205181 9.08562e-05 3.51663e-05 1.29498e-05 4.89502e-06 2.03438e-06 9.85628e-07 5.82139e-07 4.31136e-07 4.04591e-07 4.77814e-07 6.94566e-07 1.20081e-06 2.36632e-06 5.07369e-06 1.13005e-05 2.50529e-05 5.3301e-05 0.00010569 0.000190973 0.000308861 0.000440182 0.000545437 0.000583075 0.000539277 0.000437932 0.00031912 0.000213061 0.000132137 7.64122e-05 4.09013e-05 1.98381e-05 8.33061e-06 2.72517e-06 4.94593e-07 0 
0 0.000162441 0.00040272 0.000365555 0.000171048 5.06949e-05 1.11038e-05 2.03956e-06 3.54506e-07 6.56662e-08 1.44839e-08 4.18429e-09 1.70268e-09 1.02143e-09 9.18254e-10 1.22221e-09 2.32029e-09 5.93252e-09 1.903e-08 7.08726e-08 2.83613e-07 1.13533e-06 4.27734e-06 1.44631e-05 4.2471e-05 0.000106161 0.000223184 0.000390462 0.00056133 0.000657234 0.000631049 0.000510447 0.000360883 0.000230168 0.000134764 7.25029e-05 3.52342e-05 1.48064e-05 4.84479e-06 8.79358e-07 0 
0 0.000203612 0.00037167 0.000205181 5.06949e-05 7.05374e-06 6.56384e-07 4.81872e-08 3.318e-09 2.55072e-10 2.57757e-11 3.93895e-12 1.01301e-12 4.68772e-13 3.99713e-13 6.16498e-13 1.62613e-12 6.73214e-12 3.93534e-11 2.89389e-10 2.38512e-09 1.97976e-08 1.50976e-07 9.8416e-07 5.2159e-06 2.18519e-05 7.16826e-05 0.000184284 0.000371121 0.000580416 0.000700199 0.000662267 0.000513114 0.000342804 0.000204941 0.000111201 5.42145e-05 2.28088e-05 7.46617e-06 1.35533e-06 0 
0 0.00022201 0.000283879 9.08562e-05 1.11038e-05 6.56384e-07 2.29658e-08 5.91032e-10 1.41407e-11 3.98646e-13 1.65374e-14 1.22167e-15 1.85954e-16 6.39394e-17 5.13173e-17 9.3686e-17 3.5999e-16 2.58471e-15 2.99674e-14 4.78745e-13 8.99499e-12 1.71621e-10 2.93009e-09 4.04978e-08 4.22197e-07 3.18737e-06 1.72014e-05 6.69424e-05 0.000191225 0.0004048 0.000631582 0.000726564 0.000638218 0.000456145 0.000281354 0.000154639 7.57596e-05 3.19278e-05 1.04572e-05 1.89865e-06 0 
0 0.000219975 0.000193078 3.51663e-05 2.03956e-06 4.81872e-08 5.91032e-10 4.95389e-12 3.82693e-14 3.68929e-16 5.91422e-18 2.29739e-19 4.49491e-20 2.83081e-20 2.59069e-20 3.06825e-20 6.65067e-20 5.54298e-19 1.28526e-17 4.70945e-16 2.13593e-14 9.92222e-13 4.01162e-11 1.24016e-09 2.67283e-08 3.80224e-07 3.50198e-06 2.11184e-05 8.60531e-05 0.00024485 0.00049295 0.000699789 0.000713288 0.000555717 0.000357386 0.000199908 9.85915e-05 4.16474e-05 1.36513e-05 2.4792e-06 0 
0 0.000205206 0.000124231 1.29498e-05 3.54506e-07 3.318e-09 1.41407e-11 3.82693e-14 9.45924e-17 3.17464e-19 5.76873e-21 1.3057e-21 7.52933e-22 7.33249e-22 7.22626e-22 6.6883e-22 7.42696e-22 1.57995e-21 8.78888e-21 4.25188e-19 4.62956e-17 5.27266e-15 5.08031e-13 3.53484e-11 1.58543e-09 4.28082e-08 6.77991e-07 6.3696e-06 3.69445e-05 0.000139385 0.000355377 0.000617241 0.000734822 0.000631244 0.000426749 0.000243925 0.000121301 5.13903e-05 1.68612e-05 3.06309e-06 0 
0 0.000185488 7.94447e-05 4.89502e-06 6.56662e-08 2.55072e-10 3.98646e-13 3.68929e-16 3.17464e-19 1.33962e-21 1.22509e-22 7.52336e-23 6.51652e-23 7.11196e-23 7.15575e-23 6.23736e-23 5.62585e-23 6.42682e-23 1.02735e-22 1.10386e-21 1.35821e-19 3.5657e-17 7.83272e-15 1.17649e-12 1.05783e-10 5.25162e-09 1.39408e-07 2.00011e-06 1.62282e-05 7.95477e-05 0.000250372 0.000520185 0.000716594 0.000679703 0.000484853 0.00028388 0.000142499 6.05712e-05 1.98952e-05 3.61552e-06 0 
0 0.000166251 5.25893e-05 2.03438e-06 1.44839e-08 2.57757e-11 1.65374e-14 5.91422e-18 5.76873e-21 1.22509e-22 1.71385e-23 1.08033e-23 1.07625e-23 1.20455e-23 1.21517e-23 1.04843e-23 8.58853e-24 7.23075e-24 7.47786e-24 3.10618e-23 1.20483e-21 4.18759e-19 1.90245e-16 5.65625e-14 9.42568e-12 8.03493e-10 3.3761e-08 7.06472e-07 7.73339e-06 4.77612e-05 0.000180023 0.000434471 0.000678599 0.000704777 0.000529534 0.000317598 0.000160955 6.86493e-05 2.2574e-05 4.10379e-06 0 
0 0.000150429 3.72392e-05 9.85628e-07 4.18429e-09 3.93895e-12 1.22167e-15 2.29739e-19 1.3057e-21 7.52336e-23 1.08033e-23 3.50177e-24 2.56286e-24 2.63619e-24 2.60863e-24 2.24232e-24 1.75574e-24 1.33456e-24 1.4307e-24 5.737e-24 9.63521e-23 1.2497e-20 9.08295e-18 4.7147e-15 1.29956e-12 1.7219e-10 1.05267e-08 2.99962e-07 4.197e-06 3.13039e-05 0.000136322 0.000369827 0.000637688 0.000713704 0.000560858 0.000343697 0.000175702 7.51737e-05 2.47451e-05 4.49996e-06 0 
0 0.000139226 2.89104e-05 5.82139e-07 1.70268e-09 1.01301e-12 1.85954e-16 4.49491e-20 7.52933e-22 6.51652e-23 1.07625e-23 2.56287e-24 1.01869e-24 7.30642e-25 6.48945e-25 5.44948e-25 4.22037e-25 3.47303e-25 5.66315e-25 2.68289e-24 3.03173e-23 1.59387e-21 1.01207e-18 7.82986e-16 3.10174e-13 5.64717e-11 4.52392e-09 1.6109e-07 2.69151e-06 2.30062e-05 0.000111076 0.000327057 0.000604371 0.000713946 0.000580263 0.000361539 0.000186089 7.98151e-05 2.62947e-05 4.78301e-06 0 
0 0.000132917 2.49925e-05 4.31136e-07 1.02143e-09 4.68772e-13 6.39394e-17 2.83081e-20 7.33249e-22 7.11197e-23 1.20455e-23 2.63619e-24 7.30642e-25 3.03505e-25 1.95075e-25 1.4868e-25 1.20209e-25 1.3953e-25 3.82661e-25 2.00415e-24 1.96154e-23 6.79832e-22 2.93505e-19 2.82533e-16 1.37435e-13 2.99533e-11 2.7964e-09 1.12974e-07 2.08735e-06 1.92745e-05 9.86253e-05 0.000303938 0.00058373 0.000711147 0.000589563 0.000371033 0.000191779 8.23825e-05 2.71546e-05 4.94025e-06 0 
0 0.00013139 2.42061e-05 4.04591e-07 9.18254e-10 3.99713e-13 5.13173e-17 2.59069e-20 7.22626e-22 7.15576e-23 1.21517e-23 2.60863e-24 6.48945e-25 1.95075e-25 8.17947e-26 5.03029e-26 4.70554e-26 9.10842e-26 3.39511e-25 1.85704e-24 1.78038e-23 5.74526e-22 2.27121e-19 2.28337e-16 1.15855e-13 2.62007e-11 2.52427e-09 1.04661e-07 1.97401e-06 1.85165e-05 9.58609e-05 0.000298156 0.00057735 0.000708399 0.000590195 0.00037242 0.000192722 8.28252e-05 2.73049e-05 4.96785e-06 0 
0 0.000134422 2.61876e-05 4.77814e-07 1.22221e-09 6.16498e-13 9.3686e-17 3.06825e-20 6.6883e-22 6.23737e-23 1.04843e-23 2.24233e-24 5.44948e-25 1.4868e-25 5.03029e-26 2.68021e-26 3.13742e-26 8.34107e-26 3.46216e-25 1.99093e-24 2.09365e-23 8.61566e-22 4.52313e-19 4.03194e-16 1.82162e-13 3.72174e-11 3.28884e-09 1.26972e-07 2.2621e-06 2.0305e-05 0.000101684 0.000308251 0.000584663 0.000706271 0.000582857 0.000366116 0.000189116 8.12243e-05 2.67717e-05 4.87056e-06 0 
0 0.000141738 3.12982e-05 6.94566e-07 2.32029e-09 1.62613e-12 3.5999e-16 6.65067e-20 7.42696e-22 5.62585e-23 8.58854e-24 1.75574e-24 4.22037e-25 1.20209e-25 4.70554e-26 3.13742e-26 4.04039e-26 1.01506e-25 4.21763e-25 2.7265e-24 3.77203e-23 2.87841e-21 2.1488e-18 1.44487e-15 5.03521e-13 8.19484e-11 5.96757e-09 1.96382e-07 3.07995e-06 2.50603e-05 0.000116532 0.00033347 0.000603339 0.000703075 0.000567506 0.000352649 0.000181366 7.77749e-05 2.56219e-05 4.66064e-06 0 
0 0.000152932 4.06084e-05 1.20081e-06 5.93252e-09 6.73214e-12 2.58471e-15 5.54298e-19 1.57995e-21 6.42683e-23 7.23076e-24 1.33456e-24 3.47303e-25 1.3953e-25 9.10841e-26 8.34107e-26 1.01506e-25 1.93099e-25 7.13096e-25 5.66324e-24 1.49207e-22 3.20388e-20 2.12772e-17 9.38677e-15 2.2344e-12 2.60352e-10 1.42659e-08 3.71281e-07 4.82958e-06 3.4028e-05 0.000141898 0.000372776 0.000628814 0.000695212 0.00054361 0.000332681 0.00017005 7.27632e-05 2.39538e-05 4.35626e-06 0 
0 0.00016729 5.59655e-05 2.36632e-06 1.903e-08 3.93534e-11 2.99674e-14 1.28526e-17 8.78888e-21 1.02735e-22 7.47786e-24 1.4307e-24 5.66314e-25 3.82661e-25 3.39511e-25 3.46215e-25 4.21763e-25 7.13096e-25 2.54155e-24 3.02795e-23 2.35593e-21 9.3225e-19 3.68997e-16 9.61413e-14 1.42156e-11 1.09053e-09 4.18579e-08 8.12263e-07 8.36516e-06 4.92565e-05 0.000179208 0.000422653 0.000653191 0.000677643 0.000510564 0.000307068 0.00015588 6.65386e-05 2.18875e-05 3.97952e-06 0 
0 0.000183583 7.99846e-05 5.07369e-06 7.08726e-08 2.89389e-10 4.78745e-13 4.70945e-16 4.25188e-19 1.10386e-21 3.10618e-23 5.737e-24 2.68289e-24 2.00415e-24 1.85704e-24 1.99093e-24 2.7265e-24 5.66324e-24 3.02795e-23 9.7502e-22 1.76694e-19 4.4514e-17 9.29751e-15 1.33053e-12 1.14234e-10 5.42939e-09 1.38486e-07 1.91889e-06 1.51344e-05 7.26824e-05 0.00022652 0.000472928 0.000663952 0.000644618 0.000468121 0.000276894 0.000139662 5.9484e-05 1.95531e-05 3.55433e-06 0 
0 0.000199912 0.000115702 1.13005e-05 2.83613e-07 2.38512e-09 8.99499e-12 2.13593e-14 4.62956e-17 1.35821e-19 1.20483e-21 9.6352e-23 3.03173e-23 1.96154e-23 1.78038e-23 2.09365e-23 3.77202e-23 1.49207e-22 2.35593e-21 1.76694e-19 2.13309e-17 2.67516e-15 2.82145e-13 2.12311e-11 1.01253e-09 2.85256e-08 4.63853e-07 4.43548e-06 2.61914e-05 0.000101443 0.000269975 0.000500395 0.000643507 0.000590751 0.000416738 0.000243464 0.000122241 5.19859e-05 1.70805e-05 3.10447e-06 0 
0 0.000213736 0.000165557 2.50529e-05 1.13533e-06 1.97976e-08 1.71621e-10 9.92222e-13 5.27266e-15 3.5657e-17 4.18759e-19 1.2497e-20 1.59387e-21 6.79832e-22 5.74526e-22 8.61566e-22 2.87841e-21 3.20388e-20 9.3225e-19 4.4514e-17 2.67516e-15 1.64415e-13 8.62765e-12 3.33576e-10 8.52818e-09 1.3551e-07 1.32683e-06 8.35048e-06 3.62074e-05 0.000114636 0.000270135 0.000465014 0.000571776 0.00051244 0.000357737 0.000208232 0.000104443 4.44067e-05 1.45899e-05 2.65179e-06 0 
0 0.00022217 0.000229509 5.3301e-05 4.27734e-06 1.50976e-07 2.93009e-09 4.01162e-11 5.08031e-13 7.83272e-15 1.90245e-16 9.08295e-18 1.01207e-18 2.93505e-19 2.27121e-19 4.52313e-19 2.1488e-18 2.12772e-17 3.68997e-16 9.29751e-15 2.82145e-13 8.62765e-12 2.26017e-10 4.39879e-09 5.66702e-08 4.52563e-07 2.29119e-06 8.34007e-06 2.56932e-05 7.24296e-05 0.000176484 0.000329939 0.000436335 0.000409884 0.000293363 0.000172708 8.70232e-05 3.70631e-05 1.21843e-05 2.21501e-06 0 
0 0.00022259 0.000302679 0.00010569 1.44631e-05 9.8416e-07 4.04978e-08 1.24016e-09 3.53484e-11 1.17649e-12 5.65625e-14 4.7147e-15 7.82986e-16 2.82533e-16 2.28337e-16 4.03194e-16 1.44487e-15 9.38677e-15 9.61413e-14 1.33053e-12 2.12311e-11 3.33576e-10 4.39879e-09 4.10624e-08 2.27385e-07 6.62311e-07 1.10427e-06 1.56467e-06 3.13298e-06 1.05422e-05 4.32234e-05 0.000135738 0.000255548 0.000290634 0.000227016 0.000138411 7.06332e-05 3.02117e-05 9.9456e-06 1.80879e-06 0 
0 0.000213403 0.000373836 0.000190973 4.2471e-05 5.2159e-06 4.22197e-07 2.67283e-08 1.58543e-09 1.05783e-10 9.42568e-12 1.29956e-12 3.10174e-13 1.37435e-13 1.15855e-13 1.82162e-13 5.03521e-13 2.2344e-12 1.42156e-11 1.14234e-10 1.01253e-09 8.52818e-09 5.66702e-08 2.27385e-07 3.79771e-07 1.89834e-07 3.39121e-08 6.66125e-09 6.75544e-09 5.7821e-08 1.35671e-06 2.00036e-05 9.68792e-05 0.000173824 0.000163729 0.000106881 5.58044e-05 2.40419e-05 7.93185e-06 1.44348e-06 0 
0 0.000194697 0.000426814 0.000308861 0.000106161 2.18519e-05 3.18737e-06 3.80224e-07 4.28082e-08 5.25162e-09 8.03493e-10 1.7219e-10 5.64717e-11 2.99533e-11 2.62007e-11 3.72174e-11 8.19484e-11 2.60352e-10 1.09053e-09 5.42939e-09 2.85256e-08 1.3551e-07 4.52563e-07 6.62311e-07 1.89834e-07 4.50125e-09 1.13802e-11 3.94571e-14 1.08332e-14 1.21089e-12 1.50662e-09 6.27029e-07 2.05155e-05 8.53222e-05 0.000109879 7.96091e-05 4.29311e-05 1.86737e-05 6.17779e-06 1.12514e-06 0 
0 0.000168425 0.000446102 0.000440182 0.000223184 7.16826e-05 1.72014e-05 3.50198e-06 6.77991e-07 1.39408e-07 3.3761e-08 1.05267e-08 4.52392e-09 2.7964e-09 2.52427e-09 3.28884e-09 5.96757e-09 1.42659e-08 4.18579e-08 1.38486e-07 4.63853e-07 1.32683e-06 2.29119e-06 1.10427e-06 3.39121e-08 1.13802e-11 3.26195e-16 2.3168e-15 1.43633e-15 9.00947e-15 7.64858e-14 5.19007e-09 2.78865e-06 3.68302e-05 7.0504e-05 5.77018e-05 3.22312e-05 1.41578e-05 4.6964e-06 8.55966e-07 0 
0 0.000137943 0.000424631 0.000545437 0.000390462 0.000184284 6.69424e-05 2.11184e-05 6.3696e-06 2.00011e-06 7.06472e-07 2.99962e-07 1.6109e-07 1.12974e-07 1.04661e-07 1.26972e-07 1.96382e-07 3.71281e-07 8.12263e-07 1.91889e-06 4.43548e-06 8.35048e-06 8.34007e-06 1.56467e-06 6.66125e-09 3.94571e-14 2.3168e-15 6.37228e-16 5.77062e-16 1.86277e-15 2.20635e-14 6.81815e-11 4.76551e-07 1.73362e-05 4.60254e-05 4.13693e-05 2.36991e-05 1.04791e-05 3.48209e-06 6.34927e-07 0 
0 0.000107032 0.000368261 0.000583075 0.00056133 0.000371121 0.000191225 8.60531e-05 3.69445e-05 1.62282e-05 7.73339e-06 4.197e-06 2.69151e-06 2.08735e-06 1.97401e-06 2.2621e-06 3.07995e-06 4.82958e-06 8.36516e-06 1.51344e-05 2.61914e-05 3.62074e-05 2.56932e-05 3.13298e-06 6.75544e-09 1.08332e-14 1.43633e-15 5.77062e-16 1.53663e-15 7.18302e-15 1.26315e-13 1.85138e-11 2.48871e-07 1.14942e-05 3.26442e-05 2.97886e-05 1.71115e-05 7.56889e-06 2.51504e-06 4.58583e-07 0 
0 7.88485e-05 0.000292726 0.000539277 0.000657234 0.000580416 0.0004048 0.00024485 0.000139385 7.95477e-05 4.77612e-05 3.13039e-05 2.30062e-05 1.92745e-05 1.85165e-05 2.0305e-05 2.50603e-05 3.4028e-05 4.92565e-05 7.26824e-05 0.000101443 0.000114636 7.24296e-05 1.05422e-05 5.7821e-08 1.21089e-12 9.00947e-15 1.86277e-15 7.18302e-15 1.19233e-15 7.96754e-16 2.37823e-10 5.16125e-07 1.15118e-05 2.55356e-05 2.15814e-05 1.2119e-05 5.32566e-06 1.76637e-06 3.21906e-07 0 
0 5.53001e-05 0.000215327 0.000437932 0.000631049 0.000700199 0.000631582 0.00049295 0.000355377 0.000250372 0.000180023 0.000136322 0.000111076 9.86253e-05 9.58609e-05 0.000101684 0.000116532 0.000141898 0.000179208 0.00022652 0.000269975 0.000270135 0.000176484 4.32234e-05 1.35671e-06 1.50662e-09 7.64858e-14 2.20635e-14 1.26315e-13 7.96754e-16 4.82308e-12 1.97079e-08 2.18737e-06 1.43534e-05 2.08944e-05 1.54926e-05 8.37129e-06 3.63848e-06 1.20305e-06 2.19055e-07 0 
0 3.69963e-05 0.000148055 0.00031912 0.000510447 0.000662267 0.000726564 0.000699789 0.000617241 0.000520185 0.000434471 0.000369827 0.000327057 0.000303938 0.000298156 0.000308251 0.00033347 0.000372776 0.000422653 0.000472928 0.000500395 0.000465014 0.000329939 0.000135738 2.00036e-05 6.27029e-07 5.19007e-09 6.81815e-11 1.85138e-11 2.37823e-10 1.97079e-08 8.88327e-07 7.74976e-06 1.69336e-05 1.6541e-05 1.07703e-05 5.59285e-06 2.4025e-06 7.91684e-07 1.44014e-07 0 
0 2.36082e-05 9.5852e-05 0.000213061 0.000360883 0.000513114 0.000638218 0.000713288 0.000734822 0.000716594 0.000678599 0.000637688 0.000604371 0.00058373 0.00057735 0.000584663 0.000603339 0.000628814 0.000653191 0.000663952 0.000643507 0.000571776 0.000436335 0.000255548 9.68792e-05 2.05155e-05 2.78865e-06 4.76551e-07 2.48871e-07 5.16125e-07 2.18737e-06 7.74976e-06 1.49076e-05 1.61762e-05 1.20244e-05 7.11769e-06 3.58336e-06 1.52454e-06 5.00918e-07 9.10425e-08 0 
0 1.4324e-05 5.8568e-05 0.000132137 0.000230168 0.000342804 0.000456145 0.000555717 0.000631244 0.000679703 0.000704777 0.000713704 0.000713946 0.000711147 0.000708399 0.000706271 0.000703075 0.000695212 0.000677643 0.000644618 0.000590751 0.00051244 0.000409884 0.000290634 0.000173824 8.53222e-05 3.68302e-05 1.73362e-05 1.14942e-05 1.15118e-05 1.43534e-05 1.69336e-05 1.61762e-05 1.23519e-05 7.909e-06 4.42479e-06 2.18415e-06 9.23209e-07 3.02709e-07 5.49823e-08 0 
0 8.2023e-06 3.36449e-05 7.64122e-05 0.000134764 0.000204941 0.000281354 0.000357386 0.000426749 0.000484853 0.000529534 0.000560858 0.000580263 0.000589563 0.000590195 0.000582857 0.000567506 0.00054361 0.000510564 0.000468121 0.000416738 0.000357737 0.000293363 0.000227016 0.000163729 0.000109879 7.0504e-05 4.60254e-05 3.26442e-05 2.55356e-05 2.08944e-05 1.6541e-05 1.20244e-05 7.909e-06 4.7257e-06 2.56967e-06 1.25489e-06 5.28411e-07 1.73037e-07 3.14164e-08 0 
0 4.37244e-06 1.79597e-05 4.09013e-05 7.25029e-05 0.000111201 0.000154639 0.000199908 0.000243925 0.00028388 0.000317598 0.000343697 0.000361539 0.000371033 0.00037242 0.000366116 0.000352649 0.000332681 0.000307068 0.000276894 0.000243464 0.000208232 0.000172708 0.000138411 0.000106881 7.96091e-05 5.77018e-05 4.13693e-05 2.97886e-05 2.15814e-05 1.54926e-05 1.07703e-05 7.11769e-06 4.42479e-06 2.56967e-06 1.37965e-06 6.70269e-07 2.81685e-07 9.21773e-08 1.67315e-08 0 
0 2.11729e-06 8.70149e-06 1.98381e-05 3.52342e-05 5.42145e-05 7.57596e-05 9.85915e-05 0.000121301 0.000142499 0.000160955 0.000175702 0.000186089 0.000191779 0.000192722 0.000189116 0.000181366 0.00017005 0.00015588 0.000139662 0.000122241 0.000104443 8.70232e-05 7.06332e-05 5.58044e-05 4.29311e-05 3.22312e-05 2.36991e-05 1.71115e-05 1.2119e-05 8.37129e-06 5.59285e-06 3.58336e-06 2.18415e-06 1.25489e-06 6.70269e-07 3.24896e-07 1.36414e-07 4.4624e-08 8.09886e-09 0 
0 8.88568e-07 3.65255e-06 8.33061e-06 1.48064e-05 2.28088e-05 3.19278e-05 4.16474e-05 5.13903e-05 6.05712e-05 6.86493e-05 7.51737e-05 7.98151e-05 8.23825e-05 8.28252e-05 8.12243e-05 7.77749e-05 7.27632e-05 6.65386e-05 5.9484e-05 5.19859e-05 4.44067e-05 3.70631e-05 3.02117e-05 2.40419e-05 1.86737e-05 1.41578e-05 1.04791e-05 7.56889e-06 5.32566e-06 3.63848e-06 2.4025e-06 1.52454e-06 9.23209e-07 5.28411e-07 2.81685e-07 1.36414e-07 5.72535e-08 1.87258e-08 3.39836e-09 0 
0 2.9061e-07 1.19468e-06 2.72517e-06 4.84479e-06 7.46617e-06 1.04572e-05 1.36513e-05 1.68612e-05 1.98952e-05 2.2574e-05 2.47451e-05 2.62947e-05 2.71546e-05 2.73049e-05 2.67717e-05 2.56219e-05 2.39538e-05 2.18875e-05 1.95531e-05 1.70805e-05 1.45899e-05 1.21843e-05 9.9456e-06 7.93185e-06 6.17779e-06 4.6964e-06 3.48209e-06 2.51504e-06 1.76637e-06 1.20305e-06 7.91684e-07 5.00918e-07 3.02709e-07 1.73037e-07 9.21773e-08 4.4624e-08 1.87258e-08 6.12419e-09 1.11139e-09 0 
0 5.27389e-08 2.16811e-07 4.94593e-07 8.79358e-07 1.35533e-06 1.89865e-06 2.4792e-06 3.06309e-06 3.61552e-06 4.10379e-06 4.49996e-06 4.78301e-06 4.94025e-06 4.96785e-06 4.87056e-06 4.66064e-06 4.35626e-06 3.97952e-06 3.55433e-06 3.10447e-06 2.65179e-06 2.21501e-06 1.80879e-06 1.44348e-06 1.12514e-06 8.55966e-07 6.34927e-07 4.58583e-07 3.21906e-07 2.19055e-07 1.44014e-07 9.10425e-08 5.49823e-08 3.14164e-08 1.67315e-08 8.09886e-09 3.39836e-09 1.11139e-09 2.01686e-10 0 
0 0 0 0 0 0 0 0 0 0 0 0 0 0 0 0 0 0 0 0 0 0 0 0 0 0 0 0 0 0 0 0 0 0 0 0 0 0 0 0 0 
