0 0 0 0 0 0 0 0 0 0 0 0 0 0 0 0 0 0 0 0 0 0 0 0 0 0 0 0 0 0 0 0 0 0 0 0 0 0 0 0 0 
0 1.37782e-05 5.65754e-05 0.000128748 0.000227866 0.000348468 0.00048224 0.000618923 0.000747997 0.000860676 0.00095137 0.00101798 0.00106112 0.00108276 0.00108505 0.00106958 0.00103723 0.000988519 0.000924166 0.000845746 0.000756065 0.000659165 0.000559866 0.000463045 0.000372894 0.000292427 0.000223314 0.000166009 0.00012003 8.42861e-05 5.73526e-05 3.76955e-05 2.38232e-05 1.43837e-05 8.21718e-06 4.37574e-06 2.11793e-06 8.88672e-07 2.90623e-07 5.27398e-08 0 
0 5.65754e-05 0.000231901 0.000525716 0.000923365 0.0013928 0.0018852 0.00234332 0.00271749 0.00298133 0.00313731 0.00320926 0.00322877 0.00322352 0.003211 0.00319697 0.00317641 0.00313608 0.0030583 0.0029263 0.00273014 0.00247139 0.00216411 0.00183127 0.00149831 0.00118702 0.000911992 0.000680247 0.000492703 0.000346273 0.000235714 0.000154952 9.79351e-05 5.91315e-05 3.37814e-05 1.79891e-05 8.707e-06 3.65341e-06 1.19478e-06 2.16818e-07 0 
0 0.000128748 0.000525716 0.00118144 0.00203815 0.00297472 0.00381663 0.00439384 0.00462327 0.0045461 0.00428608 0.00397562 0.0037096 0.00353872 0.00348223 0.00354088 0.00370264 0.00394137 0.00421199 0.0044486 0.00457315 0.00451794 0.00425353 0.00380362 0.00323463 0.00262705 0.0020483 0.00154017 0.00112013 0.000788768 0.000537397 0.000353401 0.000223396 0.00013489 7.70635e-05 4.10377e-05 1.9863e-05 8.33442e-06 2.72561e-06 4.94621e-07 0 
0 0.000227866 0.000923365 0.00203815 0.00338629 0.00461189 0.00529748 0.00523173 0.00457321 0.00368888 0.002879 0.00227274 0.00188055 0.00167094 0.001614 0.00169639 0.00192249 0.00230845 0.00286782 0.00358501 0.00438107 0.00509656 0.00552988 0.00553463 0.00510592 0.00437467 0.00352181 0.00269494 0.00197736 0.00139818 0.000954332 0.000628056 0.000397132 0.000239822 0.000137017 7.29652e-05 3.53166e-05 1.48187e-05 4.84618e-06 8.79443e-07 0 
0 0.000348468 0.0013928 0.00297472 0.00461189 0.00554426 0.00526285 0.00405766 0.00268561 0.00164101 0.000996018 0.00063923 0.000454818 0.000370044 0.00034939 0.000382642 0.000479307 0.00066961 0.00100871 0.00157501 0.00244284 0.0036072 0.00488287 0.00589648 0.00628254 0.00594373 0.00508682 0.00402724 0.00300624 0.00214281 0.00146765 0.000967241 0.000611937 0.000369614 0.000211186 0.000112465 5.44357e-05 2.28411e-05 7.46974e-06 1.35555e-06 0 
0 0.00048224 0.0018852 0.00381663 0.00529748 0.00526285 0.00380933 0.00212467 0.00100269 0.000444142 0.000202902 0.000103281 6.20803e-05 4.57698e-05 4.2123e-05 4.82921e-05 6.76274e-05 0.000111813 0.000208765 0.000418233 0.000851432 0.00166695 0.00297646 0.00462951 0.00608637 0.00672589 0.00636947 0.00534564 0.00411214 0.00297253 0.00204828 0.00135318 0.00085689 0.00051774 0.000295854 0.00015756 7.62639e-05 3.20002e-05 1.04651e-05 1.89912e-06 0 
0 0.000618923 0.00234332 0.00439384 0.00523173 0.00405766 0.00212467 0.000827272 0.000272391 8.60776e-05 2.91705e-05 1.16198e-05 5.83645e-06 3.87192e-06 3.46524e-06 4.16897e-06 6.57024e-06 1.29805e-05 3.03728e-05 7.89432e-05 0.000213239 0.000560524 0.00134599 0.00278369 0.00472281 0.006406 0.00700495 0.00641669 0.00517159 0.00382202 0.00265889 0.00176327 0.00111817 0.000675951 0.000386329 0.000205755 9.95935e-05 4.17896e-05 1.36665e-05 2.48009e-06 0 
0 0.000747997 0.00271749 0.00462327 0.00457321 0.00268561 0.00100269 0.000272391 6.27585e-05 1.41577e-05 3.5512e-06 1.10284e-06 4.61065e-07 2.74379e-07 2.38401e-07 3.00967e-07 5.34516e-07 1.2646e-06 3.71601e-06 1.25403e-05 4.48652e-05 0.000157593 0.00050606 0.00139068 0.00308099 0.00526472 0.0068639 0.00705113 0.00605855 0.00461944 0.00325768 0.00217212 0.00138023 0.000834964 0.000477325 0.000254238 0.000123065 5.16384e-05 1.68875e-05 3.0646e-06 0 
0 0.000860676 0.00298133 0.0045461 0.00368888 0.00164101 0.000444142 8.60776e-05 1.41577e-05 2.3161e-06 4.35068e-07 1.06211e-07 3.71497e-08 1.98756e-08 1.6757e-08 2.21306e-08 4.40571e-08 1.23911e-07 4.53073e-07 1.96315e-06 9.1773e-06 4.23663e-05 0.000178365 0.000637991 0.00181799 0.00390578 0.0061427 0.00719751 0.00668421 0.00530062 0.00380385 0.00255412 0.0016272 0.000985261 0.000563417 0.000300123 0.00014528 6.09606e-05 1.99362e-05 3.61786e-06 0 
0 0.00095137 0.00313731 0.00428608 0.002879 0.000996018 0.000202902 2.91705e-05 3.5512e-06 4.35068e-07 6.29075e-08 1.23388e-08 3.66649e-09 1.77806e-09 1.45587e-09 1.99913e-09 4.40587e-09 1.44717e-08 6.4419e-08 3.49583e-07 2.07834e-06 1.225e-05 6.55571e-05 0.000295423 0.00104926 0.00276789 0.00519906 0.00696053 0.00702757 0.00582354 0.00426359 0.00288619 0.00184433 0.00111792 0.0006395 0.00034069 0.000164923 6.92037e-05 2.2632e-05 4.10708e-06 0 
0 0.00101798 0.00320926 0.00397562 0.00227274 0.00063923 0.000103281 1.16198e-05 1.10284e-06 1.06211e-07 1.23388e-08 2.01364e-09 5.21275e-10 2.32369e-10 1.85222e-10 2.62101e-10 6.274e-10 2.34122e-09 1.22627e-08 8.02062e-08 5.82221e-07 4.20284e-06 2.74198e-05 0.000149294 0.000634278 0.00197994 0.00432472 0.00652677 0.00713434 0.0061756 0.00461448 0.00315009 0.00201934 0.00122535 0.000701215 0.000373613 0.000180866 7.58948e-05 2.48204e-05 4.50421e-06 0 
0 0.00106112 0.00322877 0.0037096 0.00188055 0.000454818 6.20803e-05 5.83645e-06 4.61065e-07 3.71497e-08 3.66649e-09 5.21275e-10 1.21552e-10 5.0762e-11 3.95419e-11 5.70339e-11 1.44711e-10 5.92016e-10 3.49098e-09 2.61848e-08 2.20212e-07 1.84656e-06 1.39476e-05 8.73066e-05 0.000423062 0.00149498 0.00365918 0.00606949 0.00708605 0.0063694 0.00484643 0.00333378 0.0021433 0.00130191 0.000745285 0.000397138 0.000192262 8.06774e-05 2.63845e-05 4.78807e-06 0 
0 0.00108276 0.00322352 0.00353872 0.00167094 0.000370044 4.57698e-05 3.87192e-06 2.74379e-07 1.98756e-08 1.77806e-09 2.32369e-10 5.0762e-11 2.03151e-11 1.55436e-11 2.25761e-11 5.90492e-11 2.54188e-10 1.60342e-09 1.3019e-08 1.19356e-07 1.09377e-06 9.01735e-06 6.13857e-05 0.000322114 0.00122812 0.00322906 0.00569859 0.00696186 0.00642997 0.00495922 0.00343143 0.00221114 0.00134423 0.000769733 0.000410205 0.000198594 8.33353e-05 2.72539e-05 4.94583e-06 0 
0 0.00108505 0.003211 0.00348223 0.001614 0.00034939 4.2123e-05 3.46524e-06 2.38401e-07 1.6757e-08 1.45587e-09 1.85222e-10 3.95419e-11 1.55436e-11 1.17517e-11 1.69767e-11 4.4458e-11 1.92825e-10 1.23246e-09 1.01869e-08 9.54045e-08 8.95171e-07 7.56571e-06 5.2827e-05 0.000284456 0.001114 0.00301167 0.00545848 0.0068129 0.00638062 0.00495811 0.0034426 0.00222156 0.00135133 0.000773963 0.00041249 0.000199706 8.38026e-05 2.74068e-05 4.97359e-06 0 
0 0.00106958 0.00319697 0.00354088 0.00169639 0.000382642 4.82921e-05 4.16897e-06 3.00967e-07 2.21306e-08 1.99913e-09 2.62101e-10 5.70339e-11 2.25761e-11 1.69767e-11 2.41107e-11 6.14528e-11 2.57372e-10 1.57999e-09 1.25091e-08 1.12192e-07 1.01005e-06 8.22053e-06 5.55403e-05 0.000290997 0.00111563 0.00297211 0.00534384 0.00665288 0.00623353 0.00484991 0.00337099 0.00217673 0.00132449 0.000758703 0.000404384 0.000195787 8.2159e-05 2.68694e-05 4.87607e-06 0 
0 0.00103723 0.00317641 0.00370264 0.00192249 0.000479307 6.76274e-05 6.57024e-06 5.34516e-07 4.40571e-08 4.40587e-09 6.274e-10 1.44711e-10 5.90492e-11 4.4458e-11 6.14528e-11 1.48603e-10 5.78126e-10 3.24532e-09 2.32647e-08 1.8817e-07 1.52963e-06 1.13034e-05 6.99406e-05 0.000339102 0.00121669 0.00307167 0.00531153 0.00645987 0.00598712 0.00464086 0.0032233 0.00208162 0.00126692 0.000725843 0.000386903 0.000187331 7.8612e-05 2.57095e-05 4.6656e-06 0 
0 0.000988519 0.00313608 0.00394137 0.00230845 0.00066961 0.000111813 1.29805e-05 1.2646e-06 1.23911e-07 1.44717e-08 2.34122e-09 5.92016e-10 2.54188e-10 1.92825e-10 2.57372e-10 5.78126e-10 2.02213e-09 9.95443e-09 6.15628e-08 4.2623e-07 2.96607e-06 1.8888e-05 0.000101873 0.00043678 0.00140856 0.00325781 0.0052843 0.00618395 0.00562889 0.00433627 0.00300823 0.00194334 0.00118332 0.000678163 0.000361551 0.00017507 7.34695e-05 2.40281e-05 4.36049e-06 0 
0 0.000924166 0.0030583 0.00421199 0.00286782 0.00100871 0.000208765 3.03728e-05 3.71601e-06 4.53073e-07 6.4419e-08 1.22627e-08 3.49098e-09 1.60342e-09 1.23246e-09 1.57999e-09 3.24532e-09 9.95443e-09 4.15995e-08 2.13638e-07 1.21421e-06 6.92396e-06 3.63676e-05 0.00016387 0.000597125 0.00167138 0.00344632 0.00515421 0.00575917 0.00514073 0.00394062 0.00273538 0.00177007 0.00107926 0.000619014 0.000330147 0.000159893 6.71055e-05 2.19474e-05 3.98295e-06 0 
0 0.000845746 0.0029263 0.0044486 0.00358501 0.00157501 0.000418233 7.89432e-05 1.25403e-05 1.96315e-06 3.49583e-07 8.02062e-08 2.61848e-08 1.3019e-08 1.01869e-08 1.25091e-08 2.32647e-08 6.15628e-08 2.13638e-07 8.87048e-07 4.01463e-06 1.81499e-05 7.59446e-05 0.000275968 0.000826105 0.00194904 0.00351062 0.00479666 0.00511781 0.00450258 0.00345604 0.00241323 0.00156995 0.000960548 0.000551962 0.000294652 0.000142759 5.99246e-05 1.96001e-05 3.55705e-06 0 
0 0.000756065 0.00273014 0.00457315 0.00438107 0.00244284 0.000851432 0.000213239 4.48652e-05 9.1773e-06 2.07834e-06 5.82221e-07 2.20212e-07 1.19356e-07 9.54045e-08 1.12192e-07 1.8817e-07 4.2623e-07 1.21421e-06 4.01463e-06 1.41987e-05 4.97582e-05 0.00016159 0.000460047 0.00109861 0.0021303 0.00329879 0.0041007 0.00420377 0.00369141 0.00287788 0.00204604 0.00134938 0.000832476 0.000480441 0.000256988 0.000124618 5.23271e-05 1.71173e-05 3.10661e-06 0 
0 0.000659165 0.00247139 0.00451794 0.00509656 0.0036072 0.00166695 0.000560524 0.000157593 4.23663e-05 1.225e-05 4.20284e-06 1.84656e-06 1.09377e-06 8.95171e-07 1.01005e-06 1.52963e-06 2.96607e-06 6.92396e-06 1.81499e-05 4.97582e-05 0.000133434 0.000330131 0.000718792 0.00133172 0.00206507 0.00269133 0.00301582 0.0029923 0.00268357 0.00219073 0.00163052 0.00111156 0.0006992 0.000407473 0.000218905 0.000106338 4.46814e-05 1.46197e-05 2.65355e-06 0 
0 0.000559866 0.00216411 0.00425353 0.00552988 0.00488287 0.00297646 0.00134599 0.00050606 0.000178365 6.55571e-05 2.74198e-05 1.39476e-05 9.01735e-06 7.56571e-06 8.22053e-06 1.13034e-05 1.8888e-05 3.63676e-05 7.59446e-05 0.00016159 0.000330131 0.000614693 0.00100095 0.00138959 0.00164207 0.00170417 0.00165012 0.0015799 0.00151354 0.00139062 0.00116007 0.000856692 0.000563617 0.000335549 0.000181894 8.86648e-05 3.73017e-05 1.22103e-05 2.21653e-06 0 
0 0.000463045 0.00183127 0.00380362 0.00553463 0.00589648 0.00462951 0.00278369 0.00139068 0.000637991 0.000295423 0.000149294 8.73066e-05 6.13857e-05 5.2827e-05 5.55403e-05 6.99406e-05 0.000101873 0.00016387 0.000275968 0.000460047 0.000718792 0.00100095 0.00118843 0.00116258 0.000932135 0.00065388 0.000471779 0.000419588 0.000477556 0.000594697 0.000659898 0.000589525 0.000428713 0.000266821 0.000147177 7.21924e-05 3.04361e-05 9.96973e-06 1.81019e-06 0 
0 0.000372894 0.00149831 0.00323463 0.00510592 0.00628254 0.00608637 0.00472281 0.00308099 0.00181799 0.00104926 0.000634278 0.000423062 0.000322114 0.000284456 0.000290997 0.000339102 0.00043678 0.000597125 0.000826105 0.00109861 0.00133172 0.00138959 0.00116258 0.000710976 0.000295371 9.19427e-05 3.30131e-05 2.42819e-05 4.2783e-05 0.000113557 0.000247682 0.000337213 0.000300961 0.000203627 0.000115767 5.73622e-05 2.42614e-05 7.95498e-06 1.4448e-06 0 
0 0.000292427 0.00118702 0.00262705 0.00437467 0.00594373 0.00672589 0.006406 0.00526472 0.00390578 0.00276789 0.00197994 0.00149498 0.00122812 0.001114 0.00111563 0.00121669 0.00140856 0.00167138 0.00194904 0.0021303 0.00206507 0.00164207 0.000932135 0.000295371 3.94156e-05 2.45831e-06 2.01085e-07 9.80625e-08 4.48429e-07 5.9194e-06 5.03394e-05 0.000151249 0.000192579 0.000148882 8.85006e-05 4.44649e-05 1.88846e-05 6.19948e-06 1.12636e-06 0 
0 0.000223314 0.000911992 0.0020483 0.00352181 0.00508682 0.00636947 0.00700495 0.0068639 0.0061427 0.00519906 0.00432472 0.00365918 0.00322906 0.00301167 0.00297211 0.00307167 0.00325781 0.00344632 0.00351062 0.00329879 0.00269133 0.00170417 0.00065388 9.19427e-05 2.45831e-06 1.3421e-08 1.09228e-10 2.80553e-11 5.82737e-10 9.30593e-08 6.09741e-06 5.65145e-05 0.000115514 0.000105364 6.59455e-05 3.36364e-05 1.43469e-05 4.71545e-06 8.5701e-07 0 
0 0.000166009 0.000680247 0.00154017 0.00269494 0.00402724 0.00534564 0.00641669 0.00705113 0.00719751 0.00696053 0.00652677 0.00606949 0.00569859 0.00545848 0.00534384 0.00531153 0.0052843 0.00515421 0.00479666 0.0041007 0.00301582 0.00165012 0.000471779 3.30131e-05 2.01085e-07 1.09228e-10 9.67385e-14 1.33448e-14 1.18788e-12 2.03815e-09 8.98206e-07 2.30326e-05 7.0827e-05 7.39642e-05 4.81814e-05 2.4851e-05 1.06319e-05 3.49726e-06 6.35749e-07 0 
0 0.00012003 0.000492703 0.00112013 0.00197736 0.00300624 0.00411214 0.00517159 0.00605855 0.00668421 0.00702757 0.00713434 0.00708605 0.00696186 0.0068129 0.00665288 0.00645987 0.00618395 0.00575917 0.00511781 0.00420377 0.0029923 0.0015799 0.000419588 2.42819e-05 9.80625e-08 2.80553e-11 1.33448e-14 1.51588e-15 1.94063e-13 6.13079e-10 4.39305e-07 1.45033e-05 4.91158e-05 5.28422e-05 3.47025e-05 1.79361e-05 7.67749e-06 2.52577e-06 4.59163e-07 0 
0 8.42861e-05 0.000346273 0.000788768 0.00139818 0.00214281 0.00297253 0.00382202 0.00461944 0.00530062 0.00582354 0.0061756 0.0063694 0.00642997 0.00638062 0.00623353 0.00598712 0.00562889 0.00514073 0.00450258 0.00369141 0.00268357 0.00151354 0.000477556 4.2783e-05 4.48429e-07 5.82737e-10 1.18788e-12 1.94063e-13 8.63469e-12 5.11059e-09 9.62943e-07 1.55738e-05 3.95295e-05 3.86107e-05 2.46322e-05 1.26271e-05 5.39276e-06 1.77304e-06 3.22268e-07 0 
0 5.73526e-05 0.000235714 0.000537397 0.000954332 0.00146765 0.00204828 0.00265889 0.00325768 0.00380385 0.00426359 0.00461448 0.00484643 0.00495922 0.00495811 0.00484991 0.00464086 0.00433627 0.00394062 0.00345604 0.00287788 0.00219073 0.00139062 0.000594697 0.000113557 5.9194e-06 9.30593e-08 2.03815e-09 6.13079e-10 5.11059e-09 2.05506e-07 4.40645e-06 2.18725e-05 3.41159e-05 2.82083e-05 1.71015e-05 8.63882e-06 3.67429e-06 1.20666e-06 2.19255e-07 0 
0 3.76955e-05 0.000154952 0.000353401 0.000628056 0.000967241 0.00135318 0.00176327 0.00217212 0.00255412 0.00288619 0.00315009 0.00333378 0.00343143 0.0034426 0.00337099 0.0032233 0.00300823 0.00273538 0.00241323 0.00204604 0.00163052 0.00116007 0.000659898 0.000247682 5.03394e-05 6.09741e-06 8.98206e-07 4.39305e-07 9.62943e-07 4.40645e-06 1.56087e-05 2.80681e-05 2.82368e-05 1.99333e-05 1.14847e-05 5.71294e-06 2.41897e-06 7.9339e-07 1.4411e-07 0 
0 2.38232e-05 9.79351e-05 0.000223396 0.000397132 0.000611937 0.00085689 0.00111817 0.00138023 0.0016272 0.00184433 0.00201934 0.0021433 0.00221114 0.00222156 0.00217673 0.00208162 0.00194334 0.00177007 0.00156995 0.00134938 0.00111156 0.000856692 0.000589525 0.000337213 0.000151249 5.65145e-05 2.30326e-05 1.45033e-05 1.55738e-05 2.18725e-05 2.80681e-05 2.7587e-05 2.09996e-05 1.33055e-05 7.38468e-06 3.62944e-06 1.53109e-06 5.01618e-07 9.10832e-08 0 
0 1.43837e-05 5.91315e-05 0.00013489 0.000239822 0.000369614 0.00051774 0.000675951 0.000834964 0.000985261 0.00111792 0.00122535 0.00130191 0.00134423 0.00135133 0.00132449 0.00126692 0.00118332 0.00107926 0.000960548 0.000832476 0.0006992 0.000563617 0.000428713 0.000300961 0.000192579 0.000115514 7.0827e-05 4.91158e-05 3.95295e-05 3.41159e-05 2.82368e-05 2.09996e-05 1.39048e-05 8.30657e-06 4.50939e-06 2.19934e-06 9.25459e-07 3.02959e-07 5.49974e-08 0 
0 8.21718e-06 3.37814e-05 7.70635e-05 0.000137017 0.000211186 0.000295854 0.000386329 0.000477325 0.000563417 0.0006395 0.000701215 0.000745285 0.000769733 0.000773963 0.000758703 0.000725843 0.000678163 0.000619014 0.000551962 0.000480441 0.000407473 0.000335549 0.000266821 0.000203627 0.000148882 0.000105364 7.39642e-05 5.28422e-05 3.86107e-05 2.82083e-05 1.99333e-05 1.33055e-05 8.30657e-06 4.8292e-06 2.59261e-06 1.25921e-06 5.29083e-07 1.73115e-07 3.14213e-08 0 
0 4.37574e-06 1.79891e-05 4.10377e-05 7.29652e-05 0.000112465 0.00015756 0.000205755 0.000254238 0.000300123 0.00034069 0.000373613 0.000397138 0.000410205 0.00041249 0.000404384 0.000386903 0.000361551 0.000330147 0.000294652 0.000256988 0.000218905 0.000181894 0.000147177 0.000115767 8.85006e-05 6.59455e-05 4.81814e-05 3.47025e-05 2.46322e-05 1.71015e-05 1.14847e-05 7.38468e-06 4.50939e-06 2.59261e-06 1.38499e-06 6.71328e-07 2.81858e-07 9.21984e-08 1.67329e-08 0 
0 2.11793e-06 8.707e-06 1.9863e-05 3.53166e-05 5.44357e-05 7.62639e-05 9.95935e-05 0.000123065 0.00014528 0.000164923 0.000180866 0.000192262 0.000198594 0.000199706 0.000195787 0.000187331 0.00017507 0.000159893 0.000142759 0.000124618 0.000106338 8.86648e-05 7.21924e-05 5.73622e-05 4.44649e-05 3.36364e-05 2.4851e-05 1.79361e-05 1.26271e-05 8.63882e-06 5.71294e-06 3.62944e-06 2.19934e-06 1.25921e-06 6.71328e-07 3.25118e-07 1.36452e-07 4.46288e-08 8.09919e-09 0 
0 8.88672e-07 3.65341e-06 8.33442e-06 1.48187e-05 2.28411e-05 3.20002e-05 4.17896e-05 5.16384e-05 6.09606e-05 6.92037e-05 7.58948e-05 8.06774e-05 8.33353e-05 8.38026e-05 8.2159e-05 7.8612e-05 7.34695e-05 6.71055e-05 5.99246e-05 5.23271e-05 4.46814e-05 3.73017e-05 3.04361e-05 2.42614e-05 1.88846e-05 1.43469e-05 1.06319e-05 7.67749e-06 5.39276e-06 3.67429e-06 2.41897e-06 1.53109e-06 9.25459e-07 5.29083e-07 2.81858e-07 1.36452e-07 5.72603e-08 1.87267e-08 3.39842e-09 0 
0 2.90623e-07 1.19478e-06 2.72561e-06 4.84618e-06 7.46974e-06 1.04651e-05 1.36665e-05 1.68875e-05 1.99362e-05 2.2632e-05 2.48204e-05 2.63845e-05 2.72539e-05 2.74068e-05 2.68694e-05 2.57095e-05 2.40281e-05 2.19474e-05 1.96001e-05 1.71173e-05 1.46197e-05 1.22103e-05 9.96973e-06 7.95498e-06 6.19948e-06 4.71545e-06 3.49726e-06 2.52577e-06 1.77304e-06 1.20666e-06 7.9339e-07 5.01618e-07 3.02959e-07 1.73115e-07 9.21984e-08 4.46288e-08 1.87267e-08 6.12431e-09 1.1114e-09 0 
0 5.27398e-08 2.16818e-07 4.94621e-07 8.79443e-07 1.35555e-06 1.89912e-06 2.48009e-06 3.0646e-06 3.61786e-06 4.10708e-06 4.50421e-06 4.78807e-06 4.94583e-06 4.97359e-06 4.87607e-06 4.6656e-06 4.36049e-06 3.98295e-06 3.55705e-06 3.10661e-06 2.65355e-06 2.21653e-06 1.81019e-06 1.4448e-06 1.12636e-06 8.5701e-07 6.35749e-07 4.59163e-07 3.22268e-07 2.19255e-07 1.4411e-07 9.10832e-08 5.49974e-08 3.14213e-08 1.67329e-08 8.09919e-09 3.39842e-09 1.1114e-09 2.01687e-10 0 
0 0 0 0 0 0 0 0 0 0 0 0 0 0 0 0 0 0 0 0 0 0 0 0 0 0 0 0 0 0 0 0 0 0 0 0 0 0 0 0 0 
