0 0 0 0 0 0 0 0 0 0 0 0 0 0 0 0 0 0 0 0 0 0 0 0 0 0 0 0 0 0 0 0 0 0 0 0 0 0 0 0 0 
0 1.31724e-05 5.12508e-05 0.000105895 0.000161382 0.000201719 0.00021935 0.00021682 0.000201855 0.000182155 0.000163044 0.000147376 0.000136304 0.000130077 0.000128575 0.000131575 0.000138809 0.000149887 0.000164118 0.000180306 0.000196594 0.000210479 0.000219112 0.000219879 0.000211168 0.000193007 0.000167269 0.000137237 0.000106649 7.86652e-05 5.52226e-05 3.69674e-05 2.35986e-05 1.43212e-05 8.20157e-06 4.37227e-06 2.11726e-06 8.88563e-07 2.9061e-07 5.27389e-08 0 
0 5.12508e-05 0.000184466 0.000328661 0.00039664 0.000363895 0.000276512 0.000187272 0.000120068 7.65485e-05 5.05407e-05 3.5714e-05 2.76851e-05 2.39137e-05 2.31582e-05 2.50672e-05 2.99928e-05 3.89775e-05 5.38239e-05 7.70939e-05 0.000111783 0.000160339 0.000222843 0.000294693 0.00036508 0.000418243 0.000438787 0.000419292 0.000364968 0.000291012 0.00021457 0.000147768 9.57577e-05 5.85408e-05 3.3638e-05 1.79581e-05 8.70119e-06 3.6525e-06 1.19467e-06 2.16811e-07 0 
0 0.000105895 0.000328661 0.000443743 0.000355721 0.000198019 8.70791e-05 3.34916e-05 1.22581e-05 4.60685e-06 1.90474e-06 9.1892e-07 5.41087e-07 4.00053e-07 3.75311e-07 4.43707e-07 6.46458e-07 1.1213e-06 2.2185e-06 4.7779e-06 1.06906e-05 2.38066e-05 5.08612e-05 0.000101242 0.000183617 0.000298147 0.000426915 0.000531984 0.000572243 0.000532438 0.000434518 0.000317739 0.000212596 0.000132004 7.63787e-05 4.0894e-05 1.98367e-05 8.3304e-06 2.72515e-06 4.94591e-07 0 
0 0.000161382 0.00039664 0.000355721 0.000164528 4.82669e-05 1.04664e-05 1.90255e-06 3.27222e-07 6.0005e-08 1.31171e-08 3.76178e-09 1.52273e-09 9.10804e-10 8.18374e-10 1.09124e-09 2.07973e-09 5.34745e-09 1.72724e-08 6.48265e-08 2.61524e-07 1.05528e-06 4.00542e-06 1.36333e-05 4.02592e-05 0.000101118 0.000213579 0.000375724 0.000543991 0.000642258 0.00062168 0.000506096 0.000359309 0.000229704 0.000134648 7.24781e-05 3.52297e-05 1.48057e-05 4.84471e-06 8.79353e-07 0 
0 0.000201719 0.000363895 0.000198019 4.82669e-05 6.62404e-06 6.07196e-07 4.38671e-08 2.97206e-09 2.24997e-10 2.2429e-11 3.38964e-12 8.64793e-13 3.98394e-13 3.39427e-13 5.24955e-13 1.3929e-12 5.81607e-12 3.43575e-11 2.55646e-10 2.13326e-09 1.79271e-08 1.38326e-07 9.11326e-07 4.87401e-06 2.05707e-05 6.78772e-05 0.000175428 0.000355513 0.000560757 0.000683393 0.000652558 0.000509129 0.000341556 0.000204624 0.000111133 5.42023e-05 2.28069e-05 7.46597e-06 1.35532e-06 0 
0 0.00021935 0.000276512 8.70791e-05 1.04664e-05 6.07196e-07 2.08021e-08 5.23488e-10 1.2246e-11 3.37952e-13 1.37562e-14 1.00048e-15 1.50564e-16 5.14409e-17 4.12386e-17 7.55778e-17 2.92877e-16 2.12846e-15 2.50439e-14 4.06713e-13 7.77446e-12 1.50915e-10 2.61956e-09 3.67608e-08 3.88383e-07 2.96469e-06 1.61379e-05 6.32153e-05 0.000181636 0.000387328 0.000610518 0.000710545 0.000630348 0.000453431 0.000280636 0.000154485 7.57318e-05 3.19237e-05 1.04568e-05 1.89863e-06 0 
0 0.00021682 0.000187272 3.34916e-05 1.90255e-06 4.38671e-08 5.23488e-10 4.26191e-12 3.19759e-14 2.99805e-16 4.69442e-18 1.88731e-19 4.41285e-20 3.05622e-20 2.83602e-20 3.1997e-20 5.99455e-20 4.41691e-19 1.02548e-17 3.83833e-16 1.78048e-14 8.45881e-13 3.49453e-11 1.1021e-09 2.41789e-08 3.49186e-07 3.25506e-06 1.98063e-05 8.12476e-05 0.00023268 0.00047268 0.000679179 0.000700739 0.000550805 0.000356006 0.000199604 9.85369e-05 4.16394e-05 1.36504e-05 2.47915e-06 0 
0 0.000201855 0.000120068 1.22581e-05 3.27222e-07 2.97206e-09 1.2246e-11 3.19759e-14 7.6234e-17 2.5005e-19 5.52694e-21 1.45657e-21 9.70779e-22 1.00838e-21 1.00179e-21 9.03379e-22 8.98707e-22 1.67664e-21 7.82524e-21 3.34297e-19 3.72161e-17 4.358e-15 4.31225e-13 3.07539e-11 1.4102e-09 3.88086e-08 6.24278e-07 5.93491e-06 3.47158e-05 0.000131846 0.000338781 0.000595144 0.000718023 0.000623642 0.000424446 0.000243402 0.000121207 5.13765e-05 1.68597e-05 3.063e-06 0 
0 0.000182155 7.65485e-05 4.60685e-06 6.0005e-08 2.24997e-10 3.37952e-13 2.99805e-16 2.5005e-19 1.28426e-21 1.53723e-22 1.00583e-22 9.51261e-23 1.09508e-22 1.11101e-22 9.46182e-23 7.88148e-23 8.51035e-23 1.18288e-22 9.86788e-22 1.0621e-19 2.86225e-17 6.48843e-15 1.00335e-12 9.26048e-11 4.70275e-09 1.27206e-07 1.85199e-06 1.51861e-05 7.49994e-05 0.000237752 0.000499057 0.000696867 0.000669368 0.000481453 0.00028308 0.000142352 6.05498e-05 1.98929e-05 3.61539e-06 0 
0 0.000163044 5.05407e-05 1.90474e-06 1.31171e-08 2.2429e-11 1.37562e-14 4.69442e-18 5.52694e-21 1.53723e-22 2.48267e-23 1.63472e-23 1.7037e-23 1.97938e-23 2.01168e-23 1.70394e-23 1.3283e-23 1.09049e-23 1.01266e-23 3.43033e-23 1.03373e-21 3.28322e-19 1.54245e-16 4.74009e-14 8.1367e-12 7.11743e-10 3.05584e-08 6.50489e-07 7.21062e-06 4.49203e-05 0.000170518 0.000415373 0.000657395 0.000692082 0.000525011 0.000316491 0.000160749 6.86193e-05 2.25708e-05 4.10361e-06 0 
0 0.000147376 3.5714e-05 9.1892e-07 3.76178e-09 3.38964e-12 1.00048e-15 1.88731e-19 1.45657e-21 1.00583e-22 1.63472e-23 5.70689e-24 4.32299e-24 4.5521e-24 4.52758e-24 3.83901e-24 2.91645e-24 2.17861e-24 2.11782e-24 7.13691e-24 9.71338e-23 1.00268e-20 7.23779e-18 3.89571e-15 1.1093e-12 1.51201e-10 9.46616e-09 2.7493e-07 3.90181e-06 2.93886e-05 0.000128921 0.000352781 0.000616056 0.000699256 0.000555343 0.0003423 0.000175439 7.51352e-05 2.4741e-05 4.49972e-06 0 
0 0.000136304 2.76851e-05 5.41087e-07 1.52273e-09 8.64793e-13 1.50564e-16 4.41285e-20 9.70779e-22 9.51261e-23 1.7037e-23 4.323e-24 1.79966e-24 1.3197e-24 1.17574e-24 9.77286e-25 7.41773e-25 5.91379e-25 8.522e-25 3.52789e-24 3.43988e-23 1.42853e-21 7.97683e-19 6.40571e-16 2.62681e-13 4.92852e-11 4.04958e-09 1.47173e-07 2.4971e-06 2.15732e-05 0.000104952 0.000311587 0.00058285 0.000698397 0.000574011 0.000359911 0.000185778 7.97695e-05 2.62898e-05 4.78273e-06 0 
0 0.000130077 2.39137e-05 4.00053e-07 9.10804e-10 3.98394e-13 5.14409e-17 3.05622e-20 1.00838e-21 1.09508e-22 1.97938e-23 4.5521e-24 1.3197e-24 5.67642e-25 3.68725e-25 2.78742e-25 2.19721e-25 2.36449e-25 5.74419e-25 2.73223e-24 2.35955e-23 6.52872e-22 2.30686e-19 2.2992e-16 1.15907e-13 2.60579e-11 2.49729e-09 1.03047e-07 1.93467e-06 1.80651e-05 9.31607e-05 0.000289418 0.000562478 0.000695084 0.000582902 0.00036927 0.000191439 8.23325e-05 2.71492e-05 4.93994e-06 0 
0 0.000128575 2.31582e-05 3.75311e-07 8.18374e-10 3.39427e-13 4.12386e-17 2.83602e-20 1.00179e-21 1.11101e-22 2.01168e-23 4.52758e-24 1.17574e-24 3.68726e-25 1.59279e-25 9.76327e-26 8.62538e-26 1.49002e-25 5.05847e-25 2.54773e-24 2.16089e-23 5.57953e-22 1.78615e-19 1.85723e-16 9.76759e-14 2.27894e-11 2.25414e-09 9.54695e-08 1.82992e-06 1.73589e-05 9.05734e-05 0.000283961 0.000556335 0.000692338 0.000583478 0.000370633 0.000192377 8.27743e-05 2.72994e-05 4.96754e-06 0 
0 0.000131575 2.50672e-05 4.43707e-07 1.09124e-09 5.24955e-13 7.55778e-17 3.1997e-20 9.03379e-22 9.46183e-23 1.70394e-23 3.83901e-24 9.77287e-25 2.78742e-25 9.76327e-26 5.14848e-26 5.50766e-26 1.31926e-25 5.06428e-25 2.67305e-24 2.47109e-23 8.06522e-22 3.56251e-19 3.2931e-16 1.54102e-13 3.24612e-11 2.94338e-09 1.16021e-07 2.09975e-06 1.90546e-05 9.61547e-05 0.000293814 0.000563832 0.000690684 0.000576425 0.000364415 0.000188789 8.11759e-05 2.67666e-05 4.87026e-06 0 
0 0.000138809 2.99928e-05 6.46458e-07 2.07973e-09 1.3929e-12 2.92877e-16 5.99455e-20 8.98707e-22 7.88148e-23 1.3283e-23 2.91645e-24 7.41774e-25 2.19721e-25 8.62537e-26 5.50766e-26 6.65887e-26 1.5598e-25 5.98137e-25 3.46927e-24 4.07439e-23 2.44967e-21 1.70516e-18 1.18999e-15 4.28863e-13 7.1867e-11 5.36375e-09 1.80037e-07 2.86585e-06 2.35588e-05 0.000110356 0.00031833 0.000582769 0.000688438 0.000561659 0.000351127 0.000181075 7.7732e-05 2.56173e-05 4.66038e-06 0 
0 0.000149887 3.89775e-05 1.1213e-06 5.34745e-09 5.81607e-12 2.12846e-15 4.41691e-19 1.67664e-21 8.51035e-23 1.09049e-23 2.17861e-24 5.91379e-25 2.36449e-25 1.49002e-25 1.31926e-25 1.5598e-25 2.85006e-25 9.70453e-25 6.76614e-24 1.42524e-22 2.52733e-20 1.71213e-17 7.82329e-15 1.92164e-12 2.30112e-10 1.29016e-08 3.41986e-07 4.50957e-06 3.20719e-05 0.000134671 0.000356678 0.00060884 0.000682016 0.000538581 0.000331403 0.000169807 7.27275e-05 2.395e-05 4.35604e-06 0 
0 0.000164118 5.38239e-05 2.2185e-06 1.72724e-08 3.43575e-11 2.50439e-14 1.02548e-17 7.82524e-21 1.18288e-22 1.01266e-23 2.11782e-24 8.52199e-25 5.74419e-25 5.05847e-25 5.06428e-25 5.98137e-25 9.70453e-25 3.07757e-24 3.02175e-23 1.92072e-21 7.37883e-19 3.02211e-16 8.13089e-14 1.23736e-11 9.73294e-10 3.81485e-08 7.5267e-07 7.8464e-06 4.65884e-05 0.000170617 0.000405748 0.000634493 0.000666354 0.00050649 0.000306059 0.00015569 6.65107e-05 2.18844e-05 3.97934e-06 0 
0 0.000180306 7.70939e-05 4.7779e-06 6.48265e-08 2.55646e-10 4.06713e-13 3.83833e-16 3.34297e-19 9.86788e-22 3.43033e-23 7.13691e-24 3.52789e-24 2.73223e-24 2.54772e-24 2.67304e-24 3.46927e-24 6.76614e-24 3.02175e-23 8.05437e-22 1.38831e-19 3.6046e-17 7.76712e-15 1.14407e-12 1.00806e-10 4.90036e-09 1.27358e-07 1.79086e-06 1.42762e-05 6.90679e-05 0.000216616 0.000456058 0.000647523 0.000635583 0.00046503 0.000276146 0.000139523 5.94635e-05 1.95509e-05 3.5542e-06 0 
0 0.000196594 0.000111783 1.06906e-05 2.61524e-07 2.13326e-09 7.77446e-12 1.78048e-14 3.72161e-17 1.0621e-19 1.03373e-21 9.71338e-23 3.43988e-23 2.35955e-23 2.16089e-23 2.47109e-23 4.07439e-23 1.42524e-22 1.92072e-21 1.38831e-19 1.72053e-17 2.22036e-15 2.40704e-13 1.85819e-11 9.06825e-10 2.60623e-08 4.30855e-07 4.17333e-06 2.48743e-05 9.69849e-05 0.000259697 0.000485257 0.000630391 0.000584077 0.000414545 0.000242942 0.000122144 5.19715e-05 1.7079e-05 3.10437e-06 0 
0 0.000210479 0.000160339 2.38066e-05 1.05528e-06 1.79271e-08 1.50915e-10 8.45881e-13 4.358e-15 2.86225e-17 3.28322e-19 1.00268e-20 1.42853e-21 6.52872e-22 5.57953e-22 8.06522e-22 2.44967e-21 2.52733e-20 7.37883e-19 3.6046e-17 2.22036e-15 1.39886e-13 7.51852e-12 2.97269e-10 7.75426e-09 1.25366e-07 1.24511e-06 7.92377e-06 3.46427e-05 0.000110375 0.000261648 0.0004537 0.000562582 0.000507917 0.000356269 0.000207882 0.000104378 4.43969e-05 1.45888e-05 2.65173e-06 0 
0 0.000219112 0.000222843 5.08612e-05 4.00542e-06 1.38326e-07 2.61956e-09 3.49453e-11 4.31225e-13 6.48843e-15 1.54245e-16 7.23779e-18 7.97683e-19 2.30686e-19 1.78615e-19 3.56251e-19 1.70516e-18 1.71213e-17 3.02211e-16 7.76712e-15 2.40704e-13 7.51852e-12 2.01072e-10 3.98931e-09 5.22795e-08 4.23523e-07 2.16879e-06 7.96539e-06 2.47184e-05 7.01291e-05 0.000171934 0.000323547 0.000430809 0.000407032 0.000292409 0.000172476 8.69794e-05 3.70565e-05 1.21836e-05 2.21496e-06 0 
0 0.000219879 0.000294693 0.000101242 1.36333e-05 9.11326e-07 3.67608e-08 1.1021e-09 3.07539e-11 1.00335e-12 4.74009e-14 3.89571e-15 6.40571e-16 2.2992e-16 1.85723e-16 3.2931e-16 1.18999e-15 7.82329e-15 8.13089e-14 1.14407e-12 1.85819e-11 2.97269e-10 3.98931e-09 3.7841e-08 2.12366e-07 6.2463e-07 1.04792e-06 1.49147e-06 3.00292e-06 1.01836e-05 4.21184e-05 0.000133328 0.000252709 0.000288885 0.00022638 0.000138252 7.06027e-05 3.02071e-05 9.9451e-06 1.80876e-06 0 
0 0.000211168 0.00036508 0.000183617 4.02592e-05 4.87401e-06 3.88383e-07 2.41789e-08 1.4102e-09 9.26048e-11 8.1367e-12 1.1093e-12 2.62681e-13 1.15907e-13 9.76759e-14 1.54102e-13 4.28863e-13 1.92164e-12 1.23736e-11 1.00806e-10 9.06825e-10 7.75426e-09 5.22795e-08 2.12366e-07 3.57481e-07 1.78896e-07 3.17917e-08 6.20657e-09 6.30571e-09 5.46901e-08 1.30625e-06 1.95546e-05 9.56772e-05 0.000172741 0.000163274 0.000106762 5.57817e-05 2.40385e-05 7.93148e-06 1.44346e-06 0 
0 0.000193007 0.000418243 0.000298147 0.000101118 2.05707e-05 2.96469e-06 3.49186e-07 3.88086e-08 4.70275e-09 7.11743e-10 1.51201e-10 4.92852e-11 2.60579e-11 2.27894e-11 3.24612e-11 7.1867e-11 2.30112e-10 9.73294e-10 4.90036e-09 2.60623e-08 1.25366e-07 4.23523e-07 6.2463e-07 1.78896e-07 4.18178e-09 1.02944e-11 3.41965e-14 9.31435e-15 1.08553e-12 1.4073e-09 6.04479e-07 2.01616e-05 8.46681e-05 0.000109533 7.95145e-05 4.29132e-05 1.86711e-05 6.17751e-06 1.12513e-06 0 
0 0.000167269 0.000438787 0.000426915 0.000213579 6.78772e-05 1.61379e-05 3.25506e-06 6.24278e-07 1.27206e-07 3.05584e-08 9.46616e-09 4.04958e-09 2.49729e-09 2.25414e-09 2.94338e-09 5.36375e-09 1.29016e-08 3.81485e-08 1.27358e-07 4.30855e-07 1.24511e-06 2.16879e-06 1.04792e-06 3.17917e-08 1.02944e-11 3.7472e-16 2.23981e-15 1.51033e-15 1.10077e-14 6.79918e-14 4.89549e-09 2.71929e-06 3.6465e-05 7.02412e-05 5.76255e-05 3.22169e-05 1.41558e-05 4.69618e-06 8.55954e-07 0 
0 0.000137237 0.000419292 0.000531984 0.000375724 0.000175428 6.32153e-05 1.98063e-05 5.93491e-06 1.85199e-06 6.50489e-07 2.7493e-07 1.47173e-07 1.03047e-07 9.54695e-08 1.16021e-07 1.80037e-07 3.41986e-07 7.5267e-07 1.79086e-06 4.17333e-06 7.92377e-06 7.96539e-06 1.49147e-06 6.20657e-09 3.41965e-14 2.23981e-15 6.93211e-16 7.65342e-16 2.78538e-15 3.34267e-14 6.29788e-11 4.61406e-07 1.71306e-05 4.5833e-05 4.1311e-05 2.36883e-05 1.04776e-05 3.48193e-06 6.34918e-07 0 
0 0.000106649 0.000364968 0.000572243 0.000543991 0.000355513 0.000181636 8.12476e-05 3.47158e-05 1.51861e-05 7.21062e-06 3.90181e-06 2.4971e-06 1.93467e-06 1.82992e-06 2.09975e-06 2.86585e-06 4.50957e-06 7.8464e-06 1.42762e-05 2.48743e-05 3.46427e-05 2.47184e-05 3.00292e-06 6.30571e-09 9.31435e-15 1.51033e-15 7.65342e-16 2.17637e-15 9.7238e-15 1.56297e-13 1.69569e-11 2.40589e-07 1.13549e-05 3.25088e-05 2.9748e-05 1.71041e-05 7.56787e-06 2.51493e-06 4.58578e-07 0 
0 7.86652e-05 0.000291012 0.000532438 0.000642258 0.000560757 0.000387328 0.00023268 0.000131846 7.49994e-05 4.49203e-05 2.93886e-05 2.15732e-05 1.80651e-05 1.73589e-05 1.90546e-05 2.35588e-05 3.20719e-05 4.65884e-05 6.90679e-05 9.69849e-05 0.000110375 7.01291e-05 1.01836e-05 5.46901e-08 1.08553e-12 1.10077e-14 2.78538e-15 9.7238e-15 1.72952e-15 1.16913e-15 2.21982e-10 5.01755e-07 1.13937e-05 2.54456e-05 2.15564e-05 1.21145e-05 5.32505e-06 1.76631e-06 3.21903e-07 0 
0 5.52226e-05 0.00021457 0.000434518 0.00062168 0.000683393 0.000610518 0.00047268 0.000338781 0.000237752 0.000170518 0.000128921 0.000104952 9.31607e-05 9.05734e-05 9.61547e-05 0.000110356 0.000134671 0.000170617 0.000216616 0.000259697 0.000261648 0.000171934 4.21184e-05 1.30625e-06 1.4073e-09 6.79918e-14 3.34267e-14 1.56297e-13 1.16913e-15 4.42005e-12 1.88502e-08 2.14621e-06 1.42501e-05 2.08411e-05 1.54793e-05 8.36896e-06 3.63816e-06 1.20301e-06 2.19054e-07 0 
0 3.69674e-05 0.000147768 0.000317739 0.000506096 0.000652558 0.000710545 0.000679179 0.000595144 0.000499057 0.000415373 0.000352781 0.000311587 0.000289418 0.000283961 0.000293814 0.00031833 0.000356678 0.000405748 0.000456058 0.000485257 0.0004537 0.000323547 0.000133328 1.95546e-05 6.04479e-07 4.89549e-09 6.29788e-11 1.69569e-11 2.21982e-10 1.88502e-08 8.67671e-07 7.66783e-06 1.68613e-05 1.65148e-05 1.07643e-05 5.59181e-06 2.40236e-06 7.91669e-07 1.44013e-07 0 
0 2.35986e-05 9.57577e-05 0.000212596 0.000359309 0.000509129 0.000630348 0.000700739 0.000718023 0.000696867 0.000657395 0.000616056 0.00058285 0.000562478 0.000556335 0.000563832 0.000582769 0.00060884 0.000634493 0.000647523 0.000630391 0.000562582 0.000430809 0.000252709 9.56772e-05 2.01616e-05 2.71929e-06 4.61406e-07 2.40589e-07 5.01755e-07 2.14621e-06 7.66783e-06 1.48315e-05 1.61407e-05 1.2014e-05 7.11543e-06 3.58296e-06 1.52449e-06 5.00911e-07 9.10421e-08 0 
0 1.43212e-05 5.85408e-05 0.000132004 0.000229704 0.000341556 0.000453431 0.000550805 0.000623642 0.000669368 0.000692082 0.000699256 0.000698397 0.000695084 0.000692338 0.000690684 0.000688438 0.000682016 0.000666354 0.000635583 0.000584077 0.000507917 0.000407032 0.000288885 0.000172741 8.46681e-05 3.6465e-05 1.71306e-05 1.13549e-05 1.13937e-05 1.42501e-05 1.68613e-05 1.61407e-05 1.23395e-05 7.90568e-06 4.42406e-06 2.18402e-06 9.23189e-07 3.02706e-07 5.49822e-08 0 
0 8.20157e-06 3.3638e-05 7.63787e-05 0.000134648 0.000204624 0.000280636 0.000356006 0.000424446 0.000481453 0.000525011 0.000555343 0.000574011 0.000582902 0.000583478 0.000576425 0.000561659 0.000538581 0.00050649 0.00046503 0.000414545 0.000356269 0.000292409 0.00022638 0.000163274 0.000109533 7.02412e-05 4.5833e-05 3.25088e-05 2.54456e-05 2.08411e-05 1.65148e-05 1.2014e-05 7.90568e-06 4.72482e-06 2.56947e-06 1.25485e-06 5.28405e-07 1.73036e-07 3.14163e-08 0 
0 4.37227e-06 1.79581e-05 4.0894e-05 7.24781e-05 0.000111133 0.000154485 0.000199604 0.000243402 0.00028308 0.000316491 0.0003423 0.000359911 0.00036927 0.000370633 0.000364415 0.000351127 0.000331403 0.000306059 0.000276146 0.000242942 0.000207882 0.000172476 0.000138252 0.000106762 7.95145e-05 5.76255e-05 4.1311e-05 2.9748e-05 2.15564e-05 1.54793e-05 1.07643e-05 7.11543e-06 4.42406e-06 2.56947e-06 1.3796e-06 6.70259e-07 2.81683e-07 9.21772e-08 1.67315e-08 0 
0 2.11726e-06 8.70119e-06 1.98367e-05 3.52297e-05 5.42023e-05 7.57318e-05 9.85369e-05 0.000121207 0.000142352 0.000160749 0.000175439 0.000185778 0.000191439 0.000192377 0.000188789 0.000181075 0.000169807 0.00015569 0.000139523 0.000122144 0.000104378 8.69794e-05 7.06027e-05 5.57817e-05 4.29132e-05 3.22169e-05 2.36883e-05 1.71041e-05 1.21145e-05 8.36896e-06 5.59181e-06 3.58296e-06 2.18402e-06 1.25485e-06 6.70259e-07 3.24894e-07 1.36414e-07 4.46239e-08 8.09886e-09 0 
0 8.88563e-07 3.6525e-06 8.3304e-06 1.48057e-05 2.28069e-05 3.19237e-05 4.16394e-05 5.13765e-05 6.05498e-05 6.86193e-05 7.51352e-05 7.97695e-05 8.23325e-05 8.27743e-05 8.11759e-05 7.7732e-05 7.27275e-05 6.65107e-05 5.94635e-05 5.19715e-05 4.43969e-05 3.70565e-05 3.02071e-05 2.40385e-05 1.86711e-05 1.41558e-05 1.04776e-05 7.56787e-06 5.32505e-06 3.63816e-06 2.40236e-06 1.52449e-06 9.23189e-07 5.28405e-07 2.81683e-07 1.36414e-07 5.72534e-08 1.87258e-08 3.39836e-09 0 
0 2.9061e-07 1.19467e-06 2.72515e-06 4.84471e-06 7.46597e-06 1.04568e-05 1.36504e-05 1.68597e-05 1.98929e-05 2.25708e-05 2.4741e-05 2.62898e-05 2.71492e-05 2.72994e-05 2.67666e-05 2.56173e-05 2.395e-05 2.18844e-05 1.95509e-05 1.7079e-05 1.45888e-05 1.21836e-05 9.9451e-06 7.93148e-06 6.17751e-06 4.69618e-06 3.48193e-06 2.51493e-06 1.76631e-06 1.20301e-06 7.91669e-07 5.00911e-07 3.02706e-07 1.73036e-07 9.21772e-08 4.46239e-08 1.87258e-08 6.12419e-09 1.11139e-09 0 
0 5.27389e-08 2.16811e-07 4.94591e-07 8.79353e-07 1.35532e-06 1.89863e-06 2.47915e-06 3.063e-06 3.61539e-06 4.10361e-06 4.49972e-06 4.78273e-06 4.93994e-06 4.96754e-06 4.87026e-06 4.66038e-06 4.35604e-06 3.97934e-06 3.5542e-06 3.10437e-06 2.65173e-06 2.21496e-06 1.80876e-06 1.44346e-06 1.12513e-06 8.55954e-07 6.34918e-07 4.58578e-07 3.21903e-07 2.19054e-07 1.44013e-07 9.10421e-08 5.49822e-08 3.14163e-08 1.67315e-08 8.09886e-09 3.39836e-09 1.11139e-09 2.01686e-10 0 
0 0 0 0 0 0 0 0 0 0 0 0 0 0 0 0 0 0 0 0 0 0 0 0 0 0 0 0 0 0 0 0 0 0 0 0 0 0 0 0 0 
