0 0 0 0 0 0 0 0 0 0 0 0 0 0 0 0 0 0 0 0 0 0 0 0 0 0 0 0 0 0 0 0 0 0 0 0 0 0 0 0 0 
0 1.34087e-05 5.32656e-05 0.000114016 0.000182723 0.000242661 0.000281195 0.000295274 0.000290124 0.000274139 0.000254783 0.00023705 0.000223653 0.00021576 0.000213668 0.000217201 0.000225852 0.000238727 0.000254389 0.000270694 0.000284768 0.00029326 0.00029295 0.000281625 0.000258929 0.000226744 0.000188786 0.00014952 0.000112891 8.14838e-05 5.63544e-05 3.73725e-05 2.37282e-05 1.43583e-05 8.21105e-06 4.37442e-06 2.11768e-06 8.88632e-07 2.90618e-07 5.27395e-08 0 
0 5.32656e-05 0.000201488 0.000391449 0.000533103 0.000561101 0.000487409 0.000372064 0.000264588 0.000184297 0.000130983 9.80706e-05 7.91751e-05 6.99322e-05 6.79774e-05 7.25556e-05 8.42383e-05 0.000104787 0.000137006 0.000184281 0.000249389 0.000332251 0.000426945 0.00051954 0.000589521 0.000616725 0.000591329 0.000519809 0.000421422 0.000318089 0.000225748 0.000151783 9.70252e-05 5.88952e-05 3.3726e-05 1.79774e-05 8.70486e-06 3.65308e-06 1.19474e-06 2.16816e-07 0 
0 0.000114016 0.000391449 0.000627029 0.000624504 0.000432755 0.000232279 0.000107107 4.63803e-05 2.03308e-05 9.6157e-06 5.17173e-06 3.29096e-06 2.54024e-06 2.40104e-06 2.76363e-06 3.80131e-06 6.0672e-06 1.08335e-05 2.07896e-05 4.11825e-05 8.10822e-05 0.000153384 0.000270672 0.000434186 0.000619053 0.000771058 0.00083212 0.000781439 0.000648895 0.000487077 0.000337437 0.00021888 0.000133744 7.68017e-05 4.09843e-05 1.98534e-05 8.33298e-06 2.72545e-06 4.9461e-07 0 
0 0.000182723 0.000533103 0.000624504 0.000389728 0.00015235 4.36022e-05 1.04494e-05 2.35807e-06 5.5811e-07 1.52796e-07 5.25942e-08 2.42561e-08 1.56002e-08 1.41988e-08 1.81071e-08 3.13396e-08 7.00825e-08 1.90508e-07 5.88888e-07 1.93657e-06 6.37066e-06 1.98849e-05 5.64411e-05 0.000140971 0.000301765 0.000540781 0.000795208 0.000950807 0.000934553 0.000778517 0.000571067 0.000381015 0.000235784 0.000136114 7.27852e-05 3.52852e-05 1.48141e-05 4.84567e-06 8.79412e-07 0 
0 0.000242661 0.000561101 0.000432755 0.00015235 3.03669e-05 4.12077e-06 4.47622e-07 4.55192e-08 5.05108e-09 7.05394e-10 1.40113e-10 4.3463e-11 2.23257e-11 1.93961e-11 2.80642e-11 6.44665e-11 2.18412e-10 9.96321e-10 5.53866e-09 3.39634e-08 2.09513e-07 1.2017e-06 6.02468e-06 2.52688e-05 8.61804e-05 0.000234406 0.000499257 0.000817581 0.00102377 0.00100348 0.000809027 0.000566348 0.000358208 0.000208667 0.000111972 5.43515e-05 2.28289e-05 7.46842e-06 1.35547e-06 0 
0 0.000281195 0.000487409 0.000232279 4.36022e-05 4.12077e-06 2.40743e-07 1.06145e-08 4.3426e-10 2.02809e-11 1.31289e-12 1.39197e-13 2.74548e-14 1.09101e-14 8.98714e-15 1.50176e-14 4.76481e-14 2.59353e-13 2.13626e-12 2.32128e-11 2.90055e-10 3.6702e-09 4.21693e-08 4.03835e-07 3.03594e-06 1.72984e-05 7.35349e-05 0.000231555 0.000534415 0.000891694 0.00108152 0.000997298 0.000750271 0.000490754 0.000289922 0.000156415 7.60714e-05 3.1973e-05 1.04622e-05 1.89895e-06 0 
0 0.000295274 0.000372064 0.000107107 1.04494e-05 4.47622e-07 1.06145e-08 1.78054e-10 2.74612e-12 5.07645e-14 1.44293e-15 7.81239e-17 9.49405e-18 2.87191e-18 2.23608e-18 4.34929e-18 1.94698e-17 1.75975e-16 2.72788e-15 6.07316e-14 1.62619e-12 4.44287e-11 1.07518e-09 2.06148e-08 2.89532e-07 2.84637e-06 1.92653e-05 9.00174e-05 0.000292061 0.000654676 0.0010079 0.0010962 0.000906767 0.000621137 0.000374234 0.000203437 9.92085e-05 4.1736e-05 1.36609e-05 2.47976e-06 0 
0 0.000290124 0.000264588 4.63803e-05 2.35807e-06 4.55192e-08 4.3426e-10 2.74612e-12 1.58276e-14 1.14892e-16 1.42635e-18 4.1482e-20 4.29983e-21 1.56946e-21 1.29192e-21 2.10984e-21 8.59503e-21 1.08738e-19 3.12693e-18 1.43411e-16 8.28215e-15 4.91899e-13 2.52515e-11 9.76422e-10 2.58024e-08 4.40163e-07 4.75035e-06 3.27056e-05 0.000146745 0.000434678 0.000847581 0.00110138 0.0010176 0.000737699 0.000455628 0.000250088 0.000122381 5.15443e-05 1.68776e-05 3.06404e-06 0 
0 0.000274139 0.000184297 2.03308e-05 5.5811e-07 5.05108e-09 2.02809e-11 5.07645e-14 1.14892e-16 3.44635e-19 2.28694e-21 9.18416e-23 1.85844e-23 9.42494e-24 8.20171e-24 1.10206e-23 2.77817e-23 1.80785e-22 5.22725e-21 4.4561e-19 5.33077e-17 6.61899e-15 6.94197e-13 5.22962e-11 2.52195e-09 7.27259e-08 1.22342e-06 1.21385e-05 7.33975e-05 0.000279131 0.00067443 0.00104061 0.00107865 0.000832248 0.000528736 0.000293475 0.00014419 6.08117e-05 1.99208e-05 3.61699e-06 0 
0 0.000254783 0.000130983 9.6157e-06 1.52796e-07 7.05394e-10 1.31289e-12 1.44293e-15 1.42635e-18 2.28695e-21 1.84491e-23 1.11682e-24 3.53093e-25 2.31056e-25 2.09603e-25 2.42374e-25 4.16868e-25 1.62356e-24 2.91852e-23 2.7279e-21 5.92174e-19 1.41427e-16 2.79798e-14 3.81264e-12 3.13928e-10 1.44467e-08 3.60899e-07 4.95378e-06 3.89052e-05 0.000183178 0.000530671 0.000952052 0.00109883 0.000901631 0.000589581 0.000331074 0.000163349 6.89899e-05 2.261e-05 4.10585e-06 0 
0 0.00023705 9.80706e-05 5.17173e-06 5.25942e-08 1.40113e-10 1.39197e-13 7.81239e-17 4.1482e-20 9.18418e-23 1.11682e-24 5.80042e-26 1.65925e-26 1.21128e-26 1.12532e-26 1.17636e-26 1.61588e-26 5.31567e-26 8.47331e-25 5.8678e-23 1.51e-20 6.04026e-18 2.0067e-15 4.43787e-13 5.6587e-11 3.81714e-09 1.31823e-07 2.36011e-06 2.29276e-05 0.000128032 0.000427803 0.000865855 0.00109362 0.000947276 0.0006359 0.000360955 0.000178796 7.56144e-05 2.47916e-05 4.5026e-06 0 
0 0.000223653 7.91751e-05 3.29096e-06 2.42561e-08 4.3463e-11 2.74548e-14 9.49405e-18 4.29984e-21 1.85845e-23 3.53095e-25 1.65927e-26 2.00837e-27 9.87547e-28 8.77157e-28 8.69704e-28 1.24737e-27 6.38448e-27 1.19212e-25 6.22943e-24 1.1627e-21 6.15418e-19 2.96946e-16 9.31647e-14 1.62939e-11 1.44919e-09 6.32622e-08 1.37279e-06 1.55487e-05 9.80763e-05 0.000362363 0.000798903 0.00107809 0.000973248 0.000666962 0.000381873 0.000189763 8.03394e-05 2.635e-05 4.78614e-06 0 
0 0.00021576 6.99322e-05 2.54024e-06 1.56002e-08 2.23257e-11 1.09101e-14 2.87191e-18 1.56946e-21 9.42497e-24 2.31058e-25 1.21129e-26 9.87556e-28 1.60798e-28 8.76772e-29 9.15336e-29 2.67194e-28 2.65084e-27 5.09433e-26 2.16418e-24 3.02285e-22 1.67182e-19 9.9467e-17 3.80717e-14 7.97001e-12 8.29728e-10 4.13956e-08 1.0024e-06 1.23909e-05 8.3745e-05 0.000327441 0.000757865 0.00106307 0.000984007 0.000683053 0.000393237 0.000195812 8.29591e-05 2.72154e-05 4.94369e-06 0 
0 0.000213668 6.79774e-05 2.40104e-06 1.41988e-08 1.93961e-11 8.98714e-15 2.23608e-18 1.29192e-21 8.20174e-24 2.09604e-25 1.12533e-26 8.77167e-28 8.7678e-29 1.809e-29 2.5811e-29 1.81302e-28 2.20113e-27 4.22725e-26 1.72516e-24 2.27927e-22 1.25444e-19 7.79563e-17 3.11213e-14 6.76933e-12 7.28887e-10 3.74231e-08 9.27854e-07 1.16876e-05 8.01864e-05 0.000317554 0.000743727 0.00105407 0.000982767 0.000684908 0.000395013 0.000196836 8.34141e-05 2.7367e-05 4.97137e-06 0 
0 0.000217201 7.25556e-05 2.76363e-06 1.81071e-08 2.80642e-11 1.50176e-14 4.34929e-18 2.10984e-21 1.10206e-23 2.42376e-25 1.17638e-26 8.69713e-28 9.15342e-29 2.58109e-29 4.02414e-29 2.43057e-28 2.9193e-27 6.07772e-26 2.86442e-24 4.5287e-22 2.51771e-19 1.39388e-16 4.98413e-14 9.81739e-12 9.69422e-10 4.62571e-08 1.08001e-06 1.29695e-05 8.57284e-05 0.000329723 0.000754575 0.00105163 0.000970744 0.000673336 0.000387618 0.000193029 8.17847e-05 2.6831e-05 4.87392e-06 0 
0 0.000225852 8.42383e-05 3.80131e-06 3.13396e-08 6.44665e-11 4.76481e-14 1.94698e-17 8.59503e-21 2.77817e-23 4.16871e-25 1.61589e-26 1.24737e-27 2.67192e-28 1.813e-28 2.43054e-28 7.81796e-28 7.48669e-27 1.7615e-25 1.11615e-23 2.51643e-21 1.23874e-18 5.26361e-16 1.4675e-13 2.30931e-11 1.87403e-09 7.57282e-08 1.54274e-06 1.66214e-05 0.000100926 0.000362829 0.000786146 0.00105189 0.000947184 0.000649099 0.000371837 0.000184847 7.82736e-05 2.56747e-05 4.66365e-06 0 
0 0.000238727 0.000104787 6.0672e-06 7.00825e-08 2.18412e-10 2.59353e-13 1.75975e-16 1.08738e-19 1.80786e-22 1.62357e-24 5.31568e-26 6.38446e-27 2.65082e-27 2.20111e-27 2.91928e-27 7.48666e-27 5.66603e-26 1.50579e-24 1.38503e-22 3.73795e-20 1.299e-17 3.72812e-15 7.20245e-13 8.13783e-11 4.94243e-09 1.56229e-07 2.60193e-06 2.38797e-05 0.000127859 0.000415701 0.000830507 0.00104709 0.000909948 0.000613024 0.000348762 0.000172953 7.31795e-05 2.3998e-05 4.35879e-06 0 
0 0.000254389 0.000137006 1.08335e-05 1.90508e-07 9.96321e-10 2.13626e-12 2.72788e-15 3.12693e-18 5.22725e-21 2.91852e-23 8.4733e-25 1.19212e-25 5.0943e-26 4.22723e-26 6.07768e-26 1.76149e-25 1.50579e-24 5.06341e-23 5.83047e-21 1.15428e-18 2.4346e-16 4.27478e-14 5.21608e-12 3.88916e-10 1.64107e-08 3.80859e-07 4.92222e-06 3.69151e-05 0.000168657 0.000483198 0.000873436 0.00102621 0.000856429 0.000566208 0.000319752 0.00015816 6.68661e-05 2.19224e-05 3.98152e-06 0 
0 0.000270694 0.000184281 2.07896e-05 5.88888e-07 5.53866e-09 2.32128e-11 6.07316e-14 1.43411e-16 4.4561e-19 2.7279e-21 5.86779e-23 6.22942e-24 2.16417e-24 1.72516e-24 2.86441e-24 1.11615e-23 1.38503e-22 5.83047e-21 4.97257e-19 5.67919e-17 6.73063e-15 6.74843e-13 4.86929e-11 2.25352e-09 6.2508e-08 1.01493e-06 9.77895e-06 5.80629e-05 0.000221029 0.000549136 0.000891625 0.000976231 0.000784537 0.000510187 0.000286359 0.000141361 5.97289e-05 1.95793e-05 3.55585e-06 0 
0 0.000284768 0.000249389 4.11825e-05 1.93657e-06 3.39634e-08 2.90055e-10 1.62619e-12 8.28215e-15 5.33077e-17 5.92174e-19 1.51e-20 1.1627e-21 3.02285e-22 2.27927e-22 4.5287e-22 2.51643e-21 3.73795e-20 1.15428e-18 5.67919e-17 3.53645e-15 2.26384e-13 1.2449e-11 5.09725e-10 1.40392e-08 2.45371e-07 2.67716e-06 1.85825e-05 8.52607e-05 0.000267244 0.000576666 0.00085202 0.000884178 0.000693411 0.000446951 0.000250228 0.000123459 5.21625e-05 1.70996e-05 3.10558e-06 0 
0 0.00029326 0.000332251 8.10822e-05 6.37066e-06 2.09513e-07 3.6702e-09 4.44287e-11 4.91899e-13 6.61899e-15 1.41427e-16 6.04026e-18 6.15418e-19 1.67182e-19 1.25444e-19 2.51771e-19 1.23874e-18 1.299e-17 2.4346e-16 6.73063e-15 2.26384e-13 7.73745e-12 2.29626e-10 5.20957e-09 8.2417e-08 8.64593e-07 5.99527e-06 2.85851e-05 9.91701e-05 0.00025923 0.000506424 0.000718249 0.000740082 0.000583729 0.000378796 0.000212983 0.000105306 4.45329e-05 1.46036e-05 2.6526e-06 0 
0 0.00029295 0.000426945 0.000153384 1.98849e-05 1.2017e-06 4.21693e-08 1.07518e-09 2.52515e-11 6.94197e-13 2.79798e-14 2.0067e-15 2.96946e-16 9.9467e-17 7.79563e-17 1.39388e-16 5.26361e-16 3.72812e-15 4.27478e-14 6.74843e-13 1.2449e-11 2.29626e-10 3.67739e-09 4.52246e-08 3.87401e-07 2.19313e-06 8.41337e-06 2.45073e-05 6.24226e-05 0.000147435 0.000302003 0.000476648 0.000543105 0.000458218 0.000308219 0.000176132 8.76522e-05 3.71557e-05 1.21945e-05 2.2156e-06 0 
0 0.000281625 0.00051954 0.000270672 5.64411e-05 6.02468e-06 4.03835e-07 2.06148e-08 9.76422e-10 5.22962e-11 3.81264e-12 4.43787e-13 9.31647e-14 3.80717e-14 3.11213e-14 4.98413e-14 1.4675e-13 7.20245e-13 5.21608e-12 4.86929e-11 5.09725e-10 5.20957e-09 4.52246e-08 2.87939e-07 1.15725e-06 2.66176e-06 3.80466e-06 4.80564e-06 8.36714e-06 2.32071e-05 7.65613e-05 0.000197159 0.000317237 0.000324086 0.00023818 0.000141063 7.11239e-05 3.02839e-05 9.95347e-06 1.80925e-06 0 
0 0.000258929 0.000589521 0.000434186 0.000140971 2.52688e-05 3.03594e-06 2.89532e-07 2.58024e-08 2.52195e-09 3.13928e-10 5.6587e-11 1.62939e-11 7.97001e-12 6.76933e-12 9.81739e-12 2.30931e-11 8.13783e-11 3.88916e-10 2.25352e-09 1.40392e-08 8.2417e-08 3.87401e-07 1.15725e-06 1.59804e-06 7.72495e-07 1.54404e-07 3.44673e-08 3.3234e-08 2.10082e-07 3.25366e-06 3.34243e-05 0.00012692 0.000197493 0.000172804 0.000109114 5.62168e-05 2.41018e-05 7.93828e-06 1.44386e-06 0 
0 0.000226744 0.000616725 0.000619053 0.000301765 8.61804e-05 1.72984e-05 2.84637e-06 4.40163e-07 7.27259e-08 1.44467e-08 3.81714e-09 1.44919e-09 8.29728e-10 7.28887e-10 9.69422e-10 1.87403e-09 4.94243e-09 1.64107e-08 6.2508e-08 2.45371e-07 8.64593e-07 2.19313e-06 2.66176e-06 7.72495e-07 2.54334e-08 1.19279e-10 8.49204e-13 2.88197e-13 1.44351e-11 7.42333e-09 1.47001e-06 3.05446e-05 0.000101127 0.000117466 8.15672e-05 4.32899e-05 1.87247e-05 6.18315e-06 1.12545e-06 0 
0 0.000188786 0.000591329 0.000771058 0.000540781 0.000234406 7.35349e-05 1.92653e-05 4.75035e-06 1.22342e-06 3.60899e-07 1.31823e-07 6.32622e-08 4.13956e-08 3.74231e-08 4.62571e-08 7.57282e-08 1.56229e-07 3.80859e-07 1.01493e-06 2.67716e-06 5.99527e-06 8.41337e-06 3.80466e-06 1.54404e-07 1.19279e-10 2.18032e-15 1.21185e-15 2.89993e-15 6.31096e-17 1.1312e-12 2.03039e-08 5.00653e-06 4.62484e-05 7.66036e-05 5.93735e-05 3.25353e-05 1.42001e-05 4.70075e-06 8.56208e-07 0 
0 0.00014952 0.000519809 0.00083212 0.000795208 0.000499257 0.000231555 9.00174e-05 3.27056e-05 1.21385e-05 4.95378e-06 2.36011e-06 1.37279e-06 1.0024e-06 9.27854e-07 1.08001e-06 1.54274e-06 2.60193e-06 4.92222e-06 9.77895e-06 1.85825e-05 2.85851e-05 2.45073e-05 4.80564e-06 3.44673e-08 8.49204e-13 1.21185e-15 9.38679e-17 1.44874e-16 2.27093e-17 3.19936e-16 4.29777e-10 1.01048e-06 2.28393e-05 5.06188e-05 4.26878e-05 2.39371e-05 1.05117e-05 3.48538e-06 6.35108e-07 0 
0 0.000112891 0.000421422 0.000781439 0.000950807 0.000817581 0.000534415 0.000292061 0.000146745 7.33975e-05 3.89052e-05 2.29276e-05 1.55487e-05 1.23909e-05 1.16876e-05 1.29695e-05 1.66214e-05 2.38797e-05 3.69151e-05 5.80629e-05 8.52607e-05 9.91701e-05 6.24226e-05 8.36714e-06 3.3234e-08 2.88197e-13 2.89993e-15 1.44874e-16 2.39107e-17 1.00096e-17 2.36727e-16 1.3232e-10 5.46795e-07 1.52499e-05 3.59073e-05 3.07201e-05 1.72776e-05 7.59139e-06 2.5173e-06 4.58707e-07 0 
0 8.14838e-05 0.000318089 0.000648895 0.000934553 0.00102377 0.000891694 0.000654676 0.000434678 0.000279131 0.000183178 0.000128032 9.80763e-05 8.3745e-05 8.01864e-05 8.57284e-05 0.000100926 0.000127859 0.000168657 0.000221029 0.000267244 0.00025923 0.000147435 2.32071e-05 2.10082e-07 1.44351e-11 6.31095e-17 2.27093e-17 1.00096e-17 6.50298e-17 6.31019e-15 1.18192e-09 9.96061e-07 1.46256e-05 2.76969e-05 2.21581e-05 1.22201e-05 5.33932e-06 1.76775e-06 3.21982e-07 0 
0 5.63544e-05 0.000225748 0.000487077 0.000778517 0.00100348 0.00108152 0.0010079 0.000847581 0.00067443 0.000530671 0.000427803 0.000362363 0.000327441 0.000317554 0.000329723 0.000362829 0.000415701 0.000483198 0.000549136 0.000576666 0.000506424 0.000302003 7.65613e-05 3.25366e-06 7.42333e-09 1.1312e-12 3.19936e-16 2.36728e-16 6.31019e-15 3.71455e-11 5.56528e-08 3.40652e-06 1.69754e-05 2.21598e-05 1.5799e-05 8.42423e-06 3.6457e-06 1.20378e-06 2.19096e-07 0 
0 3.73725e-05 0.000151783 0.000337437 0.000571067 0.000809027 0.000997298 0.0010962 0.00110138 0.00104061 0.000952052 0.000865855 0.000798903 0.000757865 0.000743727 0.000754575 0.000786146 0.000830507 0.000873436 0.000891625 0.00085202 0.000718249 0.000476648 0.000197159 3.34243e-05 1.47001e-06 2.03039e-08 4.29777e-10 1.3232e-10 1.18192e-09 5.56528e-08 1.53902e-06 9.92829e-06 1.86992e-05 1.71563e-05 1.09079e-05 5.61659e-06 2.4058e-06 7.92029e-07 1.44033e-07 0 
0 2.37282e-05 9.70252e-05 0.00021888 0.000381015 0.000566348 0.000750271 0.000906767 0.0010176 0.00107865 0.00109883 0.00109362 0.00107809 0.00106307 0.00105407 0.00105163 0.00105189 0.00104709 0.00102621 0.000976231 0.000884178 0.000740082 0.000543105 0.000317237 0.00012692 3.05446e-05 5.00653e-06 1.01048e-06 5.46795e-07 9.96061e-07 3.40652e-06 9.92829e-06 1.67911e-05 1.70188e-05 1.22654e-05 7.16963e-06 3.59247e-06 1.52585e-06 5.01058e-07 9.10507e-08 0 
0 1.43583e-05 5.88952e-05 0.000133744 0.000235784 0.000358208 0.000490754 0.000621137 0.000737699 0.000832248 0.000901631 0.000947276 0.000973248 0.000984007 0.000982767 0.000970744 0.000947184 0.000909948 0.000856429 0.000784537 0.000693411 0.000583729 0.000458218 0.000324086 0.000197493 0.000101127 4.62484e-05 2.28393e-05 1.52499e-05 1.46256e-05 1.69754e-05 1.86992e-05 1.70188e-05 1.26412e-05 7.98559e-06 4.44137e-06 2.18716e-06 9.23657e-07 3.02759e-07 5.49854e-08 0 
0 8.21105e-06 3.3726e-05 7.68017e-05 0.000136114 0.000208667 0.000289922 0.000374234 0.000455628 0.000528736 0.000589581 0.0006359 0.000666962 0.000683053 0.000684908 0.000673336 0.000649099 0.000613024 0.000566208 0.000510187 0.000446951 0.000378796 0.000308219 0.00023818 0.000172804 0.000117466 7.66036e-05 5.06188e-05 3.59073e-05 2.76969e-05 2.21598e-05 1.71563e-05 1.22654e-05 7.98559e-06 4.74593e-06 2.57419e-06 1.25575e-06 5.28545e-07 1.73053e-07 3.14174e-08 0 
0 4.37442e-06 1.79774e-05 4.09843e-05 7.27852e-05 0.000111972 0.000156415 0.000203437 0.000250088 0.000293475 0.000331074 0.000360955 0.000381873 0.000393237 0.000395013 0.000387618 0.000371837 0.000348762 0.000319752 0.000286359 0.000250228 0.000212983 0.000176132 0.000141063 0.000109114 8.15672e-05 5.93735e-05 4.26878e-05 3.07201e-05 2.21581e-05 1.5799e-05 1.09079e-05 7.16963e-06 4.44137e-06 2.57419e-06 1.38071e-06 6.70479e-07 2.81719e-07 9.21815e-08 1.67318e-08 0 
0 2.11768e-06 8.70486e-06 1.98534e-05 3.52852e-05 5.43515e-05 7.60714e-05 9.92085e-05 0.000122381 0.00014419 0.000163349 0.000178796 0.000189763 0.000195812 0.000196836 0.000193029 0.000184847 0.000172953 0.00015816 0.000141361 0.000123459 0.000105306 8.76522e-05 7.11239e-05 5.62168e-05 4.32899e-05 3.25353e-05 2.39371e-05 1.72776e-05 1.22201e-05 8.42423e-06 5.61659e-06 3.59247e-06 2.18716e-06 1.25575e-06 6.70479e-07 3.2494e-07 1.36422e-07 4.46249e-08 8.09893e-09 0 
0 8.88632e-07 3.65308e-06 8.33298e-06 1.48141e-05 2.28289e-05 3.1973e-05 4.1736e-05 5.15443e-05 6.08117e-05 6.89899e-05 7.56144e-05 8.03394e-05 8.29591e-05 8.34141e-05 8.17847e-05 7.82736e-05 7.31795e-05 6.68661e-05 5.97289e-05 5.21625e-05 4.45329e-05 3.71557e-05 3.02839e-05 2.41018e-05 1.87247e-05 1.42001e-05 1.05117e-05 7.59139e-06 5.33932e-06 3.6457e-06 2.4058e-06 1.52585e-06 9.23657e-07 5.28545e-07 2.81719e-07 1.36422e-07 5.72548e-08 1.8726e-08 3.39837e-09 0 
0 2.90618e-07 1.19474e-06 2.72545e-06 4.84567e-06 7.46842e-06 1.04622e-05 1.36609e-05 1.68776e-05 1.99208e-05 2.261e-05 2.47916e-05 2.635e-05 2.72154e-05 2.7367e-05 2.6831e-05 2.56747e-05 2.3998e-05 2.19224e-05 1.95793e-05 1.70996e-05 1.46036e-05 1.21945e-05 9.95347e-06 7.93828e-06 6.18315e-06 4.70075e-06 3.48538e-06 2.5173e-06 1.76775e-06 1.20378e-06 7.92029e-07 5.01058e-07 3.02759e-07 1.73053e-07 9.21815e-08 4.46249e-08 1.8726e-08 6.12421e-09 1.11139e-09 0 
0 5.27395e-08 2.16816e-07 4.9461e-07 8.79412e-07 1.35547e-06 1.89895e-06 2.47976e-06 3.06404e-06 3.61699e-06 4.10585e-06 4.5026e-06 4.78614e-06 4.94369e-06 4.97137e-06 4.87392e-06 4.66365e-06 4.35879e-06 3.98152e-06 3.55585e-06 3.10558e-06 2.6526e-06 2.2156e-06 1.80925e-06 1.44386e-06 1.12545e-06 8.56208e-07 6.35108e-07 4.58707e-07 3.21982e-07 2.19096e-07 1.44033e-07 9.10507e-08 5.49854e-08 3.14174e-08 1.67318e-08 8.09893e-09 3.39837e-09 1.11139e-09 2.01686e-10 0 
0 0 0 0 0 0 0 0 0 0 0 0 0 0 0 0 0 0 0 0 0 0 0 0 0 0 0 0 0 0 0 0 0 0 0 0 0 0 0 0 0 
