0 0 0 0 0 0 0 0 0 0 0 0 0 0 0 0 0 0 0 0 0 0 0 0 0 0 0 0 0 0 0 0 0 0 0 0 0 0 0 0 0 
0 1.33068e-05 5.23873e-05 0.0001104 0.000172927 0.000223186 0.000250718 0.000255377 0.000244055 0.000225143 0.00020516 0.000188004 0.000175528 0.000168369 0.000166567 0.000169907 0.000178014 0.000190276 0.00020567 0.000222557 0.000238575 0.000250744 0.00025591 0.000251493 0.000236345 0.00021134 0.000179324 0.000144322 0.000110348 8.03756e-05 5.59235e-05 3.72225e-05 2.36814e-05 1.43451e-05 8.20774e-06 4.37368e-06 2.11753e-06 8.88609e-07 2.90616e-07 5.27393e-08 0 
0 5.23873e-05 0.000193931 0.00036253 0.000466867 0.000459687 0.000373067 0.000267459 0.000180005 0.000119616 8.17669e-05 5.939e-05 4.69409e-05 4.09819e-05 3.97572e-05 4.27428e-05 5.04052e-05 6.41462e-05 8.63079e-05 0.000120016 0.000168516 0.000233618 0.000313187 0.0003985 0.000473567 0.000518923 0.000519987 0.000475289 0.000397716 0.000307262 0.000221464 0.000150297 9.65692e-05 5.87705e-05 3.36956e-05 1.79708e-05 8.70362e-06 3.65289e-06 1.19472e-06 2.16814e-07 0 
0 0.0001104 0.00036253 0.000537064 0.000481555 0.000298273 0.000144078 6.03477e-05 2.39301e-05 9.68732e-06 4.2766e-06 2.17613e-06 1.33121e-06 1.00533e-06 9.46625e-07 1.10443e-06 1.56406e-06 2.60408e-06 4.8994e-06 9.97469e-06 2.10435e-05 4.41936e-05 8.9211e-05 0.000168104 0.00028855 0.00044174 0.000592293 0.000686907 0.000687517 0.000600198 0.000466407 0.00033006 0.000216612 0.000133132 7.6656e-05 4.09536e-05 1.98478e-05 8.33212e-06 2.72535e-06 4.94604e-07 0 
0 0.000172927 0.000466867 0.000481555 0.000258106 8.677e-05 2.14737e-05 4.46195e-06 8.76558e-07 1.82284e-07 4.45413e-08 1.39842e-08 6.03969e-09 3.74531e-09 3.38685e-09 4.41693e-09 8.02405e-09 1.9249e-08 5.70761e-08 1.94597e-07 7.09763e-07 2.591e-06 8.94397e-06 2.79207e-05 7.6314e-05 0.000178491 0.000350681 0.000568428 0.000749243 0.000802665 0.000713638 0.000546023 0.000373072 0.000233637 0.000135609 7.26811e-05 3.52666e-05 1.48113e-05 4.84535e-06 8.79392e-07 0 
0 0.000223186 0.000459687 0.000298273 8.677e-05 1.42443e-05 1.58064e-06 1.3958e-07 1.15617e-08 1.05823e-09 1.24752e-10 2.16053e-11 6.07736e-12 2.9565e-12 2.54368e-12 3.805e-12 9.39365e-12 3.53362e-11 1.83507e-10 1.18107e-09 8.45727e-09 6.09776e-08 4.06437e-07 2.34244e-06 1.11432e-05 4.25737e-05 0.000128872 0.000306228 0.000563804 0.000794122 0.000861066 0.000745804 0.000544854 0.000352255 0.000207267 0.000111687 5.43015e-05 2.28216e-05 7.46761e-06 1.35542e-06 0 
0 0.000250718 0.000373067 0.000144078 2.14737e-05 1.58064e-06 7.04483e-08 2.34074e-09 7.22896e-11 2.59253e-12 1.33042e-13 1.16881e-14 2.01566e-15 7.43294e-16 6.04139e-16 1.05678e-15 3.70198e-15 2.32633e-14 2.28941e-13 3.04209e-12 4.70523e-11 7.38292e-10 1.04422e-08 1.21296e-07 1.08416e-06 7.18378e-06 3.4831e-05 0.000123841 0.000323773 0.000617747 0.000853871 0.000874119 0.000703492 0.000477137 0.000286674 0.000155757 7.59573e-05 3.19566e-05 1.04604e-05 1.89884e-06 0 
0 0.000255377 0.000267459 6.03477e-05 4.46195e-06 1.3958e-07 2.34074e-09 2.7295e-11 2.93221e-13 3.85956e-15 8.13555e-17 3.46691e-18 3.67672e-19 1.11342e-19 8.80072e-20 1.66681e-19 7.91233e-19 8.4896e-18 1.65458e-16 4.77374e-15 1.68266e-13 6.06778e-12 1.92123e-10 4.7325e-09 8.32557e-08 9.95243e-07 7.94891e-06 4.27932e-05 0.000158449 0.000408214 0.000728322 0.00090473 0.00082265 0.000594787 0.000367766 0.00020212 9.8982e-05 4.17037e-05 1.36574e-05 2.47956e-06 0 
0 0.000244055 0.000180005 2.39301e-05 8.76558e-07 1.15617e-08 7.22896e-11 2.93221e-13 1.0865e-15 5.2095e-18 4.82397e-20 2.40839e-21 6.55661e-22 3.51605e-22 3.05747e-22 4.13216e-22 9.04009e-22 4.4833e-21 1.10544e-19 6.78576e-18 5.48513e-16 4.57544e-14 3.26476e-12 1.71723e-10 5.98929e-09 1.30098e-07 1.72092e-06 1.40217e-05 7.27329e-05 0.000248296 0.000564428 0.000853921 0.000889261 0.000693658 0.000444374 0.000247769 0.000121983 5.14881e-05 1.68717e-05 3.0637e-06 0 
0 0.000225143 0.000119616 9.68732e-06 1.82284e-07 1.05823e-09 2.59253e-12 3.85956e-15 5.2095e-18 1.07706e-20 1.57087e-22 2.15704e-23 1.1834e-23 9.35214e-24 8.68764e-24 9.36572e-24 1.1903e-23 2.74075e-23 2.40405e-22 1.37659e-20 2.32555e-18 4.29826e-16 6.6314e-14 7.16798e-12 4.79102e-10 1.8375e-08 3.9318e-07 4.75082e-06 3.37877e-05 0.000148844 0.000419678 0.000761567 0.000907512 0.000767397 0.00051136 0.000289831 0.000143562 6.07236e-05 1.99115e-05 3.61646e-06 0 
0 0.00020516 8.17669e-05 4.2766e-06 4.45413e-08 1.24752e-10 1.33042e-13 8.13555e-17 4.82397e-20 1.57087e-22 4.3656e-24 9.28133e-25 6.93241e-25 6.68477e-25 6.45436e-25 6.1464e-25 5.9052e-25 8.40253e-25 3.56339e-24 1.00369e-22 1.84279e-20 6.7061e-18 2.05129e-15 4.20234e-13 5.00497e-11 3.18217e-09 1.04495e-07 1.79381e-06 1.68726e-05 9.27128e-05 0.000313482 0.000664071 0.000893177 0.000815822 0.000565438 0.000325909 0.000162456 6.88646e-05 2.25969e-05 4.1051e-06 0 
0 0.000188004 5.939e-05 2.17613e-06 1.39842e-08 2.16053e-11 1.16881e-14 3.46691e-18 2.40839e-21 2.15705e-23 9.28135e-25 1.331e-25 7.68026e-26 7.65653e-26 7.4983e-26 6.68632e-26 5.62451e-26 6.69643e-26 2.62065e-25 5.14517e-24 4.81123e-22 2.23485e-19 1.1898e-16 4.10758e-14 7.83987e-12 7.53295e-10 3.51133e-08 8.03624e-07 9.5003e-06 6.24078e-05 0.000243535 0.000582484 0.000864399 0.000843324 0.000605323 0.000354287 0.000177635 7.54516e-05 2.47746e-05 4.50164e-06 0 
0 0.000175528 4.69409e-05 1.33121e-06 6.03969e-09 6.07736e-12 2.01566e-15 3.67672e-19 6.55661e-22 1.18341e-23 6.93243e-25 7.68028e-26 1.80059e-26 1.18166e-26 1.07869e-26 9.23163e-27 7.73893e-27 1.22616e-26 7.25589e-26 1.1847e-24 6.4132e-23 1.97806e-20 1.51669e-17 7.62931e-15 2.04618e-12 2.64859e-10 1.59e-08 4.47998e-07 6.24787e-06 4.66607e-05 0.000201504 0.000524732 0.000835465 0.000856076 0.000631273 0.000373965 0.000188378 8.01451e-05 2.63297e-05 4.785e-06 0 
0 0.000168369 4.09819e-05 1.00533e-06 3.74531e-09 2.9565e-12 7.43294e-16 1.11342e-19 3.51605e-22 9.35216e-24 6.68479e-25 7.65656e-26 1.18166e-26 3.20248e-27 1.89836e-27 1.52142e-27 1.70751e-27 5.71821e-27 4.47492e-26 6.47801e-25 2.56408e-23 5.28047e-21 4.69249e-18 2.92172e-15 9.50394e-13 1.45686e-10 1.00971e-08 3.20174e-07 4.90485e-06 3.93918e-05 0.000180076 0.000491778 0.000815021 0.000859588 0.000644317 0.000384563 0.000194287 8.27448e-05 2.7193e-05 4.94243e-06 0 
0 0.000166567 3.97572e-05 9.46625e-07 3.38685e-09 2.54368e-12 6.04139e-16 8.80072e-20 3.05748e-22 8.68766e-24 6.45438e-25 7.49833e-26 1.07869e-26 1.89837e-27 5.49413e-28 3.81227e-28 8.52519e-28 4.7391e-27 3.98616e-26 5.6449e-25 2.10891e-23 4.01691e-21 3.6479e-18 2.37427e-15 8.04048e-13 1.27692e-10 9.12054e-09 2.9646e-07 4.63158e-06 3.7764e-05 0.000174708 0.00048214 0.000806755 0.000857307 0.000645563 0.000386166 0.000195277 8.31948e-05 2.73441e-05 4.97008e-06 0 
0 0.000169907 4.27428e-05 1.10443e-06 4.41693e-09 3.805e-12 1.05678e-15 1.66681e-19 4.13216e-22 9.36574e-24 6.14642e-25 6.68634e-26 9.23166e-27 1.52143e-27 3.81227e-28 2.93179e-28 8.70691e-28 5.20065e-27 4.60753e-26 7.25935e-25 3.29996e-23 8.11156e-21 6.92814e-18 4.00138e-15 1.21646e-12 1.75787e-10 1.1589e-08 3.5266e-07 5.22763e-06 4.09249e-05 0.000183485 0.000493903 0.000810519 0.000850171 0.000635788 0.000379195 0.000191544 8.15757e-05 2.68091e-05 4.87269e-06 0 
0 0.000178014 5.04052e-05 1.56406e-06 8.02405e-09 9.39365e-12 3.70198e-15 7.91233e-19 9.04009e-22 1.1903e-23 5.90521e-25 5.62453e-26 7.73896e-27 1.70751e-27 8.52516e-28 8.70689e-28 1.77153e-27 8.31919e-27 7.77015e-26 1.56948e-24 1.09795e-22 4.33395e-20 2.95717e-17 1.30547e-14 3.11359e-12 3.63804e-10 2.00244e-08 5.25291e-07 6.91894e-06 4.94317e-05 0.000206455 0.000524828 0.000822897 0.000836778 0.000615369 0.000364327 0.000183525 7.80873e-05 2.56551e-05 4.66254e-06 0 
0 0.000190276 6.41462e-05 2.60408e-06 1.9249e-08 3.53362e-11 2.32633e-14 8.4896e-18 4.4833e-21 2.74075e-23 8.40254e-25 6.69644e-26 1.22616e-26 5.71819e-27 4.73908e-27 5.20063e-27 8.31917e-27 2.81447e-26 2.71114e-25 8.51849e-24 1.14903e-21 5.48687e-19 2.4951e-16 7.41866e-14 1.23794e-11 1.05778e-09 4.4632e-08 9.40893e-07 1.04152e-05 6.5033e-05 0.000244544 0.000570961 0.000837127 0.000813934 0.000584481 0.000342475 0.000171849 7.30235e-05 2.39816e-05 4.35786e-06 0 
0 0.00020567 8.63079e-05 4.8994e-06 5.70761e-08 1.83507e-10 2.28941e-13 1.65458e-16 1.10544e-19 2.40405e-22 3.56339e-24 2.62065e-25 7.25587e-26 4.47491e-26 3.98615e-26 4.60752e-26 7.77013e-26 2.71114e-25 3.22895e-24 1.79343e-22 4.08493e-20 1.32259e-17 3.55026e-15 6.4406e-13 6.87248e-11 3.96693e-09 1.19918e-07 1.9217e-06 1.7107e-05 9.02085e-05 0.000297201 0.000623769 0.000842765 0.000777488 0.000543431 0.000314789 0.00015729 6.67427e-05 2.19093e-05 3.98078e-06 0 
0 0.000222557 0.000120016 9.97469e-06 1.94597e-07 1.18107e-09 3.04209e-12 4.77374e-15 6.78576e-18 1.37659e-20 1.00369e-22 5.14517e-24 1.1847e-24 6.47799e-25 5.64489e-25 7.25934e-25 1.56948e-24 8.51848e-24 1.79343e-22 1.66059e-20 2.76318e-18 4.8644e-16 7.15587e-14 7.38829e-12 4.72613e-10 1.73867e-08 3.57987e-07 4.18264e-06 2.89838e-05 0.000125942 0.000357004 0.00066591 0.000825782 0.000723363 0.000492976 0.000282634 0.000140707 5.96356e-05 1.95694e-05 3.55528e-06 0 
0 0.000238575 0.000168516 2.10435e-05 7.09763e-07 8.45727e-09 4.70523e-11 1.68266e-13 5.48513e-16 2.32555e-18 1.84279e-20 4.81123e-22 6.4132e-23 2.56408e-23 2.10891e-23 3.29996e-23 1.09794e-22 1.14903e-21 4.08493e-20 2.76318e-18 2.43598e-16 2.21541e-14 1.71273e-12 9.64441e-11 3.54167e-09 7.95164e-08 1.07037e-06 8.81042e-06 4.64035e-05 0.000164084 0.000399392 0.000667214 0.000769884 0.000648584 0.000434479 0.000247526 0.000122981 5.20939e-05 1.70922e-05 3.10515e-06 0 
0 0.000250744 0.000233618 4.41936e-05 2.591e-06 6.09776e-08 7.38292e-10 6.06778e-12 4.57544e-14 4.29826e-16 6.7061e-18 2.23485e-19 1.97806e-20 5.28047e-21 4.01691e-21 8.11156e-21 4.33395e-20 5.48687e-19 1.32259e-17 4.8644e-16 2.21541e-14 1.0292e-12 4.11632e-11 1.2347e-09 2.51203e-08 3.27684e-07 2.72526e-06 1.5065e-05 5.90279e-05 0.000171864 0.000373139 0.000586978 0.000660066 0.00055213 0.000369886 0.000211027 0.000104956 4.44821e-05 1.45981e-05 2.65228e-06 0 
0 0.00025591 0.000313187 8.9211e-05 8.94397e-06 4.06437e-07 1.04422e-08 1.92123e-10 3.26476e-12 6.6314e-14 2.05129e-15 1.1898e-16 1.51669e-17 4.69249e-18 3.6479e-18 6.92814e-18 2.95717e-17 2.4951e-16 3.55026e-15 7.15587e-14 1.71273e-12 4.11632e-11 8.53043e-10 1.33432e-08 1.41571e-07 9.6018e-07 4.26383e-06 1.39841e-05 3.94718e-05 0.000102722 0.000231438 0.000399758 0.000491013 0.000435979 0.00030165 0.000174653 8.73843e-05 3.71166e-05 1.21902e-05 2.21535e-06 0 
0 0.000251493 0.0003985 0.000168104 2.79207e-05 2.34244e-06 1.21296e-07 4.7325e-09 1.71723e-10 7.16798e-12 4.20234e-13 4.10758e-14 7.62931e-15 2.92172e-15 2.37427e-15 4.00138e-15 1.30547e-14 7.41866e-14 6.4406e-13 7.38829e-12 9.64441e-11 1.2347e-09 1.33432e-08 1.03824e-07 4.9371e-07 1.28589e-06 1.99462e-06 2.67997e-06 5.02853e-06 1.54536e-05 5.72177e-05 0.000163656 0.000285636 0.000307833 0.000232953 0.00013985 7.09026e-05 3.02516e-05 9.94998e-06 1.80905e-06 0 
0 0.000236345 0.000473567 0.00028855 7.6314e-05 1.11432e-05 1.08416e-06 8.32557e-08 5.98929e-09 4.79102e-10 5.00497e-11 7.83987e-12 2.04618e-12 9.50394e-13 8.04048e-13 1.21646e-12 3.11359e-12 1.23794e-11 6.87248e-11 4.72613e-10 3.54167e-09 2.51203e-08 1.41571e-07 4.9371e-07 7.53578e-07 3.71126e-07 7.00874e-08 1.46796e-08 1.45587e-08 1.0763e-07 2.06884e-06 2.56718e-05 0.000110701 0.000185378 0.000168329 0.000108038 5.6021e-05 2.40736e-05 7.93528e-06 1.44368e-06 0 
0 0.00021134 0.000518923 0.00044174 0.000178491 4.25737e-05 7.18378e-06 9.95243e-07 1.30098e-07 1.8375e-08 3.18217e-09 7.53295e-10 2.64859e-10 1.45686e-10 1.27692e-10 1.75787e-10 3.63804e-10 1.05778e-09 3.96693e-09 1.73867e-08 7.95164e-08 3.27684e-07 9.6018e-07 1.28589e-06 3.71126e-07 1.031e-08 3.50949e-11 1.79516e-13 5.51848e-14 4e-12 3.24003e-09 9.44655e-07 2.48729e-05 9.27326e-05 0.00011359 8.05898e-05 4.31134e-05 1.86999e-05 6.18055e-06 1.1253e-06 0 
0 0.000179324 0.000519987 0.000592293 0.000350681 0.000128872 3.4831e-05 7.94891e-06 1.72092e-06 3.9318e-07 1.04495e-07 3.51133e-08 1.59e-08 1.00971e-08 9.12054e-09 1.1589e-08 2.00244e-08 4.4632e-08 1.19918e-07 3.57987e-07 1.07037e-06 2.72526e-06 4.26383e-06 1.99462e-06 7.00874e-08 3.50949e-11 3.59928e-16 2.52889e-15 2.18085e-15 8.0612e-16 2.79687e-13 9.9971e-09 3.69593e-06 4.11232e-05 7.34239e-05 5.85217e-05 3.23823e-05 1.4179e-05 4.69859e-06 8.56089e-07 0 
0 0.000144322 0.000475289 0.000686907 0.000568428 0.000306228 0.000123841 4.27932e-05 1.40217e-05 4.75082e-06 1.79381e-06 8.03624e-07 4.47998e-07 3.20174e-07 2.9646e-07 3.5266e-07 5.25291e-07 9.40893e-07 1.9217e-06 4.18264e-06 8.81042e-06 1.5065e-05 1.39841e-05 2.67997e-06 1.46796e-08 1.79516e-13 2.52889e-15 3.28061e-16 2.21219e-16 6.27161e-17 2.8403e-16 1.65477e-10 6.84166e-07 1.98012e-05 4.81999e-05 4.20086e-05 2.38159e-05 1.04952e-05 3.48372e-06 6.35017e-07 0 
0 0.000110348 0.000397716 0.000687517 0.000749243 0.000563804 0.000323773 0.000158449 7.27329e-05 3.37877e-05 1.68726e-05 9.5003e-06 6.24787e-06 4.90485e-06 4.63158e-06 5.22763e-06 6.91894e-06 1.04152e-05 1.7107e-05 2.89838e-05 4.64035e-05 5.90279e-05 3.94718e-05 5.02853e-06 1.45587e-08 5.51848e-14 2.18086e-15 2.21219e-16 8.30572e-17 2.67027e-16 8.96453e-15 4.79703e-11 3.63457e-07 1.31709e-05 3.41835e-05 3.02379e-05 1.71925e-05 7.57992e-06 2.51615e-06 4.58645e-07 0 
0 8.03756e-05 0.000307262 0.000600198 0.000802665 0.000794122 0.000617747 0.000408214 0.000248296 0.000148844 9.27128e-05 6.24078e-05 4.66607e-05 3.93918e-05 3.7764e-05 4.09249e-05 4.94317e-05 6.5033e-05 9.02085e-05 0.000125942 0.000164084 0.000171864 0.000102722 1.54536e-05 1.0763e-07 4e-12 8.06119e-16 6.27161e-17 2.67026e-16 8.455e-17 1.12798e-15 5.14384e-10 7.08036e-07 1.29178e-05 2.65574e-05 2.18591e-05 1.21681e-05 5.33233e-06 1.76704e-06 3.21943e-07 0 
0 5.59235e-05 0.000221464 0.000466407 0.000713638 0.000861066 0.000853871 0.000728322 0.000564428 0.000419678 0.000313482 0.000243535 0.000201504 0.000180076 0.000174708 0.000183485 0.000206455 0.000244544 0.000297201 0.000357004 0.000399392 0.000373139 0.000231438 5.72177e-05 2.06884e-06 3.24003e-09 2.79687e-13 2.84031e-16 8.96454e-15 1.12798e-15 1.28463e-11 3.24506e-08 2.70627e-06 1.55605e-05 2.14958e-05 1.56402e-05 8.39695e-06 3.64199e-06 1.20341e-06 2.19075e-07 0 
0 3.72225e-05 0.000150297 0.00033006 0.000546023 0.000745804 0.000874119 0.00090473 0.000853921 0.000761567 0.000664071 0.000582484 0.000524732 0.000491778 0.00048214 0.000493903 0.000524828 0.000570961 0.000623769 0.00066591 0.000667214 0.000586978 0.000399758 0.000163656 2.56718e-05 9.44655e-07 9.9971e-09 1.65477e-10 4.79703e-11 5.14384e-10 3.24506e-08 1.15657e-06 8.72944e-06 1.77618e-05 1.68352e-05 1.08367e-05 5.60435e-06 2.4041e-06 7.91852e-07 1.44023e-07 0 
0 2.36814e-05 9.65692e-05 0.000216612 0.000373072 0.000544854 0.000703492 0.00082265 0.000889261 0.000907512 0.000893177 0.000864399 0.000835465 0.000815021 0.000806755 0.000810519 0.000822897 0.000837127 0.000842765 0.000825782 0.000769884 0.000660066 0.000491013 0.000285636 0.000110701 2.48729e-05 3.69593e-06 6.84166e-07 3.63457e-07 7.08036e-07 2.70627e-06 8.72944e-06 1.57857e-05 1.65768e-05 1.21401e-05 7.14277e-06 3.58777e-06 1.52518e-06 5.00986e-07 9.10465e-08 0 
0 1.43451e-05 5.87705e-05 0.000133132 0.000233637 0.000352255 0.000477137 0.000594787 0.000693658 0.000767397 0.000815822 0.000843324 0.000856076 0.000859588 0.000857307 0.000850171 0.000836778 0.000813934 0.000777488 0.000723363 0.000648584 0.00055213 0.000435979 0.000307833 0.000185378 9.27326e-05 4.11232e-05 1.98012e-05 1.31709e-05 1.29178e-05 1.55605e-05 1.77618e-05 1.65768e-05 1.24907e-05 7.94591e-06 4.4328e-06 2.18561e-06 9.23426e-07 3.02733e-07 5.49838e-08 0 
0 8.20774e-06 3.36956e-05 7.6656e-05 0.000135609 0.000207267 0.000286674 0.000367766 0.000444374 0.00051136 0.000565438 0.000605323 0.000631273 0.000644317 0.000645563 0.000635788 0.000615369 0.000584481 0.000543431 0.000492976 0.000434479 0.000369886 0.00030165 0.000232953 0.000168329 0.00011359 7.34239e-05 4.81999e-05 3.41835e-05 2.65574e-05 2.14958e-05 1.68352e-05 1.21401e-05 7.94591e-06 4.73547e-06 2.57186e-06 1.2553e-06 5.28476e-07 1.73045e-07 3.14169e-08 0 
0 4.37368e-06 1.79708e-05 4.09536e-05 7.26811e-05 0.000111687 0.000155757 0.00020212 0.000247769 0.000289831 0.000325909 0.000354287 0.000373965 0.000384563 0.000386166 0.000379195 0.000364327 0.000342475 0.000314789 0.000282634 0.000247526 0.000211027 0.000174653 0.00013985 0.000108038 8.05898e-05 5.85217e-05 4.20086e-05 3.02379e-05 2.18591e-05 1.56402e-05 1.08367e-05 7.14277e-06 4.4328e-06 2.57186e-06 1.38016e-06 6.7037e-07 2.81701e-07 9.21794e-08 1.67317e-08 0 
0 2.11753e-06 8.70362e-06 1.98478e-05 3.52666e-05 5.43015e-05 7.59573e-05 9.8982e-05 0.000121983 0.000143562 0.000162456 0.000177635 0.000188378 0.000194287 0.000195277 0.000191544 0.000183525 0.000171849 0.00015729 0.000140707 0.000122981 0.000104956 8.73843e-05 7.09026e-05 5.6021e-05 4.31134e-05 3.23823e-05 2.38159e-05 1.71925e-05 1.21681e-05 8.39695e-06 5.60435e-06 3.58777e-06 2.18561e-06 1.2553e-06 6.7037e-07 3.24918e-07 1.36418e-07 4.46244e-08 8.09889e-09 0 
0 8.88609e-07 3.65289e-06 8.33212e-06 1.48113e-05 2.28216e-05 3.19566e-05 4.17037e-05 5.14881e-05 6.07236e-05 6.88646e-05 7.54516e-05 8.01451e-05 8.27448e-05 8.31948e-05 8.15757e-05 7.80873e-05 7.30235e-05 6.67427e-05 5.96356e-05 5.20939e-05 4.44821e-05 3.71166e-05 3.02516e-05 2.40736e-05 1.86999e-05 1.4179e-05 1.04952e-05 7.57992e-06 5.33233e-06 3.64199e-06 2.4041e-06 1.52518e-06 9.23426e-07 5.28476e-07 2.81701e-07 1.36418e-07 5.72541e-08 1.87259e-08 3.39836e-09 0 
0 2.90616e-07 1.19472e-06 2.72535e-06 4.84535e-06 7.46761e-06 1.04604e-05 1.36574e-05 1.68717e-05 1.99115e-05 2.25969e-05 2.47746e-05 2.63297e-05 2.7193e-05 2.73441e-05 2.68091e-05 2.56551e-05 2.39816e-05 2.19093e-05 1.95694e-05 1.70922e-05 1.45981e-05 1.21902e-05 9.94998e-06 7.93528e-06 6.18055e-06 4.69859e-06 3.48372e-06 2.51615e-06 1.76704e-06 1.20341e-06 7.91852e-07 5.00986e-07 3.02733e-07 1.73045e-07 9.21794e-08 4.46244e-08 1.87259e-08 6.1242e-09 1.11139e-09 0 
0 5.27393e-08 2.16814e-07 4.94604e-07 8.79392e-07 1.35542e-06 1.89884e-06 2.47956e-06 3.0637e-06 3.61646e-06 4.1051e-06 4.50164e-06 4.785e-06 4.94243e-06 4.97008e-06 4.87269e-06 4.66254e-06 4.35786e-06 3.98078e-06 3.55528e-06 3.10515e-06 2.65228e-06 2.21535e-06 1.80905e-06 1.44368e-06 1.1253e-06 8.56089e-07 6.35017e-07 4.58645e-07 3.21943e-07 2.19075e-07 1.44023e-07 9.10465e-08 5.49838e-08 3.14169e-08 1.67317e-08 8.09889e-09 3.39836e-09 1.11139e-09 2.01686e-10 0 
0 0 0 0 0 0 0 0 0 0 0 0 0 0 0 0 0 0 0 0 0 0 0 0 0 0 0 0 0 0 0 0 0 0 0 0 0 0 0 0 0 
