0 0 0 0 0 0 0 0 0 0 0 0 0 0 0 0 0 0 0 0 0 0 0 0 0 0 0 0 0 0 0 0 0 0 0 0 0 0 0 0 0 
0 1.31727e-05 5.12533e-05 0.000105905 0.000161407 0.000201762 0.00021941 0.000216891 0.00020193 0.00018223 0.000163116 0.000147444 0.000136369 0.000130141 0.000128638 0.000131638 0.000138875 0.000149955 0.00016419 0.00018038 0.000196668 0.000210553 0.000219181 0.000219941 0.000211219 0.000193046 0.000167295 0.000137253 0.000106658 7.86694e-05 5.52244e-05 3.69681e-05 2.35988e-05 1.43212e-05 8.20158e-06 4.37227e-06 2.11726e-06 8.88563e-07 2.9061e-07 5.27389e-08 0 
0 5.12533e-05 0.000184487 0.000328732 0.000396778 0.000364071 0.000276677 0.000187401 0.000120161 7.66127e-05 5.0586e-05 3.57477e-05 2.77122e-05 2.39375e-05 2.31813e-05 2.50919e-05 3.00216e-05 3.90135e-05 5.38712e-05 7.7158e-05 0.00011187 0.000160456 0.000222992 0.000294873 0.000365278 0.000418438 0.000438954 0.000419415 0.000365044 0.000291052 0.000214588 0.000147775 9.57599e-05 5.85414e-05 3.36382e-05 1.79582e-05 8.70119e-06 3.6525e-06 1.19467e-06 2.16811e-07 0 
0 0.000105905 0.000328732 0.000443924 0.000355942 0.000198179 8.71627e-05 3.35285e-05 1.22733e-05 4.61315e-06 1.90757e-06 9.2037e-07 5.41978e-07 4.00727e-07 3.75946e-07 4.44447e-07 6.47503e-07 1.12303e-06 2.22173e-06 4.78437e-06 1.07039e-05 2.3834e-05 5.0915e-05 0.000101341 0.000183781 0.000298387 0.000427214 0.00053229 0.000572491 0.000532596 0.000434597 0.000317772 0.000212607 0.000132007 7.63795e-05 4.08942e-05 1.98367e-05 8.3304e-06 2.72515e-06 4.94591e-07 0 
0 0.000161407 0.000396778 0.000355942 0.000164673 4.83205e-05 1.04803e-05 1.90553e-06 3.27812e-07 6.01268e-08 1.31463e-08 3.7708e-09 1.52656e-09 9.13155e-10 8.20496e-10 1.09402e-09 2.08486e-09 5.35996e-09 1.73101e-08 6.49566e-08 2.62001e-07 1.05702e-06 4.01135e-06 1.36514e-05 4.03079e-05 0.00010123 0.000213793 0.000376055 0.000544385 0.000642602 0.000621897 0.000506197 0.000359346 0.000229715 0.000134651 7.24787e-05 3.52298e-05 1.48058e-05 4.84472e-06 8.79353e-07 0 
0 0.000201762 0.000364071 0.000198179 4.83205e-05 6.63342e-06 6.08262e-07 4.39599e-08 2.97943e-09 2.25633e-10 2.24993e-11 3.40112e-12 8.67876e-13 3.99855e-13 3.40678e-13 5.26858e-13 1.39776e-12 5.83524e-12 3.44626e-11 2.5636e-10 2.13862e-09 1.79672e-08 1.38599e-07 9.12904e-07 4.88146e-06 2.05988e-05 6.79611e-05 0.000175625 0.000355862 0.000561202 0.000683779 0.000652783 0.000509223 0.000341585 0.000204632 0.000111134 5.42026e-05 2.2807e-05 7.46597e-06 1.35532e-06 0 
0 0.00021941 0.000276677 8.71627e-05 1.04803e-05 6.08262e-07 2.08485e-08 5.24919e-10 1.22857e-11 3.3921e-13 1.38133e-14 1.00499e-15 1.51281e-16 5.16934e-17 4.14421e-17 7.59441e-17 2.9424e-16 2.13779e-15 2.51453e-14 4.08208e-13 7.8e-12 1.51352e-10 2.62617e-09 3.68409e-08 3.89114e-07 2.96953e-06 1.61611e-05 6.32973e-05 0.000181848 0.00038772 0.000610997 0.000710914 0.000630531 0.000453495 0.000280653 0.000154488 7.57325e-05 3.19238e-05 1.04568e-05 1.89863e-06 0 
0 0.000216891 0.000187401 3.35285e-05 1.90553e-06 4.39599e-08 5.24919e-10 4.27636e-12 3.21054e-14 3.01208e-16 4.71885e-18 1.89525e-19 4.41204e-20 3.049e-20 2.82842e-20 3.19466e-20 6.00563e-20 4.43917e-19 1.0307e-17 3.85604e-16 1.78779e-14 8.48922e-13 3.50539e-11 1.10503e-09 2.42335e-08 3.49856e-07 3.26043e-06 1.9835e-05 8.13535e-05 0.000232951 0.000473137 0.00067965 0.00070103 0.00055092 0.000356038 0.000199612 9.85382e-05 4.16396e-05 1.36505e-05 2.47915e-06 0 
0 0.00020193 0.000120161 1.22733e-05 3.27812e-07 2.97943e-09 1.22857e-11 3.21054e-14 7.66051e-17 2.51385e-19 5.52969e-21 1.45201e-21 9.64454e-22 1.00049e-21 9.93793e-22 8.96616e-22 8.94118e-22 1.67344e-21 7.8426e-21 3.36102e-19 3.73993e-17 4.37672e-15 4.32817e-13 3.08504e-11 1.41392e-09 3.88943e-08 6.25438e-07 5.94437e-06 3.47646e-05 0.000132012 0.000339152 0.000595646 0.00071841 0.00062382 0.0004245 0.000243415 0.000121209 5.13769e-05 1.68597e-05 3.063e-06 0 
0 0.00018223 7.66127e-05 4.61315e-06 6.01268e-08 2.25633e-10 3.3921e-13 3.01208e-16 2.51385e-19 1.28485e-21 1.52823e-22 9.98621e-23 9.4238e-23 1.08365e-22 1.09924e-22 9.36567e-23 7.81533e-23 8.45206e-23 1.17811e-22 9.88903e-22 1.06796e-19 2.87644e-17 6.51597e-15 1.00695e-12 9.28824e-11 4.71444e-09 1.27469e-07 1.85521e-06 1.52089e-05 7.50995e-05 0.000238032 0.000499534 0.000697319 0.000669608 0.000481533 0.000283099 0.000142356 6.05504e-05 1.9893e-05 3.61539e-06 0 
0 0.000163116 5.0586e-05 1.90757e-06 1.31463e-08 2.24993e-11 1.38133e-14 4.71885e-18 5.52969e-21 1.52823e-22 2.46e-23 1.6184e-23 1.68473e-23 1.95575e-23 1.98737e-23 1.68396e-23 1.31424e-23 1.07978e-23 1.00492e-23 3.42e-23 1.03695e-21 3.30121e-19 1.54975e-16 4.75897e-14 8.16365e-12 7.13687e-10 3.0627e-08 6.51699e-07 7.222e-06 4.49827e-05 0.000170729 0.000415802 0.000657879 0.000692376 0.000525117 0.000316517 0.000160754 6.862e-05 2.25709e-05 4.10361e-06 0 
0 0.000147444 3.57477e-05 9.2037e-07 3.7708e-09 3.40112e-12 1.00499e-15 1.89525e-19 1.45201e-21 9.98621e-23 1.61841e-23 5.64036e-24 4.2688e-24 4.4926e-24 4.4679e-24 3.78949e-24 2.88093e-24 2.1532e-24 2.09757e-24 7.09739e-24 9.70628e-23 1.00749e-20 7.27487e-18 3.91247e-15 1.11325e-12 1.51643e-10 9.4888e-09 2.7547e-07 3.90822e-06 2.94305e-05 0.000129084 0.000353162 0.000616549 0.00069959 0.000555472 0.000342333 0.000175445 7.51361e-05 2.47411e-05 4.49973e-06 0 
0 0.000136369 2.77122e-05 5.41978e-07 1.52656e-09 8.67876e-13 1.51281e-16 4.41204e-20 9.64454e-22 9.42381e-23 1.68473e-23 4.2688e-24 1.77522e-24 1.3011e-24 1.15908e-24 9.63659e-25 7.31796e-25 5.83879e-25 8.4372e-25 3.50368e-24 3.42774e-23 1.43148e-21 8.01962e-19 6.43471e-16 2.63664e-13 4.94363e-11 4.05969e-09 1.47473e-07 2.50132e-06 2.16045e-05 0.000105087 0.000311932 0.000583338 0.000698756 0.000574157 0.00035995 0.000185786 7.97706e-05 2.62899e-05 4.78274e-06 0 
0 0.000130141 2.39375e-05 4.00727e-07 9.13155e-10 3.99855e-13 5.16934e-17 3.049e-20 1.00049e-21 1.08365e-22 1.95576e-23 4.4926e-24 1.3011e-24 5.59193e-25 3.63148e-25 2.74576e-25 2.16569e-25 2.33458e-25 5.68751e-25 2.71133e-24 2.34828e-23 6.5318e-22 2.31935e-19 2.30988e-16 1.16352e-13 2.61397e-11 2.50365e-09 1.03261e-07 1.93799e-06 1.80915e-05 9.32812e-05 0.000289742 0.00056296 0.000695455 0.000583058 0.000369311 0.000191447 8.23337e-05 2.71494e-05 4.93995e-06 0 
0 0.000128638 2.31813e-05 3.75946e-07 8.20496e-10 3.40678e-13 4.14421e-17 2.82842e-20 9.93793e-22 1.09924e-22 1.98737e-23 4.4679e-24 1.15908e-24 3.63148e-25 1.56764e-25 9.60975e-26 8.50071e-26 1.47236e-25 5.00957e-25 2.52792e-24 2.15018e-23 5.58073e-22 1.79578e-19 1.86588e-16 9.80516e-14 2.2861e-11 2.25989e-09 9.56671e-08 1.83305e-06 1.73842e-05 9.069e-05 0.000284278 0.000556811 0.000692708 0.000583635 0.000370675 0.000192385 8.27755e-05 2.72995e-05 4.96754e-06 0 
0 0.000131638 2.50919e-05 4.44447e-07 1.09402e-09 5.26858e-13 7.59441e-17 3.19466e-20 8.96616e-22 9.36568e-23 1.68396e-23 3.78949e-24 9.63659e-25 2.74577e-25 9.60975e-26 5.06861e-26 5.43339e-26 1.30468e-25 5.01748e-25 2.65348e-24 2.46024e-23 8.07375e-22 3.58165e-19 3.30813e-16 1.54683e-13 3.25612e-11 2.95074e-09 1.16257e-07 2.10327e-06 1.9082e-05 9.62766e-05 0.000294136 0.000564305 0.000691043 0.000576576 0.000364455 0.000188796 8.11771e-05 2.67667e-05 4.87027e-06 0 
0 0.000138875 3.00216e-05 6.47503e-07 2.08486e-09 1.39776e-12 2.9424e-16 6.00563e-20 8.94118e-22 7.81534e-23 1.31424e-23 2.88093e-24 7.31797e-25 2.16569e-25 8.50071e-26 5.43339e-26 6.57912e-26 1.54368e-25 5.93053e-25 3.44822e-24 4.06461e-23 2.45779e-21 1.71406e-18 1.1952e-15 4.30414e-13 7.20795e-11 5.37663e-09 1.80389e-07 2.87051e-06 2.35917e-05 0.000110492 0.000318668 0.000583236 0.000688776 0.000561796 0.000351163 0.000181082 7.7733e-05 2.56174e-05 4.66039e-06 0 
0 0.000149955 3.90135e-05 1.12303e-06 5.35996e-09 5.83524e-12 2.13779e-15 4.43917e-19 1.67344e-21 8.45206e-23 1.07978e-23 2.1532e-24 5.83879e-25 2.33458e-25 1.47236e-25 1.30468e-25 1.54368e-25 2.82322e-25 9.63098e-25 6.73496e-24 1.42607e-22 2.54067e-20 1.72052e-17 7.85542e-15 1.92817e-12 2.30752e-10 1.29308e-08 3.42619e-07 4.51654e-06 3.21148e-05 0.00013483 0.000357039 0.000609295 0.000682321 0.000538698 0.000331433 0.000169813 7.27284e-05 2.39501e-05 4.35605e-06 0 
0 0.00016419 5.38712e-05 2.22173e-06 1.73101e-08 3.44626e-11 2.51453e-14 1.0307e-17 7.8426e-21 1.17811e-22 1.00493e-23 2.09757e-24 8.4372e-25 5.6875e-25 5.00957e-25 5.01747e-25 5.93053e-25 9.63098e-25 3.06242e-24 3.02006e-23 1.92916e-21 7.41773e-19 3.03571e-16 8.16159e-14 1.24123e-11 9.75787e-10 3.82282e-08 7.53962e-07 7.85773e-06 4.66471e-05 0.000170808 0.000406129 0.00063492 0.000666615 0.000506585 0.000306083 0.000155695 6.65114e-05 2.18845e-05 3.97935e-06 0 
0 0.00018038 7.7158e-05 4.78437e-06 6.49566e-08 2.5636e-10 4.08208e-13 3.85604e-16 3.36102e-19 9.88903e-22 3.42e-23 7.09739e-24 3.50368e-24 2.71133e-24 2.52791e-24 2.65348e-24 3.44822e-24 6.73496e-24 3.02006e-23 8.08708e-22 1.39585e-19 3.62175e-17 7.7986e-15 1.14796e-12 1.0109e-10 4.91167e-09 1.27598e-07 1.79365e-06 1.4295e-05 6.91476e-05 0.000216837 0.000456439 0.000647899 0.000635793 0.000465103 0.000276164 0.000139526 5.9464e-05 1.95509e-05 3.55421e-06 0 
0 0.000196668 0.00011187 1.07039e-05 2.62001e-07 2.13862e-09 7.8e-12 1.78779e-14 3.73993e-17 1.06796e-19 1.03695e-21 9.70628e-23 3.42774e-23 2.34828e-23 2.15018e-23 2.46024e-23 4.06461e-23 1.42607e-22 1.92916e-21 1.39585e-19 1.72887e-17 2.22969e-15 2.41565e-13 1.86377e-11 9.09076e-10 2.61153e-08 4.31571e-07 4.17906e-06 2.49033e-05 9.70836e-05 0.000259927 0.0004856 0.000630692 0.000584232 0.000414596 0.000242954 0.000122146 5.19718e-05 1.7079e-05 3.10438e-06 0 
0 0.000210553 0.000160456 2.3834e-05 1.05702e-06 1.79672e-08 1.51352e-10 8.48922e-13 4.37672e-15 2.87644e-17 3.30121e-19 1.00749e-20 1.43148e-21 6.5318e-22 5.58073e-22 8.07375e-22 2.45779e-21 2.54067e-20 7.41773e-19 3.62175e-17 2.22969e-15 1.40395e-13 7.54182e-12 2.98041e-10 7.77087e-09 1.25586e-07 1.24689e-06 7.93314e-06 3.46772e-05 0.00011047 0.000261839 0.000453957 0.000562794 0.000508022 0.000356303 0.00020789 0.000104379 4.43972e-05 1.45888e-05 2.65173e-06 0 
0 0.000219181 0.000222992 5.0915e-05 4.01135e-06 1.38599e-07 2.62617e-09 3.50539e-11 4.32817e-13 6.51597e-15 1.54975e-16 7.27487e-18 8.01962e-19 2.31935e-19 1.79578e-19 3.58165e-19 1.71406e-18 1.72052e-17 3.03571e-16 7.7986e-15 2.41565e-13 7.54182e-12 2.01601e-10 3.99808e-09 5.23745e-08 4.24155e-07 2.17147e-06 7.97364e-06 2.474e-05 7.01803e-05 0.000172036 0.000323692 0.000430936 0.000407098 0.000292431 0.000172482 8.69804e-05 3.70567e-05 1.21836e-05 2.21496e-06 0 
0 0.000219941 0.000294873 0.000101341 1.36514e-05 9.12904e-07 3.68409e-08 1.10503e-09 3.08504e-11 1.00695e-12 4.75897e-14 3.91247e-15 6.43471e-16 2.30988e-16 1.86588e-16 3.30813e-16 1.1952e-15 7.85542e-15 8.16159e-14 1.14796e-12 1.86377e-11 2.98041e-10 3.99808e-09 3.79106e-08 2.12693e-07 6.25454e-07 1.04916e-06 1.49308e-06 3.00579e-06 1.01916e-05 4.2143e-05 0.000133382 0.000252773 0.000288926 0.000226395 0.000138256 7.06035e-05 3.02072e-05 9.94511e-06 1.80876e-06 0 
0 0.000211219 0.000365278 0.000183781 4.03079e-05 4.88146e-06 3.89114e-07 2.42335e-08 1.41392e-09 9.28824e-11 8.16365e-12 1.11325e-12 2.63664e-13 1.16352e-13 9.80516e-14 1.54683e-13 4.30414e-13 1.92817e-12 1.24123e-11 1.0109e-10 9.09076e-10 7.77087e-09 5.23745e-08 2.12693e-07 3.57967e-07 1.79135e-07 3.18379e-08 6.21646e-09 6.31551e-09 5.47587e-08 1.30737e-06 1.95646e-05 9.57042e-05 0.000172765 0.000163285 0.000106765 5.57822e-05 2.40386e-05 7.93149e-06 1.44346e-06 0 
0 0.000193046 0.000418438 0.000298387 0.00010123 2.05988e-05 2.96953e-06 3.49856e-07 3.88943e-08 4.71444e-09 7.13687e-10 1.51643e-10 4.94363e-11 2.61397e-11 2.2861e-11 3.25612e-11 7.20795e-11 2.30752e-10 9.75787e-10 4.91167e-09 2.61153e-08 1.25586e-07 4.24155e-07 6.25454e-07 1.79135e-07 4.18872e-09 1.03176e-11 3.43077e-14 9.34593e-15 1.08822e-12 1.40946e-09 6.04978e-07 2.01696e-05 8.46829e-05 0.000109541 7.95166e-05 4.29136e-05 1.86712e-05 6.17751e-06 1.12513e-06 0 
0 0.000167295 0.000438954 0.000427214 0.000213793 6.79611e-05 1.61611e-05 3.26043e-06 6.25438e-07 1.27469e-07 3.0627e-08 9.4888e-09 4.05969e-09 2.50365e-09 2.25989e-09 2.95074e-09 5.37663e-09 1.29308e-08 3.82282e-08 1.27598e-07 4.31571e-07 1.24689e-06 2.17147e-06 1.04916e-06 3.18379e-08 1.03176e-11 3.73288e-16 2.24147e-15 1.50799e-15 1.09583e-14 6.8173e-14 4.90194e-09 2.72084e-06 3.64732e-05 7.02471e-05 5.76273e-05 3.22172e-05 1.41558e-05 4.69619e-06 8.55954e-07 0 
0 0.000137253 0.000419415 0.00053229 0.000376055 0.000175625 6.32973e-05 1.9835e-05 5.94437e-06 1.85521e-06 6.51699e-07 2.7547e-07 1.47473e-07 1.03261e-07 9.56671e-08 1.16257e-07 1.80389e-07 3.42619e-07 7.53962e-07 1.79365e-06 4.17906e-06 7.93314e-06 7.97364e-06 1.49308e-06 6.21646e-09 3.43077e-14 2.24147e-15 6.91672e-16 7.60023e-16 2.75952e-15 3.31101e-14 6.30916e-11 4.61742e-07 1.71352e-05 4.58373e-05 4.13123e-05 2.36885e-05 1.04777e-05 3.48193e-06 6.34919e-07 0 
0 0.000106658 0.000365044 0.000572491 0.000544385 0.000355862 0.000181848 8.13535e-05 3.47646e-05 1.52089e-05 7.222e-06 3.90822e-06 2.50132e-06 1.93799e-06 1.83305e-06 2.10327e-06 2.87051e-06 4.51654e-06 7.85773e-06 1.4295e-05 2.49033e-05 3.46772e-05 2.474e-05 3.00579e-06 6.31551e-09 9.34593e-15 1.50799e-15 7.60023e-16 2.15895e-15 9.65679e-15 1.55552e-13 1.69907e-11 2.40773e-07 1.1358e-05 3.25119e-05 2.9749e-05 1.71043e-05 7.56789e-06 2.51494e-06 4.58578e-07 0 
0 7.86694e-05 0.000291052 0.000532596 0.000642602 0.000561202 0.00038772 0.000232951 0.000132012 7.50995e-05 4.49827e-05 2.94305e-05 2.16045e-05 1.80915e-05 1.73842e-05 1.9082e-05 2.35917e-05 3.21148e-05 4.66471e-05 6.91476e-05 9.70836e-05 0.00011047 7.01803e-05 1.01916e-05 5.47587e-08 1.08822e-12 1.09583e-14 2.75952e-15 9.65679e-15 1.71473e-15 1.15816e-15 2.22327e-10 5.02074e-07 1.13963e-05 2.54476e-05 2.1557e-05 1.21146e-05 5.32506e-06 1.76631e-06 3.21903e-07 0 
0 5.52244e-05 0.000214588 0.000434597 0.000621897 0.000683779 0.000610997 0.000473137 0.000339152 0.000238032 0.000170729 0.000129084 0.000105087 9.32812e-05 9.069e-05 9.62766e-05 0.000110492 0.00013483 0.000170808 0.000216837 0.000259927 0.000261839 0.000172036 4.2143e-05 1.30737e-06 1.40946e-09 6.8173e-14 3.31101e-14 1.55552e-13 1.15816e-15 4.42874e-12 1.88691e-08 2.14713e-06 1.42524e-05 2.08423e-05 1.54796e-05 8.36901e-06 3.63817e-06 1.20301e-06 2.19054e-07 0 
0 3.69681e-05 0.000147775 0.000317772 0.000506197 0.000652783 0.000710914 0.00067965 0.000595646 0.000499534 0.000415802 0.000353162 0.000311932 0.000289742 0.000284278 0.000294136 0.000318668 0.000357039 0.000406129 0.000456439 0.0004856 0.000453957 0.000323692 0.000133382 1.95646e-05 6.04978e-07 4.90194e-09 6.30916e-11 1.69907e-11 2.22327e-10 1.88691e-08 8.68131e-07 7.66967e-06 1.6863e-05 1.65154e-05 1.07645e-05 5.59183e-06 2.40236e-06 7.91669e-07 1.44013e-07 0 
0 2.35988e-05 9.57599e-05 0.000212607 0.000359346 0.000509223 0.000630531 0.00070103 0.00071841 0.000697319 0.000657879 0.000616549 0.000583338 0.00056296 0.000556811 0.000564305 0.000583236 0.000609295 0.00063492 0.000647899 0.000630692 0.000562794 0.000430936 0.000252773 9.57042e-05 2.01696e-05 2.72084e-06 4.61742e-07 2.40773e-07 5.02074e-07 2.14713e-06 7.66967e-06 1.48332e-05 1.61415e-05 1.20142e-05 7.11548e-06 3.58297e-06 1.52449e-06 5.00911e-07 9.10421e-08 0 
0 1.43212e-05 5.85414e-05 0.000132007 0.000229715 0.000341585 0.000453495 0.00055092 0.00062382 0.000669608 0.000692376 0.00069959 0.000698756 0.000695455 0.000692708 0.000691043 0.000688776 0.000682321 0.000666615 0.000635793 0.000584232 0.000508022 0.000407098 0.000288926 0.000172765 8.46829e-05 3.64732e-05 1.71352e-05 1.1358e-05 1.13963e-05 1.42524e-05 1.6863e-05 1.61415e-05 1.23398e-05 7.90575e-06 4.42408e-06 2.18402e-06 9.23189e-07 3.02706e-07 5.49822e-08 0 
0 8.20158e-06 3.36382e-05 7.63795e-05 0.000134651 0.000204632 0.000280653 0.000356038 0.0004245 0.000481533 0.000525117 0.000555472 0.000574157 0.000583058 0.000583635 0.000576576 0.000561796 0.000538698 0.000506585 0.000465103 0.000414596 0.000356303 0.000292431 0.000226395 0.000163285 0.000109541 7.02471e-05 4.58373e-05 3.25119e-05 2.54476e-05 2.08423e-05 1.65154e-05 1.20142e-05 7.90575e-06 4.72484e-06 2.56948e-06 1.25485e-06 5.28406e-07 1.73037e-07 3.14163e-08 0 
0 4.37227e-06 1.79582e-05 4.08942e-05 7.24787e-05 0.000111134 0.000154488 0.000199612 0.000243415 0.000283099 0.000316517 0.000342333 0.00035995 0.000369311 0.000370675 0.000364455 0.000351163 0.000331433 0.000306083 0.000276164 0.000242954 0.00020789 0.000172482 0.000138256 0.000106765 7.95166e-05 5.76273e-05 4.13123e-05 2.9749e-05 2.1557e-05 1.54796e-05 1.07645e-05 7.11548e-06 4.42408e-06 2.56948e-06 1.3796e-06 6.70259e-07 2.81683e-07 9.21772e-08 1.67315e-08 0 
0 2.11726e-06 8.70119e-06 1.98367e-05 3.52298e-05 5.42026e-05 7.57325e-05 9.85382e-05 0.000121209 0.000142356 0.000160754 0.000175445 0.000185786 0.000191447 0.000192385 0.000188796 0.000181082 0.000169813 0.000155695 0.000139526 0.000122146 0.000104379 8.69804e-05 7.06035e-05 5.57822e-05 4.29136e-05 3.22172e-05 2.36885e-05 1.71043e-05 1.21146e-05 8.36901e-06 5.59183e-06 3.58297e-06 2.18402e-06 1.25485e-06 6.70259e-07 3.24894e-07 1.36414e-07 4.46239e-08 8.09886e-09 0 
0 8.88563e-07 3.6525e-06 8.3304e-06 1.48058e-05 2.2807e-05 3.19238e-05 4.16396e-05 5.13769e-05 6.05504e-05 6.862e-05 7.51361e-05 7.97706e-05 8.23337e-05 8.27755e-05 8.11771e-05 7.7733e-05 7.27284e-05 6.65114e-05 5.9464e-05 5.19718e-05 4.43972e-05 3.70567e-05 3.02072e-05 2.40386e-05 1.86712e-05 1.41558e-05 1.04777e-05 7.56789e-06 5.32506e-06 3.63817e-06 2.40236e-06 1.52449e-06 9.23189e-07 5.28406e-07 2.81683e-07 1.36414e-07 5.72534e-08 1.87258e-08 3.39836e-09 0 
0 2.9061e-07 1.19467e-06 2.72515e-06 4.84472e-06 7.46597e-06 1.04568e-05 1.36505e-05 1.68597e-05 1.9893e-05 2.25709e-05 2.47411e-05 2.62899e-05 2.71494e-05 2.72995e-05 2.67667e-05 2.56174e-05 2.39501e-05 2.18845e-05 1.95509e-05 1.7079e-05 1.45888e-05 1.21836e-05 9.94511e-06 7.93149e-06 6.17751e-06 4.69619e-06 3.48193e-06 2.51494e-06 1.76631e-06 1.20301e-06 7.91669e-07 5.00911e-07 3.02706e-07 1.73037e-07 9.21772e-08 4.46239e-08 1.87258e-08 6.12419e-09 1.11139e-09 0 
0 5.27389e-08 2.16811e-07 4.94591e-07 8.79353e-07 1.35532e-06 1.89863e-06 2.47915e-06 3.063e-06 3.61539e-06 4.10361e-06 4.49973e-06 4.78274e-06 4.93995e-06 4.96754e-06 4.87027e-06 4.66039e-06 4.35605e-06 3.97935e-06 3.55421e-06 3.10438e-06 2.65173e-06 2.21496e-06 1.80876e-06 1.44346e-06 1.12513e-06 8.55954e-07 6.34919e-07 4.58578e-07 3.21903e-07 2.19054e-07 1.44013e-07 9.10421e-08 5.49822e-08 3.14163e-08 1.67315e-08 8.09886e-09 3.39836e-09 1.11139e-09 2.01686e-10 0 
0 0 0 0 0 0 0 0 0 0 0 0 0 0 0 0 0 0 0 0 0 0 0 0 0 0 0 0 0 0 0 0 0 0 0 0 0 0 0 0 0 
