0 0 0 0 0 0 0 0 0 0 0 0 0 0 0 0 0 0 0 0 0 0 0 0 0 0 0 0 0 0 0 0 0 0 0 0 0 0 0 0 0 
0 1.37911e-05 5.66964e-05 0.00012934 0.000229968 0.000354465 0.000496605 0.000648526 0.000801372 0.000946045 0.00107397 0.00117782 0.00125205 0.0012933 0.00130056 0.00127506 0.00122003 0.00114025 0.00104153 0.00093017 0.0008124 0.000693949 0.000579699 0.000473473 0.000377947 0.000294685 0.000224245 0.000166363 0.000120155 8.4327e-05 5.73649e-05 3.7699e-05 2.38242e-05 1.43839e-05 8.21723e-06 4.37575e-06 2.11793e-06 8.88673e-07 2.90623e-07 5.27398e-08 0 
0 5.66964e-05 0.000233084 0.000531728 0.00094542 0.00145724 0.00204159 0.00266615 0.00329451 0.00388928 0.00441521 0.00484213 0.00514729 0.00531689 0.00534673 0.0052419 0.00501565 0.00468766 0.00428183 0.00382402 0.00333985 0.00285289 0.0023832 0.00194649 0.00155378 0.00121148 0.000921892 0.000683935 0.00049397 0.000346676 0.000235833 0.000154984 9.79433e-05 5.91335e-05 3.37818e-05 1.79891e-05 8.70702e-06 3.65342e-06 1.19478e-06 2.16818e-07 0 
0 0.00012934 0.000531728 0.00121301 0.00215676 0.00332436 0.00465742 0.00608221 0.00751568 0.0088725 0.0100723 0.0110462 0.0117424 0.0121293 0.0121973 0.0119582 0.0114421 0.0106938 0.00976801 0.00872361 0.00761911 0.00650821 0.00543672 0.00444047 0.00354459 0.00276371 0.00210308 0.00156024 0.00112688 0.000790862 0.000537998 0.000353561 0.000223435 0.000134899 7.70654e-05 4.10381e-05 1.98631e-05 8.33443e-06 2.72561e-06 4.94621e-07 0 
0 0.000229968 0.00094542 0.00215676 0.00383475 0.00591076 0.00828097 0.0108143 0.013363 0.0157754 0.0179087 0.0196403 0.0208781 0.021566 0.021687 0.0212618 0.0203442 0.0190138 0.0173677 0.0155107 0.0135469 0.0115717 0.00966657 0.00789522 0.00630233 0.00491391 0.00373932 0.00277413 0.00200361 0.00140616 0.000956569 0.000628636 0.000397271 0.000239853 0.000137024 7.29663e-05 3.53168e-05 1.48187e-05 4.84619e-06 8.79444e-07 0 
0 0.000354465 0.00145724 0.00332436 0.00591076 0.00911065 0.012764 0.0166688 0.0205973 0.0243157 0.0276038 0.0302729 0.0321808 0.0332411 0.0334277 0.0327723 0.0313578 0.0293072 0.02677 0.0239077 0.0208807 0.0178362 0.0148997 0.0121694 0.0097142 0.00757414 0.00576366 0.00427595 0.0030883 0.00216742 0.00147442 0.00096896 0.000612341 0.000369702 0.000211204 0.000112468 5.44362e-05 2.28411e-05 7.46975e-06 1.35555e-06 0 
0 0.000496605 0.00204159 0.00465742 0.00828097 0.012764 0.0178824 0.0233529 0.0288568 0.0340663 0.038673 0.0424124 0.0450853 0.0465708 0.0468322 0.045914 0.0439323 0.0410594 0.0375047 0.0334947 0.0292539 0.0249886 0.0208745 0.0170494 0.0136096 0.0106114 0.00807488 0.00599061 0.0043267 0.00303655 0.00206567 0.00135751 0.000857889 0.000517952 0.000295896 0.000157567 7.62651e-05 3.20004e-05 1.04651e-05 1.89912e-06 0 
0 0.000648526 0.00266615 0.00608221 0.0108143 0.0166688 0.0233529 0.030497 0.0376846 0.0444878 0.0505037 0.0553871 0.0588777 0.0608177 0.061159 0.0599599 0.057372 0.0536202 0.0489781 0.0437413 0.0382032 0.032633 0.0272604 0.0222651 0.017773 0.0138576 0.0105451 0.00782324 0.00565032 0.00396548 0.00269759 0.0017728 0.00112033 0.000676403 0.000386416 0.00020577 9.95959e-05 4.17899e-05 1.36666e-05 2.48009e-06 0 
0 0.000801372 0.00329451 0.00751568 0.013363 0.0205973 0.0288568 0.0376846 0.0465661 0.0549728 0.0624065 0.0684408 0.0727541 0.0751513 0.075573 0.0740913 0.0708935 0.0662575 0.0605213 0.0540503 0.047207 0.040324 0.0336852 0.0275126 0.0219618 0.0171235 0.0130304 0.00966704 0.00698199 0.00490007 0.00333336 0.00219062 0.00138437 0.000835819 0.000477487 0.000254266 0.000123069 5.1639e-05 1.68875e-05 3.0646e-06 0 
0 0.000946045 0.00388928 0.0088725 0.0157754 0.0243157 0.0340663 0.0444878 0.0549728 0.0648972 0.0736729 0.0807965 0.0858885 0.0887185 0.0892164 0.0874672 0.083692 0.0782191 0.0714473 0.0638082 0.0557293 0.0476038 0.0397664 0.0324795 0.0259266 0.0202149 0.0153828 0.0114122 0.00824247 0.00578469 0.00393514 0.00258609 0.0016343 0.000986711 0.000563689 0.00030017 0.000145287 6.09615e-05 1.99363e-05 3.61786e-06 0 
0 0.00107397 0.00441521 0.0100723 0.0179087 0.0276038 0.038673 0.0505037 0.0624065 0.0736729 0.0836353 0.0917223 0.0975028 0.100715 0.101281 0.0992949 0.0950093 0.0887963 0.0811088 0.0724366 0.0632653 0.054041 0.0451438 0.0368715 0.0294325 0.0229485 0.017463 0.0129555 0.00935705 0.00656693 0.00446727 0.0029358 0.0018553 0.00112014 0.000639914 0.00034076 0.000164933 6.9205e-05 2.26322e-05 4.10709e-06 0 
0 0.00117782 0.00484213 0.0110462 0.0196403 0.0302729 0.0424124 0.0553871 0.0684408 0.0807965 0.0917223 0.100591 0.106931 0.110454 0.111074 0.108896 0.104196 0.0973823 0.0889515 0.0794407 0.0693826 0.0592664 0.0495089 0.0404367 0.0322784 0.0251674 0.0191515 0.0142082 0.0102618 0.00720191 0.00489923 0.00321967 0.00203469 0.00122845 0.000701789 0.000373709 0.000180881 7.58967e-05 2.48206e-05 4.50422e-06 0 
0 0.00125205 0.00514729 0.0117424 0.0208781 0.0321808 0.0450853 0.0588777 0.0727541 0.0858885 0.0975028 0.106931 0.11367 0.117415 0.118074 0.115759 0.110763 0.103519 0.0945573 0.0844472 0.0737552 0.0630014 0.052629 0.0429851 0.0343126 0.0267535 0.0203585 0.0151036 0.0109085 0.00765578 0.00520798 0.00342258 0.00216292 0.00130587 0.000746017 0.000397261 0.000192281 8.06798e-05 2.63848e-05 4.78808e-06 0 
0 0.0012933 0.00531689 0.0121293 0.021566 0.0332411 0.0465708 0.0608177 0.0751513 0.0887185 0.100715 0.110454 0.117415 0.121284 0.121964 0.119573 0.114412 0.10693 0.0976728 0.0872296 0.0761853 0.0650772 0.054363 0.0444013 0.0354431 0.0276349 0.0210292 0.0156012 0.0112679 0.00790803 0.00537958 0.00353535 0.00223419 0.0013489 0.000770598 0.000410351 0.000198616 8.33382e-05 2.72542e-05 4.94585e-06 0 
0 0.00130056 0.00534673 0.0121973 0.021687 0.0334277 0.0468322 0.061159 0.075573 0.0892164 0.101281 0.111074 0.118074 0.121964 0.122649 0.120244 0.115054 0.10753 0.0982209 0.087719 0.0766127 0.0654422 0.0546679 0.0446503 0.0356419 0.0277899 0.0211471 0.0156887 0.0113311 0.00795238 0.00540976 0.00355518 0.00224672 0.00135646 0.000774922 0.000412654 0.000199731 8.38059e-05 2.74071e-05 4.9736e-06 0 
0 0.00127506 0.0052419 0.0119582 0.0212618 0.0327723 0.045914 0.0599599 0.0740913 0.0874672 0.0992949 0.108896 0.115759 0.119573 0.120244 0.117886 0.112798 0.105422 0.0962948 0.0859987 0.0751101 0.0641586 0.0535955 0.0437743 0.0349425 0.0272446 0.0207322 0.0153809 0.0111088 0.00779637 0.00530364 0.00348545 0.00220266 0.00132987 0.000759728 0.000404563 0.000195815 8.21628e-05 2.68698e-05 4.87609e-06 0 
0 0.00122003 0.00501565 0.0114421 0.0203442 0.0313578 0.0439323 0.057372 0.0708935 0.083692 0.0950093 0.104196 0.110763 0.114412 0.115054 0.112798 0.10793 0.100871 0.0921382 0.0822863 0.0718675 0.0613884 0.0512811 0.0418837 0.0334332 0.0260676 0.0198365 0.0147163 0.0106289 0.00745962 0.0050746 0.00333496 0.00210757 0.00127246 0.000726935 0.000387101 0.000187363 7.86165e-05 2.571e-05 4.66563e-06 0 
0 0.00114025 0.00468766 0.0106938 0.0190138 0.0293072 0.0410594 0.0536202 0.0662575 0.0782191 0.0887963 0.0973823 0.103519 0.10693 0.10753 0.105422 0.100871 0.0942747 0.0861122 0.0769042 0.0671662 0.0573719 0.0479251 0.0391419 0.0312438 0.0243601 0.0185369 0.0137521 0.0099326 0.00697107 0.00474237 0.0031167 0.00196968 0.00118922 0.00067939 0.000361785 0.00017511 7.34754e-05 2.40288e-05 4.36053e-06 0 
0 0.00104153 0.00428183 0.00976801 0.0173677 0.02677 0.0375047 0.0489781 0.0605213 0.0714473 0.0811088 0.0889515 0.0945573 0.0976728 0.0982209 0.0962948 0.0921382 0.0861122 0.078656 0.0702444 0.0613485 0.052401 0.0437707 0.0357468 0.0285318 0.0222439 0.0169256 0.0125565 0.00906918 0.00636545 0.00433071 0.00284638 0.00179897 0.0010862 0.000620554 0.000330459 0.000159949 6.71142e-05 2.19485e-05 3.98302e-06 0 
0 0.00093017 0.00382402 0.00872361 0.0155107 0.0239077 0.0334947 0.0437413 0.0540503 0.0638082 0.0724366 0.0794407 0.0844472 0.0872296 0.087719 0.0859987 0.0822863 0.0769042 0.0702444 0.062731 0.0547844 0.046791 0.0390803 0.0319109 0.0254646 0.0198479 0.0150991 0.0112002 0.00808979 0.005679 0.00386467 0.00254074 0.00160613 0.000969908 0.00055416 0.000295115 0.000142845 5.99379e-05 1.96017e-05 3.55715e-06 0 
0 0.0008124 0.00333985 0.00761911 0.0135469 0.0208807 0.0292539 0.0382032 0.047207 0.0557293 0.0632653 0.0693826 0.0737552 0.0761853 0.0766127 0.0751101 0.0718675 0.0671662 0.0613485 0.0547844 0.0478406 0.0408541 0.0341125 0.0278421 0.0222035 0.0172922 0.0131447 0.00974558 0.00703923 0.00494413 0.00336738 0.00221567 0.00140156 0.000846734 0.000483898 0.000257728 0.000124755 5.23484e-05 1.71198e-05 3.10677e-06 0 
0 0.000693949 0.00285289 0.00650821 0.0115717 0.0178362 0.0249886 0.032633 0.040324 0.0476038 0.054041 0.0592664 0.0630014 0.0650772 0.0654422 0.0641586 0.0613884 0.0573719 0.052401 0.046791 0.0408541 0.0348767 0.029103 0.0237263 0.0188863 0.0146719 0.0111229 0.00823094 0.00594409 0.00418192 0.00285606 0.00188435 0.00119439 0.000722463 0.000413142 0.000220107 0.000106557 4.47146e-05 1.46235e-05 2.65378e-06 0 
0 0.000579699 0.0023832 0.00543672 0.00966657 0.0148997 0.0208745 0.0272604 0.0336852 0.0397664 0.0451438 0.0495089 0.052629 0.054363 0.0546679 0.0535955 0.0512811 0.0479251 0.0437707 0.0390803 0.0341125 0.029103 0.0242515 0.0197157 0.0156154 0.0120398 0.00904737 0.00664976 0.00479675 0.00339264 0.00233759 0.00155538 0.000991748 0.000601896 0.000344747 0.000183794 8.9001e-05 3.73511e-05 1.22158e-05 2.21686e-06 0 
0 0.000473473 0.00194649 0.00444047 0.00789522 0.0121694 0.0170494 0.0222651 0.0275126 0.0324795 0.0368715 0.0404367 0.0429851 0.0444013 0.0446503 0.0437743 0.0418837 0.0391419 0.0357468 0.0319109 0.0278421 0.0237263 0.0197157 0.0159274 0.0124574 0.0094067 0.00688388 0.00495008 0.0035543 0.00255435 0.00180763 0.00123256 0.000798609 0.00048873 0.000280955 0.000149999 7.26734e-05 3.05042e-05 9.97703e-06 1.81062e-06 0 
0 0.000377947 0.00155378 0.00354459 0.00630233 0.0097142 0.0136096 0.017773 0.0219618 0.0259266 0.0294325 0.0322784 0.0343126 0.0354431 0.0356419 0.0349425 0.0334332 0.0312438 0.0285318 0.0254646 0.0222035 0.0188863 0.0156154 0.0124574 0.00947697 0.00680429 0.00464749 0.00314629 0.00222718 0.00167018 0.00126837 0.000920004 0.00061909 0.00038579 0.000223401 0.000119584 5.79882e-05 2.43469e-05 7.96383e-06 1.4453e-06 0 
0 0.000294685 0.00121148 0.00276371 0.00491391 0.00757414 0.0106114 0.0138576 0.0171235 0.0202149 0.0229485 0.0251674 0.0267535 0.0276349 0.0277899 0.0272446 0.0260676 0.0243601 0.0222439 0.0198479 0.0172922 0.0146719 0.0120398 0.0094067 0.00680429 0.00442447 0.00261666 0.0015532 0.00106367 0.00087393 0.000770914 0.00063435 0.000459107 0.000295501 0.000173188 9.3076e-05 4.51899e-05 1.89804e-05 6.20912e-06 1.12689e-06 0 
0 0.000224245 0.000921892 0.00210308 0.00373932 0.00576366 0.00807488 0.0105451 0.0130304 0.0153828 0.017463 0.0191515 0.0203585 0.0210292 0.0211471 0.0207322 0.0198365 0.0185369 0.0169256 0.0150991 0.0131447 0.0111229 0.00904737 0.00688388 0.00464749 0.00261666 0.00124332 0.000600688 0.000389826 0.00036916 0.000410079 0.000407458 0.000327234 0.000220013 0.000130918 7.06918e-05 3.43693e-05 1.44412e-05 4.72473e-06 8.57511e-07 0 
0 0.000166363 0.000683935 0.00156024 0.00277413 0.00427595 0.00599061 0.00782324 0.00966704 0.0114122 0.0129555 0.0142082 0.0151036 0.0156012 0.0156887 0.0153809 0.0147163 0.0137521 0.0125565 0.0112002 0.00974558 0.00823094 0.00664976 0.00495008 0.00314629 0.0015532 0.000600688 0.000238196 0.000146626 0.000158994 0.000219757 0.000260233 0.000229606 0.000160342 9.66228e-05 5.23694e-05 2.5488e-05 1.07126e-05 3.50509e-06 6.36167e-07 0 
0 0.000120155 0.00049397 0.00112688 0.00200361 0.0030883 0.0043267 0.00565032 0.00698199 0.00824247 0.00935705 0.0102618 0.0109085 0.0112679 0.0113311 0.0111088 0.0106289 0.0099326 0.00906918 0.00808979 0.00703923 0.00594409 0.00479675 0.0035543 0.00222718 0.00106367 0.000389826 0.000146626 8.89101e-05 9.98325e-05 0.000146059 0.000180988 0.000163562 0.000115309 6.97003e-05 3.78111e-05 1.8407e-05 7.73693e-06 2.53153e-06 4.59469e-07 0 
0 8.4327e-05 0.000346676 0.000790862 0.00140616 0.00216742 0.00303655 0.00396548 0.00490007 0.00578469 0.00656693 0.00720191 0.00765578 0.00790803 0.00795238 0.00779637 0.00745962 0.00697107 0.00636545 0.005679 0.00494413 0.00418192 0.00339264 0.00255435 0.00167018 0.00087393 0.00036916 0.000158994 9.98325e-05 0.000101914 0.000128104 0.000140645 0.000119184 8.18924e-05 4.90845e-05 2.65614e-05 1.29216e-05 5.43027e-06 1.7767e-06 3.22464e-07 0 
0 5.73649e-05 0.000235833 0.000537998 0.000956569 0.00147442 0.00206567 0.00269759 0.00333336 0.00393514 0.00446727 0.00489923 0.00520798 0.00537958 0.00540976 0.00530364 0.0050746 0.00474237 0.00433071 0.00386467 0.00336738 0.00285606 0.00233759 0.00180763 0.00126837 0.000770914 0.000410079 0.000219757 0.000146059 0.000128104 0.000126109 0.000113643 8.65246e-05 5.69001e-05 3.3601e-05 1.8101e-05 8.79447e-06 3.69454e-06 1.20867e-06 2.19364e-07 0 
0 3.7699e-05 0.000154984 0.000353561 0.000628636 0.00096896 0.00135751 0.0017728 0.00219062 0.00258609 0.0029358 0.00321967 0.00342258 0.00353535 0.00355518 0.00348545 0.00333496 0.0031167 0.00284638 0.00254074 0.00221567 0.00188435 0.00155538 0.00123256 0.000920004 0.00063435 0.000407458 0.000260233 0.000180988 0.000140645 0.000113643 8.6959e-05 6.03887e-05 3.81725e-05 2.22246e-05 1.19184e-05 5.78272e-06 2.42835e-06 7.9435e-07 1.44163e-07 0 
0 2.38242e-05 9.79433e-05 0.000223435 0.000397271 0.000612341 0.000857889 0.00112033 0.00138437 0.0016343 0.0018553 0.00203469 0.00216292 0.00223419 0.00224672 0.00220266 0.00210757 0.00196968 0.00179897 0.00160613 0.00140156 0.00119439 0.000991748 0.000798609 0.00061909 0.000459107 0.000327234 0.000229606 0.000163562 0.000119184 8.65246e-05 6.03887e-05 3.97081e-05 2.44774e-05 1.41137e-05 7.54347e-06 3.65613e-06 1.53482e-06 5.02015e-07 9.11061e-08 0 
0 1.43839e-05 5.91335e-05 0.000134899 0.000239853 0.000369702 0.000517952 0.000676403 0.000835819 0.000986711 0.00112014 0.00122845 0.00130587 0.0013489 0.00135646 0.00132987 0.00127246 0.00118922 0.0010862 0.000969908 0.000846734 0.000722463 0.000601896 0.00048873 0.00038579 0.000295501 0.000220013 0.000160342 0.000115309 8.18924e-05 5.69001e-05 3.81725e-05 2.44774e-05 1.49008e-05 8.54661e-06 4.55898e-06 2.20812e-06 9.26747e-07 3.03102e-07 5.5006e-08 0 
0 8.21723e-06 3.37818e-05 7.70654e-05 0.000137024 0.000211204 0.000295896 0.000386416 0.000477487 0.000563689 0.000639914 0.000701789 0.000746017 0.000770598 0.000774922 0.000759728 0.000726935 0.00067939 0.000620554 0.00055416 0.000483898 0.000413142 0.000344747 0.000280955 0.000223401 0.000173188 0.000130918 9.66228e-05 6.97003e-05 4.90845e-05 3.3601e-05 2.22246e-05 1.41137e-05 8.54661e-06 4.89014e-06 2.60593e-06 1.2617e-06 5.29467e-07 1.7316e-07 3.14241e-08 0 
0 4.37575e-06 1.79891e-05 4.10381e-05 7.29663e-05 0.000112468 0.000157567 0.00020577 0.000254266 0.00030017 0.00034076 0.000373709 0.000397261 0.000410351 0.000412654 0.000404563 0.000387101 0.000361785 0.000330459 0.000295115 0.000257728 0.000220107 0.000183794 0.000149999 0.000119584 9.3076e-05 7.06918e-05 5.23694e-05 3.78111e-05 2.65614e-05 1.8101e-05 1.19184e-05 7.54347e-06 4.55898e-06 2.60593e-06 1.38808e-06 6.71937e-07 2.81957e-07 9.22104e-08 1.67337e-08 0 
0 2.11793e-06 8.70702e-06 1.98631e-05 3.53168e-05 5.44362e-05 7.62651e-05 9.95959e-05 0.000123069 0.000145287 0.000164933 0.000180881 0.000192281 0.000198616 0.000199731 0.000195815 0.000187363 0.00017511 0.000159949 0.000142845 0.000124755 0.000106557 8.9001e-05 7.26734e-05 5.79882e-05 4.51899e-05 3.43693e-05 2.5488e-05 1.8407e-05 1.29216e-05 8.79447e-06 5.78272e-06 3.65613e-06 2.20812e-06 1.2617e-06 6.71937e-07 3.25244e-07 1.36474e-07 4.46316e-08 8.09938e-09 0 
0 8.88673e-07 3.65342e-06 8.33443e-06 1.48187e-05 2.28411e-05 3.20004e-05 4.17899e-05 5.1639e-05 6.09615e-05 6.9205e-05 7.58967e-05 8.06798e-05 8.33382e-05 8.38059e-05 8.21628e-05 7.86165e-05 7.34754e-05 6.71142e-05 5.99379e-05 5.23484e-05 4.47146e-05 3.73511e-05 3.05042e-05 2.43469e-05 1.89804e-05 1.44412e-05 1.07126e-05 7.73693e-06 5.43027e-06 3.69454e-06 2.42835e-06 1.53482e-06 9.26747e-07 5.29467e-07 2.81957e-07 1.36474e-07 5.72642e-08 1.87272e-08 3.39846e-09 0 
0 2.90623e-07 1.19478e-06 2.72561e-06 4.84619e-06 7.46975e-06 1.04651e-05 1.36666e-05 1.68875e-05 1.99363e-05 2.26322e-05 2.48206e-05 2.63848e-05 2.72542e-05 2.74071e-05 2.68698e-05 2.571e-05 2.40288e-05 2.19485e-05 1.96017e-05 1.71198e-05 1.46235e-05 1.22158e-05 9.97703e-06 7.96383e-06 6.20912e-06 4.72473e-06 3.50509e-06 2.53153e-06 1.7767e-06 1.20867e-06 7.9435e-07 5.02015e-07 3.03102e-07 1.7316e-07 9.22104e-08 4.46316e-08 1.87272e-08 6.12438e-09 1.1114e-09 0 
0 5.27398e-08 2.16818e-07 4.94621e-07 8.79444e-07 1.35555e-06 1.89912e-06 2.48009e-06 3.0646e-06 3.61786e-06 4.10709e-06 4.50422e-06 4.78808e-06 4.94585e-06 4.9736e-06 4.87609e-06 4.66563e-06 4.36053e-06 3.98302e-06 3.55715e-06 3.10677e-06 2.65378e-06 2.21686e-06 1.81062e-06 1.4453e-06 1.12689e-06 8.57511e-07 6.36167e-07 4.59469e-07 3.22464e-07 2.19364e-07 1.44163e-07 9.11061e-08 5.5006e-08 3.14241e-08 1.67337e-08 8.09938e-09 3.39846e-09 1.1114e-09 2.01687e-10 0 
0 0 0 0 0 0 0 0 0 0 0 0 0 0 0 0 0 0 0 0 0 0 0 0 0 0 0 0 0 0 0 0 0 0 0 0 0 0 0 0 0 
