0 0 0 0 0 0 0 0 0 0 0 0 0 0 0 0 0 0 0 0 0 0 0 0 0 0 0 0 0 0 0 0 0 0 0 0 0 0 0 0 0 
0 1.34168e-05 5.33358e-05 0.00011431 0.000183539 0.000244333 0.000283896 0.000298918 0.000294441 0.000278829 0.000259612 0.000241882 0.000228432 0.000220488 0.000218371 0.000221912 0.000230591 0.000243485 0.000259119 0.0002753 0.000289113 0.00029718 0.000296287 0.00028427 0.000260857 0.00022802 0.000189546 0.000149925 0.000113084 8.15657e-05 5.63855e-05 3.73831e-05 2.37315e-05 1.43592e-05 8.21127e-06 4.37447e-06 2.11769e-06 8.88634e-07 2.90619e-07 5.27395e-08 0 
0 5.33358e-05 0.000202101 0.000393866 0.000538898 0.00057047 0.000498562 0.00038277 0.000273598 0.000191411 0.000136532 0.000102513 8.29238e-05 7.33218e-05 7.12854e-05 7.60362e-05 8.81531e-05 0.000109427 0.000142694 0.000191338 0.000258047 0.000342505 0.000438379 0.000531247 0.000600268 0.000625384 0.000597356 0.000523403 0.000423259 0.000318899 0.000226059 0.000151888 9.70569e-05 5.89038e-05 3.3728e-05 1.79779e-05 8.70495e-06 3.6531e-06 1.19474e-06 2.16816e-07 0 
0 0.00011431 0.000393866 0.00063498 0.000638159 0.000446697 0.00024211 0.000112643 4.91759e-05 2.17139e-05 1.03344e-05 5.58625e-06 3.56742e-06 2.75907e-06 2.60877e-06 2.99909e-06 4.11435e-06 6.54185e-06 1.16258e-05 2.21905e-05 4.37047e-05 8.55353e-05 0.000160826 0.000282042 0.000449516 0.000636643 0.000787666 0.000844728 0.000789089 0.000652649 0.000488603 0.000337964 0.000219038 0.000133785 7.68115e-05 4.09864e-05 1.98538e-05 8.33304e-06 2.72546e-06 4.94611e-07 0 
0 0.000183539 0.000538898 0.000638159 0.000403696 0.000160019 4.64161e-05 1.12699e-05 2.57535e-06 6.16685e-07 1.70565e-07 5.91967e-08 2.74621e-08 1.77199e-08 1.61374e-08 2.05382e-08 3.53936e-08 7.8652e-08 2.12144e-07 6.50021e-07 2.11777e-06 6.90142e-06 2.13444e-05 6.00523e-05 0.000148719 0.000315654 0.000560711 0.000817098 0.000968642 0.000945314 0.00078347 0.000572888 0.000381573 0.000235931 0.000136148 7.27922e-05 3.52864e-05 1.48143e-05 4.84569e-06 8.79413e-07 0 
0 0.000244333 0.00057047 0.000446697 0.000160019 3.24691e-05 4.48742e-06 4.9664e-07 5.14426e-08 5.80769e-09 8.23439e-10 1.65576e-10 5.18122e-11 2.67439e-11 2.32548e-11 3.35476e-11 7.65684e-11 2.57e-10 1.15885e-09 6.35832e-09 3.8452e-08 2.33907e-07 1.3236e-06 6.55252e-06 2.71667e-05 9.16707e-05 0.000246786 0.000520094 0.000842435 0.00104406 0.00101495 0.000813766 0.000567883 0.00035862 0.000208762 0.000111991 5.43548e-05 2.28294e-05 7.46847e-06 1.35547e-06 0 
0 0.000283896 0.000498562 0.00024211 4.64161e-05 4.48742e-06 2.68633e-07 1.21484e-08 5.09683e-10 2.43717e-11 1.61077e-12 1.73666e-13 3.46653e-14 1.38673e-14 1.14367e-14 1.90332e-14 5.98595e-14 3.2168e-13 2.60792e-12 2.78335e-11 3.41226e-10 4.2354e-09 4.77659e-08 4.49568e-07 3.32732e-06 1.86985e-05 7.85115e-05 0.000244343 0.000557155 0.000918149 0.00110114 0.00100694 0.000753691 0.000491707 0.000290144 0.000156459 7.6079e-05 3.19741e-05 1.04623e-05 1.89895e-06 0 
0 0.000298918 0.00038277 0.000112643 1.12699e-05 4.9664e-07 1.21484e-08 2.10524e-10 3.35354e-12 6.39008e-14 1.86535e-15 1.03193e-16 1.27324e-17 3.88188e-18 3.02626e-18 5.85929e-18 2.59447e-17 2.30681e-16 3.50364e-15 7.62218e-14 1.99152e-12 5.30772e-11 1.25398e-09 2.35097e-08 3.23584e-07 3.12543e-06 2.08352e-05 9.60594e-05 0.000307685 0.000680518 0.00103379 0.00111197 0.000913108 0.000623013 0.000374679 0.000203526 9.92237e-05 4.17381e-05 1.36611e-05 2.47978e-06 0 
0 0.000294441 0.000273598 4.91759e-05 2.57535e-06 5.14426e-08 5.09683e-10 3.35354e-12 2.01058e-14 1.51447e-16 1.94124e-18 5.71076e-20 5.62734e-21 1.94101e-21 1.58129e-21 2.67009e-21 1.15896e-20 1.49757e-19 4.22312e-18 1.88326e-16 1.05549e-14 6.08168e-13 3.03153e-11 1.14042e-09 2.93968e-08 4.90714e-07 5.19917e-06 3.52426e-05 0.000155946 0.000455579 0.000875612 0.00112289 0.00102762 0.000740894 0.00045641 0.000250245 0.000122408 5.1548e-05 1.6878e-05 3.06406e-06 0 
0 0.000278829 0.000191411 2.17139e-05 6.16685e-07 5.80769e-09 2.43717e-11 6.39008e-14 1.51447e-16 4.73843e-19 3.14866e-21 1.14235e-22 2.16293e-23 1.04547e-23 9.00403e-24 1.24833e-23 3.3193e-23 2.33922e-22 7.28055e-21 6.10224e-19 7.05147e-17 8.45028e-15 8.5625e-13 6.24567e-11 2.92529e-09 8.22296e-08 1.35366e-06 1.31914e-05 7.85559e-05 0.000294506 0.000701078 0.00106609 0.00109247 0.00083705 0.000529957 0.000293723 0.000144232 6.08176e-05 1.99214e-05 3.61702e-06 0 
0 0.000259612 0.000136532 1.03344e-05 1.70565e-07 8.23439e-10 1.61077e-12 1.86535e-15 1.94124e-18 3.14866e-21 2.32681e-23 1.26272e-24 3.69414e-25 2.32713e-25 2.09396e-25 2.4798e-25 4.47884e-25 1.92855e-24 3.8725e-23 3.82933e-21 8.09073e-19 1.85692e-16 3.53366e-14 4.64296e-12 3.69889e-10 1.65368e-08 4.03097e-07 5.42204e-06 4.18765e-05 0.000194256 0.000554363 0.000979448 0.00111597 0.00090811 0.000591297 0.000331429 0.00016341 6.89983e-05 2.26109e-05 4.1059e-06 0 
0 0.000241882 0.000102513 5.58625e-06 5.91967e-08 1.65576e-10 1.73666e-13 1.03193e-16 5.71076e-20 1.14235e-22 1.26272e-24 6.01074e-26 1.59651e-26 1.12907e-26 1.04256e-26 1.10976e-26 1.60136e-26 5.88229e-26 1.04809e-24 7.94323e-23 2.10756e-20 8.11104e-18 2.58279e-15 5.48932e-13 6.75166e-11 4.4126e-09 1.48346e-07 2.59774e-06 2.4785e-05 0.000136278 0.000448511 0.000893668 0.00111322 0.000955258 0.000638094 0.000361416 0.000178875 7.56253e-05 2.47927e-05 4.50267e-06 0 
0 0.000228432 8.29238e-05 3.56742e-06 2.74621e-08 5.18122e-11 3.46653e-14 1.27324e-17 5.62735e-21 2.16294e-23 3.69417e-25 1.59652e-26 1.80834e-27 8.63046e-28 7.64038e-28 7.70525e-28 1.17855e-27 6.74573e-27 1.37885e-25 7.90529e-24 1.61453e-21 8.39314e-19 3.87309e-16 1.16505e-13 1.96126e-11 1.6868e-09 7.15639e-08 1.51686e-06 1.68568e-05 0.000104642 0.000380786 0.000826386 0.00109922 0.00098236 0.000669543 0.000382422 0.000189857 8.03525e-05 2.63513e-05 4.78622e-06 0 
0 0.000220488 7.33218e-05 2.75907e-06 1.77199e-08 2.67439e-11 1.38673e-14 3.88188e-18 1.94101e-21 1.04548e-23 2.32715e-25 1.12908e-26 8.63056e-28 1.33372e-28 7.22097e-29 7.8091e-29 2.52526e-28 2.72586e-27 5.67325e-26 2.65214e-24 4.10067e-22 2.29747e-19 1.30659e-16 4.78864e-14 9.63774e-12 9.69243e-10 4.69539e-08 1.10976e-06 1.34522e-05 8.94539e-05 0.000344481 0.000784842 0.00108491 0.000993759 0.000685868 0.000393841 0.000195916 8.29735e-05 2.72169e-05 4.94378e-06 0 
0 0.000218371 7.12854e-05 2.60877e-06 1.61374e-08 2.32548e-11 1.14367e-14 3.02626e-18 1.58129e-21 9.00406e-24 2.09398e-25 1.04257e-26 7.64048e-28 7.22105e-29 1.44991e-29 2.26988e-29 1.73787e-28 2.25208e-27 4.67435e-26 2.0988e-24 3.06956e-22 1.72501e-19 1.02477e-16 3.91648e-14 8.18869e-12 8.51619e-10 4.24514e-08 1.02721e-06 1.26878e-05 8.56474e-05 0.000334089 0.000770309 0.00107591 0.000992627 0.000687774 0.000395631 0.000196943 8.34289e-05 2.73686e-05 4.97146e-06 0 
0 0.000221912 7.60362e-05 2.99909e-06 2.05382e-08 3.35476e-11 1.90332e-14 5.85929e-18 2.67009e-21 1.24834e-23 2.47981e-25 1.10977e-26 7.70534e-28 7.80916e-29 2.26986e-29 3.73884e-29 2.38543e-28 3.04961e-27 6.86206e-26 3.55313e-24 6.19978e-22 3.44313e-19 1.82246e-16 6.24381e-14 1.18311e-11 1.12917e-09 5.2343e-08 1.19334e-06 1.40579e-05 9.14543e-05 0.000346536 0.000780902 0.00107282 0.0009802 0.00067607 0.000388207 0.00019313 8.17989e-05 2.68324e-05 4.87401e-06 0 
0 0.000230591 8.81531e-05 4.11435e-06 3.53936e-08 7.65684e-11 5.98595e-14 2.59447e-17 1.15896e-20 3.31931e-23 4.47887e-25 1.60137e-26 1.17855e-27 2.52524e-28 1.73785e-28 2.3854e-28 8.06357e-28 8.24824e-27 2.09943e-25 1.45006e-23 3.50312e-21 1.67355e-18 6.80726e-16 1.82163e-13 2.76207e-11 2.16959e-09 8.52788e-08 1.69822e-06 1.79637e-05 0.000107413 0.000380551 0.000812174 0.0010718 0.000955791 0.000651551 0.000372361 0.000184937 7.82862e-05 2.5676e-05 4.66372e-06 0 
0 0.000243485 0.000109427 6.54185e-06 7.8652e-08 2.57e-10 3.2168e-13 2.30681e-16 1.49757e-19 2.33922e-22 1.92856e-24 5.8823e-26 6.7457e-27 2.72583e-27 2.25206e-27 3.04958e-27 8.2482e-27 6.72878e-26 1.93631e-24 1.9134e-22 5.16388e-20 1.72339e-17 4.7468e-15 8.82425e-13 9.62893e-11 5.67223e-09 1.74719e-07 2.8487e-06 2.56989e-05 0.000135603 0.000434678 0.000855826 0.00106507 0.000917369 0.000615092 0.000349201 0.000173029 7.31901e-05 2.39991e-05 4.35885e-06 0 
0 0.000259119 0.000142694 1.16258e-05 2.12144e-07 1.15885e-09 2.60792e-12 3.50364e-15 4.22312e-18 7.28055e-21 3.8725e-23 1.04809e-24 1.37885e-25 5.67321e-26 4.67432e-26 6.86202e-26 2.09942e-25 1.93631e-24 6.98825e-23 8.13469e-21 1.55681e-18 3.15803e-16 5.33899e-14 6.28796e-12 4.54057e-10 1.86301e-08 4.22241e-07 5.35204e-06 3.9509e-05 0.000178049 0.000503233 0.000897166 0.00104164 0.000862478 0.000567855 0.0003201 0.00015822 6.68745e-05 2.19233e-05 3.98157e-06 0 
0 0.0002753 0.000191338 2.21905e-05 6.50021e-07 6.35832e-09 2.78335e-11 7.62218e-14 1.88326e-16 6.10224e-19 3.82933e-21 7.94323e-23 7.90528e-24 2.65213e-24 2.09879e-24 3.55312e-24 1.45006e-23 1.9134e-22 8.13469e-21 6.74466e-19 7.43956e-17 8.51118e-15 8.24659e-13 5.76284e-11 2.59101e-09 7.00765e-08 1.11383e-06 1.0546e-05 6.17264e-05 0.000232008 0.000569135 0.000912487 0.000988674 0.0007892 0.000511435 0.000286621 0.000141407 5.97353e-05 1.958e-05 3.55589e-06 0 
0 0.000289113 0.000258047 4.37047e-05 2.11777e-06 3.8452e-08 3.41226e-10 1.99152e-12 1.05549e-14 7.05147e-17 8.09073e-19 2.10756e-20 1.61452e-21 4.10067e-22 3.06955e-22 6.19977e-22 3.50312e-21 5.16388e-20 1.55681e-18 7.43956e-17 4.49121e-15 2.78631e-13 1.48629e-11 5.91483e-10 1.58775e-08 2.71349e-07 2.90526e-06 1.98559e-05 8.99411e-05 0.000278677 0.000594484 0.0008687 0.000893543 0.000696837 0.000447865 0.000250422 0.000123493 5.21673e-05 1.71001e-05 3.10561e-06 0 
0 0.00029718 0.000342505 8.55353e-05 6.90142e-06 2.33907e-07 4.2354e-09 5.30772e-11 6.08168e-13 8.45028e-15 1.85692e-16 8.11104e-18 8.39314e-19 2.29747e-19 1.72501e-19 3.44313e-19 1.67355e-18 1.72339e-17 3.15803e-16 8.51118e-15 2.78631e-13 9.26568e-12 2.67746e-10 5.92472e-09 9.16462e-08 9.42836e-07 6.43183e-06 3.02571e-05 0.000103792 0.000268557 0.000519479 0.00072998 0.000746676 0.000586186 0.000379465 0.000213127 0.000105331 4.45366e-05 1.4604e-05 2.65262e-06 0 
0 0.000296287 0.000438379 0.000160826 2.13444e-05 1.3236e-06 4.77659e-08 1.25398e-09 3.03153e-11 8.5625e-13 3.53366e-14 2.58279e-15 3.87309e-16 1.30659e-16 1.02477e-16 1.82246e-16 6.80726e-16 4.7468e-15 5.33899e-14 8.24659e-13 1.48629e-11 2.67746e-10 4.19025e-09 5.04357e-08 4.23852e-07 2.36095e-06 8.93879e-06 2.57591e-05 6.49951e-05 0.000152137 0.000308909 0.000483623 0.000547519 0.000460011 0.000308732 0.000176245 8.76726e-05 3.71587e-05 1.21948e-05 2.21562e-06 0 
0 0.00028427 0.000531247 0.000282042 6.00523e-05 6.55252e-06 4.49568e-07 2.35097e-08 1.14042e-09 6.24567e-11 4.64296e-12 5.48932e-13 1.16505e-13 4.78864e-14 3.91648e-14 6.24381e-14 1.82163e-13 8.82425e-13 6.28796e-12 5.76284e-11 5.91483e-10 5.92472e-09 5.04357e-08 3.15411e-07 1.24873e-06 2.84032e-06 4.03002e-06 5.06167e-06 8.75307e-06 2.40532e-05 7.85303e-05 0.000200333 0.000320043 0.000325461 0.000238608 0.000141161 7.11415e-05 3.02864e-05 9.95374e-06 1.80927e-06 0 
0 0.000260857 0.000600268 0.000449516 0.000148719 2.71667e-05 3.32732e-06 3.23584e-07 2.93968e-08 2.92529e-09 3.69889e-10 6.75166e-11 1.96126e-11 9.63774e-12 8.18869e-12 1.18311e-11 2.76207e-11 9.62893e-11 4.54057e-10 2.59101e-09 1.58775e-08 9.16462e-08 4.23852e-07 1.24873e-06 1.70895e-06 8.24684e-07 1.65652e-07 3.71821e-08 3.57559e-08 2.22905e-07 3.38659e-06 3.42088e-05 0.000128436 0.000198565 0.000173187 0.000109204 5.6233e-05 2.41041e-05 7.93853e-06 1.44387e-06 0 
0 0.00022802 0.000625384 0.000636643 0.000315654 9.16707e-05 1.86985e-05 3.12543e-06 4.90714e-07 8.22296e-08 1.65368e-08 4.4126e-09 1.6868e-09 9.69243e-10 8.51619e-10 1.12917e-09 2.16959e-09 5.67223e-09 1.86301e-08 7.00765e-08 2.71349e-07 9.42836e-07 2.36095e-06 2.84032e-06 8.24684e-07 2.75637e-08 1.32997e-10 9.73504e-13 3.3257e-13 1.61757e-11 7.98993e-09 1.52875e-06 3.1103e-05 0.000101896 0.000117807 8.16515e-05 4.3305e-05 1.87268e-05 6.18337e-06 1.12546e-06 0 
0 0.000189546 0.000597356 0.000787666 0.000560711 0.000246786 7.85115e-05 2.08352e-05 5.19917e-06 1.35366e-06 4.03097e-07 1.48346e-07 7.15639e-08 4.69539e-08 4.24514e-08 5.2343e-08 8.52788e-08 1.74719e-07 4.22241e-07 1.11383e-06 2.90526e-06 6.43183e-06 8.93879e-06 4.03002e-06 1.65652e-07 1.32997e-10 2.58765e-15 1.09953e-15 2.86425e-15 5.35685e-17 1.2806e-12 2.16197e-08 5.14287e-06 4.67297e-05 7.68883e-05 5.94481e-05 3.25485e-05 1.42019e-05 4.70093e-06 8.56218e-07 0 
0 0.000149925 0.000523403 0.000844728 0.000817098 0.000520094 0.000244343 9.60594e-05 3.52426e-05 1.31914e-05 5.42204e-06 2.59774e-06 1.51686e-06 1.10976e-06 1.02721e-06 1.19334e-06 1.69822e-06 2.8487e-06 5.35204e-06 1.0546e-05 1.98559e-05 3.02571e-05 2.57591e-05 5.06167e-06 3.71821e-08 9.73504e-13 1.09952e-15 8.1946e-17 1.35455e-16 2.28125e-17 3.82369e-16 4.67635e-10 1.04598e-06 2.31293e-05 5.08374e-05 4.27478e-05 2.39477e-05 1.05131e-05 3.48553e-06 6.35116e-07 0 
0 0.000113084 0.000423259 0.000789089 0.000968642 0.000842435 0.000557155 0.000307685 0.000155946 7.85559e-05 4.18765e-05 2.4785e-05 1.68568e-05 1.34522e-05 1.26878e-05 1.40579e-05 1.79637e-05 2.56989e-05 3.9509e-05 6.17264e-05 8.99411e-05 0.000103792 6.49951e-05 8.75307e-06 3.57559e-08 3.3257e-13 2.86425e-15 1.35455e-16 2.16264e-17 8.69526e-18 1.75981e-16 1.4474e-10 5.66935e-07 1.5449e-05 3.60636e-05 3.07628e-05 1.72851e-05 7.59239e-06 2.5174e-06 4.58712e-07 0 
0 8.15657e-05 0.000318899 0.000652649 0.000945314 0.00104406 0.000918149 0.000680518 0.000455579 0.000294506 0.000194256 0.000136278 0.000104642 8.94539e-05 8.56474e-05 9.14543e-05 0.000107413 0.000135603 0.000178049 0.000232008 0.000278677 0.000268557 0.000152137 2.40532e-05 2.22905e-07 1.61757e-11 5.35685e-17 2.28125e-17 8.69525e-18 6.2464e-17 7.33464e-15 1.27236e-09 1.02666e-06 1.47873e-05 2.78e-05 2.21846e-05 1.22246e-05 5.33994e-06 1.76781e-06 3.21985e-07 0 
0 5.63855e-05 0.000226059 0.000488603 0.00078347 0.00101495 0.00110114 0.00103379 0.000875612 0.000701078 0.000554363 0.000448511 0.000380786 0.000344481 0.000334089 0.000346536 0.000380551 0.000434678 0.000503233 0.000569135 0.000594484 0.000519479 0.000308909 7.85303e-05 3.38659e-06 7.98993e-09 1.2806e-12 3.82369e-16 1.75981e-16 7.33464e-15 4.08203e-11 5.83829e-08 3.4768e-06 1.71068e-05 2.22195e-05 1.58131e-05 8.42664e-06 3.64602e-06 1.20382e-06 2.19098e-07 0 
0 3.73831e-05 0.000151888 0.000337964 0.000572888 0.000813766 0.00100694 0.00111197 0.00112289 0.00106609 0.000979448 0.000893668 0.000826386 0.000784842 0.000770309 0.000780902 0.000812174 0.000855826 0.000897166 0.000912487 0.0008687 0.00072998 0.000483623 0.000200333 3.42088e-05 1.52875e-06 2.16197e-08 4.67635e-10 1.4474e-10 1.27236e-09 5.83829e-08 1.57857e-06 1.00423e-05 1.87846e-05 1.7185e-05 1.09142e-05 5.61767e-06 2.40595e-06 7.92045e-07 1.44034e-07 0 
0 2.37315e-05 9.70569e-05 0.000219038 0.000381573 0.000567883 0.000753691 0.000913108 0.00102762 0.00109247 0.00111597 0.00111322 0.00109922 0.00108491 0.00107591 0.00107282 0.0010718 0.00106507 0.00104164 0.000988674 0.000893543 0.000746676 0.000547519 0.000320043 0.000128436 3.1103e-05 5.14287e-06 1.04598e-06 5.66935e-07 1.02666e-06 3.4768e-06 1.00423e-05 1.68833e-05 1.70585e-05 1.22765e-05 7.17201e-06 3.59289e-06 1.52591e-06 5.01065e-07 9.10511e-08 0 
0 1.43592e-05 5.89038e-05 0.000133785 0.000235931 0.00035862 0.000491707 0.000623013 0.000740894 0.00083705 0.00090811 0.000955258 0.00098236 0.000993759 0.000992627 0.0009802 0.000955791 0.000917369 0.000862478 0.0007892 0.000696837 0.000586186 0.000460011 0.000325461 0.000198565 0.000101896 4.67297e-05 2.31293e-05 1.5449e-05 1.47873e-05 1.71068e-05 1.87846e-05 1.70585e-05 1.26546e-05 7.9891e-06 4.44213e-06 2.18729e-06 9.23678e-07 3.02761e-07 5.49855e-08 0 
0 8.21127e-06 3.3728e-05 7.68115e-05 0.000136148 0.000208762 0.000290144 0.000374679 0.00045641 0.000529957 0.000591297 0.000638094 0.000669543 0.000685868 0.000687774 0.00067607 0.000651551 0.000615092 0.000567855 0.000511435 0.000447865 0.000379465 0.000308732 0.000238608 0.000173187 0.000117807 7.68883e-05 5.08374e-05 3.60636e-05 2.78e-05 2.22195e-05 1.7185e-05 1.22765e-05 7.9891e-06 4.74685e-06 2.5744e-06 1.25578e-06 5.28551e-07 1.73054e-07 3.14174e-08 0 
0 4.37447e-06 1.79779e-05 4.09864e-05 7.27922e-05 0.000111991 0.000156459 0.000203526 0.000250245 0.000293723 0.000331429 0.000361416 0.000382422 0.000393841 0.000395631 0.000388207 0.000372361 0.000349201 0.0003201 0.000286621 0.000250422 0.000213127 0.000176245 0.000141161 0.000109204 8.16515e-05 5.94481e-05 4.27478e-05 3.07628e-05 2.21846e-05 1.58131e-05 1.09142e-05 7.17201e-06 4.44213e-06 2.5744e-06 1.38075e-06 6.70488e-07 2.81721e-07 9.21817e-08 1.67318e-08 0 
0 2.11769e-06 8.70495e-06 1.98538e-05 3.52864e-05 5.43548e-05 7.6079e-05 9.92237e-05 0.000122408 0.000144232 0.00016341 0.000178875 0.000189857 0.000195916 0.000196943 0.00019313 0.000184937 0.000173029 0.00015822 0.000141407 0.000123493 0.000105331 8.76726e-05 7.11415e-05 5.6233e-05 4.3305e-05 3.25485e-05 2.39477e-05 1.72851e-05 1.22246e-05 8.42664e-06 5.61767e-06 3.59289e-06 2.18729e-06 1.25578e-06 6.70488e-07 3.24942e-07 1.36422e-07 4.4625e-08 8.09893e-09 0 
0 8.88634e-07 3.6531e-06 8.33304e-06 1.48143e-05 2.28294e-05 3.19741e-05 4.17381e-05 5.1548e-05 6.08176e-05 6.89983e-05 7.56253e-05 8.03525e-05 8.29735e-05 8.34289e-05 8.17989e-05 7.82862e-05 7.31901e-05 6.68745e-05 5.97353e-05 5.21673e-05 4.45366e-05 3.71587e-05 3.02864e-05 2.41041e-05 1.87268e-05 1.42019e-05 1.05131e-05 7.59239e-06 5.33994e-06 3.64602e-06 2.40595e-06 1.52591e-06 9.23678e-07 5.28551e-07 2.81721e-07 1.36422e-07 5.72549e-08 1.8726e-08 3.39837e-09 0 
0 2.90619e-07 1.19474e-06 2.72546e-06 4.84569e-06 7.46847e-06 1.04623e-05 1.36611e-05 1.6878e-05 1.99214e-05 2.26109e-05 2.47927e-05 2.63513e-05 2.72169e-05 2.73686e-05 2.68324e-05 2.5676e-05 2.39991e-05 2.19233e-05 1.958e-05 1.71001e-05 1.4604e-05 1.21948e-05 9.95374e-06 7.93853e-06 6.18337e-06 4.70093e-06 3.48553e-06 2.5174e-06 1.76781e-06 1.20382e-06 7.92045e-07 5.01065e-07 3.02761e-07 1.73054e-07 9.21817e-08 4.4625e-08 1.8726e-08 6.12421e-09 1.11139e-09 0 
0 5.27395e-08 2.16816e-07 4.94611e-07 8.79413e-07 1.35547e-06 1.89895e-06 2.47978e-06 3.06406e-06 3.61702e-06 4.1059e-06 4.50267e-06 4.78622e-06 4.94378e-06 4.97146e-06 4.87401e-06 4.66372e-06 4.35885e-06 3.98157e-06 3.55589e-06 3.10561e-06 2.65262e-06 2.21562e-06 1.80927e-06 1.44387e-06 1.12546e-06 8.56218e-07 6.35116e-07 4.58712e-07 3.21985e-07 2.19098e-07 1.44034e-07 9.10511e-08 5.49855e-08 3.14174e-08 1.67318e-08 8.09893e-09 3.39837e-09 1.11139e-09 2.01686e-10 0 
0 0 0 0 0 0 0 0 0 0 0 0 0 0 0 0 0 0 0 0 0 0 0 0 0 0 0 0 0 0 0 0 0 0 0 0 0 0 0 0 0 
