0 0 0 0 0 0 0 0 0 0 0 0 0 0 0 0 0 0 0 0 0 0 0 0 0 0 0 0 0 0 0 0 0 0 0 0 0 0 0 0 0 
0 1.34633e-05 5.37417e-05 0.000116024 0.000188357 0.000254361 0.000300377 0.000321519 0.000321622 0.000308725 0.0002907 0.000273215 0.000259583 0.000251383 0.000249121 0.000252667 0.000261421 0.000274282 0.000289521 0.000304659 0.000316528 0.000321623 0.000316826 0.00030032 0.000272373 0.000235524 0.000193949 0.000152238 0.000114169 8.20214e-05 5.65571e-05 3.74412e-05 2.37492e-05 1.4364e-05 8.21248e-06 4.37473e-06 2.11774e-06 8.88642e-07 2.9062e-07 5.27395e-08 0 
0 5.37417e-05 0.000205671 0.000408165 0.000573998 0.000628923 0.000570351 0.000453719 0.000334817 0.00024075 0.000175653 0.00013422 0.000109904 9.78281e-05 9.52222e-05 0.000101154 0.000116236 0.000142414 0.000182663 0.000240237 0.000317069 0.000411106 0.000513279 0.000606184 0.000667374 0.00067809 0.000633136 0.000544251 0.000433696 0.000323421 0.000227773 0.000152463 9.72286e-05 5.89497e-05 3.37391e-05 1.79802e-05 8.70539e-06 3.65316e-06 1.19475e-06 2.16816e-07 0 
0 0.000116024 0.000408165 0.000683393 0.000724931 0.000539703 0.000310782 0.000152902 7.02236e-05 3.24424e-05 1.60508e-05 8.94904e-06 5.84168e-06 4.57316e-06 4.33327e-06 4.94448e-06 6.67445e-06 1.03661e-05 1.78919e-05 3.30334e-05 6.27702e-05 0.000118351 0.000214173 0.000361123 0.000552633 0.000750704 0.000891318 0.000920553 0.000833607 0.000673914 0.000497066 0.000340843 0.000219893 0.00013401 7.68642e-05 4.09973e-05 1.98558e-05 8.33334e-06 2.72549e-06 4.94613e-07 0 
0 0.000188357 0.000573998 0.000724931 0.000498209 0.000215284 6.7895e-05 1.7874e-05 4.41374e-06 1.1355e-06 3.34391e-07 1.22079e-07 5.87129e-08 3.86504e-08 3.53241e-08 4.44088e-08 7.45245e-08 1.59345e-07 4.09731e-07 1.18939e-06 3.659e-06 1.12508e-05 3.28684e-05 8.75215e-05 0.000205419 0.000413099 0.000694145 0.000956505 0.00107682 0.00100791 0.000811373 0.000582913 0.000384601 0.000236723 0.00013633 7.28292e-05 3.5293e-05 1.48153e-05 4.8458e-06 8.7942e-07 0 
0 0.000254361 0.000628923 0.000539703 0.000215284 4.87982e-05 7.55235e-06 9.37712e-07 1.08758e-07 1.36484e-08 2.12344e-09 4.60252e-10 1.51936e-10 8.07902e-11 7.06241e-11 1.00048e-10 2.19532e-10 6.95879e-10 2.92285e-09 1.48e-08 8.21991e-08 4.5888e-07 2.38947e-06 1.09416e-05 4.22152e-05 0.000133211 0.000335909 0.000661993 0.00100183 0.00116692 0.00108118 0.000840224 0.000576261 0.000360838 0.000209269 0.000112093 5.43724e-05 2.2832e-05 7.46875e-06 1.35549e-06 0 
0 0.000300377 0.000570351 0.000310782 6.7895e-05 7.55235e-06 5.2526e-07 2.77551e-08 1.35864e-09 7.50717e-11 5.63337e-12 6.72982e-13 1.44526e-13 6.02132e-14 5.00213e-14 8.12025e-14 2.41991e-13 1.20252e-12 8.84661e-12 8.45849e-11 9.22697e-10 1.0179e-08 1.02415e-07 8.66546e-07 5.82415e-06 3.00381e-05 0.000116702 0.00033706 0.000711849 0.00108627 0.00121827 0.00106183 0.000772559 0.000496868 0.00029133 0.000156694 7.61192e-05 3.19799e-05 1.04629e-05 1.89899e-06 0 
0 0.000321519 0.000453719 0.000152902 1.7874e-05 9.37712e-07 2.77551e-08 5.87103e-10 1.13989e-11 2.61488e-13 8.98429e-15 5.6699e-16 7.6822e-17 2.46438e-17 1.93809e-17 3.63894e-17 1.50464e-16 1.20983e-15 1.62186e-14 3.06332e-13 6.88783e-12 1.57714e-10 3.21603e-09 5.25493e-08 6.38863e-07 5.53405e-06 3.35676e-05 0.000142231 0.000419707 0.000852979 0.00119443 0.00120403 0.000948572 0.000633234 0.000377069 0.000203999 9.93038e-05 4.17494e-05 1.36623e-05 2.47985e-06 0 
0 0.000321622 0.000334817 7.02236e-05 4.41374e-06 1.08758e-07 1.35864e-09 1.13989e-11 8.69983e-14 8.21776e-16 1.28364e-17 4.27783e-19 3.81889e-20 1.04353e-20 8.0211e-21 1.5994e-20 8.48737e-20 1.08524e-18 2.66035e-17 9.98577e-16 4.65876e-14 2.22976e-12 9.28269e-11 2.95052e-09 6.53115e-08 9.5417e-07 9.022e-06 5.5487e-05 0.000224801 0.000601185 0.0010562 0.0012518 0.00108452 0.000758458 0.000460629 0.000251085 0.000122549 5.15678e-05 1.68801e-05 3.06418e-06 0 
0 0.000308725 0.00024075 3.24424e-05 1.1355e-06 1.36484e-08 7.50717e-11 2.61488e-13 8.21776e-16 3.34181e-18 2.52515e-20 6.03311e-22 7.27806e-23 2.79878e-23 2.29532e-23 3.67342e-23 1.31158e-22 1.53203e-21 5.86133e-20 4.18902e-18 3.90943e-16 3.77051e-14 3.09411e-12 1.85235e-10 7.25519e-09 1.74368e-07 2.51241e-06 2.19003e-05 0.00011847 0.00040537 0.000878555 0.00122283 0.00117233 0.000863688 0.000536576 0.000295055 0.000144456 6.08487e-05 1.99246e-05 3.61721e-06 0 
0 0.0002907 0.000175653 1.60508e-05 3.34391e-07 2.12344e-09 5.63337e-12 8.98429e-15 1.28364e-17 2.52515e-20 1.32561e-22 3.96603e-24 6.7255e-25 3.33381e-25 2.87351e-25 3.88168e-25 9.98887e-25 8.00234e-24 2.84353e-22 3.18939e-20 5.47259e-18 9.83721e-16 1.4757e-13 1.5515e-11 1.00991e-09 3.78162e-08 7.92849e-07 9.41089e-06 6.54662e-05 0.000276248 0.000716422 0.0011519 0.00121655 0.000944374 0.000600641 0.000333333 0.000163731 6.90426e-05 2.26155e-05 4.10616e-06 0 
0 0.000273215 0.00013422 8.94904e-06 1.22079e-07 4.60252e-10 6.72982e-13 5.6699e-16 4.27783e-19 6.03311e-22 3.96605e-24 1.13368e-25 1.79032e-26 9.83312e-27 8.71379e-27 1.055e-26 2.27255e-26 1.64731e-25 5.35225e-24 6.28941e-22 1.6527e-19 4.93088e-17 1.21119e-14 2.01822e-12 1.99076e-10 1.07184e-08 3.05564e-07 4.66846e-06 3.98112e-05 0.000198444 0.000592955 0.00107193 0.00122974 0.00100028 0.000650097 0.000363896 0.000179294 7.56832e-05 2.47987e-05 4.503e-06 0 
0 0.000259583 0.000109904 5.84168e-06 5.87129e-08 1.51936e-10 1.44526e-13 7.6822e-17 3.81889e-20 7.27808e-23 6.72555e-25 1.79034e-26 1.35806e-27 5.03844e-28 4.30044e-28 5.04322e-28 1.28835e-27 1.40495e-26 4.79644e-25 4.57335e-23 1.32439e-20 5.61708e-18 1.97024e-15 4.58e-13 6.10243e-11 4.27355e-09 1.5221e-07 2.79189e-06 2.75716e-05 0.000154736 0.000510955 0.00100476 0.00122607 0.00103407 0.000683711 0.000385383 0.00019036 8.04218e-05 2.63585e-05 4.78662e-06 0 
0 0.000251383 9.78281e-05 4.57316e-06 3.86504e-08 8.07902e-11 6.02132e-14 2.46438e-17 1.04353e-20 2.79879e-23 3.33384e-25 9.83326e-27 5.03852e-28 5.62416e-29 2.90444e-29 4.30289e-29 2.67689e-28 4.61119e-27 1.53393e-25 1.22677e-23 3.19585e-21 1.61618e-18 6.94122e-16 1.95048e-13 3.08492e-11 2.51017e-09 1.01531e-07 2.06741e-06 2.22e-05 0.000133263 0.000465677 0.00096116 0.00121673 0.00104931 0.00070136 0.000397105 0.000196472 8.30503e-05 2.72248e-05 4.94422e-06 0 
0 0.000249121 9.52222e-05 4.33327e-06 3.53241e-08 7.06241e-11 5.00213e-14 1.93809e-17 8.0211e-21 2.29533e-23 2.87354e-25 8.71392e-27 4.30052e-28 2.90449e-29 5.35398e-30 1.58958e-29 1.91384e-28 3.64655e-27 1.20127e-25 9.27076e-24 2.33381e-21 1.21965e-18 5.46831e-16 1.60038e-13 2.62675e-11 2.20831e-09 9.18417e-08 1.91352e-06 2.09312e-05 0.000127566 0.000451809 0.000944319 0.00120795 0.00104887 0.000703564 0.000398969 0.000197512 8.35076e-05 2.73767e-05 4.97192e-06 0 
0 0.000252667 0.000101154 4.94448e-06 4.44088e-08 1.00048e-10 8.12025e-14 3.63894e-17 1.5994e-20 3.67343e-23 3.88171e-25 1.05502e-26 5.0433e-28 4.30292e-29 1.58956e-29 3.53396e-29 3.09154e-28 5.72798e-27 2.03655e-25 1.7729e-23 4.90996e-21 2.34698e-18 9.40926e-16 2.48126e-13 3.70837e-11 2.87331e-09 1.11543e-07 2.19659e-06 2.29743e-05 0.000135187 0.000465715 0.00095265 0.00120072 0.0010341 0.000691135 0.00039139 0.000193674 8.18741e-05 2.68402e-05 4.87444e-06 0 
0 0.000261421 0.000116236 6.67445e-06 7.45245e-08 2.19532e-10 2.41991e-13 1.50464e-16 8.48737e-20 1.31158e-22 9.98893e-25 2.27257e-26 1.28835e-27 2.67685e-28 1.91381e-28 3.09151e-28 1.44577e-27 2.18143e-26 8.67042e-25 9.53364e-23 2.79774e-20 1.05637e-17 3.28727e-15 6.84421e-13 8.26665e-11 5.31846e-09 1.76428e-07 3.05454e-06 2.8832e-05 0.000156458 0.000504997 0.000980616 0.00119133 0.00100472 0.000665044 0.0003752 0.000185422 7.83535e-05 2.5683e-05 4.66412e-06 0 
0 0.000274282 0.000142414 1.03661e-05 1.59345e-07 6.95879e-10 1.20252e-12 1.20983e-15 1.08524e-18 1.53203e-21 8.00235e-24 1.64732e-25 1.40494e-26 4.61114e-27 3.6465e-27 5.72792e-27 2.18142e-26 2.76519e-25 1.21058e-23 1.58021e-21 3.76129e-19 9.72963e-17 2.08346e-14 3.06015e-12 2.69772e-10 1.31815e-08 3.46447e-07 4.95625e-06 4.01788e-05 0.000193283 0.000566087 0.00101776 0.00117214 0.000959409 0.000626466 0.00035158 0.000173435 7.32467e-05 2.4005e-05 4.35919e-06 0 
0 0.000289521 0.000182663 1.78919e-05 4.09731e-07 2.92285e-09 8.84661e-12 1.62186e-14 2.66035e-17 5.86133e-20 2.84353e-22 5.35225e-24 4.79642e-25 1.53392e-25 1.20126e-25 2.03654e-25 8.67039e-25 1.21058e-23 5.83736e-22 6.35645e-20 9.723e-18 1.55327e-15 2.08275e-13 1.97477e-11 1.172e-09 4.05014e-08 7.93729e-07 8.92538e-06 5.97029e-05 0.000246635 0.000639497 0.00104679 0.00113273 0.000896626 0.000576913 0.000321985 0.000158543 6.69197e-05 2.1928e-05 3.98185e-06 0 
0 0.000304659 0.000240237 3.30334e-05 1.18939e-06 1.48e-08 8.45849e-11 3.06332e-13 9.98577e-16 4.18902e-18 3.18939e-20 6.28941e-22 4.57334e-23 1.22676e-23 9.27074e-24 1.77289e-23 9.53364e-23 1.5802e-21 6.35645e-20 4.3617e-18 3.88605e-16 3.58222e-14 2.8148e-12 1.61692e-10 6.08944e-09 1.41073e-07 1.96726e-06 1.67228e-05 8.94908e-05 0.000310295 0.000702397 0.00104212 0.00106161 0.00081548 0.000518311 0.000288052 0.000141653 5.977e-05 1.95837e-05 3.5561e-06 0 
0 0.000316528 0.000317069 6.27702e-05 3.659e-06 8.21991e-08 9.22697e-10 6.88783e-12 4.65876e-14 3.90943e-16 5.47259e-18 1.6527e-19 1.32439e-20 3.19585e-21 2.33381e-21 4.90996e-21 2.79774e-20 3.76129e-19 9.723e-18 3.88605e-16 1.94054e-14 9.9371e-13 4.39973e-11 1.47078e-09 3.37276e-08 5.02415e-07 4.7904e-06 2.97517e-05 0.000124358 0.000358132 0.000710883 0.000971171 0.00094827 0.000716207 0.000452934 0.000251484 0.000123678 5.21937e-05 1.71029e-05 3.10577e-06 0 
0 0.000321623 0.000411106 0.000118351 1.12508e-05 4.5888e-07 1.0179e-08 1.57714e-10 2.22976e-12 3.77051e-14 9.83721e-16 4.93088e-17 5.61708e-18 1.61618e-18 1.21965e-18 2.34698e-18 1.05637e-17 9.72963e-17 1.55327e-15 3.58222e-14 9.9371e-13 2.79394e-11 6.85759e-10 1.30241e-08 1.75533e-07 1.60225e-06 9.88552e-06 4.27954e-05 0.000136805 0.000331952 0.00060364 0.000801816 0.000785411 0.000600226 0.000383226 0.00021393 0.000105473 4.4557e-05 1.46062e-05 2.65275e-06 0 
0 0.000316826 0.000513279 0.000214173 3.28684e-05 2.38947e-06 1.02415e-07 3.21603e-09 9.28269e-11 3.09411e-12 1.4757e-13 1.21119e-14 1.97024e-15 6.94122e-16 5.46831e-16 9.40926e-16 3.28727e-15 2.08346e-14 2.08275e-13 2.8148e-12 4.39973e-11 6.85759e-10 9.32038e-09 9.8345e-08 7.35043e-07 3.70749e-06 1.29463e-05 3.49101e-05 8.30718e-05 0.000183851 0.000353509 0.000526785 0.000573879 0.000470454 0.00031168 0.000176892 8.77881e-05 3.71754e-05 1.21966e-05 2.21573e-06 0 
0 0.00030032 0.000606184 0.000361123 8.75215e-05 1.09416e-05 8.66546e-07 5.25493e-08 2.95052e-09 1.85235e-10 1.5515e-11 2.01822e-12 4.58e-13 1.95048e-13 1.60038e-13 2.48126e-13 6.84421e-13 3.06015e-12 1.97477e-11 1.61692e-10 1.47078e-09 1.30241e-08 9.8345e-08 5.51048e-07 1.98944e-06 4.22591e-06 5.72971e-06 6.94996e-06 1.15227e-05 2.99033e-05 9.15675e-05 0.000220476 0.000337234 0.000333673 0.000241129 0.00014173 7.12439e-05 3.03012e-05 9.95534e-06 1.80936e-06 0 
0 0.000272373 0.000667374 0.000552633 0.000205419 4.22152e-05 5.82415e-06 6.38863e-07 6.53115e-08 7.25519e-09 1.00991e-09 1.99076e-10 6.10243e-11 3.08492e-11 2.62675e-11 3.70837e-11 8.26665e-11 2.69772e-10 1.172e-09 6.08944e-09 3.37276e-08 1.75533e-07 7.35043e-07 1.98944e-06 2.57681e-06 1.23023e-06 2.54633e-07 5.90821e-08 5.58729e-08 3.19947e-07 4.32249e-06 3.93878e-05 0.00013799 0.000205118 0.000175485 0.00010974 5.63289e-05 2.41177e-05 7.93997e-06 1.44395e-06 0 
0 0.000235524 0.00067809 0.000750704 0.000413099 0.000133211 3.00381e-05 5.53405e-06 9.5417e-07 1.74368e-07 3.78162e-08 1.07184e-08 4.27355e-09 2.51017e-09 2.20831e-09 2.87331e-09 5.31846e-09 1.31815e-08 4.05014e-08 1.41073e-07 5.02415e-07 1.60225e-06 3.70749e-06 4.22591e-06 1.23023e-06 4.50772e-08 2.58687e-10 2.23869e-12 7.91406e-13 3.24074e-11 1.25175e-08 1.94143e-06 3.47285e-05 0.00010668 0.000119885 8.21587e-05 4.3395e-05 1.87394e-05 6.18467e-06 1.12553e-06 0 
0 0.000193949 0.000633136 0.000891318 0.000694145 0.000335909 0.000116702 3.35676e-05 9.022e-06 2.51241e-06 7.92849e-07 3.05564e-07 1.5221e-07 1.01531e-07 9.18417e-08 1.11543e-07 1.76428e-07 3.46447e-07 7.93729e-07 1.96726e-06 4.7904e-06 9.88552e-06 1.29463e-05 5.72971e-06 2.54633e-07 2.58687e-10 7.36629e-15 5.54381e-16 2.32401e-15 4.51816e-17 2.73107e-12 3.17107e-08 6.05826e-06 4.97679e-05 7.86376e-05 5.99008e-05 3.26284e-05 1.42129e-05 4.70204e-06 8.56279e-07 0 
0 0.000152238 0.000544251 0.000920553 0.000956505 0.000661993 0.00033706 0.000142231 5.5487e-05 2.19003e-05 9.41089e-06 4.66846e-06 2.79189e-06 2.06741e-06 1.91352e-06 2.19659e-06 3.05454e-06 4.95625e-06 8.92538e-06 1.67228e-05 2.97517e-05 4.27954e-05 3.49101e-05 6.94996e-06 5.90821e-08 2.23869e-12 5.5438e-16 3.27203e-17 8.0712e-17 2.74527e-17 1.13053e-15 7.82222e-10 1.29106e-06 2.49777e-05 5.21871e-05 4.31134e-05 2.40119e-05 1.05218e-05 3.48639e-06 6.35163e-07 0 
0 0.000114169 0.000433696 0.000833607 0.00107682 0.00100183 0.000711849 0.000419707 0.000224801 0.00011847 6.54662e-05 3.98112e-05 2.75716e-05 2.22e-05 2.09312e-05 2.29743e-05 2.8832e-05 4.01788e-05 5.97029e-05 8.94908e-05 0.000124358 0.000136805 8.30718e-05 1.15227e-05 5.58729e-08 7.91406e-13 2.32401e-15 8.07122e-17 1.10611e-17 7.75797e-18 1.28307e-16 2.50033e-10 7.06829e-07 1.67203e-05 3.70295e-05 3.10239e-05 1.73305e-05 7.59847e-06 2.518e-06 4.58745e-07 0 
0 8.20214e-05 0.000323421 0.000673914 0.00100791 0.00116692 0.00108627 0.000852979 0.000601185 0.00040537 0.000276248 0.000198444 0.000154736 0.000133263 0.000127566 0.000135187 0.000156458 0.000193283 0.000246635 0.000310295 0.000358132 0.000331952 0.000183851 2.99033e-05 3.19947e-07 3.24074e-11 4.51816e-17 2.74527e-17 7.75797e-18 4.41907e-17 1.83062e-14 1.99516e-09 1.23482e-06 1.58132e-05 2.84359e-05 2.23467e-05 1.22525e-05 5.34366e-06 1.76818e-06 3.22005e-07 0 
0 5.65571e-05 0.000227773 0.000497066 0.000811373 0.00108118 0.00121827 0.00119443 0.0010562 0.000878555 0.000716422 0.000592955 0.000510955 0.000465677 0.000451809 0.000465715 0.000504997 0.000566087 0.000639497 0.000702397 0.000710883 0.00060364 0.000353509 9.15675e-05 4.32249e-06 1.25175e-08 2.73107e-12 1.13053e-15 1.28308e-16 1.83062e-14 7.26317e-11 7.82162e-08 3.93843e-06 1.7931e-05 2.25868e-05 1.58991e-05 8.44128e-06 3.648e-06 1.20402e-06 2.19109e-07 0 
0 3.74412e-05 0.000152463 0.000340843 0.000582913 0.000840224 0.00106183 0.00120403 0.0012518 0.00122283 0.0011519 0.00107193 0.00100476 0.00096116 0.000944319 0.00095265 0.000980616 0.00101776 0.00104679 0.00104212 0.000971171 0.000801816 0.000526785 0.000220476 3.93878e-05 1.94143e-06 3.17107e-08 7.82222e-10 2.50033e-10 1.99516e-09 7.82162e-08 1.8432e-06 1.07677e-05 1.93143e-05 1.7361e-05 1.09527e-05 5.62424e-06 2.40686e-06 7.92139e-07 1.44039e-07 0 
0 2.37492e-05 9.72286e-05 0.000219893 0.000384601 0.000576261 0.000772559 0.000948572 0.00108452 0.00117233 0.00121655 0.00122974 0.00122607 0.00121673 0.00120795 0.00120072 0.00119133 0.00117214 0.00113273 0.00106161 0.00094827 0.000785411 0.000573879 0.000337234 0.00013799 3.47285e-05 6.05826e-06 1.29106e-06 7.06829e-07 1.23482e-06 3.93843e-06 1.07677e-05 1.74572e-05 1.73027e-05 1.23446e-05 7.1865e-06 3.59541e-06 1.52627e-06 5.01103e-07 9.10533e-08 0 
0 1.4364e-05 5.89497e-05 0.00013401 0.000236723 0.000360838 0.000496868 0.000633234 0.000758458 0.000863688 0.000944374 0.00100028 0.00103407 0.00104931 0.00104887 0.0010341 0.00100472 0.000959409 0.000896626 0.00081548 0.000716207 0.000600226 0.000470454 0.000333673 0.000205118 0.00010668 4.97679e-05 2.49777e-05 1.67203e-05 1.58132e-05 1.7931e-05 1.93143e-05 1.73027e-05 1.27367e-05 8.01057e-06 4.44674e-06 2.18813e-06 9.23801e-07 3.02775e-07 5.49864e-08 0 
0 8.21248e-06 3.37391e-05 7.68642e-05 0.00013633 0.000209269 0.00029133 0.000377069 0.000460629 0.000536576 0.000600641 0.000650097 0.000683711 0.00070136 0.000703564 0.000691135 0.000665044 0.000626466 0.000576913 0.000518311 0.000452934 0.000383226 0.00031168 0.000241129 0.000175485 0.000119885 7.86376e-05 5.21871e-05 3.70295e-05 2.84359e-05 2.25868e-05 1.7361e-05 1.23446e-05 8.01057e-06 4.75249e-06 2.57565e-06 1.25602e-06 5.28588e-07 1.73058e-07 3.14177e-08 0 
0 4.37473e-06 1.79802e-05 4.09973e-05 7.28292e-05 0.000112093 0.000156694 0.000203999 0.000251085 0.000295055 0.000333333 0.000363896 0.000385383 0.000397105 0.000398969 0.00039139 0.0003752 0.00035158 0.000321985 0.000288052 0.000251484 0.00021393 0.000176892 0.00014173 0.00010974 8.21587e-05 5.99008e-05 4.31134e-05 3.10239e-05 2.23467e-05 1.58991e-05 1.09527e-05 7.1865e-06 4.44674e-06 2.57565e-06 1.38105e-06 6.70547e-07 2.8173e-07 9.21829e-08 1.67319e-08 0 
0 2.11774e-06 8.70539e-06 1.98558e-05 3.5293e-05 5.43724e-05 7.61192e-05 9.93038e-05 0.000122549 0.000144456 0.000163731 0.000179294 0.00019036 0.000196472 0.000197512 0.000193674 0.000185422 0.000173435 0.000158543 0.000141653 0.000123678 0.000105473 8.77881e-05 7.12439e-05 5.63289e-05 4.3395e-05 3.26284e-05 2.40119e-05 1.73305e-05 1.22525e-05 8.44128e-06 5.62424e-06 3.59541e-06 2.18813e-06 1.25602e-06 6.70547e-07 3.24954e-07 1.36424e-07 4.46252e-08 8.09895e-09 0 
0 8.88642e-07 3.65316e-06 8.33334e-06 1.48153e-05 2.2832e-05 3.19799e-05 4.17494e-05 5.15678e-05 6.08487e-05 6.90426e-05 7.56832e-05 8.04218e-05 8.30503e-05 8.35076e-05 8.18741e-05 7.83535e-05 7.32467e-05 6.69197e-05 5.977e-05 5.21937e-05 4.4557e-05 3.71754e-05 3.03012e-05 2.41177e-05 1.87394e-05 1.42129e-05 1.05218e-05 7.59847e-06 5.34366e-06 3.648e-06 2.40686e-06 1.52627e-06 9.23801e-07 5.28588e-07 2.8173e-07 1.36424e-07 5.72553e-08 1.8726e-08 3.39837e-09 0 
0 2.9062e-07 1.19475e-06 2.72549e-06 4.8458e-06 7.46875e-06 1.04629e-05 1.36623e-05 1.68801e-05 1.99246e-05 2.26155e-05 2.47987e-05 2.63585e-05 2.72248e-05 2.73767e-05 2.68402e-05 2.5683e-05 2.4005e-05 2.1928e-05 1.95837e-05 1.71029e-05 1.46062e-05 1.21966e-05 9.95534e-06 7.93997e-06 6.18467e-06 4.70204e-06 3.48639e-06 2.518e-06 1.76818e-06 1.20402e-06 7.92139e-07 5.01103e-07 3.02775e-07 1.73058e-07 9.21829e-08 4.46252e-08 1.8726e-08 6.12422e-09 1.11139e-09 0 
0 5.27395e-08 2.16816e-07 4.94613e-07 8.7942e-07 1.35549e-06 1.89899e-06 2.47985e-06 3.06418e-06 3.61721e-06 4.10616e-06 4.503e-06 4.78662e-06 4.94422e-06 4.97192e-06 4.87444e-06 4.66412e-06 4.35919e-06 3.98185e-06 3.5561e-06 3.10577e-06 2.65275e-06 2.21573e-06 1.80936e-06 1.44395e-06 1.12553e-06 8.56279e-07 6.35163e-07 4.58745e-07 3.22005e-07 2.19109e-07 1.44039e-07 9.10533e-08 5.49864e-08 3.14177e-08 1.67319e-08 8.09895e-09 3.39837e-09 1.11139e-09 2.01686e-10 0 
0 0 0 0 0 0 0 0 0 0 0 0 0 0 0 0 0 0 0 0 0 0 0 0 0 0 0 0 0 0 0 0 0 0 0 0 0 0 0 0 0 
