0 0 0 0 0 0 0 0 0 0 0 0 0 0 0 0 0 0 0 0 0 0 0 0 0 0 0 0 0 0 0 0 0 0 0 0 0 0 0 0 0 
0 1.32093e-05 5.15602e-05 0.000107101 0.000164395 0.000207152 0.000227044 0.000226011 0.000211674 0.000191967 0.000172516 0.000156416 0.000144971 0.000138505 0.000136931 0.000140023 0.000147491 0.000158898 0.000173483 0.00018995 0.000206326 0.000219988 0.000227993 0.000227701 0.000217573 0.000197812 0.000170528 0.000139213 0.000107711 7.91697e-05 5.54343e-05 3.7046e-05 2.36245e-05 1.43288e-05 8.20355e-06 4.37273e-06 2.11735e-06 8.88578e-07 2.90612e-07 5.2739e-08 0 
0 5.15602e-05 0.000187007 0.000337487 0.000414142 0.00038656 0.000298244 0.000204566 0.000132561 8.52885e-05 5.6749e-05 4.03502e-05 3.14172e-05 2.72035e-05 2.63544e-05 2.84822e-05 3.39657e-05 4.39304e-05 6.0309e-05 8.58153e-05 0.000123555 0.000175926 0.000242629 0.000318212 0.000390632 0.000442994 0.000459671 0.000434357 0.000374158 0.000295745 0.000216641 0.000148547 9.60125e-05 5.8614e-05 3.36566e-05 1.79623e-05 8.70198e-06 3.65263e-06 1.19469e-06 2.16812e-07 0 
0 0.000107101 0.000337487 0.000466783 0.000384589 0.000219393 9.85015e-05 3.86084e-05 1.43891e-05 5.50089e-06 2.30927e-06 1.12804e-06 6.70198e-07 4.97988e-07 4.67592e-07 5.51082e-07 7.9755e-07 1.37015e-06 2.67914e-06 5.69507e-06 1.25716e-05 2.7627e-05 5.82908e-05 0.000114685 0.000205643 0.000329865 0.000465659 0.000570668 0.000602898 0.000551504 0.000443915 0.0003215 0.000213854 0.000132364 7.64683e-05 4.09134e-05 1.98404e-05 8.33096e-06 2.72521e-06 4.94596e-07 0 
0 0.000164395 0.000414142 0.000384589 0.000184072 5.56703e-05 1.24372e-05 2.33148e-06 4.13628e-07 7.81253e-08 1.75331e-08 5.13717e-09 2.1117e-09 1.27397e-09 1.14643e-09 1.52062e-09 2.86525e-09 7.24692e-09 2.29382e-08 8.41603e-08 3.31563e-07 1.30693e-06 4.85297e-06 1.6198e-05 4.7034e-05 0.000116407 0.000242335 0.000419146 0.000594117 0.000684694 0.000647747 0.000518027 0.000363577 0.000230954 0.000134959 7.25444e-05 3.52418e-05 1.48076e-05 4.84492e-06 8.79366e-07 0 
0 0.000207152 0.00038656 0.000219393 5.56703e-05 7.9583e-06 7.62559e-07 5.77478e-08 4.10254e-09 3.24861e-10 3.37003e-11 5.26113e-12 1.37397e-12 6.41293e-13 5.47666e-13 8.40263e-13 2.19132e-12 8.92446e-12 5.11258e-11 3.67527e-10 2.95765e-09 2.39713e-08 1.78701e-07 1.14113e-06 5.94122e-06 2.45286e-05 7.94992e-05 0.000202099 0.00040167 0.000617622 0.000730889 0.000679446 0.000519998 0.000344926 0.000205475 0.000111314 5.42349e-05 2.28118e-05 7.46651e-06 1.35535e-06 0 
0 0.000227044 0.000298244 9.85015e-05 1.24372e-05 7.62559e-07 2.77906e-08 7.46818e-10 1.86598e-11 5.48072e-13 2.35791e-14 1.79462e-15 2.79148e-16 9.71588e-17 7.81505e-17 1.41621e-16 5.35493e-16 3.75709e-15 4.2349e-14 6.55553e-13 1.19152e-11 2.19906e-10 3.63649e-09 4.88056e-08 4.95826e-07 3.66336e-06 1.94355e-05 7.46258e-05 0.000210533 0.000438886 0.000671126 0.000755493 0.000651989 0.000460791 0.000282566 0.000154898 7.58058e-05 3.19346e-05 1.0458e-05 1.8987e-06 0 
0 0.000226011 0.000204566 3.86084e-05 2.33148e-06 5.77478e-08 7.46818e-10 6.62081e-12 5.41034e-14 5.50155e-16 9.23629e-18 3.49735e-19 5.26841e-20 2.77827e-20 2.4767e-20 3.22074e-20 8.95091e-20 8.70773e-19 1.98572e-17 6.98392e-16 3.03361e-14 1.34967e-12 5.23461e-11 1.55706e-09 3.24253e-08 4.47983e-07 4.03016e-06 2.38724e-05 9.59288e-05 0.000269177 0.000531998 0.000737845 0.00073558 0.000564201 0.000359727 0.000200418 9.86826e-05 4.16606e-05 1.36527e-05 2.47929e-06 0 
0 0.000211674 0.000132561 1.43891e-05 4.13628e-07 4.10254e-09 1.86598e-11 5.41034e-14 1.43327e-16 5.07101e-19 6.90475e-21 1.20457e-21 5.52175e-22 4.63178e-22 4.46678e-22 4.44439e-22 6.09327e-22 1.56903e-21 1.19396e-20 6.78674e-19 7.05013e-17 7.6125e-15 6.96873e-13 4.62357e-11 1.98713e-09 5.17171e-08 7.94749e-07 7.29489e-06 4.15926e-05 0.000154726 0.000388028 0.000658896 0.000765144 0.000644503 0.000430678 0.000244805 0.00012146 5.14132e-05 1.68636e-05 3.06323e-06 0 
0 0.000191967 8.52885e-05 5.50089e-06 7.81253e-08 3.24861e-10 5.48072e-13 5.50155e-16 5.07101e-19 1.59965e-21 9.42276e-23 4.86364e-23 3.76681e-23 3.68068e-23 3.6282e-23 3.35637e-23 3.46126e-23 4.19544e-23 9.3281e-23 1.48367e-21 2.19212e-19 5.44546e-17 1.12605e-14 1.5992e-12 1.36726e-10 6.49727e-09 1.66317e-07 2.31904e-06 1.84252e-05 8.89196e-05 0.000275596 0.000560713 0.000752739 0.000697915 0.000490687 0.000285233 0.000142745 6.06068e-05 1.9899e-05 3.61574e-06 0 
0 0.000172516 5.6749e-05 2.30927e-06 1.75331e-08 3.37003e-11 2.35791e-14 9.23629e-18 6.90475e-21 9.42276e-23 1.00398e-23 5.5707e-24 5.28853e-24 5.5306e-24 5.49228e-24 4.93583e-24 4.3519e-24 3.73774e-24 4.93054e-24 3.00361e-23 1.73278e-21 6.70299e-19 2.8503e-16 7.95242e-14 1.25162e-11 1.01515e-09 4.09121e-08 8.28172e-07 8.84449e-06 5.36663e-05 0.000199233 0.000471598 0.000717948 0.000727356 0.00053734 0.000319475 0.000161301 6.86995e-05 2.25794e-05 4.1041e-06 0 
0 0.000156416 4.03502e-05 1.12804e-06 5.13717e-09 5.26113e-12 1.79462e-15 3.49735e-19 1.20457e-21 4.86365e-23 5.57071e-24 1.57349e-24 1.10903e-24 1.10294e-24 1.08195e-24 9.54488e-25 7.76777e-25 5.99821e-25 7.88769e-25 4.29713e-24 1.05478e-22 1.97111e-20 1.4069e-17 6.81102e-15 1.7635e-12 2.21249e-10 1.29185e-08 3.54786e-07 4.82814e-06 3.53086e-05 0.000151393 0.000403284 0.000678225 0.000739594 0.000570423 0.000346074 0.000176146 7.52383e-05 2.4752e-05 4.50035e-06 0 
0 0.000144971 3.14172e-05 6.70198e-07 2.1117e-09 1.37397e-12 2.79148e-16 5.26842e-20 5.52175e-22 3.76682e-23 5.28854e-24 1.10903e-24 4.04293e-25 2.80388e-25 2.48332e-25 2.1209e-25 1.68066e-25 1.4618e-25 3.0324e-25 1.83307e-24 2.7482e-23 2.13977e-21 1.60271e-18 1.15295e-15 4.27354e-13 7.34232e-11 5.60108e-09 1.91724e-07 3.10879e-06 2.60136e-05 0.000123602 0.000357604 0.000644969 0.000741965 0.000591146 0.000364314 0.000186613 7.98916e-05 2.63028e-05 4.78347e-06 0 
0 0.000138505 2.72035e-05 4.97988e-07 1.27397e-09 6.41293e-13 9.71588e-17 2.77827e-20 4.63178e-22 3.68068e-23 5.53061e-24 1.10294e-24 2.80388e-25 1.09035e-25 6.88096e-26 5.3127e-26 4.46897e-26 6.02071e-26 2.05216e-25 1.28131e-24 1.58029e-23 8.0552e-22 4.68658e-19 4.20292e-16 1.90881e-13 3.91856e-11 3.47806e-09 1.34883e-07 2.41566e-06 2.1817e-05 0.000109828 0.000332697 0.000623967 0.000740184 0.000601185 0.000374044 0.000192351 8.24663e-05 2.71635e-05 4.94076e-06 0 
0 0.000136931 2.63544e-05 4.67592e-07 1.14643e-09 5.47666e-13 7.81505e-17 2.4767e-20 4.46678e-22 3.6282e-23 5.49228e-24 1.08195e-24 2.48332e-25 6.88097e-26 2.72179e-26 1.68325e-26 1.76032e-26 4.19357e-26 1.83622e-25 1.17115e-24 1.40501e-23 6.66385e-22 3.626e-19 3.39995e-16 1.61008e-13 3.42882e-11 3.13992e-09 1.24944e-07 2.28382e-06 2.09499e-05 0.000106702 0.000326285 0.000617171 0.000737462 0.000601924 0.000375475 0.000193304 8.29105e-05 2.7314e-05 4.96837e-06 0 
0 0.000140023 2.84822e-05 5.51082e-07 1.52062e-09 8.40263e-13 1.41621e-16 3.22075e-20 4.44439e-22 3.35638e-23 4.93583e-24 9.54489e-25 2.1209e-25 5.31271e-26 1.68325e-26 9.19241e-27 1.27271e-26 4.04082e-26 1.92931e-25 1.31052e-24 1.76109e-23 1.07055e-21 7.18132e-19 5.95591e-16 2.51504e-13 4.84467e-11 4.07361e-09 1.51076e-07 2.61045e-06 2.29285e-05 0.000112998 0.000336804 0.000624061 0.000734439 0.000594083 0.000369022 0.000189669 8.13053e-05 2.67804e-05 4.87106e-06 0 
0 0.000147491 3.39657e-05 7.9755e-07 2.86525e-09 2.19132e-12 5.35493e-16 8.95091e-20 6.09327e-22 3.46126e-23 4.3519e-24 7.76778e-25 1.68067e-25 4.46897e-26 1.76032e-26 1.27271e-26 1.8116e-26 5.13196e-26 2.46386e-25 1.95481e-24 3.71108e-23 4.18736e-21 3.35601e-18 2.10039e-15 6.86155e-13 1.05557e-10 7.33047e-09 2.32181e-07 3.53751e-06 2.81996e-05 0.000129125 0.000363282 0.000642075 0.000729441 0.000577693 0.000355246 0.000181858 7.78469e-05 2.56296e-05 4.66109e-06 0 
0 0.000158898 4.39304e-05 1.37015e-06 7.24692e-09 8.92446e-12 3.75709e-15 8.70773e-19 1.56903e-21 4.19544e-23 3.73774e-24 5.99822e-25 1.4618e-25 6.02071e-26 4.19357e-26 4.04082e-26 5.13196e-26 1.05884e-25 4.5633e-25 4.61658e-24 1.78317e-22 5.12635e-20 3.23417e-17 1.33373e-14 2.98849e-12 3.30347e-10 1.73172e-08 4.3498e-07 5.5095e-06 3.8096e-05 0.000156544 0.000404261 0.000666186 0.000718874 0.000552353 0.000334863 0.000170459 7.28231e-05 2.39602e-05 4.35663e-06 0 
0 0.000173483 6.0309e-05 2.67914e-06 2.29382e-08 5.11258e-11 4.2349e-14 1.98572e-17 1.19396e-20 9.3281e-23 4.93054e-24 7.88769e-25 3.0324e-25 2.05216e-25 1.83622e-25 1.92931e-25 2.46386e-25 4.5633e-25 2.00929e-24 3.41017e-23 3.63836e-21 1.4634e-18 5.422e-16 1.3281e-13 1.85778e-11 1.35799e-09 5.0058e-08 9.40653e-07 9.45892e-06 5.47645e-05 0.000196477 0.000455422 0.000687896 0.00069778 0.000517628 0.000308789 0.0001562 6.65854e-05 2.18925e-05 3.97981e-06 0 
0 0.00018995 8.58153e-05 5.69507e-06 8.41603e-08 3.67527e-10 6.55553e-13 6.98392e-16 6.78674e-19 1.48367e-21 3.00361e-23 4.29713e-24 1.83307e-24 1.2813e-24 1.17115e-24 1.31052e-24 1.95481e-24 4.61658e-24 3.41017e-23 1.47971e-21 2.81673e-19 6.68487e-17 1.3151e-14 1.78025e-12 1.45389e-10 6.61626e-09 1.62756e-07 2.19168e-06 1.69267e-05 8.00738e-05 0.000246226 0.000505291 0.000694193 0.000660659 0.000473474 0.00027817 0.000139898 5.95186e-05 1.95568e-05 3.55455e-06 0 
0 0.000206326 0.000123555 1.25716e-05 3.31563e-07 2.95765e-09 1.19152e-11 3.03361e-14 7.05013e-17 2.19212e-19 1.73278e-21 1.05478e-22 2.7482e-23 1.58029e-23 1.40501e-23 1.76109e-23 3.71108e-23 1.78317e-22 3.63836e-21 2.81673e-19 3.22761e-17 3.83147e-15 3.83275e-13 2.74538e-11 1.25246e-09 3.39525e-08 5.34751e-07 4.98709e-06 2.89112e-05 0.000110458 0.000290195 0.000529142 0.000667489 0.000602575 0.000420542 0.000244359 0.000122407 5.20102e-05 1.70832e-05 3.10462e-06 0 
0 0.000219988 0.000175926 2.7627e-05 1.30693e-06 2.39713e-08 2.19906e-10 1.34967e-12 7.6125e-15 5.44546e-17 6.70299e-19 1.97111e-20 2.13977e-21 8.0552e-22 6.66385e-22 1.07055e-21 4.18736e-21 5.12635e-20 1.4634e-18 6.68487e-17 3.83147e-15 2.24518e-13 1.12498e-11 4.16597e-10 1.02456e-08 1.57447e-07 1.49972e-06 9.23682e-06 3.94014e-05 0.000123161 0.000286676 0.000486368 0.000588565 0.000520479 0.0003603 0.000208835 0.000104555 4.44233e-05 1.45917e-05 2.6519e-06 0 
0 0.000227993 0.000242629 5.82908e-05 4.85297e-06 1.78701e-07 3.63649e-09 5.23461e-11 6.96873e-13 1.12605e-14 2.8503e-16 1.4069e-17 1.60271e-18 4.68658e-19 3.626e-19 7.18132e-19 3.35601e-18 3.23417e-17 5.422e-16 1.3151e-14 3.83275e-13 1.12498e-11 2.83204e-10 5.31102e-09 6.62059e-08 5.1429e-07 2.54681e-06 9.11081e-06 2.76691e-05 7.70123e-05 0.000185347 0.000342051 0.000446512 0.000415016 0.000295053 0.000173113 8.70994e-05 3.70745e-05 1.21856e-05 2.21508e-06 0 
0 0.000227701 0.000318212 0.000114685 1.6198e-05 1.14113e-06 4.88056e-08 1.55706e-09 4.62357e-11 1.5992e-12 7.95242e-14 6.81102e-15 1.15295e-15 4.20292e-16 3.39995e-16 5.95591e-16 2.10039e-15 1.33373e-14 1.3281e-13 1.78025e-12 2.74538e-11 4.16597e-10 5.31102e-09 4.80697e-08 2.59408e-07 7.4146e-07 1.22143e-06 1.71564e-06 3.3985e-06 1.12637e-05 4.5404e-05 0.000140382 0.000260886 0.00029385 0.000228166 0.000138696 7.06873e-05 3.02198e-05 9.9465e-06 1.80885e-06 0 
0 0.000217573 0.000390632 0.000205643 4.7034e-05 5.94122e-06 4.95826e-07 3.24253e-08 1.98713e-09 1.36726e-10 1.25162e-11 1.7635e-12 4.27354e-13 1.90881e-13 1.61008e-13 2.51504e-13 6.86155e-13 2.98849e-12 1.85778e-11 1.45389e-10 1.25246e-09 1.02456e-08 6.62059e-08 2.59408e-07 4.26728e-07 2.12817e-07 3.83952e-08 7.62948e-09 7.70983e-09 6.4339e-08 1.45895e-06 2.08896e-05 9.91942e-05 0.000175867 0.000164574 0.000107098 5.58458e-05 2.4048e-05 7.93252e-06 1.44352e-06 0 
0 0.000197812 0.000442994 0.000329865 0.000116407 2.45286e-05 3.66336e-06 4.47983e-07 5.17171e-08 6.49727e-09 1.01515e-09 2.21249e-10 7.34232e-11 3.91856e-11 3.42882e-11 4.84467e-11 1.05557e-10 3.30347e-10 1.35799e-09 6.61626e-09 3.39525e-08 1.57447e-07 5.1429e-07 7.4146e-07 2.12817e-07 5.18607e-09 1.37997e-11 5.16791e-14 1.44627e-14 1.4901e-12 1.71766e-09 6.7271e-07 2.12098e-05 8.65785e-05 0.000110533 7.97863e-05 4.29646e-05 1.86786e-05 6.1783e-06 1.12517e-06 0 
0 0.000170528 0.000459671 0.000465659 0.000242335 7.94992e-05 1.94355e-05 4.03016e-06 7.94749e-07 1.66317e-07 4.09121e-08 1.29185e-08 5.60108e-09 3.47806e-09 3.13992e-09 4.07361e-09 7.33047e-09 1.73172e-08 5.0058e-08 1.62756e-07 5.34751e-07 1.49972e-06 2.54681e-06 1.22143e-06 3.83952e-08 1.37997e-11 2.80097e-16 2.46551e-15 1.41653e-15 6.09308e-15 9.5719e-14 5.80692e-09 2.9268e-06 3.75391e-05 7.10066e-05 5.78463e-05 3.22582e-05 1.41616e-05 4.6968e-06 8.55988e-07 0 
0 0.000139213 0.000434357 0.000570668 0.000419146 0.000202099 7.46258e-05 2.38724e-05 7.29489e-06 2.31904e-06 8.28172e-07 3.54786e-07 1.91724e-07 1.34883e-07 1.24944e-07 1.51076e-07 2.32181e-07 4.3498e-07 9.40653e-07 2.19168e-06 4.98709e-06 9.23682e-06 9.11081e-06 1.71564e-06 7.62948e-09 5.16791e-14 2.46551e-15 5.69376e-16 3.86496e-16 9.0822e-16 1.02094e-14 7.93951e-11 5.07048e-07 1.77373e-05 4.63953e-05 4.14804e-05 2.37197e-05 1.0482e-05 3.48238e-06 6.34943e-07 0 
0 0.000107711 0.000374158 0.000602898 0.000594117 0.00040167 0.000210533 9.59288e-05 4.15926e-05 1.84252e-05 8.84449e-06 4.82814e-06 3.10879e-06 2.41566e-06 2.28382e-06 2.61045e-06 3.53751e-06 5.5095e-06 9.45892e-06 1.69267e-05 2.89112e-05 3.94014e-05 2.76691e-05 3.3985e-06 7.70983e-09 1.44627e-14 1.41653e-15 3.86496e-16 8.20142e-16 4.07961e-15 8.33413e-14 2.18619e-11 2.65582e-07 1.17663e-05 3.2905e-05 2.98662e-05 1.71256e-05 7.57083e-06 2.51523e-06 4.58594e-07 0 
0 7.91697e-05 0.000295745 0.000551504 0.000684694 0.000617622 0.000438886 0.000269177 0.000154726 8.89196e-05 5.36663e-05 3.53086e-05 2.60136e-05 2.1817e-05 2.09499e-05 2.29285e-05 2.81996e-05 3.8096e-05 5.47645e-05 8.00738e-05 0.000110458 0.000123161 7.70123e-05 1.12637e-05 6.4339e-08 1.4901e-12 6.09307e-15 9.0822e-16 4.07961e-15 6.11071e-16 4.977e-16 2.71489e-10 5.44888e-07 1.17419e-05 2.57089e-05 2.16293e-05 1.21275e-05 5.32682e-06 1.76649e-06 3.21913e-07 0 
0 5.54343e-05 0.000216641 0.000443915 0.000647747 0.000730889 0.000671126 0.000531998 0.000388028 0.000275596 0.000199233 0.000151393 0.000123602 0.000109828 0.000106702 0.000112998 0.000129125 0.000156544 0.000196477 0.000246226 0.000290195 0.000286676 0.000185347 4.5404e-05 1.45895e-06 1.71766e-09 9.5719e-14 1.02094e-14 8.33413e-14 4.97701e-16 5.70394e-12 2.14668e-08 2.26869e-06 1.45539e-05 2.09968e-05 1.5518e-05 8.37574e-06 3.63909e-06 1.20311e-06 2.19059e-07 0 
0 3.7046e-05 0.000148547 0.0003215 0.000518027 0.000679446 0.000755493 0.000737845 0.000658896 0.000560713 0.000471598 0.000403284 0.000357604 0.000332697 0.000326285 0.000336804 0.000363282 0.000404261 0.000455422 0.000505291 0.000529142 0.000486368 0.000342051 0.000140382 2.08896e-05 6.7271e-07 5.80692e-09 7.93951e-11 2.18619e-11 2.71489e-10 2.14668e-08 9.29412e-07 7.90959e-06 1.70731e-05 1.65914e-05 1.07818e-05 5.59484e-06 2.40278e-06 7.91714e-07 1.44015e-07 0 
0 2.36245e-05 9.60125e-05 0.000213854 0.000363577 0.000519998 0.000651989 0.00073558 0.000765144 0.000752739 0.000717948 0.000678225 0.000644969 0.000623967 0.000617171 0.000624061 0.000642075 0.000666186 0.000687896 0.000694193 0.000667489 0.000588565 0.000446512 0.000260886 9.91942e-05 2.12098e-05 2.9268e-06 5.07048e-07 2.65582e-07 5.44888e-07 2.26869e-06 7.90959e-06 1.50549e-05 1.62444e-05 1.20443e-05 7.12202e-06 3.58412e-06 1.52465e-06 5.00929e-07 9.10432e-08 0 
0 1.43288e-05 5.8614e-05 0.000132364 0.000230954 0.000344926 0.000460791 0.000564201 0.000644503 0.000697915 0.000727356 0.000739594 0.000741965 0.000740184 0.000737462 0.000734439 0.000729441 0.000718874 0.00069778 0.000660659 0.000602575 0.000520479 0.000415016 0.00029385 0.000175867 8.65785e-05 3.75391e-05 1.77373e-05 1.17663e-05 1.17419e-05 1.45539e-05 1.70731e-05 1.62444e-05 1.23757e-05 7.91536e-06 4.42617e-06 2.1844e-06 9.23246e-07 3.02713e-07 5.49826e-08 0 
0 8.20355e-06 3.36566e-05 7.64683e-05 0.000134959 0.000205475 0.000282566 0.000359727 0.000430678 0.000490687 0.00053734 0.000570423 0.000591146 0.000601185 0.000601924 0.000594083 0.000577693 0.000552353 0.000517628 0.000473474 0.000420542 0.0003603 0.000295053 0.000228166 0.000164574 0.000110533 7.10066e-05 4.63953e-05 3.2905e-05 2.57089e-05 2.09968e-05 1.65914e-05 1.20443e-05 7.91536e-06 4.72739e-06 2.57005e-06 1.25496e-06 5.28423e-07 1.73039e-07 3.14165e-08 0 
0 4.37273e-06 1.79623e-05 4.09134e-05 7.25444e-05 0.000111314 0.000154898 0.000200418 0.000244805 0.000285233 0.000319475 0.000346074 0.000364314 0.000374044 0.000375475 0.000369022 0.000355246 0.000334863 0.000308789 0.00027817 0.000244359 0.000208835 0.000173113 0.000138696 0.000107098 7.97863e-05 5.78463e-05 4.14804e-05 2.98662e-05 2.16293e-05 1.5518e-05 1.07818e-05 7.12202e-06 4.42617e-06 2.57005e-06 1.37974e-06 6.70286e-07 2.81688e-07 9.21777e-08 1.67315e-08 0 
0 2.11735e-06 8.70198e-06 1.98404e-05 3.52418e-05 5.42349e-05 7.58058e-05 9.86826e-05 0.00012146 0.000142745 0.000161301 0.000176146 0.000186613 0.000192351 0.000193304 0.000189669 0.000181858 0.000170459 0.0001562 0.000139898 0.000122407 0.000104555 8.70994e-05 7.06873e-05 5.58458e-05 4.29646e-05 3.22582e-05 2.37197e-05 1.71256e-05 1.21275e-05 8.37574e-06 5.59484e-06 3.58412e-06 2.1844e-06 1.25496e-06 6.70286e-07 3.249e-07 1.36415e-07 4.4624e-08 8.09887e-09 0 
0 8.88578e-07 3.65263e-06 8.33096e-06 1.48076e-05 2.28118e-05 3.19346e-05 4.16606e-05 5.14132e-05 6.06068e-05 6.86995e-05 7.52383e-05 7.98916e-05 8.24663e-05 8.29105e-05 8.13053e-05 7.78469e-05 7.28231e-05 6.65854e-05 5.95186e-05 5.20102e-05 4.44233e-05 3.70745e-05 3.02198e-05 2.4048e-05 1.86786e-05 1.41616e-05 1.0482e-05 7.57083e-06 5.32682e-06 3.63909e-06 2.40278e-06 1.52465e-06 9.23246e-07 5.28423e-07 2.81688e-07 1.36415e-07 5.72536e-08 1.87258e-08 3.39836e-09 0 
0 2.90612e-07 1.19469e-06 2.72521e-06 4.84492e-06 7.46651e-06 1.0458e-05 1.36527e-05 1.68636e-05 1.9899e-05 2.25794e-05 2.4752e-05 2.63028e-05 2.71635e-05 2.7314e-05 2.67804e-05 2.56296e-05 2.39602e-05 2.18925e-05 1.95568e-05 1.70832e-05 1.45917e-05 1.21856e-05 9.9465e-06 7.93252e-06 6.1783e-06 4.6968e-06 3.48238e-06 2.51523e-06 1.76649e-06 1.20311e-06 7.91714e-07 5.00929e-07 3.02713e-07 1.73039e-07 9.21777e-08 4.4624e-08 1.87258e-08 6.12419e-09 1.11139e-09 0 
0 5.2739e-08 2.16812e-07 4.94596e-07 8.79366e-07 1.35535e-06 1.8987e-06 2.47929e-06 3.06323e-06 3.61574e-06 4.1041e-06 4.50035e-06 4.78347e-06 4.94076e-06 4.96837e-06 4.87106e-06 4.66109e-06 4.35663e-06 3.97981e-06 3.55455e-06 3.10462e-06 2.6519e-06 2.21508e-06 1.80885e-06 1.44352e-06 1.12517e-06 8.55988e-07 6.34943e-07 4.58594e-07 3.21913e-07 2.19059e-07 1.44015e-07 9.10432e-08 5.49826e-08 3.14165e-08 1.67315e-08 8.09887e-09 3.39836e-09 1.11139e-09 2.01686e-10 0 
0 0 0 0 0 0 0 0 0 0 0 0 0 0 0 0 0 0 0 0 0 0 0 0 0 0 0 0 0 0 0 0 0 0 0 0 0 0 0 0 0 
