0 0 0 0 0 0 0 0 0 0 0 0 0 0 0 0 0 0 0 0 0 0 0 0 0 0 0 0 0 0 0 0 0 0 0 0 0 0 0 0 0 
0 1.31936e-05 5.14283e-05 0.000106585 0.000163098 0.000204797 0.000223686 0.000221975 0.000207341 0.00018762 0.000168308 0.000152392 0.000141107 0.000134746 0.000133203 0.000136255 0.000143623 0.000154889 0.000169324 0.000185678 0.000202028 0.000215804 0.000224103 0.000224293 0.000214799 0.000195745 0.000169136 0.000138375 0.000107264 7.89589e-05 5.53464e-05 3.70135e-05 2.36139e-05 1.43257e-05 8.20274e-06 4.37254e-06 2.11731e-06 8.88572e-07 2.90611e-07 5.2739e-08 0 
0 5.14283e-05 0.00018592 0.000333686 0.000406532 0.000376599 0.000288599 0.000196829 0.000126938 8.13364e-05 5.39321e-05 3.82415e-05 2.97169e-05 2.57034e-05 2.48967e-05 2.69256e-05 3.21569e-05 4.16794e-05 5.73684e-05 8.18724e-05 0.000118252 0.000168936 0.000233802 0.000307788 0.000379393 0.000432203 0.000450655 0.000427919 0.000370269 0.000293761 0.00021578 0.000148225 9.59078e-05 5.85841e-05 3.3649e-05 1.79606e-05 8.70166e-06 3.65257e-06 1.19468e-06 2.16812e-07 0 
0 0.000106585 0.000333686 0.000456746 0.000371828 0.000209814 9.33274e-05 3.62715e-05 1.34094e-05 5.08761e-06 2.12142e-06 1.03059e-06 6.09879e-07 4.52172e-07 4.2441e-07 5.0088e-07 7.27038e-07 1.25433e-06 2.46546e-06 5.27128e-06 1.17062e-05 2.58776e-05 5.49066e-05 0.000108599 0.000195746 0.000315745 0.000448606 0.000553862 0.000589764 0.000543443 0.000439987 0.000319943 0.000213337 0.000132216 7.64318e-05 4.09055e-05 1.98389e-05 8.33073e-06 2.72519e-06 4.94594e-07 0 
0 0.000163098 0.000406532 0.000371828 0.000175282 5.22944e-05 1.15286e-05 2.1318e-06 3.73046e-07 6.95461e-08 1.54276e-08 4.47776e-09 1.82821e-09 1.09878e-09 9.88118e-10 1.31369e-09 2.48779e-09 6.33803e-09 2.02414e-08 7.50131e-08 2.98638e-07 1.18941e-06 4.45976e-06 1.5016e-05 4.39335e-05 0.000109467 0.000229415 0.000399891 0.000572241 0.000666491 0.000636745 0.000513058 0.000361817 0.000230442 0.000134832 7.25174e-05 3.52369e-05 1.48068e-05 4.84484e-06 8.79361e-07 0 
0 0.000204797 0.000376599 0.000209814 5.22944e-05 7.3411e-06 6.89737e-07 5.1157e-08 3.55901e-09 2.76289e-10 2.81627e-11 4.33424e-12 1.12034e-12 5.1992e-13 4.43553e-13 6.82924e-13 1.79458e-12 7.38931e-12 4.29074e-11 3.13167e-10 2.56081e-09 2.10892e-08 1.59626e-07 1.0335e-06 5.44552e-06 2.27051e-05 7.41927e-05 0.000190057 0.000381139 0.000592793 0.000710563 0.000668145 0.000515493 0.000343542 0.000205128 0.00011124 5.42217e-05 2.28098e-05 7.46629e-06 1.35534e-06 0 
0 0.000223686 0.000288599 9.33274e-05 1.15286e-05 6.89737e-07 2.44594e-08 6.38525e-10 1.54974e-11 4.42858e-13 1.85941e-14 1.38726e-15 2.12683e-16 7.34261e-17 5.89742e-17 1.07401e-16 4.1049e-16 2.92481e-15 3.35952e-14 5.31131e-13 9.87046e-12 1.86268e-10 3.1468e-09 4.30732e-08 4.45236e-07 3.33756e-06 1.79118e-05 6.94058e-05 0.00019748 0.000415993 0.000644782 0.000736379 0.000642952 0.000457756 0.000281777 0.00015473 7.57758e-05 3.19302e-05 1.04575e-05 1.89867e-06 0 
0 0.000221975 0.000196829 3.62715e-05 2.1318e-06 5.1157e-08 6.38525e-10 5.45207e-12 4.29077e-14 4.21014e-16 6.85234e-18 2.62685e-19 4.66215e-20 2.76733e-20 2.51085e-20 3.06617e-20 7.24842e-20 6.42489e-19 1.48397e-17 5.36438e-16 2.39844e-14 1.09837e-12 4.38021e-11 1.33698e-09 2.84901e-08 4.01402e-07 3.66857e-06 2.19944e-05 8.92236e-05 0.000252755 0.000505842 0.000712582 0.000720903 0.000558649 0.000358201 0.000200086 9.86234e-05 4.1652e-05 1.36518e-05 2.47923e-06 0 
0 0.000207341 0.000126938 1.34094e-05 3.73046e-07 3.55901e-09 1.54974e-11 4.29077e-14 1.08518e-16 3.70244e-19 6.04427e-21 1.25136e-21 6.63616e-22 6.16784e-22 6.04073e-22 5.70885e-22 6.80926e-22 1.55591e-21 9.62194e-21 4.95998e-19 5.31984e-17 5.95284e-15 5.63941e-13 3.86267e-11 1.70823e-09 4.55675e-08 7.14553e-07 6.66209e-06 3.84271e-05 0.000144332 0.000366059 0.00063112 0.000745112 0.000635807 0.000428113 0.000244232 0.000121357 5.13983e-05 1.6862e-05 3.06314e-06 0 
0 0.00018762 8.13364e-05 5.08761e-06 6.95461e-08 2.76289e-10 4.42858e-13 4.21014e-16 3.70244e-19 1.40325e-21 1.09694e-22 6.41726e-23 5.31248e-23 5.58922e-23 5.58855e-23 4.96041e-23 4.69644e-23 5.49842e-23 9.73626e-23 1.20459e-21 1.5901e-19 4.10117e-17 8.83066e-15 1.30205e-12 1.1514e-10 5.63417e-09 1.4778e-07 2.10041e-06 1.69257e-05 8.2553e-05 0.000258569 0.000533589 0.000728783 0.000685945 0.000486874 0.000284352 0.000142585 6.05837e-05 1.98966e-05 3.6156e-06 0 
0 0.000168308 5.39321e-05 2.12142e-06 1.54276e-08 2.81627e-11 1.85941e-14 6.85234e-18 6.04427e-21 1.09694e-22 1.40299e-23 8.53625e-24 8.32507e-24 9.09739e-24 9.13042e-24 7.983e-24 6.72736e-24 5.71435e-24 6.38107e-24 3.01174e-23 1.34676e-21 4.89096e-19 2.17432e-16 6.33009e-14 1.03513e-11 8.68013e-10 3.59733e-08 7.44581e-07 8.08485e-06 4.96476e-05 0.000186235 0.00044668 0.000691798 0.000712487 0.000532232 0.000318251 0.000161076 6.86669e-05 2.25759e-05 4.1039e-06 0 
0 0.000152392 3.82415e-05 1.03059e-06 4.47776e-09 4.33424e-12 1.38726e-15 2.62685e-19 1.25136e-21 6.41727e-23 8.53626e-24 2.64217e-24 1.9024e-24 1.93099e-24 1.90475e-24 1.6522e-24 1.31457e-24 1.00569e-24 1.15118e-24 5.12599e-24 9.79834e-23 1.44734e-20 1.04959e-17 5.32393e-15 1.43745e-12 1.87056e-10 1.12634e-08 3.17072e-07 4.39611e-06 3.25798e-05 0.00014118 0.000380785 0.00065123 0.000722516 0.000564157 0.000344524 0.000175857 7.51963e-05 2.47475e-05 4.5001e-06 0 
0 0.000141107 2.97169e-05 6.09879e-07 1.82821e-09 1.12034e-12 2.12683e-16 4.66215e-20 6.63616e-22 5.31249e-23 8.32508e-24 1.9024e-24 7.34706e-25 5.20332e-25 4.61459e-25 3.8994e-25 3.05037e-25 2.55633e-25 4.51281e-25 2.3221e-24 2.88062e-23 1.73787e-21 1.17796e-18 8.89769e-16 3.44812e-13 6.15869e-11 4.85464e-09 1.70629e-07 2.82292e-06 2.39629e-05 0.000115106 0.000337035 0.000617895 0.000723461 0.000584012 0.000362503 0.000186272 7.98419e-05 2.62975e-05 4.78317e-06 0 
0 0.000134746 2.57034e-05 4.52172e-07 1.09878e-09 5.1992e-13 7.34261e-17 2.76733e-20 6.16785e-22 5.58922e-23 9.09739e-24 1.93099e-24 5.20333e-25 2.11494e-25 1.35076e-25 1.03448e-25 8.48485e-26 1.03344e-25 3.05165e-25 1.69529e-24 1.7923e-23 7.10463e-22 3.42436e-19 3.22149e-16 1.53188e-13 3.27331e-11 3.00535e-09 1.19788e-07 2.19066e-06 2.00827e-05 0.000102226 0.00031332 0.000597112 0.000720994 0.000593562 0.000372079 0.000191979 8.24118e-05 2.71577e-05 4.94042e-06 0 
0 0.000133203 2.48967e-05 4.2441e-07 9.88118e-10 4.43553e-13 5.89742e-17 2.51085e-20 6.04073e-22 5.58856e-23 9.13043e-24 1.90475e-24 4.61459e-25 1.35076e-25 5.55745e-26 3.42466e-26 3.32235e-26 6.89632e-26 2.71696e-25 1.56388e-24 1.61633e-23 5.96212e-22 2.64941e-19 2.60436e-16 1.29161e-13 2.86355e-11 2.71297e-09 1.10969e-07 2.0715e-06 1.929e-05 9.93449e-05 0.000307331 0.00059059 0.000718252 0.00059423 0.000373481 0.000192925 8.2855e-05 2.73081e-05 4.96803e-06 0 
0 0.000136255 2.69256e-05 5.0088e-07 1.31369e-09 6.82924e-13 1.07401e-16 3.06617e-20 5.70885e-22 4.96041e-23 7.98301e-24 1.6522e-24 3.89941e-25 1.03448e-25 3.42466e-26 1.83827e-26 2.27599e-26 6.43498e-26 2.8007e-25 1.7009e-24 1.93932e-23 9.14826e-22 5.26827e-19 4.58663e-16 2.02644e-13 4.06044e-11 3.52974e-09 1.34478e-07 2.37182e-06 2.11396e-05 0.000105323 0.000317572 0.000597773 0.000715825 0.00058672 0.000367125 0.000189309 8.12526e-05 2.67748e-05 4.87073e-06 0 
0 0.000143623 3.21569e-05 7.27038e-07 2.48779e-09 1.79458e-12 4.1049e-16 7.24842e-20 6.80926e-22 4.69644e-23 6.72737e-24 1.31457e-24 3.05037e-25 8.48486e-26 3.32235e-26 2.27599e-26 3.0377e-26 7.954e-26 3.47104e-25 2.40269e-24 3.69059e-23 3.23181e-21 2.4898e-18 1.63495e-15 5.57719e-13 8.9096e-11 6.38716e-09 2.07555e-07 3.22433e-06 2.60606e-05 0.000120589 0.000343221 0.000616252 0.00071203 0.000571014 0.000353551 0.000181538 7.78001e-05 2.56246e-05 4.6608e-06 0 
0 0.000154889 4.16794e-05 1.25433e-06 6.33803e-09 7.38931e-12 2.92481e-15 6.42489e-19 1.55591e-21 5.49842e-23 5.71435e-24 1.00569e-24 2.55633e-25 1.03344e-25 6.89632e-26 6.43498e-26 7.954e-26 1.55267e-25 6.03344e-25 5.19478e-24 1.56453e-22 3.73654e-20 2.44344e-17 1.05418e-14 2.45968e-12 2.81656e-10 1.52093e-08 3.91226e-07 5.04468e-06 3.53273e-05 0.000146629 0.000383104 0.000641307 0.000703264 0.000546624 0.000333439 0.000170193 7.27842e-05 2.39561e-05 4.35639e-06 0 
0 0.000169324 5.73684e-05 2.46546e-06 2.02414e-08 4.29074e-11 3.35952e-14 1.48397e-17 9.62194e-21 9.73626e-23 6.38107e-24 1.15118e-24 4.51281e-25 3.05165e-25 2.71696e-25 2.8007e-25 3.47103e-25 6.03344e-25 2.31026e-24 3.10543e-23 2.70605e-21 1.08199e-18 4.19028e-16 1.0697e-13 1.55295e-11 1.17247e-09 4.44063e-08 8.5263e-07 8.71238e-06 5.10215e-05 0.000184806 0.000433443 0.000664831 0.00068451 0.000513001 0.000307666 0.000155992 6.6555e-05 2.18892e-05 3.97962e-06 0 
0 0.000185678 8.18724e-05 5.27128e-06 7.50131e-08 3.13167e-10 5.31131e-13 5.36438e-16 4.95998e-19 1.20459e-21 3.01174e-23 5.12598e-24 2.3221e-24 1.69529e-24 1.56388e-24 1.7009e-24 2.40269e-24 5.19478e-24 3.10543e-23 1.11228e-21 2.06092e-19 5.09151e-17 1.04259e-14 1.46486e-12 1.23706e-10 5.7958e-09 1.46075e-07 2.00509e-06 1.57058e-05 7.50607e-05 0.000232936 0.000483632 0.00067413 0.000650099 0.000469969 0.000277337 0.000139744 5.94961e-05 1.95544e-05 3.55441e-06 0 
0 0.000202028 0.000118252 1.17062e-05 2.98638e-07 2.56081e-09 9.87046e-12 2.39844e-14 5.31984e-17 1.5901e-19 1.34676e-21 9.79834e-23 2.88061e-23 1.7923e-23 1.61633e-23 1.93932e-23 3.69059e-23 1.56453e-22 2.70605e-21 2.06092e-19 2.44592e-17 3.01225e-15 3.1219e-13 2.31124e-11 1.08621e-09 3.02148e-08 4.86172e-07 4.61076e-06 2.70629e-05 0.000104358 0.000276592 0.000509944 0.000651601 0.000594794 0.00041805 0.000243774 0.000122299 5.19943e-05 1.70814e-05 3.10452e-06 0 
0 0.000215804 0.000168936 2.58776e-05 1.18941e-06 2.10892e-08 1.86268e-10 1.09837e-12 5.95284e-15 4.10117e-17 4.89096e-19 1.44734e-20 1.73787e-21 7.10463e-22 5.96212e-22 9.14826e-22 3.23181e-21 3.73654e-20 1.08199e-18 5.09151e-17 3.01225e-15 1.82238e-13 9.41806e-12 3.58986e-10 9.06101e-09 1.42396e-07 1.38163e-06 8.63375e-06 3.7236e-05 0.000117406 0.000275569 0.000472125 0.000577445 0.000515185 0.000358619 0.00020844 0.000104482 4.44124e-05 1.45905e-05 2.65183e-06 0 
0 0.000224103 0.000233802 5.49066e-05 4.45976e-06 1.59626e-07 3.1468e-09 4.38021e-11 5.63941e-13 8.83066e-15 2.17432e-16 1.04959e-17 1.17796e-18 3.42436e-19 2.64941e-19 5.26827e-19 2.4898e-18 2.44344e-17 4.19028e-16 1.04259e-14 3.1219e-13 9.41806e-12 2.43499e-10 4.68131e-09 5.96575e-08 4.72089e-07 2.37269e-06 8.58746e-06 2.63316e-05 7.39214e-05 0.000179397 0.000333966 0.000439759 0.000411628 0.000293941 0.000172847 8.70494e-05 3.7067e-05 1.21848e-05 2.21503e-06 0 
0 0.000224293 0.000307788 0.000108599 1.5016e-05 1.0335e-06 4.30732e-08 1.33698e-09 3.86267e-11 1.30205e-12 6.33009e-14 5.32393e-15 8.89769e-16 3.22149e-16 2.60436e-16 4.58663e-16 1.63495e-15 1.05418e-14 1.0697e-13 1.46486e-12 2.31124e-11 3.58986e-10 4.68131e-09 4.32561e-08 2.37501e-07 6.87481e-07 1.1417e-06 1.61308e-06 3.2185e-06 1.07761e-05 4.39362e-05 0.000137271 0.000257329 0.000291717 0.000227406 0.000138508 7.06516e-05 3.02145e-05 9.94591e-06 1.80881e-06 0 
0 0.000214799 0.000379393 0.000195746 4.39335e-05 5.44552e-06 4.45236e-07 2.84901e-08 1.70823e-09 1.1514e-10 1.03513e-11 1.43745e-12 3.44812e-13 1.53188e-13 1.29161e-13 2.02644e-13 5.57719e-13 2.45968e-12 1.55295e-11 1.23706e-10 1.08621e-09 9.06101e-09 5.96575e-08 2.37501e-07 3.94685e-07 1.97142e-07 3.53336e-08 6.96727e-09 7.05755e-09 5.9902e-08 1.38975e-06 2.02933e-05 9.76439e-05 0.000174505 0.000164013 0.000106954 5.58184e-05 2.4044e-05 7.93208e-06 1.4435e-06 0 
0 0.000195745 0.000432203 0.000315745 0.000109467 2.27051e-05 3.33756e-06 4.01402e-07 4.55675e-08 5.63417e-09 8.68013e-10 1.87056e-10 6.15869e-11 3.27331e-11 2.86355e-11 4.06044e-11 8.9096e-11 2.81656e-10 1.17247e-09 5.7958e-09 3.02148e-08 1.42396e-07 4.72089e-07 6.87481e-07 1.97142e-07 4.71705e-09 1.21294e-11 4.31705e-14 1.19252e-14 1.29732e-12 1.57339e-09 6.41792e-07 2.0743e-05 8.57377e-05 0.000110097 7.96684e-05 4.29424e-05 1.86754e-05 6.17796e-06 1.12515e-06 0 
0 0.000169136 0.000450655 0.000448606 0.000229415 7.41927e-05 1.79118e-05 3.66857e-06 7.14553e-07 1.4778e-07 3.59733e-08 1.12634e-08 4.85464e-09 3.00535e-09 2.71297e-09 3.52974e-09 6.38716e-09 1.52093e-08 4.44063e-08 1.46075e-07 4.86172e-07 1.38163e-06 2.37269e-06 1.1417e-06 3.53336e-08 1.21294e-11 3.06355e-16 2.36713e-15 1.41525e-15 7.92407e-15 8.23971e-14 5.3865e-09 2.83363e-06 3.70636e-05 7.06706e-05 5.77499e-05 3.22402e-05 1.41591e-05 4.69653e-06 8.55973e-07 0 
0 0.000138375 0.000427919 0.000553862 0.000399891 0.000190057 6.94058e-05 2.19944e-05 6.66209e-06 2.10041e-06 7.44581e-07 3.17072e-07 1.70629e-07 1.19788e-07 1.10969e-07 1.34478e-07 2.07555e-07 3.91226e-07 8.5263e-07 2.00509e-06 4.61076e-06 8.63375e-06 8.58746e-06 1.61308e-06 6.96727e-09 4.31705e-14 2.36713e-15 6.10943e-16 4.95683e-16 1.45844e-15 1.7046e-14 7.1706e-11 4.86433e-07 1.7468e-05 4.61477e-05 4.14062e-05 2.37059e-05 1.04801e-05 3.48218e-06 6.34932e-07 0 
0 0.000107264 0.000370269 0.000589764 0.000572241 0.000381139 0.00019748 8.92236e-05 3.84271e-05 1.69257e-05 8.08485e-06 4.39611e-06 2.82292e-06 2.19066e-06 2.0715e-06 2.37182e-06 3.22433e-06 5.04468e-06 8.71238e-06 1.57058e-05 2.70629e-05 3.7236e-05 2.63316e-05 3.2185e-06 7.05755e-09 1.19252e-14 1.41525e-15 4.95683e-16 1.24168e-15 5.94627e-15 1.10205e-13 1.95666e-11 2.54281e-07 1.15836e-05 3.27304e-05 2.98144e-05 1.71162e-05 7.56954e-06 2.5151e-06 4.58587e-07 0 
0 7.89589e-05 0.000293761 0.000543443 0.000666491 0.000592793 0.000415993 0.000252755 0.000144332 8.2553e-05 4.96476e-05 3.25798e-05 2.39629e-05 2.00827e-05 1.929e-05 2.11396e-05 2.60606e-05 3.53273e-05 5.10215e-05 7.50607e-05 0.000104358 0.000117406 7.39214e-05 1.07761e-05 5.9902e-08 1.29732e-12 7.92407e-15 1.45844e-15 5.94627e-15 9.49757e-16 6.5296e-16 2.48473e-10 5.2547e-07 1.15875e-05 2.55929e-05 2.15973e-05 1.21218e-05 5.32605e-06 1.76641e-06 3.21908e-07 0 
0 5.53464e-05 0.00021578 0.000439987 0.000636745 0.000710563 0.000644782 0.000505842 0.000366059 0.000258569 0.000186235 0.00014118 0.000115106 0.000102226 9.93449e-05 0.000105323 0.000120589 0.000146629 0.000184806 0.000232936 0.000276592 0.000275569 0.000179397 4.39362e-05 1.38975e-06 1.57339e-09 8.23971e-14 1.7046e-14 1.10205e-13 6.5296e-16 5.09825e-12 2.02732e-08 2.21395e-06 1.44195e-05 2.09283e-05 1.5501e-05 8.37276e-06 3.63868e-06 1.20307e-06 2.19057e-07 0 
0 3.70135e-05 0.000148225 0.000319943 0.000513058 0.000668145 0.000736379 0.000712582 0.00063112 0.000533589 0.00044668 0.000380785 0.000337035 0.00031332 0.000307331 0.000317572 0.000343221 0.000383104 0.000433443 0.000483632 0.000509944 0.000472125 0.000333966 0.000137271 2.02933e-05 6.41792e-07 5.3865e-09 7.1706e-11 1.95666e-11 2.48473e-10 2.02732e-08 9.01713e-07 7.80228e-06 1.69797e-05 1.65577e-05 1.07741e-05 5.59351e-06 2.40259e-06 7.91694e-07 1.44014e-07 0 
0 2.36139e-05 9.59078e-05 0.000213337 0.000361817 0.000515493 0.000642952 0.000720903 0.000745112 0.000728783 0.000691798 0.00065123 0.000617895 0.000597112 0.00059059 0.000597773 0.000616252 0.000641307 0.000664831 0.00067413 0.000651601 0.000577445 0.000439759 0.000257329 9.76439e-05 2.0743e-05 2.83363e-06 4.86433e-07 2.54281e-07 5.2547e-07 2.21395e-06 7.80228e-06 1.49562e-05 1.61987e-05 1.2031e-05 7.11913e-06 3.58361e-06 1.52458e-06 5.00921e-07 9.10427e-08 0 
0 1.43257e-05 5.85841e-05 0.000132216 0.000230442 0.000343542 0.000457756 0.000558649 0.000635807 0.000685945 0.000712487 0.000722516 0.000723461 0.000720994 0.000718252 0.000715825 0.00071203 0.000703264 0.00068451 0.000650099 0.000594794 0.000515185 0.000411628 0.000291717 0.000174505 8.57377e-05 3.70636e-05 1.7468e-05 1.15836e-05 1.15875e-05 1.44195e-05 1.69797e-05 1.61987e-05 1.23598e-05 7.9111e-06 4.42525e-06 2.18423e-06 9.23221e-07 3.0271e-07 5.49824e-08 0 
0 8.20274e-06 3.3649e-05 7.64318e-05 0.000134832 0.000205128 0.000281777 0.000358201 0.000428113 0.000486874 0.000532232 0.000564157 0.000584012 0.000593562 0.00059423 0.00058672 0.000571014 0.000546624 0.000513001 0.000469969 0.00041805 0.000358619 0.000293941 0.000227406 0.000164013 0.000110097 7.06706e-05 4.61477e-05 3.27304e-05 2.55929e-05 2.09283e-05 1.65577e-05 1.2031e-05 7.9111e-06 4.72626e-06 2.5698e-06 1.25491e-06 5.28415e-07 1.73038e-07 3.14164e-08 0 
0 4.37254e-06 1.79606e-05 4.09055e-05 7.25174e-05 0.00011124 0.00015473 0.000200086 0.000244232 0.000284352 0.000318251 0.000344524 0.000362503 0.000372079 0.000373481 0.000367125 0.000353551 0.000333439 0.000307666 0.000277337 0.000243774 0.00020844 0.000172847 0.000138508 0.000106954 7.96684e-05 5.77499e-05 4.14062e-05 2.98144e-05 2.15973e-05 1.5501e-05 1.07741e-05 7.11913e-06 4.42525e-06 2.5698e-06 1.37968e-06 6.70274e-07 2.81686e-07 9.21775e-08 1.67315e-08 0 
0 2.11731e-06 8.70166e-06 1.98389e-05 3.52369e-05 5.42217e-05 7.57758e-05 9.86234e-05 0.000121357 0.000142585 0.000161076 0.000175857 0.000186272 0.000191979 0.000192925 0.000189309 0.000181538 0.000170193 0.000155992 0.000139744 0.000122299 0.000104482 8.70494e-05 7.06516e-05 5.58184e-05 4.29424e-05 3.22402e-05 2.37059e-05 1.71162e-05 1.21218e-05 8.37276e-06 5.59351e-06 3.58361e-06 2.18423e-06 1.25491e-06 6.70274e-07 3.24898e-07 1.36414e-07 4.4624e-08 8.09886e-09 0 
0 8.88572e-07 3.65257e-06 8.33073e-06 1.48068e-05 2.28098e-05 3.19302e-05 4.1652e-05 5.13983e-05 6.05837e-05 6.86669e-05 7.51963e-05 7.98419e-05 8.24118e-05 8.2855e-05 8.12526e-05 7.78001e-05 7.27842e-05 6.6555e-05 5.94961e-05 5.19943e-05 4.44124e-05 3.7067e-05 3.02145e-05 2.4044e-05 1.86754e-05 1.41591e-05 1.04801e-05 7.56954e-06 5.32605e-06 3.63868e-06 2.40259e-06 1.52458e-06 9.23221e-07 5.28415e-07 2.81686e-07 1.36414e-07 5.72535e-08 1.87258e-08 3.39836e-09 0 
0 2.90611e-07 1.19468e-06 2.72519e-06 4.84484e-06 7.46629e-06 1.04575e-05 1.36518e-05 1.6862e-05 1.98966e-05 2.25759e-05 2.47475e-05 2.62975e-05 2.71577e-05 2.73081e-05 2.67748e-05 2.56246e-05 2.39561e-05 2.18892e-05 1.95544e-05 1.70814e-05 1.45905e-05 1.21848e-05 9.94591e-06 7.93208e-06 6.17796e-06 4.69653e-06 3.48218e-06 2.5151e-06 1.76641e-06 1.20307e-06 7.91694e-07 5.00921e-07 3.0271e-07 1.73038e-07 9.21775e-08 4.4624e-08 1.87258e-08 6.12419e-09 1.11139e-09 0 
0 5.2739e-08 2.16812e-07 4.94594e-07 8.79361e-07 1.35534e-06 1.89867e-06 2.47923e-06 3.06314e-06 3.6156e-06 4.1039e-06 4.5001e-06 4.78317e-06 4.94042e-06 4.96803e-06 4.87073e-06 4.6608e-06 4.35639e-06 3.97962e-06 3.55441e-06 3.10452e-06 2.65183e-06 2.21503e-06 1.80881e-06 1.4435e-06 1.12515e-06 8.55973e-07 6.34932e-07 4.58587e-07 3.21908e-07 2.19057e-07 1.44014e-07 9.10427e-08 5.49824e-08 3.14164e-08 1.67315e-08 8.09886e-09 3.39836e-09 1.11139e-09 2.01686e-10 0 
0 0 0 0 0 0 0 0 0 0 0 0 0 0 0 0 0 0 0 0 0 0 0 0 0 0 0 0 0 0 0 0 0 0 0 0 0 0 0 0 0 
