0 0 0 0 0 0 0 0 0 0 0 0 0 0 0 0 0 0 0 0 0 0 0 0 0 0 0 0 0 0 0 0 0 0 0 0 0 0 0 0 0 
0 1.377e-05 5.64996e-05 0.000128383 0.000226603 0.000344992 0.000474293 0.000603424 0.000721697 0.000821146 0.00089784 0.000951662 0.000984943 0.00100081 0.00100188 0.000989668 0.000964472 0.00092585 0.000873294 0.000807018 0.000728568 0.000641055 0.000548853 0.000456883 0.000369729 0.000290935 0.000222669 0.000165752 0.000119936 8.42544e-05 5.73426e-05 3.76927e-05 2.38225e-05 1.43835e-05 8.21714e-06 4.37574e-06 2.11793e-06 8.88672e-07 2.90623e-07 5.27398e-08 0 
0 5.64996e-05 0.000231165 0.000522042 0.000910319 0.00135655 0.00180312 0.00218794 0.00246598 0.0026249 0.00268388 0.00267895 0.00264675 0.00261471 0.00259812 0.0026008 0.00261677 0.0026319 0.00262625 0.00257788 0.00246869 0.00229072 0.00205007 0.00176586 0.00146431 0.00117098 0.000905117 0.000677558 0.000491739 0.000345956 0.000235618 0.000154925 9.79281e-05 5.91299e-05 3.3781e-05 1.7989e-05 8.70699e-06 3.65341e-06 1.19478e-06 2.16818e-07 0 
0 0.000128383 0.000522042 0.00116263 0.00197105 0.00279279 0.00342896 0.00372847 0.0036757 0.00338302 0.00300276 0.00265087 0.00238725 0.002232 0.00218672 0.00224746 0.0024086 0.00265963 0.00297716 0.0033159 0.00360591 0.00376502 0.00372809 0.0034783 0.00305655 0.00254064 0.00201088 0.0015256 0.00111498 0.000787108 0.000536906 0.000353267 0.000223362 0.000134883 7.70619e-05 4.10374e-05 1.98629e-05 8.33441e-06 2.72561e-06 4.94621e-07 0 
0 0.000226603 0.000910319 0.00197105 0.00315422 0.00403358 0.00423355 0.00374366 0.00290922 0.00209888 0.00148785 0.00108896 0.000854717 0.000737593 0.000708264 0.000756665 0.000889721 0.00112907 0.0015061 0.00204774 0.00274622 0.00351902 0.00419365 0.00456418 0.0045078 0.0040609 0.00337995 0.00263874 0.00195753 0.00139187 0.000952498 0.000627567 0.000397012 0.000239795 0.000137012 7.29641e-05 3.53165e-05 1.48187e-05 4.84618e-06 8.79443e-07 0 
0 0.000344992 0.00135655 0.00279279 0.00403358 0.004325 0.00352341 0.00228724 0.00127809 0.000670922 0.000358598 0.000208465 0.000138459 0.000108463 0.000101677 0.000113847 0.000149778 0.000225058 0.000372161 0.000648857 0.00113937 0.00192389 0.00299031 0.00412586 0.00494313 0.0051293 0.00468264 0.00385899 0.00294573 0.00212354 0.00146212 0.000965793 0.000611589 0.000369537 0.00021117 0.000112462 5.44352e-05 2.2841e-05 7.46974e-06 1.35554e-06 0 
0 0.000474293 0.00180312 0.00342896 0.00423355 0.00352341 0.00205299 0.000914038 0.000349094 0.000128206 5.00144e-05 2.24826e-05 1.23842e-05 8.70082e-06 7.93738e-06 9.36711e-06 1.39747e-05 2.53567e-05 5.32374e-05 0.000122259 0.000289604 0.000667581 0.00141589 0.00262393 0.00407657 0.00519977 0.00548629 0.00494268 0.0039605 0.00292349 0.00203424 0.00134954 0.000856031 0.000517553 0.000295817 0.000157553 7.62628e-05 3.20001e-05 1.04651e-05 1.89912e-06 0 
0 0.000603424 0.00218794 0.00372847 0.00374366 0.00228724 0.000914038 0.000272095 6.97312e-05 1.75963e-05 4.91852e-06 1.68061e-06 7.57338e-07 4.73138e-07 4.18914e-07 5.22765e-07 8.92017e-07 1.97911e-06 5.35406e-06 1.64384e-05 5.32316e-05 0.000169435 0.000496425 0.00126005 0.0026241 0.00430653 0.00550728 0.00563355 0.00485382 0.00371574 0.00262818 0.00175536 0.00111632 0.000675556 0.000386252 0.000205741 9.95914e-05 4.17893e-05 1.36665e-05 2.48009e-06 0 
0 0.000721697 0.00246598 0.0036757 0.00290922 0.00127809 0.000349094 6.97312e-05 1.20113e-05 2.07824e-06 4.14321e-07 1.07031e-07 3.92662e-08 2.17367e-08 1.86468e-08 2.46109e-08 4.81245e-08 1.30981e-07 4.58269e-07 1.88692e-06 8.36216e-06 3.66667e-05 0.000147509 0.000509282 0.00142094 0.00304159 0.0048436 0.00579641 0.00549407 0.00442065 0.0031991 0.002157 0.00137673 0.000834224 0.000477182 0.000254213 0.000123061 5.16379e-05 1.68874e-05 3.0646e-06 0 
0 0.000821146 0.0026249 0.00338302 0.00209888 0.000670922 0.000128206 1.75963e-05 2.07824e-06 2.50542e-07 3.60774e-08 7.11262e-09 2.13744e-09 1.05145e-09 8.736e-10 1.21538e-09 2.70711e-09 8.96377e-09 4.01499e-08 2.19096e-07 1.31086e-06 7.79359e-06 4.22429e-05 0.000194062 0.000709725 0.00195387 0.00387721 0.00549819 0.00582042 0.00497568 0.00370527 0.00252847 0.00162126 0.000984017 0.000563179 0.000300082 0.000145273 6.09598e-05 1.99361e-05 3.61785e-06 0 
0 0.00089784 0.00268388 0.00300276 0.00148785 0.000358598 5.00144e-05 4.91852e-06 4.14321e-07 3.60774e-08 3.87177e-09 5.97421e-10 1.49711e-10 6.60788e-11 5.32391e-11 7.75358e-11 1.93938e-10 7.65524e-10 4.28132e-09 3.01026e-08 2.35938e-07 1.84348e-06 1.30352e-05 7.70476e-05 0.000356839 0.00122426 0.00296384 0.00494679 0.00586522 0.0053531 0.00411579 0.00284724 0.0018353 0.00111603 0.000639143 0.000340629 0.000164913 6.92024e-05 2.26319e-05 4.10707e-06 0 
0 0.000951662 0.00267895 0.00265087 0.00108896 0.000208465 2.24826e-05 1.68061e-06 1.07031e-07 7.11262e-09 5.97421e-10 7.50953e-11 1.61515e-11 6.50026e-12 5.09301e-12 7.68696e-12 2.11284e-11 9.63454e-11 6.47193e-10 5.61289e-09 5.50345e-08 5.39394e-07 4.75293e-06 3.45675e-05 0.000194077 0.000795905 0.00226926 0.00435637 0.00572583 0.00556337 0.00441503 0.00309674 0.00200693 0.00122276 0.000700727 0.000373529 0.000180854 7.58932e-05 2.48202e-05 4.5042e-06 0 
0 0.000984943 0.00264675 0.00238725 0.000854717 0.000138459 1.23842e-05 7.57338e-07 3.92662e-08 2.13744e-09 1.49711e-10 1.61515e-11 3.09659e-12 1.16107e-12 8.88522e-13 1.37269e-12 4.03326e-12 2.04071e-11 1.56624e-10 1.58372e-09 1.83057e-08 2.12034e-07 2.19789e-06 1.86258e-05 0.000120443 0.000562736 0.00180986 0.00386379 0.00551222 0.00564242 0.00460176 0.00326735 0.00212777 0.00129867 0.000744675 0.000397034 0.000192246 8.06754e-05 2.63843e-05 4.78806e-06 0 
0 0.00100081 0.00261471 0.002232 0.000737593 0.000108463 8.70082e-06 4.73138e-07 2.17367e-08 1.05145e-09 6.60788e-11 6.50026e-12 1.16107e-12 4.16029e-13 3.12703e-13 4.8774e-13 1.4846e-12 7.95829e-12 6.58846e-11 7.27855e-10 9.26029e-09 1.18341e-07 1.35075e-06 1.25402e-05 8.82572e-05 0.000446077 0.00154424 0.00352486 0.00530758 0.00563169 0.00468376 0.00335569 0.00219333 0.00134051 0.000769032 0.000410085 0.000198576 8.3333e-05 2.72536e-05 4.94582e-06 0 
0 0.00100188 0.00259812 0.00218672 0.000708264 0.000101677 7.93738e-06 4.18914e-07 1.86468e-08 8.736e-10 5.32391e-11 5.09301e-12 8.88522e-13 3.12703e-13 2.32362e-13 3.60807e-13 1.10099e-12 5.9558e-12 5.00453e-11 5.63804e-10 7.34025e-09 9.61945e-08 1.12695e-06 1.07382e-05 7.75309e-05 0.000401937 0.00142793 0.00334501 0.00515426 0.0055614 0.00467109 0.00336293 0.00220271 0.00134738 0.000773214 0.000412362 0.000199686 8.38001e-05 2.74065e-05 4.97357e-06 0 
0 0.000989668 0.0026008 0.00224746 0.000756665 0.000113847 9.36711e-06 5.22765e-07 2.46109e-08 1.21538e-09 7.75358e-11 7.68696e-12 1.37269e-12 4.8774e-13 3.60807e-13 5.50395e-13 1.63096e-12 8.48907e-12 6.81955e-11 7.31937e-10 9.07187e-09 1.13375e-07 1.27127e-06 1.16521e-05 8.13977e-05 0.000410829 0.00143011 0.0033047 0.00505563 0.00544205 0.00457098 0.00329304 0.00215815 0.00132057 0.000757955 0.000404255 0.000195767 8.21564e-05 2.68691e-05 4.87605e-06 0 
0 0.000964472 0.00261677 0.0024086 0.000889721 0.000149778 1.39747e-05 8.92017e-07 4.81245e-08 2.70711e-09 1.93938e-10 2.11284e-11 4.03326e-12 1.4846e-12 1.10099e-12 1.63096e-12 4.56039e-12 2.18693e-11 1.58993e-10 1.5269e-09 1.68508e-08 1.87697e-07 1.8869e-06 1.56535e-05 0.000100133 0.000468554 0.00153129 0.00336797 0.00498177 0.00526377 0.00438601 0.00315161 0.00206437 0.00126323 0.00072513 0.000386779 0.000187311 7.86094e-05 2.57093e-05 4.66559e-06 0 
0 0.00092585 0.0026319 0.00265963 0.00112907 0.000225058 2.53567e-05 1.97911e-06 1.30981e-07 8.96377e-09 7.65524e-10 9.63454e-11 2.04071e-11 7.95829e-12 5.9558e-12 8.48907e-12 2.18693e-11 9.31543e-11 5.84973e-10 4.76355e-09 4.41785e-08 4.13472e-07 3.51803e-06 2.50227e-05 0.000139504 0.000579183 0.00171135 0.00347758 0.00487456 0.00500085 0.00411499 0.00294528 0.00192792 0.00117995 0.000677499 0.000361432 0.000175051 7.34669e-05 2.40278e-05 4.36047e-06 0 
0 0.000873294 0.00262625 0.00297716 0.0015061 0.000372161 5.32374e-05 5.35406e-06 4.58269e-07 4.01499e-08 4.28132e-09 6.47193e-10 1.56624e-10 6.58846e-11 5.00453e-11 6.81955e-11 1.58993e-10 5.84973e-10 3.06011e-09 2.02547e-08 1.50739e-07 1.12994e-06 7.75807e-06 4.51882e-05 0.000210374 0.000745886 0.0019308 0.0035457 0.00465483 0.00461924 0.00375491 0.00268121 0.00175639 0.00107617 0.000618382 0.000330031 0.000159874 6.71029e-05 2.19471e-05 3.98294e-06 0 
0 0.000807018 0.00257788 0.0033159 0.00204774 0.000648857 0.000122259 1.64384e-05 1.88692e-06 2.19096e-07 3.01026e-08 5.61289e-09 1.58372e-09 7.27855e-10 5.63804e-10 7.31937e-10 1.5269e-09 4.76355e-09 2.02547e-08 1.05804e-07 6.11246e-07 3.54119e-06 1.89056e-05 8.68679e-05 0.000325663 0.000954257 0.00211016 0.00345357 0.00423521 0.00408359 0.00330134 0.00236577 0.00155729 0.000957535 0.000551316 0.000294528 0.000142738 5.99215e-05 1.95998e-05 3.55703e-06 0 
0 0.000728568 0.00246869 0.00360591 0.00274622 0.00113937 0.000289604 5.32316e-05 8.36216e-06 1.31086e-06 2.35938e-07 5.50345e-08 1.83057e-08 9.26029e-09 7.34025e-09 9.07187e-09 1.68508e-08 4.41785e-08 1.50739e-07 6.11246e-07 2.68675e-06 1.17501e-05 4.74818e-05 0.00016702 0.000488542 0.00114877 0.00212439 0.00307369 0.00353903 0.0033608 0.0027456 0.00200171 0.00133656 0.000829215 0.000479705 0.000256841 0.000124592 5.23234e-05 1.71169e-05 3.10659e-06 0 
0 0.000641055 0.00229072 0.00376502 0.00351902 0.00192389 0.000667581 0.000169435 3.66667e-05 7.79359e-06 1.84348e-06 5.39394e-07 2.12034e-07 1.18341e-07 9.61945e-08 1.13375e-07 1.87697e-07 4.13472e-07 1.12994e-06 3.54119e-06 1.17501e-05 3.83094e-05 0.000115037 0.000302094 0.000668412 0.0012207 0.00183809 0.00232276 0.00253016 0.00242726 0.00207246 0.00158518 0.00109702 0.000695237 0.000406541 0.000218715 0.000106304 4.46764e-05 1.46192e-05 2.65352e-06 0 
0 0.000548853 0.00205007 0.00372809 0.00419365 0.00299031 0.00141589 0.000496425 0.000147509 4.22429e-05 1.30352e-05 4.75293e-06 2.19789e-06 1.35075e-06 1.12695e-06 1.27127e-06 1.8869e-06 3.51803e-06 7.75807e-06 1.89056e-05 4.74818e-05 0.000115037 0.0002536 0.000485137 0.000780093 0.00104676 0.00120645 0.00127223 0.00130819 0.00133185 0.00128557 0.00111123 0.000838889 0.000558427 0.000334296 0.000181637 8.86199e-05 3.72952e-05 1.22096e-05 2.21649e-06 0 
0 0.000456883 0.00176586 0.0034783 0.00456418 0.00412586 0.00262393 0.00126005 0.000509282 0.000194062 7.70476e-05 3.45675e-05 1.86258e-05 1.25402e-05 1.07382e-05 1.16521e-05 1.56535e-05 2.50227e-05 4.51882e-05 8.68679e-05 0.00016702 0.000302094 0.000485137 0.000655832 0.000714306 0.000619338 0.000457493 0.00034365 0.000320872 0.000389572 0.000520203 0.000611911 0.000568143 0.000421894 0.000265137 0.000146835 7.2134e-05 3.04278e-05 9.96885e-06 1.81014e-06 0 
0 0.000369729 0.00146431 0.00305655 0.0045078 0.00494313 0.00407657 0.0026241 0.00142094 0.000709725 0.000356839 0.000194077 0.000120443 8.82572e-05 7.75309e-05 8.13977e-05 0.000100133 0.000139504 0.000210374 0.000325663 0.000488542 0.000668412 0.000780093 0.000714306 0.000460767 0.000192255 5.76379e-05 1.99299e-05 1.49455e-05 2.89629e-05 8.77227e-05 0.000214819 0.000315334 0.000292693 0.000201497 0.000115338 5.72909e-05 2.42517e-05 7.95396e-06 1.44475e-06 0 
0 0.000290935 0.00117098 0.00254064 0.0040609 0.0051293 0.00519977 0.00430653 0.00304159 0.00195387 0.00122426 0.000795905 0.000562736 0.000446077 0.000401937 0.000410829 0.000468554 0.000579183 0.000745886 0.000954257 0.00114877 0.0012207 0.00104676 0.000619338 0.000192255 2.29022e-05 1.17176e-06 7.97435e-08 3.78903e-08 2.0685e-07 3.59404e-06 3.87343e-05 0.000134603 0.000183975 0.000146465 8.80142e-05 4.43858e-05 1.88741e-05 6.19842e-06 1.1263e-06 0 
0 0.000222669 0.000905117 0.00201088 0.00337995 0.00468264 0.00548629 0.00550728 0.0048436 0.00387721 0.00296384 0.00226926 0.00180986 0.00154424 0.00142793 0.00143011 0.00153129 0.00171135 0.0019308 0.00211016 0.00212439 0.00183809 0.00120645 0.000457493 5.76379e-05 1.17176e-06 4.15434e-09 2.26087e-11 5.31182e-12 1.509e-10 3.9786e-08 3.97694e-06 4.71911e-05 0.000108028 0.000102981 6.54597e-05 3.35588e-05 1.43368e-05 4.71445e-06 8.56956e-07 0 
0 0.000165752 0.000677558 0.0015256 0.00263874 0.00385899 0.00494268 0.00563355 0.00579641 0.00549819 0.00494679 0.00435637 0.00386379 0.00352486 0.00334501 0.0033047 0.00336797 0.00347758 0.0035457 0.00345357 0.00307369 0.00232276 0.00127223 0.00034365 1.99299e-05 7.97435e-08 2.26087e-11 1.08835e-14 1.29998e-15 1.79783e-13 6.32597e-10 5.06173e-07 1.82283e-05 6.51272e-05 7.19422e-05 4.7763e-05 2.47848e-05 1.06233e-05 3.49642e-06 6.35704e-07 0 
0 0.000119936 0.000491739 0.00111498 0.00195753 0.00294573 0.0039605 0.00485382 0.00549407 0.00582042 0.00586522 0.00572583 0.00551222 0.00530758 0.00515426 0.00505563 0.00498177 0.00487456 0.00465483 0.00423521 0.00353903 0.00253016 0.00130819 0.000320872 1.49455e-05 3.78903e-08 5.31182e-12 1.29997e-15 1.25326e-16 2.56693e-14 1.75822e-10 2.39127e-07 1.13442e-05 4.50178e-05 5.13581e-05 3.43954e-05 1.78877e-05 7.67129e-06 2.52517e-06 4.59131e-07 0 
0 8.42544e-05 0.000345956 0.000787108 0.00139187 0.00212354 0.00292349 0.00371574 0.00442065 0.00497568 0.0053531 0.00556337 0.00564242 0.00563169 0.0055614 0.00544205 0.00526377 0.00500085 0.00461924 0.00408359 0.0033608 0.00242726 0.00133185 0.000389572 2.89629e-05 2.0685e-07 1.509e-10 1.79783e-13 2.56693e-14 1.67146e-12 1.83958e-09 5.82103e-07 1.26722e-05 3.67032e-05 3.76727e-05 2.44415e-05 1.2597e-05 5.38888e-06 1.77266e-06 3.22248e-07 0 
0 5.73426e-05 0.000235618 0.000536906 0.000952498 0.00146212 0.00203424 0.00262818 0.0031991 0.00370527 0.00411579 0.00441503 0.00460176 0.00468376 0.00467109 0.00457098 0.00438601 0.00411499 0.00375491 0.00330134 0.0027456 0.00207246 0.00128557 0.000520203 8.77227e-05 3.59404e-06 3.9786e-08 6.32597e-10 1.75822e-10 1.83958e-09 1.07516e-07 3.1728e-06 1.90264e-05 3.23848e-05 2.77081e-05 1.7002e-05 8.62293e-06 3.67219e-06 1.20645e-06 2.19243e-07 0 
0 3.76927e-05 0.000154925 0.000353267 0.000627567 0.000965793 0.00134954 0.00175536 0.002157 0.00252847 0.00284724 0.00309674 0.00326735 0.00335569 0.00336293 0.00329304 0.00315161 0.00294528 0.00268121 0.00236577 0.00200171 0.00158518 0.00111123 0.000611911 0.000214819 3.87343e-05 3.97694e-06 5.06173e-07 2.39127e-07 5.82103e-07 3.1728e-06 1.31173e-05 2.59676e-05 2.73827e-05 1.97128e-05 1.14412e-05 5.70581e-06 2.41801e-06 7.93291e-07 1.44104e-07 0 
0 2.38225e-05 9.79281e-05 0.000223362 0.000397012 0.000611589 0.000856031 0.00111632 0.00137673 0.00162126 0.0018353 0.00200693 0.00212777 0.00219333 0.00220271 0.00215815 0.00206437 0.00192792 0.00175639 0.00155729 0.00133656 0.00109702 0.000838889 0.000568143 0.000315334 0.000134603 4.71911e-05 1.82283e-05 1.13442e-05 1.26722e-05 1.90264e-05 2.59676e-05 2.65834e-05 2.06739e-05 1.32255e-05 7.36859e-06 3.62671e-06 1.5307e-06 5.01577e-07 9.10808e-08 0 
0 1.43835e-05 5.91299e-05 0.000134883 0.000239795 0.000369537 0.000517553 0.000675556 0.000834224 0.000984017 0.00111603 0.00122276 0.00129867 0.00134051 0.00134738 0.00132057 0.00126323 0.00117995 0.00107617 0.000957535 0.000829215 0.000695237 0.000558427 0.000421894 0.000292693 0.000183975 0.000108028 6.51272e-05 4.50178e-05 3.67032e-05 3.23848e-05 2.73827e-05 2.06739e-05 1.38069e-05 8.28239e-06 4.50434e-06 2.19844e-06 9.25327e-07 3.02945e-07 5.49966e-08 0 
0 8.21714e-06 3.3781e-05 7.70619e-05 0.000137012 0.00021117 0.000295817 0.000386252 0.000477182 0.000563179 0.000639143 0.000700727 0.000744675 0.000769032 0.000773214 0.000757955 0.00072513 0.000677499 0.000618382 0.000551316 0.000479705 0.000406541 0.000334296 0.000265137 0.000201497 0.000146465 0.000102981 7.19422e-05 5.13581e-05 3.76727e-05 2.77081e-05 1.97128e-05 1.32255e-05 8.28239e-06 4.823e-06 2.59125e-06 1.25896e-06 5.29043e-07 1.73111e-07 3.1421e-08 0 
0 4.37574e-06 1.7989e-05 4.10374e-05 7.29641e-05 0.000112462 0.000157553 0.000205741 0.000254213 0.000300082 0.000340629 0.000373529 0.000397034 0.000410085 0.000412362 0.000404255 0.000386779 0.000361432 0.000330031 0.000294528 0.000256841 0.000218715 0.000181637 0.000146835 0.000115338 8.80142e-05 6.54597e-05 4.7763e-05 3.43954e-05 2.44415e-05 1.7002e-05 1.14412e-05 7.36859e-06 4.50434e-06 2.59125e-06 1.38468e-06 6.71266e-07 2.81847e-07 9.21972e-08 1.67328e-08 0 
0 2.11793e-06 8.70699e-06 1.98629e-05 3.53165e-05 5.44352e-05 7.62628e-05 9.95914e-05 0.000123061 0.000145273 0.000164913 0.000180854 0.000192246 0.000198576 0.000199686 0.000195767 0.000187311 0.000175051 0.000159874 0.000142738 0.000124592 0.000106304 8.86199e-05 7.2134e-05 5.72909e-05 4.43858e-05 3.35588e-05 2.47848e-05 1.78877e-05 1.2597e-05 8.62293e-06 5.70581e-06 3.62671e-06 2.19844e-06 1.25896e-06 6.71266e-07 3.25105e-07 1.3645e-07 4.46285e-08 8.09917e-09 0 
0 8.88672e-07 3.65341e-06 8.33441e-06 1.48187e-05 2.2841e-05 3.20001e-05 4.17893e-05 5.16379e-05 6.09598e-05 6.92024e-05 7.58932e-05 8.06754e-05 8.3333e-05 8.38001e-05 8.21564e-05 7.86094e-05 7.34669e-05 6.71029e-05 5.99215e-05 5.23234e-05 4.46764e-05 3.72952e-05 3.04278e-05 2.42517e-05 1.88741e-05 1.43368e-05 1.06233e-05 7.67129e-06 5.38888e-06 3.67219e-06 2.41801e-06 1.5307e-06 9.25327e-07 5.29043e-07 2.81847e-07 1.3645e-07 5.72599e-08 1.87266e-08 3.39842e-09 0 
0 2.90623e-07 1.19478e-06 2.72561e-06 4.84618e-06 7.46974e-06 1.04651e-05 1.36665e-05 1.68874e-05 1.99361e-05 2.26319e-05 2.48202e-05 2.63843e-05 2.72536e-05 2.74065e-05 2.68691e-05 2.57093e-05 2.40278e-05 2.19471e-05 1.95998e-05 1.71169e-05 1.46192e-05 1.22096e-05 9.96885e-06 7.95396e-06 6.19842e-06 4.71445e-06 3.49642e-06 2.52517e-06 1.77266e-06 1.20645e-06 7.93291e-07 5.01577e-07 3.02945e-07 1.73111e-07 9.21972e-08 4.46285e-08 1.87266e-08 6.12431e-09 1.11139e-09 0 
0 5.27398e-08 2.16818e-07 4.94621e-07 8.79443e-07 1.35554e-06 1.89912e-06 2.48009e-06 3.0646e-06 3.61785e-06 4.10707e-06 4.5042e-06 4.78806e-06 4.94582e-06 4.97357e-06 4.87605e-06 4.66559e-06 4.36047e-06 3.98294e-06 3.55703e-06 3.10659e-06 2.65352e-06 2.21649e-06 1.81014e-06 1.44475e-06 1.1263e-06 8.56956e-07 6.35704e-07 4.59131e-07 3.22248e-07 2.19243e-07 1.44104e-07 9.10808e-08 5.49966e-08 3.1421e-08 1.67328e-08 8.09917e-09 3.39842e-09 1.11139e-09 2.01687e-10 0 
0 0 0 0 0 0 0 0 0 0 0 0 0 0 0 0 0 0 0 0 0 0 0 0 0 0 0 0 0 0 0 0 0 0 0 0 0 0 0 0 0 
