0 0 0 0 0 0 0 0 0 0 0 0 0 0 0 0 0 0 0 0 0 0 0 0 0 0 0 0 0 0 0 0 0 0 0 0 0 0 0 0 0 
0 1.36642e-05 5.55307e-05 0.000123877 0.000211838 0.000307326 0.000395795 0.000465284 0.000510484 0.000533136 0.000539346 0.000536277 0.000529973 0.000524517 0.000522025 0.000522921 0.000526226 0.000529782 0.00053051 0.000524831 0.000509323 0.0004816 0.000441156 0.000389806 0.000331418 0.000270945 0.000213157 0.000161626 0.000118303 8.3663e-05 5.71466e-05 3.76331e-05 2.38059e-05 1.43792e-05 8.21615e-06 4.37553e-06 2.11789e-06 8.88666e-07 2.90623e-07 5.27397e-08 0 
0 5.55307e-05 0.000221948 0.000478254 0.000767674 0.00100689 0.00112689 0.00111458 0.00101065 0.000871924 0.000740417 0.00063645 0.000565482 0.000526379 0.000516591 0.000534372 0.000579128 0.000650569 0.00074688 0.000862083 0.000983352 0.00109007 0.00115696 0.00116212 0.00109684 0.00097068 0.000807448 0.000634861 0.00047493 0.000339965 0.000233675 0.00015435 9.77723e-05 5.90913e-05 3.37723e-05 1.79872e-05 8.70667e-06 3.65336e-06 1.19477e-06 2.16818e-07 0 
0 0.000123877 0.000478254 0.000956917 0.00134086 0.00142353 0.0012027 0.000858166 0.000553631 0.000344879 0.000219477 0.000149213 0.000111965 9.46508e-05 9.09269e-05 9.90185e-05 0.00012075 0.000161613 0.000231354 0.000344008 0.000515184 0.000753555 0.00104566 0.00134185 0.00156197 0.00163269 0.00153352 0.00130742 0.00102745 0.000755909 0.000526917 0.000350369 0.000222596 0.000134698 7.70214e-05 4.10294e-05 1.98615e-05 8.33421e-06 2.72559e-06 4.94619e-07 0 
0 0.000211838 0.000767674 0.00134086 0.00147595 0.0011023 0.000605275 0.000271161 0.000110116 4.44931e-05 1.93512e-05 9.65513e-06 5.79593e-06 4.31424e-06 4.0305e-06 4.70089e-06 6.70438e-06 1.13118e-05 2.16582e-05 4.49328e-05 9.63485e-05 0.000204016 0.000408832 0.000745727 0.00119641 0.00164473 0.00191445 0.00189941 0.00164322 0.00127694 0.000915584 0.000616974 0.000394265 0.000239148 0.000136873 7.29374e-05 3.53119e-05 1.4818e-05 4.84611e-06 8.79439e-07 0 
0 0.000307326 0.00100689 0.00142353 0.0011023 0.000515235 0.000165928 4.25837e-05 9.96046e-06 2.39373e-06 6.56896e-07 2.24929e-07 1.02816e-07 6.54989e-08 5.91394e-08 7.50262e-08 1.29596e-07 2.90064e-07 7.9071e-07 2.45221e-06 8.07851e-06 2.65103e-05 8.18494e-05 0.000226327 0.000536973 0.00105273 0.0016571 0.0020744 0.00210252 0.00179631 0.00135438 0.000934799 0.000603636 0.000367696 0.000210784 0.000112389 5.44231e-05 2.28393e-05 7.46955e-06 1.35553e-06 0 
0 0.000395795 0.00112689 0.0012027 0.000605275 0.000165928 2.95933e-05 4.08652e-06 5.13766e-07 6.84657e-08 1.11129e-08 2.47419e-09 8.27804e-10 4.41143e-10 3.82954e-10 5.34799e-10 1.15006e-09 3.55579e-09 1.451e-08 7.11371e-08 3.81352e-07 2.04839e-06 1.02219e-05 4.45574e-05 0.000161572 0.000468091 0.00104554 0.00175468 0.00221318 0.00217734 0.00177595 0.00127387 0.00083663 0.00051311 0.000294901 0.000157384 7.6235e-05 3.19962e-05 1.04647e-05 1.89909e-06 0 
0 0.000465284 0.00111458 0.000858166 0.000271161 4.25837e-05 4.08652e-06 2.92254e-07 1.89121e-08 1.33814e-09 1.23476e-10 1.72966e-11 4.13487e-12 1.81756e-12 1.51167e-12 2.33968e-12 6.36603e-12 2.78535e-11 1.75364e-10 1.40633e-09 1.27139e-08 1.15724e-07 9.62452e-07 6.77119e-06 3.80666e-05 0.000164118 0.000524891 0.00120832 0.0019694 0.00232087 0.00210825 0.0015977 0.00107552 0.00066625 0.000384354 0.000205395 9.95355e-05 4.17817e-05 1.36657e-05 2.48004e-06 0 
0 0.000510484 0.00101065 0.000553631 0.000110116 9.96046e-06 5.13766e-07 1.89121e-08 6.2466e-10 2.32615e-11 1.21029e-12 1.05928e-13 1.79972e-14 6.50305e-15 5.17478e-15 8.88292e-15 3.06618e-14 1.90675e-13 1.86282e-12 2.46001e-11 3.77744e-10 5.86712e-09 8.17975e-08 9.31664e-07 8.10476e-06 5.1546e-05 0.000232884 0.000728969 0.00154586 0.00222778 0.00230367 0.00187205 0.00130157 0.000817053 0.000473703 0.000253585 0.000122961 5.16245e-05 1.6886e-05 3.06452e-06 0 
0 0.000533136 0.000871924 0.000344879 4.44931e-05 2.39373e-06 6.84657e-08 1.33814e-09 2.32615e-11 4.69274e-13 1.4124e-14 7.88529e-16 9.66215e-17 2.89285e-17 2.20466e-17 4.17348e-17 1.80637e-16 1.57024e-15 2.33243e-14 4.95775e-13 1.2624e-11 3.26633e-10 7.45762e-09 1.34464e-07 1.77013e-06 1.62139e-05 0.00010071 0.000417053 0.00112996 0.00198742 0.00235968 0.00207522 0.00149861 0.000955798 0.000557478 0.00029906 0.000145112 6.09383e-05 1.99339e-05 3.61773e-06 0 
0 0.000539346 0.000740417 0.000219477 1.93512e-05 6.56896e-07 1.11129e-08 1.23476e-10 1.21029e-12 1.4124e-14 2.60663e-16 9.73443e-18 8.90225e-19 2.25176e-19 1.64934e-19 3.40175e-19 1.79933e-18 2.10719e-17 4.54691e-16 1.4777e-14 5.90986e-13 2.41221e-11 8.55829e-10 2.32617e-08 4.43137e-07 5.61011e-06 4.60534e-05 0.00024274 0.0008124 0.00170795 0.00231336 0.00220351 0.00165598 0.00107435 0.000630718 0.000339125 0.000164678 6.91713e-05 2.26288e-05 4.1069e-06 0 
0 0.000536277 0.00063645 0.000149213 9.65513e-06 2.24929e-07 2.47419e-09 1.72966e-11 1.05928e-13 7.88529e-16 9.73443e-18 2.61152e-19 1.87787e-20 4.13585e-21 2.92896e-21 6.46428e-21 4.02007e-20 6.00239e-19 1.75822e-17 8.09332e-16 4.6888e-14 2.78321e-12 1.41878e-10 5.40515e-09 1.39547e-07 2.30411e-06 2.374e-05 0.000151923 0.000601838 0.00146294 0.00221713 0.00226875 0.00176965 0.00116697 0.000689422 0.000371516 0.00018054 7.58519e-05 2.4816e-05 4.50397e-06 0 
0 0.000529973 0.000565482 0.000111965 5.79593e-06 1.02816e-07 8.27804e-10 4.13487e-12 1.79972e-14 9.66215e-17 8.90225e-19 1.87787e-20 1.13307e-21 2.2507e-22 1.55148e-22 3.59229e-22 2.50823e-21 4.45711e-20 1.62753e-18 9.63951e-17 7.30751e-15 5.69457e-13 3.77906e-11 1.84131e-09 5.93362e-08 1.18905e-06 1.44513e-05 0.000106371 0.000475457 0.00128367 0.00211616 0.00229016 0.00184096 0.0012305 0.000730817 0.000394567 0.000191863 8.06251e-05 2.63793e-05 4.78778e-06 0 
0 0.000524517 0.000526379 9.46508e-05 4.31424e-06 6.54989e-08 4.41143e-10 1.81756e-12 6.50305e-15 2.89285e-17 2.25176e-19 4.13585e-21 2.2507e-22 4.19095e-23 2.83357e-23 6.73913e-23 5.02484e-22 9.84303e-21 4.06979e-19 2.78223e-17 2.45982e-15 2.24113e-13 1.73137e-11 9.72486e-10 3.5634e-08 7.99059e-07 1.06898e-05 8.53442e-05 0.000409191 0.00117517 0.00203883 0.00228586 0.00187399 0.00126396 0.000753417 0.000407303 0.000198143 8.32763e-05 2.72479e-05 4.94551e-06 0 
0 0.000522025 0.000516591 9.09269e-05 4.0305e-06 5.91394e-08 3.82954e-10 1.51167e-12 5.17478e-15 2.20466e-17 1.64934e-19 2.92896e-21 1.55148e-22 2.83357e-23 1.8983e-23 4.52294e-23 3.40923e-22 6.80045e-21 2.88232e-19 2.03063e-17 1.85637e-15 1.75153e-13 1.40115e-11 8.13702e-10 3.07473e-08 7.08685e-07 9.71109e-06 7.91761e-05 0.000386974 0.00113199 0.00199699 0.00226734 0.00187288 0.0012679 0.000756948 0.000409457 0.000199234 8.37407e-05 2.74006e-05 4.97324e-06 0 
0 0.000522921 0.000534372 9.90185e-05 4.70089e-06 7.50262e-08 5.34799e-10 2.33968e-12 8.88292e-15 4.17348e-17 3.40175e-19 6.46428e-21 3.59229e-22 6.73913e-23 4.52294e-23 1.05283e-22 7.59878e-22 1.42903e-20 5.63744e-19 3.6648e-17 3.07999e-15 2.67282e-13 1.97419e-11 1.06549e-09 3.77274e-08 8.22388e-07 1.07584e-05 8.44855e-05 0.000400822 0.00114594 0.00198928 0.00223745 0.00184017 0.00124376 0.000742184 0.000401428 0.000195325 8.20981e-05 2.68632e-05 4.87573e-06 0 
0 0.000526226 0.000579128 0.00012075 6.70438e-06 1.29596e-07 1.15006e-09 6.36603e-12 3.06618e-14 1.80637e-16 1.79933e-18 4.02007e-20 2.50823e-21 5.02484e-22 3.40923e-22 7.59878e-22 5.01066e-21 8.28091e-20 2.78261e-18 1.5088e-16 1.04686e-14 7.49455e-13 4.60037e-11 2.09181e-09 6.35445e-08 1.21318e-06 1.41997e-05 0.000101774 0.000448204 0.00120678 0.00200319 0.00219073 0.00177637 0.0011936 0.000710769 0.000384189 0.000186904 7.85553e-05 2.57038e-05 4.66528e-06 0 
0 0.000529782 0.000650569 0.000161613 1.13118e-05 2.90064e-07 3.55579e-09 2.78535e-11 1.90675e-13 1.57024e-15 2.10719e-17 6.00239e-19 4.45711e-20 9.84303e-21 6.80045e-21 1.42903e-20 8.28091e-20 1.13255e-18 3.00558e-17 1.24738e-15 6.5188e-14 3.5078e-12 1.63459e-10 5.75355e-09 1.38909e-07 2.17272e-06 2.15003e-05 0.000134188 0.000527758 0.00129767 0.00201507 0.00211528 0.00168073 0.00112002 0.000665045 0.000359163 0.00017469 7.34184e-05 2.40228e-05 4.36019e-06 0 
0 0.00053051 0.00074688 0.000231354 2.16582e-05 7.9071e-07 1.451e-08 1.75364e-10 1.86282e-12 2.33243e-14 4.54691e-16 1.75822e-17 1.62753e-18 4.06979e-19 2.88232e-19 5.63744e-19 2.78261e-18 3.00558e-17 5.94129e-16 1.76505e-14 6.46528e-13 2.42948e-11 7.99625e-10 2.03515e-08 3.66917e-07 4.44967e-06 3.55092e-05 0.000185542 0.000631631 0.00138714 0.0019901 0.0019956 0.00155233 0.00102622 0.000607854 0.000328081 0.000159558 6.70597e-05 2.19426e-05 3.98268e-06 0 
0 0.000524831 0.000862083 0.000344008 4.49328e-05 2.45221e-06 7.11371e-08 1.40633e-09 2.46001e-11 4.95775e-13 1.4777e-14 8.09332e-16 9.63951e-17 2.78223e-17 2.03063e-17 3.6648e-17 1.5088e-16 1.24738e-15 1.76505e-14 3.58439e-13 8.75163e-12 2.17972e-10 4.80901e-09 8.41129e-08 1.07922e-06 9.70832e-06 6.00779e-05 0.000254418 0.000732548 0.00142124 0.00188442 0.00181568 0.00139096 0.000915858 0.000542302 0.000292816 0.000142454 5.98819e-05 1.95955e-05 3.55678e-06 0 
0 0.000509323 0.000983352 0.000515184 9.63485e-05 8.07851e-06 3.81352e-07 1.27139e-08 3.77744e-10 1.2624e-11 5.90986e-13 4.6888e-14 7.30751e-15 2.45982e-15 1.85637e-15 3.07999e-15 1.04686e-14 6.5188e-14 6.46528e-13 8.75163e-12 1.38439e-10 2.21555e-09 3.16953e-08 3.67781e-07 3.23583e-06 2.07835e-05 9.61597e-05 0.00032049 0.000769054 0.00132353 0.00165132 0.00156124 0.00119706 0.000792645 0.000471479 0.000255227 0.000124317 5.22841e-05 1.71126e-05 3.10633e-06 0 
0 0.0004816 0.00109007 0.000753555 0.000204016 2.65103e-05 2.04839e-06 1.15724e-07 5.86712e-09 3.26633e-10 2.41221e-11 2.78321e-12 5.69457e-13 2.24113e-13 1.75153e-13 2.67282e-13 7.49455e-13 3.5078e-12 2.42948e-11 2.17972e-10 2.21555e-09 2.25149e-08 2.05311e-07 1.54184e-06 8.98254e-06 3.93693e-05 0.000129664 0.000327617 0.000649894 0.00101897 0.00125507 0.00122172 0.00097095 0.000659831 0.000398192 0.000217026 0.000106011 4.46341e-05 1.46146e-05 2.65324e-06 0 
0 0.000441156 0.00115696 0.00104566 0.000408832 8.18494e-05 1.02219e-05 9.62452e-07 8.17975e-08 7.45762e-09 8.55829e-10 1.41878e-10 3.77906e-11 1.73137e-11 1.40115e-11 1.97419e-11 4.60037e-11 1.63459e-10 7.99625e-10 4.80901e-09 3.16953e-08 2.05311e-07 1.18579e-06 5.62347e-06 2.05775e-05 5.64542e-05 0.000119131 0.000210271 0.000341281 0.000523903 0.000716228 0.000802627 0.000714638 0.00052024 0.000324874 0.000179696 8.82816e-05 3.72465e-05 1.22043e-05 2.21618e-06 0 
0 0.000389806 0.00116212 0.00134185 0.000745727 0.000226327 4.45574e-05 6.77119e-06 9.31664e-07 1.34464e-07 2.32617e-08 5.40515e-09 1.84131e-09 9.72486e-10 8.13702e-10 1.06549e-09 2.09181e-09 5.75355e-09 2.03515e-08 8.41129e-08 3.67781e-07 1.54184e-06 5.62347e-06 1.61644e-05 3.327e-05 4.64599e-05 4.7481e-05 4.61531e-05 5.85906e-05 0.000106349 0.000219259 0.000372644 0.000443788 0.000378441 0.000253905 0.000144508 7.17331e-05 3.03711e-05 9.96281e-06 1.80979e-06 0 
0 0.000331418 0.00109684 0.00156197 0.00119641 0.000536973 0.000161572 3.80666e-05 8.10476e-06 1.77013e-06 4.43137e-07 1.39547e-07 5.93362e-08 3.5634e-08 3.07473e-08 3.77274e-08 6.35445e-08 1.38909e-07 3.66917e-07 1.07922e-06 3.23583e-06 8.98254e-06 2.05775e-05 3.327e-05 3.08175e-05 1.37389e-05 3.3851e-06 9.50535e-07 8.06889e-07 2.76562e-06 1.83925e-05 8.98661e-05 0.000207707 0.000245398 0.00018836 0.000112606 5.6829e-05 2.41879e-05 7.94733e-06 1.44437e-06 0 
0 0.000270945 0.00097068 0.00163269 0.00164473 0.00105273 0.000468091 0.000164118 5.1546e-05 1.62139e-05 5.61011e-06 2.30411e-06 1.18905e-06 7.99059e-07 7.08685e-07 8.22388e-07 1.21318e-06 2.17272e-06 4.44967e-06 9.70832e-06 2.07835e-05 3.93693e-05 5.64542e-05 4.64599e-05 1.37389e-05 8.73293e-07 1.41186e-08 3.26262e-10 1.33471e-10 2.08586e-09 1.84703e-07 8.0953e-06 6.66363e-05 0.000139152 0.000132363 8.50361e-05 4.38917e-05 1.88076e-05 6.19166e-06 1.12592e-06 0 
0 0.000213157 0.000807448 0.00153352 0.00191445 0.0016571 0.00104554 0.000524891 0.000232884 0.00010071 4.60534e-05 2.374e-05 1.44513e-05 1.06898e-05 9.71109e-06 1.07584e-05 1.41997e-05 2.15003e-05 3.55092e-05 6.00779e-05 9.61597e-05 0.000129664 0.000119131 4.7481e-05 3.3851e-06 1.41186e-08 3.94462e-12 1.98701e-15 2.8999e-16 5.02639e-14 2.58209e-10 3.14677e-07 1.61111e-05 7.22112e-05 8.96338e-05 6.25626e-05 3.30844e-05 1.42742e-05 4.70822e-06 8.56618e-07 0 
0 0.000161626 0.000634861 0.00130742 0.00189941 0.0020744 0.00175468 0.00120832 0.000728969 0.000417053 0.00024274 0.000151923 0.000106371 8.53442e-05 7.91761e-05 8.44855e-05 0.000101774 0.000134188 0.000185542 0.000254418 0.00032049 0.000327617 0.000210271 4.61531e-05 9.50535e-07 3.26262e-10 1.98701e-15 8.34496e-18 2.59245e-18 2.93987e-17 6.17717e-13 1.69035e-08 4.54368e-06 3.94677e-05 6.08982e-05 4.53064e-05 2.43856e-05 1.05714e-05 3.49132e-06 6.3543e-07 0 
0 0.000118303 0.00047493 0.00102745 0.00164322 0.00210252 0.00221318 0.0019694 0.00154586 0.00112996 0.0008124 0.000601838 0.000475457 0.000409191 0.000386974 0.000400822 0.000448204 0.000527758 0.000631631 0.000732548 0.000769054 0.000649894 0.000341281 5.85906e-05 8.06889e-07 1.33471e-10 2.8999e-16 2.59247e-18 1.04645e-18 4.63336e-17 1.07473e-13 6.5101e-09 2.64166e-06 2.67991e-05 4.33075e-05 3.26038e-05 1.7598e-05 7.63376e-06 2.5215e-06 4.58934e-07 0 
0 8.3663e-05 0.000339965 0.000755909 0.00127694 0.00179631 0.00217734 0.00232087 0.00222778 0.00198742 0.00170795 0.00146294 0.00128367 0.00117517 0.00113199 0.00114594 0.00120678 0.00129767 0.00138714 0.00142124 0.00132353 0.00101897 0.000523903 0.000106349 2.76562e-06 2.08586e-09 5.02639e-14 2.93987e-17 4.63336e-17 1.00769e-16 4.32649e-12 2.95017e-08 3.73041e-06 2.36083e-05 3.25267e-05 2.33286e-05 1.24173e-05 5.36547e-06 1.77035e-06 3.22123e-07 0 
0 5.71466e-05 0.000233675 0.000526917 0.000915584 0.00135438 0.00177595 0.00210825 0.00230367 0.00235968 0.00231336 0.00221713 0.00211616 0.00203883 0.00199699 0.00198928 0.00200319 0.00201507 0.0019901 0.00188442 0.00165132 0.00125507 0.000716228 0.000219259 1.83925e-05 1.84703e-07 2.58209e-10 6.17717e-13 1.07473e-13 4.32649e-12 2.3164e-09 4.53052e-07 8.31987e-06 2.37574e-05 2.4902e-05 1.64183e-05 8.52809e-06 3.65964e-06 1.20519e-06 2.19174e-07 0 
0 3.76331e-05 0.00015435 0.000350369 0.000616974 0.000934799 0.00127387 0.0015977 0.00187205 0.00207522 0.00220351 0.00226875 0.00229016 0.00228586 0.00226734 0.00223745 0.00219073 0.00211528 0.0019956 0.00181568 0.00156124 0.00122172 0.000802627 0.000372644 8.98661e-05 8.0953e-06 3.14677e-07 1.69035e-08 6.5101e-09 2.95017e-08 4.53052e-07 4.67729e-06 1.63601e-05 2.28075e-05 1.84468e-05 1.11839e-05 5.66324e-06 2.41221e-06 7.92694e-07 1.44071e-07 0 
0 2.38059e-05 9.77723e-05 0.000222596 0.000394265 0.000603636 0.00083663 0.00107552 0.00130157 0.00149861 0.00165598 0.00176965 0.00184096 0.00187399 0.00187288 0.00184017 0.00177637 0.00168073 0.00155233 0.00139096 0.00119706 0.00097095 0.000714638 0.000443788 0.000207707 6.66363e-05 1.61111e-05 4.54368e-06 2.64166e-06 3.73041e-06 8.31987e-06 1.63601e-05 2.13248e-05 1.88352e-05 1.27579e-05 7.27309e-06 3.61039e-06 1.5284e-06 5.01331e-07 9.10666e-08 0 
0 1.43792e-05 5.90913e-05 0.000134698 0.000239148 0.000367696 0.00051311 0.00066625 0.000817053 0.000955798 0.00107435 0.00116697 0.0012305 0.00126396 0.0012679 0.00124376 0.0011936 0.00112002 0.00102622 0.000915858 0.000792645 0.000659831 0.00052024 0.000378441 0.000245398 0.000139152 7.22112e-05 3.94677e-05 2.67991e-05 2.36083e-05 2.37574e-05 2.28075e-05 1.88352e-05 1.32368e-05 8.13939e-06 4.47422e-06 2.19307e-06 9.24533e-07 3.02856e-07 5.49913e-08 0 
0 8.21615e-06 3.37723e-05 7.70214e-05 0.000136873 0.000210784 0.000294901 0.000384354 0.000473703 0.000557478 0.000630718 0.000689422 0.000730817 0.000753417 0.000756948 0.000742184 0.000710769 0.000665045 0.000607854 0.000542302 0.000471479 0.000398192 0.000324874 0.000253905 0.00018836 0.000132363 8.96338e-05 6.08982e-05 4.33075e-05 3.25267e-05 2.4902e-05 1.84468e-05 1.27579e-05 8.13939e-06 4.7861e-06 2.58311e-06 1.25743e-06 5.28806e-07 1.73083e-07 3.14193e-08 0 
0 4.37553e-06 1.79872e-05 4.10294e-05 7.29374e-05 0.000112389 0.000157384 0.000205395 0.000253585 0.00029906 0.000339125 0.000371516 0.000394567 0.000407303 0.000409457 0.000401428 0.000384189 0.000359163 0.000328081 0.000292816 0.000255227 0.000217026 0.000179696 0.000144508 0.000112606 8.50361e-05 6.25626e-05 4.53064e-05 3.26038e-05 2.33286e-05 1.64183e-05 1.11839e-05 7.27309e-06 4.47422e-06 2.58311e-06 1.38279e-06 6.70891e-07 2.81786e-07 9.21897e-08 1.67323e-08 0 
0 2.11789e-06 8.70667e-06 1.98615e-05 3.53119e-05 5.44231e-05 7.6235e-05 9.95355e-05 0.000122961 0.000145112 0.000164678 0.00018054 0.000191863 0.000198143 0.000199234 0.000195325 0.000186904 0.00017469 0.000159558 0.000142454 0.000124317 0.000106011 8.82816e-05 7.17331e-05 5.6829e-05 4.38917e-05 3.30844e-05 2.43856e-05 1.7598e-05 1.24173e-05 8.52809e-06 5.66324e-06 3.61039e-06 2.19307e-06 1.25743e-06 6.70891e-07 3.25026e-07 1.36437e-07 4.46268e-08 8.09905e-09 0 
0 8.88666e-07 3.65336e-06 8.33421e-06 1.4818e-05 2.28393e-05 3.19962e-05 4.17817e-05 5.16245e-05 6.09383e-05 6.91713e-05 7.58519e-05 8.06251e-05 8.32763e-05 8.37407e-05 8.20981e-05 7.85553e-05 7.34184e-05 6.70597e-05 5.98819e-05 5.22841e-05 4.46341e-05 3.72465e-05 3.03711e-05 2.41879e-05 1.88076e-05 1.42742e-05 1.05714e-05 7.63376e-06 5.36547e-06 3.65964e-06 2.41221e-06 1.5284e-06 9.24533e-07 5.28806e-07 2.81786e-07 1.36437e-07 5.72575e-08 1.87263e-08 3.39839e-09 0 
0 2.90623e-07 1.19477e-06 2.72559e-06 4.84611e-06 7.46955e-06 1.04647e-05 1.36657e-05 1.6886e-05 1.99339e-05 2.26288e-05 2.4816e-05 2.63793e-05 2.72479e-05 2.74006e-05 2.68632e-05 2.57038e-05 2.40228e-05 2.19426e-05 1.95955e-05 1.71126e-05 1.46146e-05 1.22043e-05 9.96281e-06 7.94733e-06 6.19166e-06 4.70822e-06 3.49132e-06 2.5215e-06 1.77035e-06 1.20519e-06 7.92694e-07 5.01331e-07 3.02856e-07 1.73083e-07 9.21897e-08 4.46268e-08 1.87263e-08 6.12426e-09 1.11139e-09 0 
0 5.27397e-08 2.16818e-07 4.94619e-07 8.79439e-07 1.35553e-06 1.89909e-06 2.48004e-06 3.06452e-06 3.61773e-06 4.1069e-06 4.50397e-06 4.78778e-06 4.94551e-06 4.97324e-06 4.87573e-06 4.66528e-06 4.36019e-06 3.98268e-06 3.55678e-06 3.10633e-06 2.65324e-06 2.21618e-06 1.80979e-06 1.44437e-06 1.12592e-06 8.56618e-07 6.3543e-07 4.58934e-07 3.22123e-07 2.19174e-07 1.44071e-07 9.10666e-08 5.49913e-08 3.14193e-08 1.67323e-08 8.09905e-09 3.39839e-09 1.11139e-09 2.01687e-10 0 
0 0 0 0 0 0 0 0 0 0 0 0 0 0 0 0 0 0 0 0 0 0 0 0 0 0 0 0 0 0 0 0 0 0 0 0 0 0 0 0 0 
