0 0 0 0 0 0 0 0 0 0 0 0 0 0 0 0 0 0 0 0 0 0 0 0 0 0 0 0 0 0 0 0 0 0 0 0 0 0 0 0 0 
0 1.36564e-05 5.54597e-05 0.000123555 0.000210827 0.00030489 0.00039107 0.000457614 0.000499691 0.000519532 0.000523539 0.000518946 0.000511722 0.000505835 0.000503305 0.000504512 0.000508479 0.000513085 0.000515285 0.000511493 0.000498211 0.000472891 0.000434804 0.000385536 0.000328794 0.00026948 0.000212416 0.000161287 0.000118162 8.361e-05 5.71284e-05 3.76274e-05 2.38042e-05 1.43788e-05 8.21605e-06 4.37551e-06 2.11789e-06 8.88666e-07 2.90622e-07 5.27397e-08 0 
0 5.54597e-05 0.000221285 0.000475232 0.000758521 0.000986756 0.00109307 0.00106898 0.000958498 0.000818531 0.000689098 0.000588354 0.000520302 0.000483074 0.000473856 0.000490899 0.000533787 0.000602614 0.000696228 0.000809638 0.000931217 0.00104138 0.00111512 0.00112967 0.00107445 0.000957054 0.000800158 0.000631422 0.000473491 0.000339427 0.000233494 0.000154294 9.77569e-05 5.90874e-05 3.37714e-05 1.7987e-05 8.70664e-06 3.65336e-06 1.19477e-06 2.16818e-07 0 
0 0.000123555 0.000475232 0.000943796 0.00130603 0.00136265 0.00112803 0.000788278 0.000498735 0.000305406 0.000191599 0.000128814 9.59092e-05 8.07318e-05 7.7495e-05 8.46079e-05 0.000103758 0.000140026 0.000202572 0.000304945 0.000463001 0.000687336 0.000968689 0.00126272 0.00149219 0.001581 0.00150161 0.00129091 0.00102018 0.000753137 0.000525984 0.000350089 0.00022252 0.000134679 7.70172e-05 4.10285e-05 1.98614e-05 8.33418e-06 2.72559e-06 4.94619e-07 0 
0 0.000210827 0.000758521 0.00130603 0.00140512 0.00101919 0.000542388 0.000235733 9.3086e-05 3.66833e-05 1.56176e-05 7.66118e-06 4.54415e-06 3.3601e-06 3.13537e-06 3.67163e-06 5.28255e-06 9.02766e-06 1.75639e-05 3.71149e-05 8.11934e-05 0.000175586 0.000359613 0.000670765 0.00110066 0.00154649 0.0018357 0.00185031 0.00161893 0.00126708 0.000912188 0.000615952 0.000393991 0.000239082 0.000136859 7.29346e-05 3.53114e-05 1.4818e-05 4.8461e-06 8.79438e-07 0 
0 0.00030489 0.000986756 0.00136265 0.00101919 0.00045749 0.00014136 3.48454e-05 7.84418e-06 1.82011e-06 4.84485e-07 1.6188e-07 7.27201e-08 4.58811e-08 4.13547e-08 5.27736e-08 9.23301e-08 2.10533e-07 5.87345e-07 1.87011e-06 6.33702e-06 2.14066e-05 6.8036e-05 0.000193614 0.000472687 0.000953507 0.00154291 0.00197944 0.00204513 0.00177007 0.00134479 0.00093185 0.000602846 0.000367508 0.000210744 0.000112381 5.44218e-05 2.28391e-05 7.46953e-06 1.35553e-06 0 
0 0.00039107 0.00109307 0.00112803 0.000542388 0.00014136 2.39342e-05 3.13712e-06 3.74904e-07 4.76622e-08 7.42415e-09 1.59897e-09 5.22491e-10 2.74813e-10 2.38005e-10 3.3505e-10 7.33133e-10 2.32474e-09 9.78914e-09 4.97335e-08 2.76931e-07 1.54608e-06 8.01352e-06 3.62279e-05 0.000136032 0.000407679 0.00094151 0.00163131 0.00211499 0.00212347 0.00175415 0.00126686 0.000834726 0.000512658 0.000294805 0.000157366 7.62321e-05 3.19958e-05 1.04646e-05 1.89909e-06 0 
0 0.000457614 0.00106898 0.000788278 0.000235733 3.48454e-05 3.13712e-06 2.10151e-07 1.2752e-08 8.49691e-10 7.4387e-11 9.98722e-12 2.31648e-12 1.00133e-12 8.30329e-13 1.29842e-12 3.61238e-12 1.63254e-11 1.07002e-10 8.98138e-10 8.5235e-09 8.1497e-08 7.11134e-07 5.23578e-06 3.07069e-05 0.000137724 0.000457475 0.00109275 0.00184326 0.00223359 0.00206752 0.00158361 0.00107158 0.000665313 0.000384157 0.000205358 9.95296e-05 4.17808e-05 1.36656e-05 2.48004e-06 0 
0 0.000499691 0.000958498 0.000498735 9.3086e-05 7.84418e-06 3.74904e-07 1.2752e-08 3.89557e-10 1.3485e-11 6.5811e-13 5.47004e-14 8.95824e-15 3.17168e-15 2.51482e-15 4.37142e-15 1.55043e-14 1.00296e-13 1.02908e-12 1.43664e-11 2.34043e-10 3.85968e-09 5.70435e-08 6.86408e-07 6.28011e-06 4.18149e-05 0.000197088 0.000642442 0.00141652 0.00211237 0.0022398 0.00184777 0.0012945 0.000815345 0.000473346 0.000253519 0.00012295 5.1623e-05 1.68859e-05 3.06451e-06 0 
0 0.000519532 0.000818531 0.000305406 3.66833e-05 1.82011e-06 4.76622e-08 8.49691e-10 1.3485e-11 2.49819e-13 6.97763e-15 3.66773e-16 4.30569e-17 1.25892e-17 9.55488e-18 1.83556e-17 8.20081e-17 7.46522e-16 1.17424e-14 2.66336e-13 7.26692e-12 2.01662e-10 4.92891e-09 9.47465e-08 1.32235e-06 1.27635e-05 8.30951e-05 0.000359462 0.00101569 0.00185698 0.00227323 0.00203863 0.00148738 0.000953031 0.000556897 0.000298953 0.000145095 6.0936e-05 1.99337e-05 3.61772e-06 0 
0 0.000523539 0.000689098 0.000191599 1.56176e-05 4.84485e-07 7.42415e-09 7.4387e-11 6.5811e-13 6.97763e-15 1.18389e-16 4.13159e-18 3.60148e-19 8.87482e-20 6.47208e-20 1.3567e-19 7.4348e-19 9.17034e-18 2.11064e-16 7.37981e-15 3.19034e-13 1.40905e-11 5.39788e-10 1.5768e-08 3.20762e-07 4.30505e-06 3.72098e-05 0.000205477 0.000718691 0.00157522 0.00220914 0.00215437 0.00164003 0.00107032 0.000629867 0.000338969 0.000164653 6.9168e-05 2.26284e-05 4.10688e-06 0 
0 0.000518946 0.000588354 0.000128814 7.66118e-06 1.6188e-07 1.59897e-09 9.98722e-12 5.47004e-14 3.66773e-16 4.13159e-18 1.0299e-19 7.03641e-21 1.50844e-21 1.06371e-21 2.38722e-21 1.54111e-20 2.43349e-19 7.64689e-18 3.81217e-16 2.40416e-14 1.55523e-12 8.61982e-11 3.5523e-09 9.85086e-08 1.73295e-06 1.88727e-05 0.000126856 0.000526003 0.00133536 0.00210156 0.00220874 0.00174912 0.00116166 0.000688292 0.000371309 0.000180507 7.58475e-05 2.48156e-05 4.50394e-06 0 
0 0.000511722 0.000520302 9.59092e-05 4.54415e-06 7.27201e-08 5.22491e-10 2.31648e-12 8.95824e-15 4.30569e-17 3.60148e-19 7.03641e-21 4.02557e-22 7.76943e-23 5.33079e-23 1.25679e-22 9.12739e-22 1.71957e-20 6.76115e-19 4.35718e-17 3.61366e-15 3.08445e-13 2.23649e-11 1.18421e-09 4.11601e-08 8.81938e-07 1.13616e-05 8.80058e-05 0.00041217 0.00116331 0.00199493 0.00222229 0.00181671 0.0012241 0.000729444 0.000394315 0.000191823 8.06198e-05 2.63788e-05 4.78775e-06 0 
0 0.000505835 0.000483074 8.07318e-05 3.3601e-06 4.58811e-08 2.74813e-10 1.00133e-12 3.17168e-15 1.25892e-17 8.87482e-20 1.50844e-21 7.76943e-23 1.40133e-23 9.42181e-24 2.28685e-23 1.77826e-22 3.69847e-21 1.6494e-19 1.22996e-17 1.19297e-15 1.19384e-13 1.01042e-11 6.1831e-10 2.4492e-08 5.88387e-07 8.35634e-06 7.02767e-05 0.000353219 0.00106081 0.00191596 0.0022137 0.00184746 0.00125687 0.000751883 0.00040702 0.000198099 8.32704e-05 2.72473e-05 4.94547e-06 0 
0 0.000503305 0.000473856 7.7495e-05 3.13537e-06 4.13547e-08 2.38005e-10 8.30329e-13 2.51482e-15 9.55488e-18 6.47208e-20 1.06371e-21 5.33079e-23 9.42181e-24 6.27544e-24 1.52722e-23 1.20171e-22 2.54612e-21 1.1643e-19 8.95149e-18 8.98203e-16 9.31288e-14 8.16535e-12 5.16812e-10 2.1118e-08 5.21595e-07 7.58883e-06 6.51771e-05 0.000333879 0.0010211 0.00187519 0.0021945 0.00184578 0.0012606 0.000755363 0.000409165 0.000199188 8.37345e-05 2.73999e-05 4.97321e-06 0 
0 0.000504512 0.000490899 8.46079e-05 3.67163e-06 5.27736e-08 3.3505e-10 1.29842e-12 4.37142e-15 1.83556e-17 1.3567e-19 2.38722e-21 1.25679e-22 2.28685e-23 1.52722e-23 3.62684e-23 2.7287e-22 5.44727e-21 2.31664e-19 1.64116e-17 1.51138e-15 1.43879e-13 1.16278e-11 6.82839e-10 2.61062e-08 6.08978e-07 8.44859e-06 6.98201e-05 0.000346895 0.00103607 0.00187079 0.00216731 0.00181417 0.00123675 0.000740661 0.000401146 0.00019528 8.20921e-05 2.68626e-05 4.87569e-06 0 
0 0.000508479 0.000533787 0.000103758 5.28255e-06 9.23301e-08 7.33133e-10 3.61238e-12 1.55043e-14 8.20081e-17 7.4348e-19 1.54111e-20 9.12739e-22 1.77826e-22 1.20171e-22 2.7287e-22 1.872e-21 3.27901e-20 1.18509e-18 6.97978e-17 5.28749e-15 4.13721e-13 2.76857e-11 1.36505e-09 4.4632e-08 9.0931e-07 1.126e-05 8.47693e-05 0.000390385 0.00109661 0.0018905 0.00212627 0.00175287 0.0011873 0.000709399 0.000383934 0.000186863 7.85498e-05 2.57032e-05 4.66525e-06 0 
0 0.000513085 0.000602614 0.000140026 9.02766e-06 2.10533e-07 2.32474e-09 1.63254e-11 1.00296e-13 7.46522e-16 9.17034e-18 2.43349e-19 1.71957e-20 3.69847e-21 2.54612e-21 5.44727e-21 3.27901e-20 4.74027e-19 1.34762e-17 6.04553e-16 3.43149e-14 2.0074e-12 1.01448e-10 3.85294e-09 9.96706e-08 1.65701e-06 1.72897e-05 0.000113045 0.000463991 0.00118795 0.00191139 0.00205887 0.00166065 0.00111467 0.00066388 0.000358946 0.000174655 7.34137e-05 2.40223e-05 4.36016e-06 0 
0 0.000515285 0.000696228 0.000202572 1.75639e-05 5.87345e-07 9.78914e-09 1.07002e-10 1.02908e-12 1.17424e-14 2.11064e-16 7.64689e-18 6.76115e-19 1.6494e-19 1.1643e-19 2.31664e-19 1.18509e-18 1.34762e-17 2.83863e-16 9.0604e-15 3.58133e-13 1.45346e-11 5.15504e-10 1.40718e-08 2.70344e-07 3.46791e-06 2.90634e-05 0.000158582 0.000561923 0.00128152 0.00189914 0.00194869 0.00153599 0.00102189 0.000606903 0.000327902 0.000159529 6.70557e-05 2.19422e-05 3.98265e-06 0 
0 0.000511493 0.000809638 0.000304945 3.71149e-05 1.87011e-06 4.97335e-08 8.98138e-10 1.43664e-11 2.66336e-13 7.37981e-15 3.81217e-16 4.35718e-17 1.22996e-17 8.95149e-18 1.64116e-17 6.97978e-17 6.04553e-16 9.0604e-15 1.96327e-13 5.13517e-12 1.3712e-10 3.23676e-09 6.0314e-08 8.19646e-07 7.75791e-06 5.01931e-05 0.000221156 0.000660632 0.00132625 0.0018095 0.00177857 0.00137813 0.000912424 0.000541537 0.000292669 0.00014243 5.98785e-05 1.95952e-05 3.55676e-06 0 
0 0.000498211 0.000931217 0.000463001 8.11934e-05 6.33702e-06 2.76931e-07 8.5235e-09 2.34043e-10 7.26692e-12 3.19034e-13 2.40416e-14 3.61366e-15 1.19297e-15 8.98203e-16 1.51138e-15 5.28749e-15 3.43149e-14 3.58133e-13 5.13517e-12 8.63536e-11 1.47021e-09 2.23359e-08 2.74208e-07 2.53926e-06 1.70658e-05 8.21632e-05 0.000283735 0.000703442 0.00124704 0.00159427 0.00153307 0.00118708 0.00078989 0.000470847 0.000255103 0.000124296 5.22812e-05 1.71123e-05 3.10632e-06 0 
0 0.000472891 0.00104138 0.000687336 0.000175586 2.14066e-05 1.54608e-06 8.1497e-08 3.85968e-09 2.01662e-10 1.40905e-11 1.55523e-12 3.08445e-13 1.19384e-13 9.31288e-14 1.43879e-13 4.13721e-13 2.0074e-12 1.45346e-11 1.3712e-10 1.47021e-09 1.57719e-08 1.51607e-07 1.19625e-06 7.289e-06 3.32373e-05 0.000113314 0.000295162 0.000601826 0.000967082 0.00121567 0.00120085 0.000962964 0.000657479 0.000397627 0.000216911 0.000105992 4.46313e-05 1.46143e-05 2.65322e-06 0 
0 0.000434804 0.00111512 0.000968689 0.000359613 6.8036e-05 8.01352e-06 7.11134e-07 5.70435e-08 4.92891e-09 5.39788e-10 8.61982e-11 2.23649e-11 1.01042e-11 8.16535e-12 1.16278e-11 2.76857e-11 1.01448e-10 5.15504e-10 3.23676e-09 2.23359e-08 1.51607e-07 9.16448e-07 4.53552e-06 1.72432e-05 4.88864e-05 0.000106041 0.000191628 0.00031776 0.000497747 0.000692877 0.000787568 0.000707871 0.000518034 0.000324314 0.000179579 8.82613e-05 3.72436e-05 1.2204e-05 2.21616e-06 0 
0 0.000385536 0.00112967 0.00126272 0.000670765 0.000193614 3.62279e-05 5.23578e-06 6.86408e-07 9.47465e-08 1.5768e-08 3.5523e-09 1.18421e-09 6.1831e-10 5.16812e-10 6.82839e-10 1.36505e-09 3.85294e-09 1.40718e-08 6.0314e-08 2.74208e-07 1.19625e-06 4.53552e-06 1.35097e-05 2.86545e-05 4.09266e-05 4.24728e-05 4.17909e-05 5.38344e-05 9.96251e-05 0.000209789 0.000363126 0.000437987 0.000376219 0.000253303 0.000144381 7.1711e-05 3.0368e-05 9.96248e-06 1.80977e-06 0 
0 0.000328794 0.00107445 0.00149219 0.00110066 0.000472687 0.000136032 3.07069e-05 6.28011e-06 1.32235e-06 3.20762e-07 9.85086e-08 4.11601e-08 2.4492e-08 2.1118e-08 2.61062e-08 4.4632e-08 9.96706e-08 2.70344e-07 8.19646e-07 2.53926e-06 7.289e-06 1.72432e-05 2.86545e-05 2.70197e-05 1.20902e-05 2.9519e-06 8.20752e-07 7.00867e-07 2.46869e-06 1.70476e-05 8.60993e-05 0.00020342 0.00024321 0.000187707 0.000112465 5.68049e-05 2.41845e-05 7.94698e-06 1.44435e-06 0 
0 0.00026948 0.000957054 0.001581 0.00154649 0.000953507 0.000407679 0.000137724 4.18149e-05 1.27635e-05 4.30505e-06 1.73295e-06 8.81938e-07 5.88387e-07 5.21595e-07 6.08978e-07 9.0931e-07 1.65701e-06 3.46791e-06 7.75791e-06 1.70658e-05 3.32373e-05 4.88864e-05 4.09266e-05 1.20902e-05 7.46332e-07 1.14229e-08 2.50695e-10 1.01821e-10 1.67344e-09 1.60188e-07 7.5077e-06 6.44003e-05 0.000137255 0.000131697 8.4889e-05 4.38668e-05 1.88042e-05 6.19132e-06 1.1259e-06 0 
0 0.000212416 0.000800158 0.00150161 0.0018357 0.00154291 0.00094151 0.000457475 0.000197088 8.30951e-05 3.72098e-05 1.88727e-05 1.13616e-05 8.35634e-06 7.58883e-06 8.44859e-06 1.126e-05 1.72897e-05 2.90634e-05 5.01931e-05 8.21632e-05 0.000113314 0.000106041 4.24728e-05 2.9519e-06 1.14229e-08 2.82733e-12 1.27068e-15 1.9501e-16 3.42683e-14 2.02898e-10 2.78673e-07 1.53001e-05 7.08158e-05 8.90273e-05 6.2423e-05 3.3061e-05 1.42711e-05 4.70791e-06 8.56601e-07 0 
0 0.000161287 0.000631422 0.00129091 0.00185031 0.00197944 0.00163131 0.00109275 0.000642442 0.000359462 0.000205477 0.000126856 8.80058e-05 7.02767e-05 6.51771e-05 6.98201e-05 8.47693e-05 0.000113045 0.000158582 0.000221156 0.000283735 0.000295162 0.000191628 4.17909e-05 8.20752e-07 2.50695e-10 1.27068e-15 7.133e-18 2.15162e-18 3.10895e-17 4.43362e-13 1.43659e-08 4.25105e-06 3.85274e-05 6.04082e-05 4.51897e-05 2.43662e-05 1.05689e-05 3.49107e-06 6.35417e-07 0 
0 0.000118162 0.000473491 0.00102018 0.00161893 0.00204513 0.00211499 0.00184326 0.00141652 0.00101569 0.000718691 0.000526003 0.00041217 0.000353219 0.000333879 0.000346895 0.000390385 0.000463991 0.000561923 0.000660632 0.000703442 0.000601826 0.00031776 5.38344e-05 7.00867e-07 1.01821e-10 1.95009e-16 2.15163e-18 1.21819e-18 4.7078e-17 7.54027e-14 5.47912e-09 2.46363e-06 2.61398e-05 4.29526e-05 3.25193e-05 1.7584e-05 7.63193e-06 2.52132e-06 4.58924e-07 0 
0 8.361e-05 0.000339427 0.000753137 0.00126708 0.00177007 0.00212347 0.00223359 0.00211237 0.00185698 0.00157522 0.00133536 0.00116331 0.00106081 0.0010211 0.00103607 0.00109661 0.00118795 0.00128152 0.00132625 0.00124704 0.000967082 0.000497747 9.96251e-05 2.46869e-06 1.67344e-09 3.42683e-14 3.10895e-17 4.70779e-17 6.4054e-17 3.2389e-12 2.55794e-08 3.5183e-06 2.31136e-05 3.22974e-05 2.32761e-05 1.24086e-05 5.36434e-06 1.77024e-06 3.22117e-07 0 
0 5.71284e-05 0.000233494 0.000525984 0.000912188 0.00134479 0.00175415 0.00206752 0.0022398 0.00227323 0.00220914 0.00210156 0.00199493 0.00191596 0.00187519 0.00187079 0.0018905 0.00191139 0.00189914 0.0018095 0.00159427 0.00121567 0.000692877 0.000209789 1.70476e-05 1.60188e-07 2.02898e-10 4.43362e-13 7.54027e-14 3.2389e-12 1.92796e-09 4.12773e-07 7.99675e-06 2.34067e-05 2.47743e-05 1.63906e-05 8.52353e-06 3.65903e-06 1.20513e-06 2.19171e-07 0 
0 3.76274e-05 0.000154294 0.000350089 0.000615952 0.00093185 0.00126686 0.00158361 0.00184777 0.00203863 0.00215437 0.00220874 0.00222229 0.0022137 0.0021945 0.00216731 0.00212627 0.00205887 0.00194869 0.00177857 0.00153307 0.00120085 0.000787568 0.000363126 8.60993e-05 7.5077e-06 2.78673e-07 1.43659e-08 5.47912e-09 2.55794e-08 4.12773e-07 4.45204e-06 1.60018e-05 2.2608e-05 1.83879e-05 1.11716e-05 5.66119e-06 2.41193e-06 7.92665e-07 1.44069e-07 0 
0 2.38042e-05 9.77569e-05 0.00022252 0.000393991 0.000602846 0.000834726 0.00107158 0.0012945 0.00148738 0.00164003 0.00174912 0.00181671 0.00184746 0.00184578 0.00181417 0.00175287 0.00166065 0.00153599 0.00137813 0.00118708 0.000962964 0.000707871 0.000437987 0.00020342 6.44003e-05 1.53001e-05 4.25105e-06 2.46363e-06 3.5183e-06 7.99675e-06 1.60018e-05 2.11003e-05 1.8751e-05 1.27358e-05 7.26852e-06 3.6096e-06 1.52829e-06 5.01319e-07 9.10659e-08 0 
0 1.43788e-05 5.90874e-05 0.000134679 0.000239082 0.000367508 0.000512658 0.000665313 0.000815345 0.000953031 0.00107032 0.00116166 0.0012241 0.00125687 0.0012606 0.00123675 0.0011873 0.00111467 0.00102189 0.000912424 0.00078989 0.000657479 0.000518034 0.000376219 0.00024321 0.000137255 7.08158e-05 3.85274e-05 2.61398e-05 2.31136e-05 2.34067e-05 2.2608e-05 1.8751e-05 1.321e-05 8.13256e-06 4.47278e-06 2.19281e-06 9.24495e-07 3.02852e-07 5.4991e-08 0 
0 8.21605e-06 3.37714e-05 7.70172e-05 0.000136859 0.000210744 0.000294805 0.000384157 0.000473346 0.000556897 0.000629867 0.000688292 0.000729444 0.000751883 0.000755363 0.000740661 0.000709399 0.00066388 0.000606903 0.000541537 0.000470847 0.000397627 0.000324314 0.000253303 0.000187707 0.000131697 8.90273e-05 6.04082e-05 4.29526e-05 3.22974e-05 2.47743e-05 1.83879e-05 1.27358e-05 8.13256e-06 4.78432e-06 2.58272e-06 1.25735e-06 5.28795e-07 1.73082e-07 3.14192e-08 0 
0 4.37551e-06 1.7987e-05 4.10285e-05 7.29346e-05 0.000112381 0.000157366 0.000205358 0.000253519 0.000298953 0.000338969 0.000371309 0.000394315 0.00040702 0.000409165 0.000401146 0.000383934 0.000358946 0.000327902 0.000292669 0.000255103 0.000216911 0.000179579 0.000144381 0.000112465 8.4889e-05 6.2423e-05 4.51897e-05 3.25193e-05 2.32761e-05 1.63906e-05 1.11716e-05 7.26852e-06 4.47278e-06 2.58272e-06 1.38269e-06 6.70873e-07 2.81783e-07 9.21894e-08 1.67323e-08 0 
0 2.11789e-06 8.70664e-06 1.98614e-05 3.53114e-05 5.44218e-05 7.62321e-05 9.95296e-05 0.00012295 0.000145095 0.000164653 0.000180507 0.000191823 0.000198099 0.000199188 0.00019528 0.000186863 0.000174655 0.000159529 0.00014243 0.000124296 0.000105992 8.82613e-05 7.1711e-05 5.68049e-05 4.38668e-05 3.3061e-05 2.43662e-05 1.7584e-05 1.24086e-05 8.52353e-06 5.66119e-06 3.6096e-06 2.19281e-06 1.25735e-06 6.70873e-07 3.25023e-07 1.36436e-07 4.46267e-08 8.09905e-09 0 
0 8.88666e-07 3.65336e-06 8.33418e-06 1.4818e-05 2.28391e-05 3.19958e-05 4.17808e-05 5.1623e-05 6.0936e-05 6.9168e-05 7.58475e-05 8.06198e-05 8.32704e-05 8.37345e-05 8.20921e-05 7.85498e-05 7.34137e-05 6.70557e-05 5.98785e-05 5.22812e-05 4.46313e-05 3.72436e-05 3.0368e-05 2.41845e-05 1.88042e-05 1.42711e-05 1.05689e-05 7.63193e-06 5.36434e-06 3.65903e-06 2.41193e-06 1.52829e-06 9.24495e-07 5.28795e-07 2.81783e-07 1.36436e-07 5.72574e-08 1.87263e-08 3.39839e-09 0 
0 2.90622e-07 1.19477e-06 2.72559e-06 4.8461e-06 7.46953e-06 1.04646e-05 1.36656e-05 1.68859e-05 1.99337e-05 2.26284e-05 2.48156e-05 2.63788e-05 2.72473e-05 2.73999e-05 2.68626e-05 2.57032e-05 2.40223e-05 2.19422e-05 1.95952e-05 1.71123e-05 1.46143e-05 1.2204e-05 9.96248e-06 7.94698e-06 6.19132e-06 4.70791e-06 3.49107e-06 2.52132e-06 1.77024e-06 1.20513e-06 7.92665e-07 5.01319e-07 3.02852e-07 1.73082e-07 9.21894e-08 4.46267e-08 1.87263e-08 6.12426e-09 1.11139e-09 0 
0 5.27397e-08 2.16818e-07 4.94619e-07 8.79438e-07 1.35553e-06 1.89909e-06 2.48004e-06 3.06451e-06 3.61772e-06 4.10688e-06 4.50394e-06 4.78775e-06 4.94547e-06 4.97321e-06 4.87569e-06 4.66525e-06 4.36016e-06 3.98265e-06 3.55676e-06 3.10632e-06 2.65322e-06 2.21616e-06 1.80977e-06 1.44435e-06 1.1259e-06 8.56601e-07 6.35417e-07 4.58924e-07 3.22117e-07 2.19171e-07 1.44069e-07 9.10659e-08 5.4991e-08 3.14192e-08 1.67323e-08 8.09905e-09 3.39839e-09 1.11139e-09 2.01687e-10 0 
0 0 0 0 0 0 0 0 0 0 0 0 0 0 0 0 0 0 0 0 0 0 0 0 0 0 0 0 0 0 0 0 0 0 0 0 0 0 0 0 0 
