0 0 0 0 0 0 0 0 0 0 0 0 0 0 0 0 0 0 0 0 0 0 0 0 0 0 0 0 0 0 0 0 0 0 0 0 0 0 0 0 0 
0 1.37517e-05 5.63295e-05 0.000127574 0.00022385 0.000337604 0.000457925 0.000572639 0.000671418 0.000748326 0.000802458 0.000836666 0.00085545 0.000863106 0.0008626 0.000855173 0.000840447 0.000816887 0.000782501 0.000735696 0.000676107 0.000605166 0.000526158 0.00044368 0.000362686 0.000287496 0.000221131 0.000165122 0.0001197 8.41726e-05 5.73166e-05 3.7685e-05 2.38204e-05 1.4383e-05 8.21702e-06 4.37571e-06 2.11792e-06 8.88672e-07 2.90623e-07 5.27398e-08 0 
0 5.63295e-05 0.000229523 0.000513965 0.00088238 0.00128193 0.00164277 0.00190279 0.00203455 0.0020526 0.00199769 0.00191415 0.00183592 0.00178329 0.00176533 0.00178308 0.00183135 0.00189907 0.00196897 0.00201849 0.00202315 0.001963 0.00182993 0.0016319 0.00139076 0.00113459 0.000888845 0.000670962 0.000489304 0.000345133 0.000235363 0.000154852 9.7909e-05 5.91253e-05 3.378e-05 1.79888e-05 8.70696e-06 3.65341e-06 1.19478e-06 2.16818e-07 0 
0 0.000127574 0.000513965 0.00112227 0.0018334 0.00244527 0.00275652 0.00269934 0.00237678 0.00196112 0.00158146 0.0012933 0.00110359 0.00100133 0.000974953 0.0010188 0.0011337 0.00132429 0.00159291 0.00192937 0.00229868 0.0026346 0.00285155 0.00287875 0.00269782 0.00235293 0.00192447 0.00149026 0.00110201 0.000782798 0.000535599 0.000352904 0.000223269 0.000134861 7.70572e-05 4.10365e-05 1.98628e-05 8.33439e-06 2.72561e-06 4.94621e-07 0 
0 0.00022385 0.00088238 0.0018334 0.00271557 0.00307125 0.00273557 0.00200639 0.00129294 0.000786817 0.000483251 0.000316307 0.000229713 0.000189936 0.00018089 0.000198093 0.00024612 0.000339044 0.000502477 0.000773809 0.00119315 0.0017748 0.00246024 0.00309027 0.00345814 0.00343834 0.0030697 0.00250646 0.00190827 0.00137555 0.00094762 0.000626239 0.00039668 0.000239719 0.000136996 7.29611e-05 3.53159e-05 1.48186e-05 4.84617e-06 8.79443e-07 0 
0 0.000337604 0.00128193 0.00244527 0.00307125 0.00267186 0.0016838 0.000835245 0.000361996 0.000151704 6.70982e-05 3.36208e-05 2.01222e-05 1.48828e-05 1.38047e-05 1.59964e-05 2.26892e-05 3.80863e-05 7.24605e-05 0.000148813 0.000313547 0.000644409 0.0012308 0.0020901 0.00304606 0.00373884 0.00387939 0.00348442 0.00279983 0.00207447 0.0014475 0.000961863 0.000610627 0.000369322 0.000211126 0.000112454 5.44339e-05 2.28408e-05 7.46972e-06 1.35554e-06 0 
0 0.000457925 0.00164277 0.00275652 0.00273557 0.0016838 0.000697946 0.0002215 6.16789e-05 1.70649e-05 5.22611e-06 1.93779e-06 9.31579e-07 6.07004e-07 5.46265e-07 6.74793e-07 1.11197e-06 2.33319e-06 5.87633e-06 1.66357e-05 4.95075e-05 0.000145241 0.000395753 0.000948341 0.0019031 0.00308008 0.00396192 0.00411996 0.00361216 0.00280173 0.00199755 0.00133973 0.00085366 0.000517031 0.000295712 0.000157534 7.62597e-05 3.19997e-05 1.0465e-05 1.89911e-06 0 
0 0.000572639 0.00190279 0.00269934 0.00200639 0.000835245 0.0002215 4.40519e-05 7.70557e-06 1.37226e-06 2.83662e-07 7.60954e-08 2.88806e-08 1.6405e-08 1.42806e-08 1.88886e-08 3.65654e-08 9.74998e-08 3.31663e-07 1.32225e-06 5.6714e-06 2.41505e-05 9.50466e-05 0.00032483 0.000912335 0.00200637 0.00334145 0.00420969 0.00417186 0.00346141 0.00254951 0.00173422 0.00111125 0.000674453 0.000386034 0.000205702 9.95852e-05 4.17884e-05 1.36664e-05 2.48008e-06 0 
0 0.000671418 0.00203455 0.00237678 0.00129294 0.000361996 6.16789e-05 7.70557e-06 8.44672e-07 9.62817e-08 1.33419e-08 2.57226e-09 7.66496e-10 3.78139e-10 3.17864e-10 4.50371e-10 1.02669e-09 3.49297e-09 1.61298e-08 9.10386e-08 5.6526e-07 3.50067e-06 1.98564e-05 9.6107e-05 0.000374339 0.00111487 0.00243121 0.00380476 0.0043803 0.00396683 0.00305274 0.00211713 0.00136717 0.000832162 0.000476779 0.000254142 0.00012305 5.16364e-05 1.68873e-05 3.06459e-06 0 
0 0.000748326 0.0020526 0.00196112 0.000786817 0.000151704 1.70649e-05 1.37226e-06 9.62817e-08 7.15447e-09 6.7491e-10 9.46462e-11 2.23261e-11 9.6053e-12 7.79669e-12 1.17869e-11 3.14079e-11 1.3494e-10 8.35359e-10 6.58134e-09 5.82548e-08 5.16117e-07 4.14325e-06 2.78126e-05 0.000146664 0.000577485 0.00162317 0.00315407 0.00426666 0.00427282 0.00346617 0.00246192 0.00160524 0.000980576 0.000562512 0.000299966 0.000145255 6.09574e-05 1.99359e-05 3.61784e-06 0 
0 0.000802458 0.00199769 0.00158146 0.000483251 6.70982e-05 5.22611e-06 2.83662e-07 1.33419e-08 6.7491e-10 4.50314e-11 4.73822e-12 9.04585e-13 3.43537e-13 2.69747e-13 4.31559e-13 1.32124e-12 6.99369e-12 5.63049e-11 5.98419e-10 7.28357e-09 8.9e-08 9.75213e-07 8.75941e-06 6.03115e-05 0.000302727 0.00106135 0.00250626 0.00395645 0.00439049 0.00376837 0.00274795 0.0018112 0.00111086 0.000638146 0.000340456 0.000164887 6.9199e-05 2.26316e-05 4.10706e-06 0 
0 0.000836666 0.00191415 0.0012933 0.000316307 3.36208e-05 1.93779e-06 7.60954e-08 2.57226e-09 9.46462e-11 4.73822e-12 3.92591e-13 6.28081e-14 2.14704e-14 1.63665e-14 2.73819e-14 9.38561e-14 5.8949e-13 5.89152e-12 8.01619e-11 1.26954e-09 2.0241e-08 2.86907e-07 3.27734e-06 2.80851e-05 0.000171679 0.000719368 0.00199299 0.00359118 0.00437336 0.00396009 0.0029631 0.00197415 0.00121572 0.000699373 0.000373296 0.000180818 7.58885e-05 2.48197e-05 4.50417e-06 0 
0 0.00085545 0.00183592 0.00110359 0.000229713 2.01222e-05 9.31579e-07 2.88806e-08 7.66496e-10 2.23261e-11 9.04585e-13 6.28081e-14 8.80849e-15 2.78055e-15 2.06836e-15 3.56597e-15 1.32443e-14 9.40935e-14 1.10012e-12 1.79217e-11 3.44109e-10 6.6687e-09 1.14216e-07 1.55703e-06 1.5668e-05 0.000110596 0.00052749 0.00164273 0.00327122 0.0042877 0.00405792 0.00310361 0.00208718 0.00128993 0.000742995 0.000396745 0.000192202 8.06697e-05 2.63838e-05 4.78803e-06 0 
0 0.000863106 0.00178329 0.00100133 0.000189936 1.48828e-05 6.07004e-07 1.6405e-08 3.78139e-10 9.6053e-12 3.43537e-13 2.14704e-14 2.78055e-15 8.35032e-16 6.10066e-16 1.06631e-15 4.13516e-15 3.14682e-14 4.02174e-13 7.26495e-12 1.55946e-10 3.38653e-09 6.48144e-08 9.80741e-07 1.08542e-05 8.34535e-05 0.000429979 0.00143709 0.00304556 0.00418737 0.00408343 0.00317151 0.00214726 0.00133055 0.000767114 0.000409755 0.000198526 8.33265e-05 2.7253e-05 4.94578e-06 0 
0 0.0008626 0.00176533 0.000974953 0.00018089 1.38047e-05 5.46265e-07 1.42806e-08 3.17864e-10 7.79669e-12 2.69747e-13 1.63665e-14 2.06836e-15 6.10066e-16 4.40965e-16 7.68424e-16 2.99358e-15 2.30457e-14 2.99765e-13 5.53779e-12 1.21981e-10 2.7235e-09 5.36219e-08 8.3418e-07 9.47858e-06 7.47078e-05 0.000394219 0.00134926 0.00292609 0.00410204 0.00405347 0.00317129 0.00215445 0.00133689 0.000771189 0.000412012 0.000199633 8.37932e-05 2.74058e-05 4.97353e-06 0 
0 0.000855173 0.00178308 0.0010188 0.000198093 1.59964e-05 6.74793e-07 1.88886e-08 4.50371e-10 1.17869e-11 4.31559e-13 2.73819e-14 3.56597e-15 1.06631e-15 7.68424e-16 1.31397e-15 4.95314e-15 3.64812e-14 4.50319e-13 7.85733e-12 1.63221e-10 3.44153e-09 6.42263e-08 9.52186e-07 1.03775e-05 7.89931e-05 0.000405323 0.00135799 0.00290234 0.00403571 0.00397473 0.00310725 0.00211112 0.00131029 0.00075596 0.000403908 0.000195714 8.21494e-05 2.68684e-05 4.87601e-06 0 
0 0.000840447 0.00183135 0.0011337 0.00024612 2.26892e-05 1.11197e-06 3.65654e-08 1.02669e-09 3.14079e-11 1.32124e-12 9.38561e-14 1.32443e-14 4.13516e-15 2.99358e-15 4.95314e-15 1.74654e-14 1.16978e-13 1.28536e-12 1.96905e-11 3.56856e-10 6.56808e-09 1.07676e-07 1.41746e-06 1.39048e-05 9.66818e-05 0.000459705 0.00144683 0.00294706 0.00396922 0.00384296 0.00298243 0.00202132 0.00125375 0.000723271 0.000386452 0.000187261 7.86027e-05 2.57086e-05 4.66555e-06 0 
0 0.000816887 0.00189907 0.00132429 0.000339044 3.80863e-05 2.33319e-06 9.74998e-08 3.49297e-09 1.3494e-10 6.99369e-12 5.8949e-13 9.40935e-14 3.14682e-14 2.30457e-14 3.64812e-14 1.16978e-13 6.82596e-13 6.32344e-12 7.99012e-11 1.18153e-09 1.77323e-08 2.38969e-07 2.62487e-06 2.19064e-05 0.000132393 0.000558911 0.00159474 0.00301354 0.00386419 0.00364565 0.00279894 0.00189032 0.00117155 0.000675826 0.000361133 0.000175004 7.34606e-05 2.40271e-05 4.36043e-06 0 
0 0.000782501 0.00196897 0.00159291 0.000502477 7.24605e-05 5.87633e-06 3.31663e-07 1.61298e-08 8.35359e-10 5.63049e-11 5.89152e-12 1.10012e-12 4.02174e-13 2.99765e-13 4.50319e-13 1.28536e-12 6.32344e-12 4.73482e-11 4.69917e-10 5.37654e-09 6.22893e-08 6.53663e-07 5.689e-06 3.8509e-05 0.00019382 0.000700364 0.00176072 0.00303062 0.00366872 0.00336626 0.00255874 0.00172426 0.00106881 0.000616877 0.000329755 0.000159829 6.70967e-05 2.19465e-05 3.9829e-06 0 
0 0.000735696 0.00201849 0.00192937 0.000773809 0.000148813 1.66357e-05 1.32225e-06 9.10386e-08 6.58134e-09 5.98419e-10 8.01619e-11 1.79217e-11 7.26495e-12 5.53779e-12 7.85733e-12 1.96905e-11 7.99012e-11 4.69917e-10 3.54088e-09 3.01855e-08 2.59361e-07 2.03416e-06 1.34662e-05 7.10688e-05 0.000287188 0.000861245 0.00186804 0.00290428 0.00332573 0.0029877 0.00226358 0.00152934 0.000950858 0.000549895 0.000294257 0.000142693 5.99151e-05 1.95991e-05 3.55699e-06 0 
0 0.000676107 0.00202315 0.00229868 0.00119315 0.000313547 4.95075e-05 5.6714e-06 5.6526e-07 5.82548e-08 7.28357e-09 1.26954e-09 3.44109e-10 1.55946e-10 1.21981e-10 1.63221e-10 3.56856e-10 1.18153e-09 5.37654e-09 3.01855e-08 1.87514e-07 1.16492e-06 6.63668e-06 3.23864e-05 0.000128856 0.000404285 0.000978339 0.00180281 0.00253426 0.00278291 0.00249282 0.00191312 0.00131054 0.000822605 0.000478226 0.000256549 0.000124541 5.2316e-05 1.71161e-05 3.10654e-06 0 
0 0.000605166 0.001963 0.0026346 0.0017748 0.000644409 0.000145241 2.41505e-05 3.50067e-06 5.16117e-07 8.9e-08 2.0241e-08 6.6687e-09 3.38653e-09 2.7235e-09 3.44153e-09 6.56808e-09 1.77323e-08 6.22893e-08 2.59361e-07 1.16492e-06 5.1693e-06 2.10118e-05 7.36908e-05 0.000213771 0.000500982 0.000944454 0.0014508 0.00185483 0.00200929 0.00186547 0.00150271 0.00107013 0.000687888 0.000404819 0.000218365 0.000106243 4.46675e-05 1.46182e-05 2.65346e-06 0 
0 0.000526158 0.00182993 0.00285155 0.00246024 0.0012308 0.000395753 9.50466e-05 1.98564e-05 4.14325e-06 9.75213e-07 2.86907e-07 1.14216e-07 6.48144e-08 5.36219e-08 6.42263e-08 1.07676e-07 2.38969e-07 6.53663e-07 2.03416e-06 6.63668e-06 2.10118e-05 6.02809e-05 0.000148094 0.000299244 0.000490292 0.000668667 0.000811813 0.00094216 0.00106531 0.00112045 0.00103056 0.000808587 0.000549461 0.00033212 0.000181191 8.85421e-05 3.72839e-05 1.22083e-05 2.21642e-06 0 
0 0.00044368 0.0016319 0.00287875 0.00309027 0.0020901 0.000948341 0.00032483 9.6107e-05 2.78126e-05 8.75941e-06 3.27734e-06 1.55703e-06 9.80741e-07 8.3418e-07 9.52186e-07 1.41746e-06 2.62487e-06 5.689e-06 1.34662e-05 3.23864e-05 7.36908e-05 0.000148094 0.000246014 0.000318574 0.000314125 0.000253085 0.000203577 0.000206202 0.000278466 0.000416916 0.000539756 0.000534145 0.000410704 0.000262333 0.000146262 7.20358e-05 3.04139e-05 9.96737e-06 1.81006e-06 0 
0 0.000362686 0.00139076 0.00269782 0.00345814 0.00304606 0.0019031 0.000912335 0.000374339 0.000146664 6.03115e-05 2.80851e-05 1.5668e-05 1.08542e-05 9.47858e-06 1.03775e-05 1.39048e-05 2.19064e-05 3.8509e-05 7.10688e-05 0.000128856 0.000213771 0.000299244 0.000318574 0.000225568 9.54208e-05 2.70627e-05 8.8349e-06 6.84518e-06 1.54613e-05 5.78661e-05 0.000170615 0.000282717 0.00027965 0.000198044 0.000114636 5.71733e-05 2.42355e-05 7.95229e-06 1.44465e-06 0 
0 0.000287496 0.00113459 0.00235293 0.00343834 0.00373884 0.00308008 0.00200637 0.00111487 0.000577485 0.000302727 0.000171679 0.000110596 8.34535e-05 7.47078e-05 7.89931e-05 9.66818e-05 0.000132393 0.00019382 0.000287188 0.000404285 0.000500982 0.000490292 0.000314125 9.54208e-05 9.54655e-06 3.57156e-07 1.81465e-08 8.27817e-09 5.99988e-08 1.61728e-06 2.5448e-05 0.000111583 0.000170875 0.000142625 8.72279e-05 4.4257e-05 1.88569e-05 6.19667e-06 1.1262e-06 0 
0 0.000221131 0.000888845 0.00192447 0.0030697 0.00387939 0.00396192 0.00334145 0.00243121 0.00162317 0.00106135 0.000719368 0.00052749 0.000429979 0.000394219 0.000405323 0.000459705 0.000558911 0.000700364 0.000861245 0.000978339 0.000944454 0.000668667 0.000253085 2.70627e-05 3.57156e-07 6.36875e-10 1.82416e-12 3.71839e-13 1.74226e-11 1.02331e-08 2.00818e-06 3.53555e-05 9.70029e-05 9.92542e-05 6.46818e-05 3.34334e-05 1.43204e-05 4.71282e-06 8.56868e-07 0 
0 0.000165122 0.000670962 0.00149026 0.00250646 0.00348442 0.00411996 0.00420969 0.00380476 0.00315407 0.00250626 0.00199299 0.00164273 0.00143709 0.00134926 0.00135799 0.00144683 0.00159474 0.00176072 0.00186804 0.00180281 0.0014508 0.000811813 0.000203577 8.8349e-06 1.81465e-08 1.82416e-12 3.41752e-16 4.53339e-17 8.80597e-15 9.7588e-11 2.02444e-07 1.25394e-05 5.69349e-05 6.8809e-05 4.70968e-05 2.46784e-05 1.06096e-05 3.49508e-06 6.35632e-07 0 
0 0.0001197 0.000489304 0.00110201 0.00190827 0.00279983 0.00361216 0.00417186 0.0043803 0.00426666 0.00395645 0.00359118 0.00327122 0.00304556 0.00292609 0.00290234 0.00294706 0.00301354 0.00303062 0.00290428 0.00253426 0.00185483 0.00094216 0.000206202 6.84518e-06 8.27817e-09 3.71839e-13 4.53339e-17 3.05512e-18 1.01704e-15 2.39086e-11 9.0498e-08 7.66014e-06 3.9158e-05 4.90646e-05 3.39075e-05 1.78101e-05 7.6613e-06 2.5242e-06 4.59079e-07 0 
0 8.41726e-05 0.000345133 0.000782798 0.00137555 0.00207447 0.00280173 0.00346141 0.00396683 0.00427282 0.00439049 0.00437336 0.0042877 0.00418737 0.00410204 0.00403571 0.00396922 0.00386419 0.00366872 0.00332573 0.00278291 0.00200929 0.00106531 0.000278466 1.54613e-05 5.99988e-08 1.74226e-11 8.80597e-15 1.01704e-15 1.21314e-13 3.59633e-10 2.60475e-07 9.11446e-06 3.25952e-05 3.6217e-05 2.41386e-05 1.25488e-05 5.38263e-06 1.77204e-06 3.22215e-07 0 
0 5.73166e-05 0.000235363 0.000535599 0.00094762 0.0014475 0.00199755 0.00254951 0.00305274 0.00346617 0.00376837 0.00396009 0.00405792 0.00408343 0.00405347 0.00397473 0.00384296 0.00364565 0.00336626 0.0029877 0.00249282 0.00186547 0.00112045 0.000416916 5.78661e-05 1.61728e-06 1.02331e-08 9.7588e-11 2.39086e-11 3.59633e-10 3.8196e-08 1.8773e-06 1.52256e-05 2.97956e-05 2.69252e-05 1.68436e-05 8.59747e-06 3.66884e-06 1.20612e-06 2.19225e-07 0 
0 3.7685e-05 0.000154852 0.000352904 0.000626239 0.000961863 0.00133973 0.00173422 0.00211713 0.00246192 0.00274795 0.0029631 0.00310361 0.00317151 0.00317129 0.00310725 0.00298243 0.00279894 0.00255874 0.00226358 0.00191312 0.00150271 0.00103056 0.000539756 0.000170615 2.5448e-05 2.00818e-06 2.02444e-07 9.0498e-08 2.60475e-07 1.8773e-06 9.93453e-06 2.29303e-05 2.60693e-05 1.93647e-05 1.13716e-05 5.69439e-06 2.41646e-06 7.93131e-07 1.44095e-07 0 
0 2.38204e-05 9.7909e-05 0.000223269 0.00039668 0.000610627 0.00085366 0.00111125 0.00136717 0.00160524 0.0018112 0.00197415 0.00208718 0.00214726 0.00215445 0.00211112 0.00202132 0.00189032 0.00172426 0.00152934 0.00131054 0.00107013 0.000808587 0.000534145 0.000282717 0.000111583 3.53555e-05 1.25394e-05 7.66014e-06 9.11446e-06 1.52256e-05 2.29303e-05 2.50531e-05 2.01629e-05 1.30984e-05 7.34287e-06 3.62233e-06 1.53009e-06 5.01512e-07 9.1077e-08 0 
0 1.4383e-05 5.91253e-05 0.000134861 0.000239719 0.000369322 0.000517031 0.000674453 0.000832162 0.000980576 0.00111086 0.00121572 0.00128993 0.00133055 0.00133689 0.00131029 0.00125375 0.00117155 0.00106881 0.000950858 0.000822605 0.000687888 0.000549461 0.000410704 0.00027965 0.000170875 9.70029e-05 5.69349e-05 3.9158e-05 3.25952e-05 2.97956e-05 2.60693e-05 2.01629e-05 1.36515e-05 8.24379e-06 4.49625e-06 2.197e-06 9.25115e-07 3.02921e-07 5.49951e-08 0 
0 8.21702e-06 3.378e-05 7.70572e-05 0.000136996 0.000211126 0.000295712 0.000386034 0.000476779 0.000562512 0.000638146 0.000699373 0.000742995 0.000767114 0.000771189 0.00075596 0.000723271 0.000675826 0.000616877 0.000549895 0.000478226 0.000404819 0.00033212 0.000262333 0.000198044 0.000142625 9.92542e-05 6.8809e-05 4.90646e-05 3.6217e-05 2.69252e-05 1.93647e-05 1.30984e-05 8.24379e-06 4.81308e-06 2.58907e-06 1.25855e-06 5.2898e-07 1.73103e-07 3.14205e-08 0 
0 4.37571e-06 1.79888e-05 4.10365e-05 7.29611e-05 0.000112454 0.000157534 0.000205702 0.000254142 0.000299966 0.000340456 0.000373296 0.000396745 0.000409755 0.000412012 0.000403908 0.000386452 0.000361133 0.000329755 0.000294257 0.000256549 0.000218365 0.000181191 0.000146262 0.000114636 8.72279e-05 6.46818e-05 4.70968e-05 3.39075e-05 2.41386e-05 1.68436e-05 1.13716e-05 7.34287e-06 4.49625e-06 2.58907e-06 1.38417e-06 6.71166e-07 2.81831e-07 9.21952e-08 1.67327e-08 0 
0 2.11792e-06 8.70696e-06 1.98628e-05 3.53159e-05 5.44339e-05 7.62597e-05 9.95852e-05 0.00012305 0.000145255 0.000164887 0.000180818 0.000192202 0.000198526 0.000199633 0.000195714 0.000187261 0.000175004 0.000159829 0.000142693 0.000124541 0.000106243 8.85421e-05 7.20358e-05 5.71733e-05 4.4257e-05 3.34334e-05 2.46784e-05 1.78101e-05 1.25488e-05 8.59747e-06 5.69439e-06 3.62233e-06 2.197e-06 1.25855e-06 6.71166e-07 3.25084e-07 1.36446e-07 4.46281e-08 8.09914e-09 0 
0 8.88672e-07 3.65341e-06 8.33439e-06 1.48186e-05 2.28408e-05 3.19997e-05 4.17884e-05 5.16364e-05 6.09574e-05 6.9199e-05 7.58885e-05 8.06697e-05 8.33265e-05 8.37932e-05 8.21494e-05 7.86027e-05 7.34606e-05 6.70967e-05 5.99151e-05 5.2316e-05 4.46675e-05 3.72839e-05 3.04139e-05 2.42355e-05 1.88569e-05 1.43204e-05 1.06096e-05 7.6613e-06 5.38263e-06 3.66884e-06 2.41646e-06 1.53009e-06 9.25115e-07 5.2898e-07 2.81831e-07 1.36446e-07 5.72592e-08 1.87266e-08 3.39841e-09 0 
0 2.90623e-07 1.19478e-06 2.72561e-06 4.84617e-06 7.46972e-06 1.0465e-05 1.36664e-05 1.68873e-05 1.99359e-05 2.26316e-05 2.48197e-05 2.63838e-05 2.7253e-05 2.74058e-05 2.68684e-05 2.57086e-05 2.40271e-05 2.19465e-05 1.95991e-05 1.71161e-05 1.46182e-05 1.22083e-05 9.96737e-06 7.95229e-06 6.19667e-06 4.71282e-06 3.49508e-06 2.5242e-06 1.77204e-06 1.20612e-06 7.93131e-07 5.01512e-07 3.02921e-07 1.73103e-07 9.21952e-08 4.46281e-08 1.87266e-08 6.12429e-09 1.11139e-09 0 
0 5.27398e-08 2.16818e-07 4.94621e-07 8.79443e-07 1.35554e-06 1.89911e-06 2.48008e-06 3.06459e-06 3.61784e-06 4.10706e-06 4.50417e-06 4.78803e-06 4.94578e-06 4.97353e-06 4.87601e-06 4.66555e-06 4.36043e-06 3.9829e-06 3.55699e-06 3.10654e-06 2.65346e-06 2.21642e-06 1.81006e-06 1.44465e-06 1.1262e-06 8.56868e-07 6.35632e-07 4.59079e-07 3.22215e-07 2.19225e-07 1.44095e-07 9.1077e-08 5.49951e-08 3.14205e-08 1.67327e-08 8.09914e-09 3.39841e-09 1.11139e-09 2.01687e-10 0 
0 0 0 0 0 0 0 0 0 0 0 0 0 0 0 0 0 0 0 0 0 0 0 0 0 0 0 0 0 0 0 0 0 0 0 0 0 0 0 0 0 
