0 0 0 0 0 0 0 0 0 0 0 0 0 0 0 0 0 0 0 0 0 0 0 0 0 0 0 0 0 0 0 0 0 0 0 0 0 0 0 0 0 
0 1.3333e-05 5.26121e-05 0.000111315 0.000175362 0.000227924 0.000257964 0.000264658 0.000254569 0.00023615 0.000216171 0.000198787 0.000186044 0.00017869 0.000176818 0.000180219 0.000188489 0.000200954 0.0002165 0.000233373 0.000249087 0.000260564 0.000264611 0.000258705 0.000241861 0.000215183 0.000181735 0.000145675 0.000111022 8.06745e-05 5.60414e-05 3.72641e-05 2.36945e-05 1.43488e-05 8.20868e-06 4.37389e-06 2.11758e-06 8.88616e-07 2.90616e-07 5.27393e-08 0 
0 5.26121e-05 0.000195845 0.000369701 0.000482762 0.000483071 0.000398379 0.000289777 0.000197497 0.000132658 9.14934e-05 6.69197e-05 5.31514e-05 4.65285e-05 4.51585e-05 4.84682e-05 5.69511e-05 7.20965e-05 9.63683e-05 0.000132991 0.000185174 0.000254407 0.000337796 0.000425458 0.000500227 0.000542175 0.000537529 0.000486591 0.000403909 0.00031016 0.000222633 0.000150709 9.66971e-05 5.88058e-05 3.37042e-05 1.79727e-05 8.70398e-06 3.65294e-06 1.19472e-06 2.16815e-07 0 
0 0.000111315 0.000369701 0.000558493 0.000513691 0.000326662 0.000161655 6.92143e-05 2.80074e-05 1.15489e-05 5.18097e-06 2.67069e-06 1.64892e-06 1.25166e-06 1.17962e-06 1.37189e-06 1.92958e-06 3.18101e-06 5.91212e-06 1.18718e-05 2.46831e-05 5.10741e-05 0.00010159 0.000188627 0.000318906 0.000480427 0.00063327 0.000721885 0.000711197 0.000612955 0.000471986 0.000332095 0.000217248 0.000133306 7.66976e-05 4.09624e-05 1.98494e-05 8.33237e-06 2.72538e-06 4.94606e-07 0 
0 0.000175362 0.000482762 0.000513691 0.000285379 9.93278e-05 2.54174e-05 5.45917e-06 1.10777e-06 2.37467e-07 5.95978e-08 1.91211e-08 8.38705e-09 5.24586e-09 4.75103e-09 6.16336e-09 1.10696e-08 2.6119e-08 7.58774e-08 2.52803e-07 8.99916e-07 3.20616e-06 1.08116e-05 3.30211e-05 8.84346e-05 0.000202801 0.000390374 0.000618883 0.000797088 0.000835854 0.00073074 0.000552849 0.000375286 0.000234244 0.000135753 7.2711e-05 3.5272e-05 1.48121e-05 4.84544e-06 8.79398e-07 0 
0 0.000227924 0.000483071 0.000326662 9.93278e-05 1.70537e-05 1.98321e-06 1.83842e-07 1.59809e-08 1.53061e-09 1.87799e-10 3.3594e-11 9.67066e-12 4.76545e-12 4.1095e-12 6.09905e-12 1.48028e-11 5.43239e-11 2.73608e-10 1.70114e-09 1.17441e-08 8.16232e-08 5.25191e-07 2.92987e-06 1.35375e-05 5.04039e-05 0.000148988 0.000345575 0.000619597 0.00084865 0.000897219 0.000762673 0.000550782 0.000353931 0.000207666 0.000111769 5.43159e-05 2.28238e-05 7.46784e-06 1.35543e-06 0 
0 0.000257964 0.000398379 0.000161655 2.54174e-05 1.98321e-06 9.41865e-08 3.34501e-09 1.10388e-10 4.2135e-12 2.28425e-13 2.09806e-14 3.73517e-15 1.40204e-15 1.1432e-15 1.97811e-15 6.7686e-15 4.11108e-14 3.87904e-13 4.91503e-12 7.22869e-11 1.07811e-09 1.45197e-08 1.61172e-07 1.38337e-06 8.85113e-06 4.16505e-05 0.000144154 0.000366675 0.000678583 0.000908895 0.000906007 0.000716185 0.00048094 0.000287597 0.000155945 7.59902e-05 3.19614e-05 1.04609e-05 1.89887e-06 0 
0 0.000264658 0.000289777 6.92143e-05 5.45917e-06 1.83842e-07 3.34501e-09 4.24985e-11 4.97241e-13 7.0921e-15 1.60459e-16 7.22863e-18 7.80942e-19 2.28755e-19 1.78343e-19 3.49524e-19 1.67696e-18 1.73697e-17 3.20727e-16 8.70267e-15 2.87455e-13 9.70819e-12 2.88497e-10 6.69885e-09 1.11766e-07 1.27625e-06 9.81e-06 5.11468e-05 0.00018395 0.000459555 0.00079237 0.000952514 0.000844998 0.000602067 0.000369594 0.000202497 9.90473e-05 4.17131e-05 1.36584e-05 2.47962e-06 0 
0 0.000254569 0.000197497 2.80074e-05 1.10777e-06 1.59809e-08 1.10388e-10 4.97241e-13 2.04526e-15 1.08158e-17 1.04783e-19 3.92584e-21 8.74522e-22 4.48083e-22 3.86068e-22 5.36121e-22 1.27202e-21 8.43157e-21 2.41243e-19 1.39473e-17 1.04123e-15 8.01536e-14 5.29141e-12 2.58831e-10 8.45572e-09 1.73526e-07 2.18875e-06 1.71555e-05 8.6149e-05 0.000285093 0.000626088 0.000913334 0.000922548 0.000705667 0.000447532 0.00024843 0.000122097 5.15043e-05 1.68734e-05 3.0638e-06 0 
0 0.00023615 0.000132658 1.15489e-05 2.37467e-07 1.53061e-09 4.2135e-12 7.0921e-15 1.08158e-17 2.35837e-20 2.48067e-22 2.48912e-23 1.06241e-23 8.0339e-24 7.42855e-24 8.12631e-24 1.1521e-23 3.62029e-23 4.26516e-22 3.08106e-20 4.87204e-18 8.197e-16 1.1544e-13 1.14585e-11 7.09105e-10 2.5429e-08 5.14236e-07 5.93529e-06 4.06841e-05 0.000173515 0.000472827 0.000826168 0.000950825 0.000784836 0.000516201 0.000290865 0.000143742 6.0749e-05 1.99142e-05 3.61661e-06 0 
0 0.000216171 9.14934e-05 5.18097e-06 5.95978e-08 1.87799e-10 2.28425e-13 1.60459e-16 1.04783e-19 2.48067e-22 4.91407e-24 7.86762e-25 4.77136e-25 4.40991e-25 4.24187e-25 4.08222e-25 4.3405e-25 7.9518e-25 4.80286e-24 1.92752e-22 4.14413e-20 1.37759e-17 3.80128e-15 7.07235e-13 7.72036e-11 4.54836e-09 1.4005e-07 2.2817e-06 2.05907e-05 0.000109321 0.000357315 0.000728712 0.000944072 0.00083859 0.000572114 0.000327369 0.000162711 6.89007e-05 2.26007e-05 4.10532e-06 0 
0 0.000198787 6.69197e-05 2.67069e-06 1.91211e-08 3.3594e-11 2.09806e-14 7.22863e-18 3.92584e-21 2.48912e-23 7.86764e-25 8.92414e-26 4.376e-26 4.19503e-26 4.09483e-26 3.68746e-26 3.38912e-26 5.03894e-26 2.78469e-25 7.72891e-24 9.96265e-22 4.86051e-19 2.31831e-16 7.20394e-14 1.25007e-11 1.10495e-09 4.79921e-08 1.03692e-06 1.17142e-05 7.4195e-05 0.00027985 0.000644599 0.000920085 0.000870588 0.000613724 0.000356165 0.000177967 7.54984e-05 2.47795e-05 4.50192e-06 0 
0 0.000186044 5.31514e-05 1.64892e-06 8.38705e-09 9.67066e-12 3.73517e-15 7.80942e-19 8.74523e-22 1.06241e-23 4.77138e-25 4.37602e-26 8.88224e-27 5.56321e-27 5.08427e-27 4.41488e-27 4.0845e-27 8.42492e-27 6.66811e-26 1.44429e-24 1.07902e-22 4.39481e-20 3.06137e-17 1.37731e-14 3.33919e-12 3.95598e-10 2.20306e-08 5.83813e-07 7.75795e-06 5.57681e-05 0.000232725 0.000583869 0.000893625 0.000886539 0.000641028 0.000376186 0.000188773 8.02009e-05 2.63355e-05 4.78533e-06 0 
0 0.00017869 4.65285e-05 1.25166e-06 5.24586e-09 4.76545e-12 1.40204e-15 2.28755e-19 4.48083e-22 8.03392e-24 4.40993e-25 4.19505e-26 5.56324e-27 1.34306e-27 7.81783e-28 6.51378e-28 8.85335e-28 3.92248e-27 3.79653e-26 7.07723e-25 3.91837e-23 1.15167e-20 9.65069e-18 5.3561e-15 1.57002e-12 2.19666e-10 1.40892e-08 4.19332e-07 6.11109e-06 4.71955e-05 0.000208459 0.000548675 0.000874024 0.000891762 0.000654869 0.000386993 0.000194721 8.28062e-05 2.71995e-05 4.94279e-06 0 
0 0.000176818 4.51585e-05 1.17962e-06 4.75103e-09 4.1095e-12 1.1432e-15 1.78343e-19 3.86068e-22 7.42857e-24 4.24189e-25 4.09485e-26 5.08429e-27 7.81786e-28 2.07644e-28 1.61752e-28 4.85399e-28 3.29199e-27 3.33477e-26 6.05722e-25 3.17072e-23 8.67528e-21 7.51666e-18 4.3586e-15 1.32949e-12 1.92636e-10 1.27289e-08 3.88235e-07 5.76884e-06 4.52281e-05 0.0002022 0.000537982 0.000865465 0.000889691 0.000656265 0.000388643 0.00019572 8.32576e-05 2.73507e-05 4.97045e-06 0 
0 0.000180219 4.84682e-05 1.37189e-06 6.16336e-09 6.09905e-12 1.97811e-15 3.49524e-19 5.36122e-22 8.12633e-24 4.08223e-25 3.68748e-26 4.4149e-27 6.5138e-28 1.61752e-28 1.48763e-28 5.36222e-28 3.76885e-27 4.04285e-26 8.23445e-25 5.20349e-23 1.78109e-20 1.40745e-17 7.25762e-15 1.99144e-12 2.63043e-10 1.6069e-08 4.59474e-07 6.48535e-06 4.88591e-05 0.000211791 0.000549823 0.000867947 0.000881343 0.000646004 0.000381552 0.000191966 8.16355e-05 2.68154e-05 4.87304e-06 0 
0 0.000188489 5.69511e-05 1.92958e-06 1.10696e-08 1.48028e-11 6.7686e-15 1.67696e-18 1.27202e-21 1.1521e-23 4.34051e-25 3.38914e-26 4.08452e-27 8.85335e-28 4.85396e-28 5.3622e-28 1.2052e-27 6.64682e-27 7.73759e-26 2.0872e-24 1.9969e-22 9.50826e-20 5.83607e-17 2.31112e-14 4.99656e-12 5.35696e-10 2.74144e-08 6.77688e-07 8.5193e-06 5.86677e-05 0.000237087 0.000581503 0.000877879 0.000865447 0.000624562 0.000366428 0.0001839 7.81405e-05 2.56607e-05 4.66286e-06 0 
0 0.000200954 7.20965e-05 3.18101e-06 2.6119e-08 5.43239e-11 4.11108e-14 1.73697e-17 8.43158e-21 3.6203e-23 7.95182e-25 5.03895e-26 8.42491e-27 3.92246e-27 3.29197e-27 3.76883e-27 6.6468e-27 2.67211e-26 3.31117e-25 1.40211e-23 2.50143e-21 1.15787e-18 4.72448e-16 1.26866e-13 1.9308e-11 1.52213e-09 5.99996e-08 1.19682e-06 1.26856e-05 7.65166e-05 0.00027868 0.000628174 0.000888131 0.000839021 0.000592278 0.000344234 0.000172162 7.3068e-05 2.39863e-05 4.35812e-06 0 
0 0.0002165 9.63683e-05 5.91212e-06 7.58774e-08 2.73608e-10 3.87904e-13 3.20727e-16 2.41243e-19 4.26516e-22 4.80286e-24 2.78469e-25 6.66809e-26 3.79651e-26 3.33476e-26 4.04283e-26 7.73757e-26 3.31116e-25 5.24821e-24 3.79306e-22 8.96337e-20 2.63099e-17 6.38802e-15 1.05524e-12 1.03464e-10 5.5467e-09 1.57555e-07 2.4008e-06 2.05437e-05 0.000104911 0.000335181 0.000679929 0.000887934 0.000798249 0.000549664 0.000316176 0.000157536 6.67778e-05 2.1913e-05 3.98099e-06 0 
0 0.000233373 0.000132991 1.18718e-05 2.52803e-07 1.70114e-09 4.91503e-12 8.70267e-15 1.39473e-17 3.08106e-20 1.92752e-22 7.7289e-24 1.44429e-24 7.07721e-25 6.05721e-25 8.23443e-25 2.08719e-24 1.40211e-23 3.79306e-22 3.68727e-20 5.64178e-18 9.04488e-16 1.21535e-13 1.15303e-11 6.83324e-10 2.35189e-08 4.57924e-07 5.11454e-06 3.42067e-05 0.000144319 0.000397339 0.000717796 0.000863299 0.000739523 0.000497681 0.000283672 0.000140891 5.9662e-05 1.95722e-05 3.55544e-06 0 
0 0.000249087 0.000185174 2.46831e-05 8.99916e-07 1.17441e-08 7.22869e-11 2.87455e-13 1.04123e-15 4.87204e-18 4.14413e-20 9.96265e-22 1.07902e-22 3.91837e-23 3.17072e-23 5.20349e-23 1.9969e-22 2.50143e-21 8.96337e-20 5.64178e-18 4.58122e-16 3.83463e-14 2.73541e-12 1.4287e-10 4.90226e-09 1.03753e-07 1.32931e-06 1.05153e-05 5.3662e-05 0.000184716 0.000437674 0.0007105 0.000798606 0.000660415 0.000437868 0.000248272 0.000123114 5.2113e-05 1.70943e-05 3.10527e-06 0 
0 0.000260564 0.000254407 5.10741e-05 3.20616e-06 8.16232e-08 1.07811e-09 9.70819e-12 8.01536e-14 8.197e-16 1.37759e-17 4.86051e-19 4.39481e-20 1.15167e-20 8.67527e-21 1.78109e-20 9.50826e-20 1.15787e-18 2.63099e-17 9.04488e-16 3.83463e-14 1.65689e-12 6.17602e-11 1.73436e-09 3.32528e-08 4.12054e-07 3.28362e-06 1.75365e-05 6.68211e-05 0.000189888 0.000402537 0.000617996 0.000680121 0.000560383 0.000372271 0.000211558 0.000105052 4.4496e-05 1.45996e-05 2.65237e-06 0 
0 0.000264611 0.000337796 0.00010159 1.08116e-05 5.25191e-07 1.45197e-08 2.88497e-10 5.29141e-12 1.1544e-13 3.80128e-15 2.31831e-16 3.06137e-17 9.65069e-18 7.51666e-18 1.40745e-17 5.83607e-17 4.72448e-16 6.38802e-15 1.21535e-13 2.73541e-12 6.17602e-11 1.20434e-09 1.77988e-08 1.7955e-07 1.16701e-06 5.00721e-06 1.59738e-05 4.40307e-05 0.000112069 0.000247032 0.000417751 0.000503829 0.000441652 0.000303363 0.000175044 8.74556e-05 3.7127e-05 1.21914e-05 2.21542e-06 0 
0 0.000258705 0.000425458 0.000188627 3.30211e-05 2.92987e-06 1.61172e-07 6.69885e-09 2.58831e-10 1.14585e-11 7.07235e-13 7.20394e-14 1.37731e-14 5.3561e-15 4.3586e-15 7.25762e-15 2.31112e-14 1.26866e-13 1.05524e-12 1.15303e-11 1.4287e-10 1.73436e-09 1.77988e-08 1.32092e-07 6.03708e-07 1.52706e-06 2.32381e-06 3.07782e-06 5.67548e-06 1.70285e-05 6.13684e-05 0.000171251 0.000293153 0.00031184 0.000234271 0.00014016 7.09596e-05 3.026e-05 9.95088e-06 1.8091e-06 0 
0 0.000241861 0.000500227 0.000318906 8.84346e-05 1.35375e-05 1.38337e-06 1.11766e-07 8.45572e-09 7.09105e-10 7.72036e-11 1.25007e-11 3.33919e-12 1.57002e-12 1.32949e-12 1.99144e-12 4.99656e-12 1.9308e-11 1.03464e-10 6.83324e-10 4.90226e-09 3.32528e-08 1.7955e-07 6.03708e-07 9.00007e-07 4.41359e-07 8.44985e-08 1.79745e-08 1.77142e-08 1.26173e-07 2.30418e-06 2.73431e-05 0.000114413 0.000188266 0.000169423 0.000108305 5.607e-05 2.40807e-05 7.93604e-06 1.44373e-06 0 
0 0.000215183 0.000542175 0.000480427 0.000202801 5.04039e-05 8.85113e-06 1.27625e-06 1.73526e-07 2.5429e-08 4.54836e-09 1.10495e-09 3.95598e-10 2.19666e-10 1.92636e-10 2.63043e-10 5.35696e-10 1.52213e-09 5.5467e-09 2.35189e-08 1.03753e-07 4.12054e-07 1.16701e-06 1.52706e-06 4.41359e-07 1.2766e-08 4.68911e-11 2.60662e-13 8.2338e-14 5.42481e-12 3.94458e-09 1.0493e-06 2.61213e-05 9.46829e-05 0.000114517 8.08273e-05 4.31566e-05 1.8706e-05 6.18119e-06 1.12534e-06 0 
0 0.000181735 0.000537529 0.00063327 0.000390374 0.000148988 4.16505e-05 9.81e-06 2.18875e-06 5.14236e-07 1.4005e-07 4.79921e-08 2.20306e-08 1.40892e-08 1.27289e-08 1.6069e-08 2.74144e-08 5.99996e-08 1.57555e-07 4.57924e-07 1.32931e-06 3.28362e-06 5.00721e-06 2.32381e-06 8.44985e-08 4.68911e-11 5.20636e-16 2.27667e-15 2.4856e-15 4.21299e-16 3.89627e-13 1.18292e-08 3.97244e-06 4.22915e-05 7.41744e-05 5.87261e-05 3.24193e-05 1.41842e-05 4.69912e-06 8.56118e-07 0 
0 0.000145675 0.000486591 0.000721885 0.000618883 0.000345575 0.000144154 5.11468e-05 1.71555e-05 5.93529e-06 2.2817e-06 1.03692e-06 5.83813e-07 4.19332e-07 3.88235e-07 4.59474e-07 6.77688e-07 1.19682e-06 2.4008e-06 5.11454e-06 1.05153e-05 1.75365e-05 1.59738e-05 3.07782e-06 1.79745e-08 2.60662e-13 2.27667e-15 2.56195e-16 2.09208e-16 3.89066e-17 1.36544e-16 2.07648e-10 7.50612e-07 2.04853e-05 4.87668e-05 4.21705e-05 2.38451e-05 1.04992e-05 3.48413e-06 6.35039e-07 0 
0 0.000111022 0.000403909 0.000711197 0.000797088 0.000619597 0.000366675 0.00018395 8.6149e-05 4.06841e-05 2.05907e-05 1.17142e-05 7.75795e-06 6.11109e-06 5.76884e-06 6.48535e-06 8.5193e-06 1.26856e-05 2.05437e-05 3.42067e-05 5.3662e-05 6.68211e-05 4.40307e-05 5.67548e-06 1.77142e-08 8.2338e-14 2.48561e-15 2.09208e-16 5.61678e-17 1.1067e-16 4.06333e-15 6.10702e-11 4.00501e-07 1.36379e-05 3.45867e-05 3.03525e-05 1.72129e-05 7.58268e-06 2.51643e-06 4.5866e-07 0 
0 8.06745e-05 0.00031016 0.000612955 0.000835854 0.00084865 0.000678583 0.000459555 0.000285093 0.000173515 0.000109321 7.4195e-05 5.57681e-05 4.71955e-05 4.52281e-05 4.88591e-05 5.86677e-05 7.65166e-05 0.000104911 0.000144319 0.000184716 0.000189888 0.000112069 1.70285e-05 1.26173e-07 5.42481e-12 4.21299e-16 3.89066e-17 1.1067e-16 7.65965e-17 1.70647e-15 6.26789e-10 7.6782e-07 1.33046e-05 2.68244e-05 2.19301e-05 1.21805e-05 5.334e-06 1.76721e-06 3.21952e-07 0 
0 5.60414e-05 0.000222633 0.000471986 0.00073074 0.000897219 0.000908895 0.00079237 0.000626088 0.000472827 0.000357315 0.00027985 0.000232725 0.000208459 0.0002022 0.000211791 0.000237087 0.00027868 0.000335181 0.000397339 0.000437674 0.000402537 0.000247032 6.13684e-05 2.30418e-06 3.94458e-09 3.89627e-13 1.36544e-16 4.06333e-15 1.70647e-15 1.65244e-11 3.68815e-08 2.85819e-06 1.58856e-05 2.1652e-05 1.56779e-05 8.40346e-06 3.64288e-06 1.2035e-06 2.1908e-07 0 
0 3.72641e-05 0.000150709 0.000332095 0.000552849 0.000762673 0.000906007 0.000952514 0.000913334 0.000826168 0.000728712 0.000644599 0.000583869 0.000548675 0.000537982 0.000549823 0.000581503 0.000628174 0.000679929 0.000717796 0.0007105 0.000617996 0.000417751 0.000171251 2.73431e-05 1.0493e-06 1.18292e-08 2.07648e-10 6.10702e-11 6.26789e-10 3.68815e-08 1.23766e-06 9.00015e-06 1.79801e-05 1.6911e-05 1.08536e-05 5.60727e-06 2.40451e-06 7.91894e-07 1.44025e-07 0 
0 2.36945e-05 9.66971e-05 0.000217248 0.000375286 0.000550782 0.000716185 0.000844998 0.000922548 0.000950825 0.000944072 0.000920085 0.000893625 0.000874024 0.000865465 0.000867947 0.000877879 0.000888131 0.000887934 0.000863299 0.000798606 0.000680121 0.000503829 0.000293153 0.000114413 2.61213e-05 3.97244e-06 7.50612e-07 4.00501e-07 7.6782e-07 2.85819e-06 9.00015e-06 1.60189e-05 1.66808e-05 1.21698e-05 7.14916e-06 3.58889e-06 1.52534e-06 5.01003e-07 9.10475e-08 0 
0 1.43488e-05 5.88058e-05 0.000133306 0.000234244 0.000353931 0.00048094 0.000602067 0.000705667 0.000784836 0.00083859 0.000870588 0.000886539 0.000891762 0.000889691 0.000881343 0.000865447 0.000839021 0.000798249 0.000739523 0.000660415 0.000560383 0.000441652 0.00031184 0.000188266 9.46829e-05 4.22915e-05 2.04853e-05 1.36379e-05 1.33046e-05 1.58856e-05 1.79801e-05 1.66808e-05 1.25263e-05 7.95534e-06 4.43484e-06 2.18598e-06 9.23481e-07 3.02739e-07 5.49842e-08 0 
0 8.20868e-06 3.37042e-05 7.66976e-05 0.000135753 0.000207666 0.000287597 0.000369594 0.000447532 0.000516201 0.000572114 0.000613724 0.000641028 0.000654869 0.000656265 0.000646004 0.000624562 0.000592278 0.000549664 0.000497681 0.000437868 0.000372271 0.000303363 0.000234271 0.000169423 0.000114517 7.41744e-05 4.87668e-05 3.45867e-05 2.68244e-05 2.1652e-05 1.6911e-05 1.21698e-05 7.95534e-06 4.73796e-06 2.57241e-06 1.25541e-06 5.28493e-07 1.73047e-07 3.1417e-08 0 
0 4.37389e-06 1.79727e-05 4.09624e-05 7.2711e-05 0.000111769 0.000155945 0.000202497 0.00024843 0.000290865 0.000327369 0.000356165 0.000376186 0.000386993 0.000388643 0.000381552 0.000366428 0.000344234 0.000316176 0.000283672 0.000248272 0.000211558 0.000175044 0.00014016 0.000108305 8.08273e-05 5.87261e-05 4.21705e-05 3.03525e-05 2.19301e-05 1.56779e-05 1.08536e-05 7.14916e-06 4.43484e-06 2.57241e-06 1.38029e-06 6.70396e-07 2.81706e-07 9.21799e-08 1.67317e-08 0 
0 2.11758e-06 8.70398e-06 1.98494e-05 3.5272e-05 5.43159e-05 7.59902e-05 9.90473e-05 0.000122097 0.000143742 0.000162711 0.000177967 0.000188773 0.000194721 0.00019572 0.000191966 0.0001839 0.000172162 0.000157536 0.000140891 0.000123114 0.000105052 8.74556e-05 7.09596e-05 5.607e-05 4.31566e-05 3.24193e-05 2.38451e-05 1.72129e-05 1.21805e-05 8.40346e-06 5.60727e-06 3.58889e-06 2.18598e-06 1.25541e-06 6.70396e-07 3.24923e-07 1.36419e-07 4.46246e-08 8.0989e-09 0 
0 8.88616e-07 3.65294e-06 8.33237e-06 1.48121e-05 2.28238e-05 3.19614e-05 4.17131e-05 5.15043e-05 6.0749e-05 6.89007e-05 7.54984e-05 8.02009e-05 8.28062e-05 8.32576e-05 8.16355e-05 7.81405e-05 7.3068e-05 6.67778e-05 5.9662e-05 5.2113e-05 4.4496e-05 3.7127e-05 3.026e-05 2.40807e-05 1.8706e-05 1.41842e-05 1.04992e-05 7.58268e-06 5.334e-06 3.64288e-06 2.40451e-06 1.52534e-06 9.23481e-07 5.28493e-07 2.81706e-07 1.36419e-07 5.72543e-08 1.87259e-08 3.39836e-09 0 
0 2.90616e-07 1.19472e-06 2.72538e-06 4.84544e-06 7.46784e-06 1.04609e-05 1.36584e-05 1.68734e-05 1.99142e-05 2.26007e-05 2.47795e-05 2.63355e-05 2.71995e-05 2.73507e-05 2.68154e-05 2.56607e-05 2.39863e-05 2.1913e-05 1.95722e-05 1.70943e-05 1.45996e-05 1.21914e-05 9.95088e-06 7.93604e-06 6.18119e-06 4.69912e-06 3.48413e-06 2.51643e-06 1.76721e-06 1.2035e-06 7.91894e-07 5.01003e-07 3.02739e-07 1.73047e-07 9.21799e-08 4.46246e-08 1.87259e-08 6.1242e-09 1.11139e-09 0 
0 5.27393e-08 2.16815e-07 4.94606e-07 8.79398e-07 1.35543e-06 1.89887e-06 2.47962e-06 3.0638e-06 3.61661e-06 4.10532e-06 4.50192e-06 4.78533e-06 4.94279e-06 4.97045e-06 4.87304e-06 4.66286e-06 4.35812e-06 3.98099e-06 3.55544e-06 3.10527e-06 2.65237e-06 2.21542e-06 1.8091e-06 1.44373e-06 1.12534e-06 8.56118e-07 6.35039e-07 4.5866e-07 3.21952e-07 2.1908e-07 1.44025e-07 9.10475e-08 5.49842e-08 3.1417e-08 1.67317e-08 8.0989e-09 3.39836e-09 1.11139e-09 2.01686e-10 0 
0 0 0 0 0 0 0 0 0 0 0 0 0 0 0 0 0 0 0 0 0 0 0 0 0 0 0 0 0 0 0 0 0 0 0 0 0 0 0 0 0 
