0 0 0 0 0 0 0 0 0 0 0 0 0 0 0 0 0 0 0 0 0 0 0 0 0 0 0 0 0 0 0 0 0 0 0 0 0 0 0 0 0 
0 1.32799e-05 5.21579e-05 0.000109475 0.000170493 0.000218522 0.000243692 0.000246505 0.000234125 0.000214848 0.000194939 0.000178049 0.000165857 0.000158896 0.000157162 0.000160435 0.000168367 0.000180404 0.000195605 0.00021244 0.000228663 0.000241398 0.00024754 0.00024447 0.000230901 0.000207492 0.000176872 0.000142927 0.000109642 8.00589e-05 5.57971e-05 3.71776e-05 2.36671e-05 1.43411e-05 8.20671e-06 4.37345e-06 2.11749e-06 8.88601e-07 2.90615e-07 5.27392e-08 0 
0 5.21579e-05 0.000191992 0.000355375 0.000451357 0.000437457 0.000349611 0.00024723 0.000164433 0.000108172 7.33261e-05 5.29096e-05 4.1626e-05 3.62495e-05 3.51513e-05 3.78515e-05 4.47904e-05 5.72852e-05 7.75574e-05 0.000108623 0.000153721 0.00021491 0.0002907 0.000373431 0.000448281 0.000496387 0.000502598 0.000463834 0.000391309 0.000304209 0.000220213 0.000149852 9.64294e-05 5.87316e-05 3.3686e-05 1.79687e-05 8.70322e-06 3.65282e-06 1.19471e-06 2.16814e-07 0 
0 0.000109475 0.000355375 0.00051626 0.000451495 0.000272711 0.000128764 5.28301e-05 2.05518e-05 8.17515e-06 3.55415e-06 1.78623e-06 1.08307e-06 8.1393e-07 7.65747e-07 8.9613e-07 1.27743e-06 2.14713e-06 4.08722e-06 8.43128e-06 1.80359e-05 3.84117e-05 7.86192e-05 0.000150189 0.000261434 0.000406243 0.000553537 0.000652738 0.00066365 0.000586979 0.000460495 0.000327867 0.000215919 0.000132942 7.66099e-05 4.09438e-05 1.9846e-05 8.33184e-06 2.72532e-06 4.94602e-07 0 
0 0.000170493 0.000451357 0.000451495 0.000233817 7.60697e-05 1.82398e-05 3.67249e-06 6.99463e-07 1.41283e-07 3.36472e-08 1.03462e-08 4.40242e-09 2.70751e-09 2.44478e-09 3.20461e-09 5.88602e-09 1.43468e-08 4.33859e-08 1.51234e-07 5.64614e-07 2.1097e-06 7.44665e-06 2.37317e-05 6.61098e-05 0.000157458 0.000315224 0.00052163 0.000702997 0.000769281 0.000695846 0.000538739 0.000370667 0.00023297 0.000135449 7.26478e-05 3.52606e-05 1.48104e-05 4.84525e-06 8.79386e-07 0 
0 0.000218522 0.000437457 0.000272711 7.60697e-05 1.19677e-05 1.26993e-06 1.07044e-07 8.46508e-09 7.41703e-10 8.41374e-11 1.41241e-11 3.88541e-12 1.86686e-12 1.60263e-12 2.41558e-12 6.06232e-12 2.33547e-11 1.24916e-10 8.31168e-10 6.16478e-09 4.60451e-08 3.17471e-07 1.88758e-06 9.2313e-06 3.61329e-05 0.0001118 0.000271587 0.000512468 0.000741442 0.000824493 0.000728102 0.000538471 0.00035042 0.000206826 0.000111596 5.42854e-05 2.28193e-05 7.46734e-06 1.3554e-06 0 
0 0.000243692 0.000349611 0.000128764 1.82398e-05 1.26993e-06 5.32558e-08 1.65977e-09 4.80902e-11 1.62416e-12 7.9052e-14 6.65305e-15 1.11258e-15 4.03281e-16 3.26769e-16 5.77641e-16 2.07007e-15 1.34433e-14 1.37787e-13 1.91672e-12 3.11199e-11 5.12748e-10 7.60198e-09 9.22404e-08 8.57085e-07 5.87144e-06 2.92785e-05 0.000106708 0.000286042 0.000561458 0.000800098 0.000841412 0.000690002 0.000473001 0.000285656 0.000155547 7.59205e-05 3.19513e-05 1.04598e-05 1.89881e-06 0 
0 0.000246505 0.00024723 5.28301e-05 3.67249e-06 1.07044e-07 1.65977e-09 1.78211e-11 1.76331e-13 2.14809e-15 4.22884e-17 1.71296e-18 1.83602e-19 6.05366e-20 4.91237e-20 8.65495e-20 3.88664e-19 4.26244e-18 8.74582e-17 2.67742e-15 1.00477e-13 3.85942e-12 1.29894e-10 3.38672e-09 6.26922e-08 7.8303e-07 6.48604e-06 3.59797e-05 0.000136811 0.000362497 0.000667914 0.000857001 0.000799285 0.000586941 0.000365761 0.000201702 9.89091e-05 4.16933e-05 1.36563e-05 2.47949e-06 0 
0 0.000234125 0.000164433 2.05518e-05 6.99463e-07 8.46508e-09 4.80902e-11 1.76331e-13 5.90798e-16 2.57855e-18 2.38643e-20 1.70747e-21 5.32961e-22 3.04024e-22 2.6903e-22 3.466e-22 7.07739e-22 2.77553e-21 5.30781e-20 3.39083e-18 2.95889e-16 2.66685e-14 2.05092e-12 1.15686e-10 4.29692e-09 9.8573e-08 1.36462e-06 1.15341e-05 6.16543e-05 0.000216507 0.00050808 0.000796145 0.00085508 0.000680848 0.000440928 0.000247038 0.000121855 5.14699e-05 1.68697e-05 3.06358e-06 0 
0 0.000214848 0.000108172 8.17515e-06 1.41283e-07 7.41703e-10 1.62416e-12 2.14809e-15 2.57855e-18 5.34824e-21 1.12271e-22 2.23168e-23 1.45067e-23 1.17195e-23 1.09533e-23 1.16581e-23 1.41027e-23 2.42481e-23 1.55145e-22 6.50903e-21 1.14105e-18 2.30845e-16 3.88883e-14 4.56315e-12 3.28463e-10 1.34384e-08 3.03562e-07 3.83171e-06 2.82094e-05 0.000128005 0.000372322 0.00070024 0.000863822 0.000748997 0.00050611 0.000288691 0.000143362 6.06952e-05 1.99085e-05 3.61628e-06 0 
0 0.000194939 7.33261e-05 3.55415e-06 3.36472e-08 8.41374e-11 7.9052e-14 4.22884e-17 2.38643e-20 1.12271e-22 4.53942e-24 1.28256e-24 1.10672e-24 1.07639e-24 1.04061e-24 9.92334e-25 9.17539e-25 1.0291e-24 3.12309e-24 5.969e-23 8.58179e-21 3.35265e-18 1.1326e-15 2.54592e-13 3.29751e-11 2.2561e-09 7.88092e-08 1.42228e-06 1.39123e-05 7.89097e-05 0.000275156 0.000603898 0.000842647 0.000792042 0.000558237 0.000324305 0.000162172 6.88244e-05 2.25926e-05 4.10486e-06 0 
0 0.000178049 5.29096e-05 1.78623e-06 1.03462e-08 1.41241e-11 6.65305e-15 1.71296e-18 1.70747e-21 2.23168e-23 1.28256e-24 2.27759e-25 1.47675e-25 1.4758e-25 1.44269e-25 1.29387e-25 1.05343e-25 1.02378e-25 2.87682e-25 3.93727e-24 2.62899e-22 1.06105e-19 6.25896e-17 2.39159e-14 5.00315e-12 5.20935e-10 2.5989e-08 6.28546e-07 7.75804e-06 5.27207e-05 0.000212195 0.000525499 0.000809811 0.000815093 0.00059631 0.00035223 0.000177269 7.53996e-05 2.47691e-05 4.50133e-06 0 
0 0.000165857 4.1626e-05 1.08307e-06 4.40242e-09 3.88541e-12 1.11258e-15 1.83602e-19 5.32961e-22 1.45068e-23 1.10672e-24 1.47676e-25 3.9712e-26 2.65798e-26 2.40496e-26 2.06147e-26 1.64717e-26 2.05285e-26 9.09381e-26 1.12579e-24 4.30226e-23 9.39496e-21 7.71188e-18 4.31998e-15 1.27697e-12 1.79999e-10 1.16149e-08 3.47097e-07 5.06864e-06 3.92286e-05 0.000174781 0.000470999 0.000778964 0.000824737 0.000620848 0.000371539 0.000187942 8.00831e-05 2.63231e-05 4.78463e-06 0 
0 0.000158896 3.62495e-05 8.1393e-07 2.70751e-09 1.86686e-12 4.03281e-16 6.05366e-20 3.04024e-22 1.17195e-23 1.0764e-24 1.47581e-25 2.65799e-26 8.06615e-27 4.86054e-27 3.82457e-27 3.74673e-27 9.42539e-27 5.93509e-26 6.69382e-25 1.86852e-23 2.63635e-21 2.34364e-18 1.63008e-15 5.86182e-13 9.81128e-11 7.32616e-09 2.46879e-07 3.96642e-06 3.30449e-05 0.000155879 0.000440341 0.000757991 0.000826618 0.000633069 0.000381912 0.000193808 8.26766e-05 2.71858e-05 4.94202e-06 0 
0 0.000157162 3.51513e-05 7.65747e-07 2.44478e-09 1.60263e-12 3.26769e-16 4.91237e-20 2.6903e-22 1.09534e-23 1.04062e-24 1.44269e-25 2.40497e-26 4.86055e-27 1.54193e-27 9.99148e-28 1.70215e-27 7.6085e-27 5.3292e-26 5.91041e-25 1.56207e-23 2.04031e-21 1.81869e-18 1.32286e-15 4.95476e-13 8.59512e-11 6.61645e-09 2.28618e-07 3.74665e-06 3.16928e-05 0.000151278 0.0004317 0.00075008 0.000824162 0.000634167 0.000383469 0.000194789 8.31251e-05 2.73368e-05 4.96966e-06 0 
0 0.000160435 3.78515e-05 8.9613e-07 3.20461e-09 2.41558e-12 5.77641e-16 8.65495e-20 3.466e-22 1.16581e-23 9.92337e-25 1.29387e-25 2.06148e-26 3.82458e-27 9.99148e-28 6.60429e-28 1.5868e-27 8.05377e-27 5.95444e-26 7.30159e-25 2.33539e-23 3.96241e-21 3.50108e-18 2.25547e-15 7.5686e-13 1.19255e-10 8.46004e-09 2.733e-07 4.245e-06 3.44491e-05 0.000159283 0.00044324 0.00075495 0.000818225 0.000624904 0.000376628 0.00019108 8.15094e-05 2.68021e-05 4.87229e-06 0 
0 0.000168367 4.47904e-05 1.27743e-06 5.88602e-09 6.06232e-12 2.07007e-15 3.88664e-19 7.0774e-22 1.41027e-23 9.17541e-25 1.05343e-25 1.64717e-26 3.74673e-27 1.70214e-27 1.5868e-27 2.92074e-27 1.18103e-26 8.9805e-26 1.37408e-24 6.88341e-23 2.05746e-20 1.53654e-17 7.53258e-15 1.97477e-12 2.50659e-10 1.4798e-08 4.10949e-07 5.65888e-06 4.18428e-05 0.000180089 0.000473135 0.000769397 0.000807296 0.00060556 0.000362037 0.000183112 7.80283e-05 2.56489e-05 4.66219e-06 0 
0 0.000180404 5.72852e-05 2.14713e-06 1.43468e-08 2.33547e-11 1.34433e-14 4.26244e-18 2.77553e-21 2.42482e-23 1.0291e-24 1.02378e-25 2.05285e-26 9.42537e-27 7.60848e-27 8.05374e-27 1.18103e-26 3.41826e-26 2.5753e-25 5.87037e-24 5.7804e-22 2.67559e-19 1.34927e-16 4.42577e-14 8.0699e-12 7.45134e-10 3.35661e-08 7.46143e-07 8.60725e-06 5.55022e-05 0.000214864 0.000518248 0.000787092 0.00078801 0.000576145 0.000340557 0.000171504 7.29743e-05 2.39764e-05 4.35756e-06 0 
0 0.000195605 7.75574e-05 4.08722e-06 4.33859e-08 1.24916e-10 1.37787e-13 8.74582e-17 5.30781e-20 1.55145e-22 3.12309e-24 2.87682e-25 9.09379e-26 5.93508e-26 5.32919e-26 5.95442e-26 8.98048e-26 2.5753e-25 2.27862e-24 9.47773e-23 1.92834e-20 6.81979e-18 2.0167e-15 4.00405e-13 4.63519e-11 2.87275e-09 9.21959e-08 1.55049e-06 1.43293e-05 7.78405e-05 0.00026373 0.000571356 0.000798024 0.000755923 0.000536757 0.000313277 0.000157019 6.67039e-05 2.19052e-05 3.98054e-06 0 
0 0.00021244 0.000108623 8.43128e-06 1.51234e-07 8.31168e-10 1.91672e-12 2.67742e-15 3.39083e-18 6.50903e-21 5.969e-23 3.93726e-24 1.12579e-24 6.69381e-25 5.9104e-25 7.30158e-25 1.37408e-24 5.87037e-24 9.47773e-23 7.7731e-21 1.38956e-18 2.67703e-16 4.29732e-14 4.81354e-12 3.31407e-10 1.29987e-08 2.82406e-07 3.44489e-06 2.46846e-05 0.000110219 0.000320867 0.000616787 0.000788267 0.000706508 0.000487936 0.000281507 0.000140505 5.96066e-05 1.95663e-05 3.5551e-06 0 
0 0.000228663 0.000153721 1.80359e-05 5.64614e-07 6.16478e-09 3.11199e-11 1.00477e-13 2.95889e-16 1.14105e-18 8.58179e-21 2.62899e-22 4.30225e-23 1.86852e-23 1.56207e-23 2.33538e-23 6.88341e-23 5.78039e-22 1.92834e-20 1.38956e-18 1.32599e-16 1.30635e-14 1.0913e-12 6.60668e-11 2.58993e-09 6.15469e-08 8.68725e-07 7.42746e-06 4.03008e-05 0.000146084 0.00036449 0.000625695 0.000740975 0.000636239 0.000430863 0.00024672 0.000122837 5.20729e-05 1.709e-05 3.10502e-06 0 
0 0.000241398 0.00021491 3.84117e-05 2.1097e-06 4.60451e-08 5.12748e-10 3.85942e-12 2.66685e-14 2.30845e-16 3.35265e-18 1.06105e-19 9.39496e-21 2.63635e-21 2.04031e-21 3.96241e-21 2.05746e-20 2.67559e-19 6.81979e-18 2.67703e-16 1.30635e-14 6.50769e-13 2.78541e-11 8.90214e-10 1.91762e-08 2.62813e-07 2.27723e-06 1.30095e-05 5.23336e-05 0.000155847 0.000345963 0.000557019 0.000639892 0.000543574 0.000367367 0.00021046 0.000104853 4.44671e-05 1.45965e-05 2.65218e-06 0 
0 0.00024754 0.0002907 7.86192e-05 7.44665e-06 3.17471e-07 7.60198e-09 1.29894e-10 2.05092e-12 3.88883e-14 1.1326e-15 6.25896e-17 7.71188e-18 2.34364e-18 1.81869e-18 3.50108e-18 1.53654e-17 1.34927e-16 2.0167e-15 4.29732e-14 1.0913e-12 2.78541e-11 6.12052e-10 1.01112e-08 1.12618e-07 7.95723e-07 3.65197e-06 1.22982e-05 3.55033e-05 9.43475e-05 0.000216992 0.000382471 0.00047827 0.000430191 0.000299872 0.000174244 8.73093e-05 3.71056e-05 1.2189e-05 2.21528e-06 0 
0 0.00024447 0.000373431 0.000150189 2.37317e-05 1.88758e-06 9.22404e-08 3.38672e-09 1.15686e-10 4.56315e-12 2.54592e-13 2.39159e-14 4.31998e-15 1.63008e-15 1.32286e-15 2.25547e-15 7.53258e-15 4.42577e-14 4.00405e-13 4.81354e-12 6.60668e-11 8.90214e-10 1.01112e-08 8.23417e-08 4.06777e-07 1.08965e-06 1.72143e-06 2.34464e-06 4.4728e-06 1.40648e-05 5.34387e-05 0.000156504 0.00027833 0.000303841 0.000231618 0.000139533 7.0844e-05 3.0243e-05 9.94904e-06 1.80899e-06 0 
0 0.000230901 0.000448281 0.000261434 6.61098e-05 9.2313e-06 8.57085e-07 6.26922e-08 4.29692e-09 3.28463e-10 3.29751e-11 5.00315e-12 1.27697e-12 5.86182e-13 4.95476e-13 7.5686e-13 1.97477e-12 8.0699e-12 4.63519e-11 3.31407e-10 2.58993e-09 1.91762e-08 1.12618e-07 4.06777e-07 6.351e-07 3.14023e-07 5.85144e-08 1.20696e-08 1.20407e-08 9.22858e-08 1.8639e-06 2.41461e-05 0.000107185 0.000182569 0.000167246 0.000107771 5.59717e-05 2.40665e-05 7.93451e-06 1.44364e-06 0 
0 0.000207492 0.000496387 0.000406243 0.000157458 3.61329e-05 5.87144e-06 7.8303e-07 9.8573e-08 1.34384e-08 2.2561e-09 5.20935e-10 1.79999e-10 9.81128e-11 8.59512e-11 1.19255e-10 2.50659e-10 7.45134e-10 2.87275e-09 1.29987e-08 6.15469e-08 2.62813e-07 7.95723e-07 1.08965e-06 3.14023e-07 8.38928e-09 2.65303e-11 1.24615e-13 3.72682e-14 2.97909e-12 2.67902e-09 8.53396e-07 2.37194e-05 9.08696e-05 0.000112687 8.0356e-05 4.30705e-05 1.86938e-05 6.17991e-06 1.12527e-06 0 
0 0.000176872 0.000502598 0.000553537 0.000315224 0.0001118 2.92785e-05 6.48604e-06 1.36462e-06 3.03562e-07 7.88092e-08 2.5989e-08 1.16149e-08 7.32616e-09 6.61645e-09 8.46004e-09 1.4798e-08 3.35661e-08 9.21959e-08 2.82406e-07 8.68725e-07 2.27723e-06 3.65197e-06 1.72143e-06 5.85144e-08 2.65303e-11 2.81583e-16 2.66138e-15 1.88181e-15 1.50516e-15 2.03011e-13 8.49616e-09 3.44676e-06 4.00209e-05 7.27e-05 5.83224e-05 3.2346e-05 1.4174e-05 4.69807e-06 8.5606e-07 0 
0 0.000142927 0.000463834 0.000652738 0.00052163 0.000271587 0.000106708 3.59797e-05 1.15341e-05 3.83171e-06 1.42228e-06 6.28546e-07 3.47097e-07 2.46879e-07 2.28618e-07 2.733e-07 4.10949e-07 7.46143e-07 1.55049e-06 3.44489e-06 7.42746e-06 1.30095e-05 1.22982e-05 2.34464e-06 1.20696e-08 1.24615e-13 2.66139e-15 4.01897e-16 2.34624e-16 1.19028e-16 7.97532e-16 1.32844e-10 6.25498e-07 1.91606e-05 4.76558e-05 4.18516e-05 2.37875e-05 1.04913e-05 3.48333e-06 6.34996e-07 0 
0 0.000109642 0.000391309 0.00066365 0.000702997 0.000512468 0.000286042 0.000136811 6.16543e-05 2.82094e-05 1.39123e-05 7.75804e-06 5.06864e-06 3.96642e-06 3.74665e-06 4.245e-06 5.65888e-06 8.60725e-06 1.43293e-05 2.46846e-05 4.03008e-05 5.23336e-05 3.55033e-05 4.4728e-06 1.20407e-08 3.72682e-14 1.88181e-15 2.34624e-16 1.4052e-16 6.14758e-16 1.83158e-14 3.79661e-11 3.3089e-07 1.27342e-05 3.37972e-05 3.0127e-05 1.71727e-05 7.57724e-06 2.51588e-06 4.5863e-07 0 
0 8.00589e-05 0.000304209 0.000586979 0.000769281 0.000741442 0.000561458 0.000362497 0.000216507 0.000128005 7.89097e-05 5.27207e-05 3.92286e-05 3.30449e-05 3.16928e-05 3.44491e-05 4.18428e-05 5.55022e-05 7.78405e-05 0.000110219 0.000146084 0.000155847 9.43475e-05 1.40648e-05 9.22858e-08 2.97909e-12 1.50516e-15 1.19028e-16 6.14758e-16 1.13213e-16 7.57017e-16 4.24876e-10 6.54657e-07 1.25543e-05 2.63013e-05 2.17904e-05 1.2156e-05 5.3307e-06 1.76688e-06 3.21934e-07 0 
0 5.57971e-05 0.000220213 0.000460495 0.000695846 0.000824493 0.000800098 0.000667914 0.00050808 0.000372322 0.000275156 0.000212195 0.000174781 0.000155879 0.000151278 0.000159283 0.000180089 0.000214864 0.00026373 0.000320867 0.00036449 0.000345963 0.000216992 5.34387e-05 1.8639e-06 2.67902e-09 2.03011e-13 7.97532e-16 1.83158e-14 7.57017e-16 1.00725e-11 2.86744e-08 2.56709e-06 1.52523e-05 2.13456e-05 1.56037e-05 8.39064e-06 3.64113e-06 1.20332e-06 2.19071e-07 0 
0 3.71776e-05 0.000149852 0.000327867 0.000538739 0.000728102 0.000841412 0.000857001 0.000796145 0.00070024 0.000603898 0.000525499 0.000470999 0.000440341 0.0004317 0.00044324 0.000473135 0.000518248 0.000571356 0.000616787 0.000625695 0.000557019 0.000382471 0.000156504 2.41461e-05 8.53396e-07 8.49616e-09 1.32844e-10 3.79661e-11 4.24876e-10 2.86744e-08 1.08325e-06 8.47549e-06 1.7553e-05 1.6762e-05 1.08203e-05 5.60152e-06 2.40371e-06 7.91811e-07 1.44021e-07 0 
0 2.36671e-05 9.64294e-05 0.000215919 0.000370667 0.000538471 0.000690002 0.000799285 0.00085508 0.000863822 0.000842647 0.000809811 0.000778964 0.000757991 0.00075008 0.00075495 0.000769397 0.000787092 0.000798024 0.000788267 0.000740975 0.000639892 0.00047827 0.00027833 0.000107185 2.37194e-05 3.44676e-06 6.25498e-07 3.3089e-07 6.54657e-07 2.56709e-06 8.47549e-06 1.55634e-05 1.64768e-05 1.21114e-05 7.13658e-06 3.58669e-06 1.52502e-06 5.00969e-07 9.10455e-08 0 
0 1.43411e-05 5.87316e-05 0.000132942 0.00023297 0.00035042 0.000473001 0.000586941 0.000680848 0.000748997 0.000792042 0.000815093 0.000824737 0.000826618 0.000824162 0.000818225 0.000807296 0.00078801 0.000755923 0.000706508 0.000636239 0.000543574 0.000430191 0.000303841 0.000182569 9.08696e-05 4.00209e-05 1.91606e-05 1.27342e-05 1.25543e-05 1.52523e-05 1.7553e-05 1.64768e-05 1.24562e-05 7.93678e-06 4.43083e-06 2.18525e-06 9.23373e-07 3.02727e-07 5.49835e-08 0 
0 8.20671e-06 3.3686e-05 7.66099e-05 0.000135449 0.000206826 0.000285656 0.000365761 0.000440928 0.00050611 0.000558237 0.00059631 0.000620848 0.000633069 0.000634167 0.000624904 0.00060556 0.000576145 0.000536757 0.000487936 0.000430863 0.000367367 0.000299872 0.000231618 0.000167246 0.000112687 7.27e-05 4.76558e-05 3.37972e-05 2.63013e-05 2.13456e-05 1.6762e-05 1.21114e-05 7.93678e-06 4.73306e-06 2.57132e-06 1.2552e-06 5.2846e-07 1.73043e-07 3.14167e-08 0 
0 4.37345e-06 1.79687e-05 4.09438e-05 7.26478e-05 0.000111596 0.000155547 0.000201702 0.000247038 0.000288691 0.000324305 0.00035223 0.000371539 0.000381912 0.000383469 0.000376628 0.000362037 0.000340557 0.000313277 0.000281507 0.00024672 0.00021046 0.000174244 0.000139533 0.000107771 8.0356e-05 5.83224e-05 4.18516e-05 3.0127e-05 2.17904e-05 1.56037e-05 1.08203e-05 7.13658e-06 4.43083e-06 2.57132e-06 1.38004e-06 6.70345e-07 2.81697e-07 9.21789e-08 1.67316e-08 0 
0 2.11749e-06 8.70322e-06 1.9846e-05 3.52606e-05 5.42854e-05 7.59205e-05 9.89091e-05 0.000121855 0.000143362 0.000162172 0.000177269 0.000187942 0.000193808 0.000194789 0.00019108 0.000183112 0.000171504 0.000157019 0.000140505 0.000122837 0.000104853 8.73093e-05 7.0844e-05 5.59717e-05 4.30705e-05 3.2346e-05 2.37875e-05 1.71727e-05 1.2156e-05 8.39064e-06 5.60152e-06 3.58669e-06 2.18525e-06 1.2552e-06 6.70345e-07 3.24912e-07 1.36417e-07 4.46243e-08 8.09888e-09 0 
0 8.88601e-07 3.65282e-06 8.33184e-06 1.48104e-05 2.28193e-05 3.19513e-05 4.16933e-05 5.14699e-05 6.06952e-05 6.88244e-05 7.53996e-05 8.00831e-05 8.26766e-05 8.31251e-05 8.15094e-05 7.80283e-05 7.29743e-05 6.67039e-05 5.96066e-05 5.20729e-05 4.44671e-05 3.71056e-05 3.0243e-05 2.40665e-05 1.86938e-05 1.4174e-05 1.04913e-05 7.57724e-06 5.3307e-06 3.64113e-06 2.40371e-06 1.52502e-06 9.23373e-07 5.2846e-07 2.81697e-07 1.36417e-07 5.7254e-08 1.87259e-08 3.39836e-09 0 
0 2.90615e-07 1.19471e-06 2.72532e-06 4.84525e-06 7.46734e-06 1.04598e-05 1.36563e-05 1.68697e-05 1.99085e-05 2.25926e-05 2.47691e-05 2.63231e-05 2.71858e-05 2.73368e-05 2.68021e-05 2.56489e-05 2.39764e-05 2.19052e-05 1.95663e-05 1.709e-05 1.45965e-05 1.2189e-05 9.94904e-06 7.93451e-06 6.17991e-06 4.69807e-06 3.48333e-06 2.51588e-06 1.76688e-06 1.20332e-06 7.91811e-07 5.00969e-07 3.02727e-07 1.73043e-07 9.21789e-08 4.46243e-08 1.87259e-08 6.1242e-09 1.11139e-09 0 
0 5.27392e-08 2.16814e-07 4.94602e-07 8.79386e-07 1.3554e-06 1.89881e-06 2.47949e-06 3.06358e-06 3.61628e-06 4.10486e-06 4.50133e-06 4.78463e-06 4.94202e-06 4.96966e-06 4.87229e-06 4.66219e-06 4.35756e-06 3.98054e-06 3.5551e-06 3.10502e-06 2.65218e-06 2.21528e-06 1.80899e-06 1.44364e-06 1.12527e-06 8.5606e-07 6.34996e-07 4.5863e-07 3.21934e-07 2.19071e-07 1.44021e-07 9.10455e-08 5.49835e-08 3.14167e-08 1.67316e-08 8.09888e-09 3.39836e-09 1.11139e-09 2.01686e-10 0 
0 0 0 0 0 0 0 0 0 0 0 0 0 0 0 0 0 0 0 0 0 0 0 0 0 0 0 0 0 0 0 0 0 0 0 0 0 0 0 0 0 
