0 0 0 0 0 0 0 0 0 0 0 0 0 0 0 0 0 0 0 0 0 0 0 0 0 0 0 0 0 0 0 0 0 0 0 0 0 0 0 0 0 
0 1.37184e-05 5.60235e-05 0.00012614 0.000219098 0.000325297 0.000431841 0.000525975 0.000599044 0.000648538 0.000677278 0.000690894 0.000695325 0.000695249 0.000693447 0.000690766 0.000686358 0.000678061 0.000662929 0.000637941 0.000600866 0.000551102 0.000490178 0.000421649 0.000350335 0.000281176 0.000218182 0.000163866 0.000119211 8.39984e-05 5.72597e-05 3.76679e-05 2.38157e-05 1.43818e-05 8.21675e-06 4.37565e-06 2.11791e-06 8.8867e-07 2.90623e-07 5.27398e-08 0 
0 5.60235e-05 0.000226596 0.000499896 0.000835642 0.00116441 0.00140931 0.00152373 0.00151294 0.00142036 0.00129689 0.00118039 0.00109156 0.0010388 0.00102395 0.00104595 0.00110204 0.00118704 0.00129152 0.00139986 0.00148996 0.00153642 0.00151788 0.00142564 0.00126851 0.0010698 0.000858119 0.000657867 0.000484263 0.000343371 0.0002348 0.000154688 9.7865e-05 5.91145e-05 3.37776e-05 1.79883e-05 8.70687e-06 3.65339e-06 1.19478e-06 2.16818e-07 0 
0 0.00012614 0.000499896 0.00105474 0.00161953 0.00196271 0.00194972 0.0016524 0.00125691 0.000906467 0.000651995 0.000487579 0.000390945 0.000342756 0.00033151 0.000353312 0.000410852 0.000512495 0.000670613 0.000897076 0.00119358 0.00153727 0.00186988 0.0021065 0.00217218 0.00204526 0.0017691 0.00142189 0.00107546 0.000773577 0.000532707 0.000352078 0.000223054 0.000134809 7.7046e-05 4.10343e-05 1.98624e-05 8.33433e-06 2.7256e-06 4.9462e-07 0 
0 0.000219098 0.000835642 0.00161953 0.00211937 0.00199765 0.00142361 0.00082563 0.000425782 0.000212661 0.00011068 6.36437e-05 4.22203e-05 3.32111e-05 3.13388e-05 3.53523e-05 4.68821e-05 7.11056e-05 0.000119078 0.00021161 0.0003828 0.000676374 0.00112208 0.00168665 0.0022338 0.00256769 0.00256554 0.00226513 0.00181045 0.00134111 0.000936866 0.000623215 0.000395908 0.000239539 0.000136957 7.29538e-05 3.53147e-05 1.48184e-05 4.84615e-06 8.79441e-07 0 
0 0.000325297 0.00116441 0.00196271 0.00199765 0.00130623 0.000597791 0.000215939 6.96636e-05 2.24237e-05 7.92028e-06 3.31945e-06 1.75129e-06 1.20797e-06 1.10639e-06 1.33732e-06 2.07959e-06 3.99354e-06 8.99388e-06 2.24311e-05 5.84376e-05 0.000150352 0.000362685 0.000782214 0.00144582 0.00221601 0.0027748 0.00286799 0.00252636 0.00197393 0.0014157 0.000952964 0.000608386 0.00036881 0.00021102 0.000112434 5.44306e-05 2.28403e-05 7.46967e-06 1.35554e-06 0 
0 0.000431841 0.00140931 0.00194972 0.00142361 0.000597791 0.000165398 3.53154e-05 6.75843e-06 1.32803e-06 3.02441e-07 8.8437e-08 3.592e-08 2.13165e-08 1.88645e-08 2.46689e-08 4.60027e-08 1.15588e-07 3.64431e-07 1.33288e-06 5.22514e-06 2.03867e-05 7.41282e-05 0.000237345 0.000636894 0.00137134 0.00229349 0.00295594 0.00301526 0.00256407 0.0019197 0.00131777 0.000848167 0.000515793 0.00029546 0.000157488 7.62522e-05 3.19986e-05 1.04649e-05 1.89911e-06 0 
0 0.000525975 0.00152373 0.0016524 0.00082563 0.000215939 3.53154e-05 4.33959e-06 4.76916e-07 5.52617e-08 7.85237e-09 1.55789e-09 4.77108e-10 2.40614e-10 2.05067e-10 2.91747e-10 6.61401e-10 2.21922e-09 1.00465e-08 5.54184e-08 3.36295e-07 2.04167e-06 1.14211e-05 5.50288e-05 0.000216303 0.000662576 0.00151947 0.00254306 0.00313516 0.00299758 0.0023884 0.00168776 0.00109961 0.00067185 0.000385509 0.000205607 9.957e-05 4.17864e-05 1.36662e-05 2.48007e-06 0 
0 0.000599044 0.00151294 0.00125691 0.000425782 6.96636e-05 6.75843e-06 4.76916e-07 2.99128e-08 2.02786e-09 1.78356e-10 2.38387e-11 5.47405e-12 2.33741e-12 1.91549e-12 2.96654e-12 8.19727e-12 3.68896e-11 2.41152e-10 2.01918e-09 1.90886e-08 1.81282e-07 1.56429e-06 1.13198e-05 6.46691e-05 0.000278616 0.000870581 0.00190853 0.0029089 0.00320552 0.00276637 0.00203157 0.0013455 0.000827333 0.000475816 0.00025397 0.000123022 5.16328e-05 1.68869e-05 3.06457e-06 0 
0 0.000648538 0.00142036 0.000906467 0.000212661 2.24237e-05 1.32803e-06 5.52617e-08 2.02786e-09 8.22845e-11 4.56947e-12 4.18051e-13 7.27843e-14 2.64685e-14 2.08655e-14 3.50109e-14 1.16822e-13 6.95887e-13 6.46445e-12 8.06997e-11 1.16619e-09 1.69925e-08 2.2179e-07 2.36166e-06 1.91695e-05 0.000113202 0.000469573 0.00132504 0.00249275 0.00319727 0.00302192 0.00232301 0.00156946 0.000972587 0.000560927 0.000299684 0.000145211 6.09515e-05 1.99353e-05 3.61781e-06 0 
0 0.000677278 0.00129689 0.000651995 0.00011068 7.92028e-06 3.02441e-07 7.85237e-09 1.78356e-10 4.56947e-12 1.67999e-13 1.09347e-14 1.48388e-15 4.66656e-16 3.54769e-16 6.38632e-16 2.51977e-15 1.92752e-14 2.45114e-13 4.37429e-12 9.2437e-11 1.97645e-09 3.73709e-08 5.62023e-07 6.2333e-06 4.85577e-05 0.000257435 0.000904014 0.0020541 0.00304522 0.00315627 0.00254669 0.00175827 0.00109898 0.000635792 0.000340041 0.000164822 6.91905e-05 2.26307e-05 4.10701e-06 0 
0 0.000690894 0.00118039 0.000487579 6.36437e-05 3.31945e-06 8.8437e-08 1.55789e-09 2.38387e-11 4.18051e-13 1.09347e-14 5.37026e-16 5.92619e-17 1.65054e-17 1.21555e-17 2.31431e-17 1.04656e-16 9.82415e-16 1.61656e-14 3.87039e-13 1.11844e-11 3.28075e-10 8.4222e-09 1.68398e-07 2.4148e-06 2.35929e-05 0.000152518 0.000638328 0.00169198 0.00283854 0.00319694 0.0026997 0.00190334 0.00119971 0.000696201 0.000372738 0.000180732 7.58773e-05 2.48186e-05 4.50411e-06 0 
0 0.000695325 0.00109156 0.000390945 4.22203e-05 1.75129e-06 3.592e-08 4.77108e-10 5.47405e-12 7.27843e-14 1.48388e-15 5.92619e-17 5.61365e-18 1.4278e-18 1.02496e-18 2.02796e-18 1.01073e-17 1.09946e-16 2.18018e-15 6.46185e-14 2.34534e-12 8.6657e-11 2.78212e-09 6.85264e-08 1.18606e-06 1.36727e-05 0.000102072 0.000484837 0.0014375 0.00264642 0.00318159 0.00278854 0.00200081 0.00127024 0.000739089 0.000396059 0.000192096 8.06559e-05 2.63824e-05 4.78795e-06 0 
0 0.000695249 0.0010388 0.000342756 3.32111e-05 1.20797e-06 2.13165e-08 2.40614e-10 2.33741e-12 2.64685e-14 4.66656e-16 1.65054e-17 1.4278e-18 3.43548e-19 2.42204e-19 4.8837e-19 2.56672e-18 3.03212e-17 6.68301e-16 2.23775e-14 9.25971e-13 3.90989e-11 1.42946e-09 3.97653e-08 7.68422e-07 9.7615e-06 7.93026e-05 0.000405819 0.00128631 0.00250724 0.00314286 0.00282356 0.00205046 0.00130834 0.000762696 0.000408979 0.000198406 8.33109e-05 2.72514e-05 4.9457e-06 0 
0 0.000693447 0.00102395 0.00033151 3.13388e-05 1.10639e-06 1.88645e-08 2.05067e-10 1.91549e-12 2.08655e-14 3.54769e-16 1.21555e-17 1.02496e-18 2.42204e-19 1.69099e-19 3.40566e-19 1.80273e-18 2.16107e-17 4.86449e-16 1.67173e-14 7.12358e-13 3.1029e-11 1.17052e-09 3.3562e-08 6.67103e-07 8.6946e-06 7.22967e-05 0.000378096 0.00122408 0.00243391 0.00309995 0.00281356 0.00205408 0.00131375 0.000766571 0.000411199 0.000199507 8.37768e-05 2.74042e-05 4.97344e-06 0 
0 0.000690766 0.00104595 0.000353312 3.53523e-05 1.33732e-06 2.46689e-08 2.91747e-10 2.96654e-12 3.50109e-14 6.38632e-16 2.31431e-17 2.02796e-18 4.8837e-19 3.40566e-19 6.7208e-19 3.42691e-18 3.90238e-17 8.25904e-16 2.65183e-14 1.05314e-12 4.27932e-11 1.51164e-09 4.08271e-08 7.69992e-07 9.59815e-06 7.69388e-05 0.000390778 0.00123709 0.0024216 0.00305638 0.00276271 0.0020142 0.00128786 0.000751464 0.000403114 0.00019559 8.21332e-05 2.68668e-05 4.87592e-06 0 
0 0.000686358 0.00110204 0.000410852 4.68821e-05 2.07959e-06 4.60027e-08 6.61401e-10 8.19727e-12 1.16822e-13 2.51977e-15 1.04656e-16 1.01073e-17 2.56672e-18 1.80273e-18 3.42691e-18 1.61675e-17 1.64693e-16 3.03903e-15 8.36541e-14 2.82518e-12 9.76193e-11 2.95235e-09 6.91034e-08 1.14742e-06 1.28164e-05 9.36948e-05 0.000440994 0.00131235 0.00245117 0.00300108 0.00266992 0.00193351 0.00123334 0.000719157 0.00038572 0.000187146 7.85875e-05 2.5707e-05 4.66546e-06 0 
0 0.000678061 0.00118704 0.000512495 7.11056e-05 3.99354e-06 1.15588e-07 2.21922e-09 3.68896e-11 6.95887e-13 1.92752e-14 9.82415e-16 1.09946e-16 3.03212e-17 2.16107e-17 3.90238e-17 1.64693e-16 1.4266e-15 2.1529e-14 4.72153e-13 1.25369e-11 3.40147e-10 8.15056e-09 1.5376e-07 2.10517e-06 1.98958e-05 0.000126307 0.000528735 0.00143066 0.00248807 0.00291111 0.00253036 0.00181489 0.00115391 0.00067223 0.000360485 0.000174901 7.34468e-05 2.40257e-05 4.36035e-06 0 
0 0.000662929 0.00129152 0.000670613 0.000119078 8.99388e-06 3.64431e-07 1.00465e-08 2.41152e-10 6.46445e-12 2.45114e-13 1.61656e-14 2.18018e-15 6.68301e-16 4.86449e-16 8.25904e-16 3.03903e-15 2.1529e-14 2.5284e-13 4.17192e-12 8.18721e-11 1.63694e-09 2.9195e-08 4.18349e-07 4.47284e-06 3.40784e-05 0.000180205 0.000648303 0.00155497 0.00248014 0.00275588 0.00233773 0.00166175 0.00105396 0.000613796 0.000329188 0.000159738 6.70842e-05 2.19452e-05 3.98282e-06 0 
0 0.000637941 0.00139986 0.000897076 0.00021161 2.24311e-05 1.33288e-06 5.54184e-08 2.01918e-09 8.06997e-11 4.37429e-12 3.87039e-13 6.46185e-14 2.23775e-14 1.67173e-14 2.65183e-14 8.36541e-14 4.72153e-13 4.17192e-12 4.9781e-11 6.91285e-10 9.73063e-09 1.23338e-07 1.28286e-06 1.02555e-05 6.05053e-05 0.00025723 0.000773623 0.00161858 0.00235957 0.00250226 0.00208607 0.00147786 0.000938257 0.000547199 0.000293748 0.000142608 5.99032e-05 1.95978e-05 3.55691e-06 0 
0 0.000600866 0.00148996 0.00119358 0.0003828 5.84376e-05 5.22514e-06 3.36295e-07 1.90886e-08 1.16619e-09 9.2437e-11 1.11844e-11 2.34534e-12 9.25971e-13 7.12358e-13 1.05314e-12 2.82518e-12 1.25369e-11 8.18721e-11 6.91285e-10 6.6244e-09 6.38357e-08 5.57705e-07 4.07336e-06 2.3503e-05 0.000103554 0.000342345 0.000840826 0.00152466 0.00205336 0.00211928 0.00176965 0.00126652 0.000811257 0.000475692 0.000256052 0.000124457 5.23039e-05 1.71148e-05 3.10646e-06 0 
0 0.000551102 0.00153642 0.00153727 0.000676374 0.000150352 2.03867e-05 2.04167e-06 1.81282e-07 1.69925e-08 1.97645e-09 3.28075e-10 8.6657e-11 3.90989e-11 3.1029e-11 4.27932e-11 9.76193e-11 3.40147e-10 1.63694e-09 9.73063e-09 6.38357e-08 4.16124e-07 2.46233e-06 1.23155e-05 4.95478e-05 0.000156197 0.000384537 0.000749622 0.00117842 0.00150988 0.00158512 0.00138213 0.00102927 0.000676554 0.000402161 0.000217828 0.00010615 4.4654e-05 1.46167e-05 2.65337e-06 0 
0 0.000490178 0.00151788 0.00186988 0.00112208 0.000362685 7.41282e-05 1.14211e-05 1.56429e-06 2.2179e-07 3.73709e-08 8.4222e-09 2.78212e-09 1.42946e-09 1.17052e-09 1.51164e-09 2.95235e-09 8.15056e-09 2.9195e-08 1.23338e-07 5.57705e-07 2.46233e-06 9.78253e-06 3.26656e-05 8.71853e-05 0.000182109 0.000305282 0.000442181 0.00060007 0.000780423 0.000923113 0.000925915 0.000767218 0.000536893 0.000329037 0.000180557 8.84317e-05 3.72681e-05 1.22066e-05 2.21632e-06 0 
0 0.000421649 0.00142564 0.0021065 0.00168665 0.000782214 0.000237345 5.50288e-05 1.13198e-05 2.36166e-06 5.62023e-07 1.68398e-07 6.85264e-08 3.97653e-08 3.3562e-08 4.08271e-08 6.91034e-08 1.5376e-07 4.18349e-07 1.28286e-06 4.07336e-06 1.23155e-05 3.26656e-05 7.00611e-05 0.000112595 0.000130565 0.00011752 0.000103246 0.000116131 0.000179793 0.00031186 0.00045716 0.000491886 0.00039612 0.00025859 0.00014549 7.19029e-05 3.03951e-05 9.96537e-06 1.80994e-06 0 
0 0.000350335 0.00126851 0.00217218 0.0022338 0.00144582 0.000636894 0.000216303 6.46691e-05 1.91695e-05 6.2333e-06 2.4148e-06 1.18606e-06 7.68422e-07 6.67103e-07 7.69992e-07 1.14742e-06 2.10517e-06 4.47284e-06 1.02555e-05 2.3503e-05 4.95478e-05 8.71853e-05 0.000112595 9.01754e-05 3.90325e-05 1.03634e-05 3.15424e-06 2.54941e-06 6.98599e-06 3.41269e-05 0.000127136 0.000245637 0.000263577 0.00019362 0.00011372 5.70188e-05 2.42142e-05 7.95007e-06 1.44453e-06 0 
0 0.000281176 0.0010698 0.00204526 0.00256769 0.00221601 0.00137134 0.000662576 0.000278616 0.000113202 4.85577e-05 2.35929e-05 1.36727e-05 9.7615e-06 8.6946e-06 9.59815e-06 1.28164e-05 1.98958e-05 3.40784e-05 6.05053e-05 0.000103554 0.000156197 0.000182109 0.000130565 3.90325e-05 3.15795e-06 8.00054e-08 2.82055e-09 1.22335e-09 1.26591e-08 5.92234e-07 1.49845e-05 8.7983e-05 0.000155512 0.000137844 8.6224e-05 4.40909e-05 1.88345e-05 6.19441e-06 1.12608e-06 0 
0 0.000218182 0.000858119 0.0017691 0.00256554 0.0027748 0.00229349 0.00151947 0.000870581 0.000469573 0.000257435 0.000152518 0.000102072 7.93026e-05 7.22967e-05 7.69388e-05 9.36948e-05 0.000126307 0.000180205 0.00025723 0.000342345 0.000384537 0.000305282 0.00011752 1.03634e-05 8.00054e-08 6.03601e-11 7.73054e-14 1.31768e-14 1.15848e-12 1.85953e-09 8.50932e-07 2.45771e-05 8.46547e-05 9.47099e-05 6.3702e-05 3.32734e-05 1.42993e-05 4.71072e-06 8.56754e-07 0 
0 0.000163866 0.000657867 0.00142189 0.00226513 0.00286799 0.00295594 0.00254306 0.00190853 0.00132504 0.000904014 0.000638328 0.000484837 0.000405819 0.000378096 0.000390778 0.000440994 0.000528735 0.000648303 0.000773623 0.000840826 0.000749622 0.000442181 0.000103246 3.15424e-06 2.82055e-09 7.73054e-14 2.12837e-17 1.09628e-17 2.05584e-16 9.33985e-12 6.40537e-08 7.83545e-06 4.80611e-05 6.50402e-05 4.62645e-05 2.45436e-05 1.05921e-05 3.49336e-06 6.3554e-07 0 
0 0.000119211 0.000484263 0.00107546 0.00181045 0.00252636 0.00301526 0.00313516 0.0029089 0.00249275 0.0020541 0.00169198 0.0014375 0.00128631 0.00122408 0.00123709 0.00131235 0.00143066 0.00155497 0.00161858 0.00152466 0.00117842 0.00060007 0.000116131 2.54941e-06 1.22335e-09 1.31768e-14 1.09629e-17 3.11096e-19 4.01967e-17 1.9533e-12 2.67203e-08 4.67735e-06 3.28545e-05 4.63157e-05 3.33001e-05 1.77121e-05 7.64863e-06 2.52296e-06 4.59012e-07 0 
0 8.39984e-05 0.000343371 0.000773577 0.00134111 0.00197393 0.00256407 0.00299758 0.00320552 0.00319727 0.00304522 0.00283854 0.00264642 0.00250724 0.00243391 0.0024216 0.00245117 0.00248807 0.00248014 0.00235957 0.00205336 0.00150988 0.000780423 0.000179793 6.98599e-06 1.26591e-08 1.15848e-12 2.05584e-16 4.01968e-17 4.5074e-15 4.63472e-11 9.49125e-08 6.02494e-06 2.80738e-05 3.44617e-05 2.37613e-05 1.2488e-05 5.37472e-06 1.77126e-06 3.22172e-07 0 
0 5.72597e-05 0.0002348 0.000532707 0.000936866 0.0014157 0.0019197 0.0023884 0.00276637 0.00302192 0.00315627 0.00319694 0.00318159 0.00314286 0.00309995 0.00305638 0.00300108 0.00291111 0.00275588 0.00250226 0.00211928 0.00158512 0.000923113 0.00031186 3.41269e-05 5.92234e-07 1.85953e-09 9.33985e-12 1.9533e-12 4.63472e-11 1.04184e-08 9.71353e-07 1.15073e-05 2.68302e-05 2.597e-05 1.66458e-05 8.56539e-06 3.6646e-06 1.20569e-06 2.19201e-07 0 
0 3.76679e-05 0.000154688 0.000352078 0.000623215 0.000952964 0.00131777 0.00168776 0.00203157 0.00232301 0.00254669 0.0026997 0.00278854 0.00282356 0.00281356 0.00276271 0.00266992 0.00253036 0.00233773 0.00208607 0.00176965 0.00138213 0.000925915 0.00045716 0.000127136 1.49845e-05 8.50932e-07 6.40537e-08 2.67203e-08 9.49125e-08 9.71353e-07 7.0072e-06 1.9611e-05 2.45055e-05 1.89347e-05 1.12845e-05 5.67999e-06 2.4145e-06 7.92929e-07 1.44084e-07 0 
0 2.38157e-05 9.7865e-05 0.000223054 0.000395908 0.000608386 0.000848167 0.00109961 0.0013455 0.00156946 0.00175827 0.00190334 0.00200081 0.00205046 0.00205408 0.0020142 0.00193351 0.00181489 0.00166175 0.00147786 0.00126652 0.00102927 0.000767218 0.000491886 0.000245637 8.7983e-05 2.45771e-05 7.83545e-06 4.67735e-06 6.02494e-06 1.15073e-05 1.9611e-05 2.32524e-05 1.95374e-05 1.29398e-05 7.31055e-06 3.61681e-06 1.52931e-06 5.01428e-07 9.10722e-08 0 
0 1.43818e-05 5.91145e-05 0.000134809 0.000239539 0.00036881 0.000515793 0.00067185 0.000827333 0.000972587 0.00109898 0.00119971 0.00127024 0.00130834 0.00131375 0.00128786 0.00123334 0.00115391 0.00105396 0.000938257 0.000811257 0.000676554 0.000536893 0.00039612 0.000263577 0.000155512 8.46547e-05 4.80611e-05 3.28545e-05 2.80738e-05 2.68302e-05 2.45055e-05 1.95374e-05 1.34582e-05 8.19537e-06 4.48606e-06 2.19519e-06 9.24846e-07 3.02891e-07 5.49934e-08 0 
0 8.21675e-06 3.37776e-05 7.7046e-05 0.000136957 0.00021102 0.00029546 0.000385509 0.000475816 0.000560927 0.000635792 0.000696201 0.000739089 0.000762696 0.000766571 0.000751464 0.000719157 0.00067223 0.000613796 0.000547199 0.000475692 0.000402161 0.000329037 0.00025859 0.00019362 0.000137844 9.47099e-05 6.50402e-05 4.63157e-05 3.44617e-05 2.597e-05 1.89347e-05 1.29398e-05 8.19537e-06 4.80059e-06 2.58632e-06 1.25803e-06 5.289e-07 1.73094e-07 3.142e-08 0 
0 4.37565e-06 1.79883e-05 4.10343e-05 7.29538e-05 0.000112434 0.000157488 0.000205607 0.00025397 0.000299684 0.000340041 0.000372738 0.000396059 0.000408979 0.000411199 0.000403114 0.00038572 0.000360485 0.000329188 0.000293748 0.000256052 0.000217828 0.000180557 0.00014549 0.00011372 8.6224e-05 6.3702e-05 4.62645e-05 3.33001e-05 2.37613e-05 1.66458e-05 1.12845e-05 7.31055e-06 4.48606e-06 2.58632e-06 1.38353e-06 6.71039e-07 2.8181e-07 9.21927e-08 1.67325e-08 0 
0 2.11791e-06 8.70687e-06 1.98624e-05 3.53147e-05 5.44306e-05 7.62522e-05 9.957e-05 0.000123022 0.000145211 0.000164822 0.000180732 0.000192096 0.000198406 0.000199507 0.00019559 0.000187146 0.000174901 0.000159738 0.000142608 0.000124457 0.00010615 8.84317e-05 7.19029e-05 5.70188e-05 4.40909e-05 3.32734e-05 2.45436e-05 1.77121e-05 1.2488e-05 8.56539e-06 5.67999e-06 3.61681e-06 2.19519e-06 1.25803e-06 6.71039e-07 3.25057e-07 1.36442e-07 4.46275e-08 8.0991e-09 0 
0 8.8867e-07 3.65339e-06 8.33433e-06 1.48184e-05 2.28403e-05 3.19986e-05 4.17864e-05 5.16328e-05 6.09515e-05 6.91905e-05 7.58773e-05 8.06559e-05 8.33109e-05 8.37768e-05 8.21332e-05 7.85875e-05 7.34468e-05 6.70842e-05 5.99032e-05 5.23039e-05 4.4654e-05 3.72681e-05 3.03951e-05 2.42142e-05 1.88345e-05 1.42993e-05 1.05921e-05 7.64863e-06 5.37472e-06 3.6646e-06 2.4145e-06 1.52931e-06 9.24846e-07 5.289e-07 2.8181e-07 1.36442e-07 5.72584e-08 1.87265e-08 3.3984e-09 0 
0 2.90623e-07 1.19478e-06 2.7256e-06 4.84615e-06 7.46967e-06 1.04649e-05 1.36662e-05 1.68869e-05 1.99353e-05 2.26307e-05 2.48186e-05 2.63824e-05 2.72514e-05 2.74042e-05 2.68668e-05 2.5707e-05 2.40257e-05 2.19452e-05 1.95978e-05 1.71148e-05 1.46167e-05 1.22066e-05 9.96537e-06 7.95007e-06 6.19441e-06 4.71072e-06 3.49336e-06 2.52296e-06 1.77126e-06 1.20569e-06 7.92929e-07 5.01428e-07 3.02891e-07 1.73094e-07 9.21927e-08 4.46275e-08 1.87265e-08 6.12428e-09 1.11139e-09 0 
0 5.27398e-08 2.16818e-07 4.9462e-07 8.79441e-07 1.35554e-06 1.89911e-06 2.48007e-06 3.06457e-06 3.61781e-06 4.10701e-06 4.50411e-06 4.78795e-06 4.9457e-06 4.97344e-06 4.87592e-06 4.66546e-06 4.36035e-06 3.98282e-06 3.55691e-06 3.10646e-06 2.65337e-06 2.21632e-06 1.80994e-06 1.44453e-06 1.12608e-06 8.56754e-07 6.3554e-07 4.59012e-07 3.22172e-07 2.19201e-07 1.44084e-07 9.10722e-08 5.49934e-08 3.142e-08 1.67325e-08 8.0991e-09 3.3984e-09 1.11139e-09 2.01687e-10 0 
0 0 0 0 0 0 0 0 0 0 0 0 0 0 0 0 0 0 0 0 0 0 0 0 0 0 0 0 0 0 0 0 0 0 0 0 0 0 0 0 0 
