0 0 0 0 0 0 0 0 0 0 0 0 0 0 0 0 0 0 0 0 0 0 0 0 0 0 0 0 0 0 0 0 0 0 0 0 0 0 0 0 0 
0 1.32718e-05 5.20886e-05 0.000109197 0.000169768 0.000217146 0.000241642 0.000243939 0.000231276 0.000211914 0.00019204 0.000175236 0.00016313 0.000156228 0.000154514 0.000157766 0.000165645 0.000177611 0.000192748 0.000209556 0.000225823 0.000238704 0.000245109 0.000242414 0.000229292 0.000206344 0.000176134 0.000142503 0.000109426 7.99607e-05 5.57577e-05 3.71634e-05 2.36625e-05 1.43398e-05 8.20638e-06 4.37337e-06 2.11747e-06 8.88599e-07 2.90614e-07 5.27392e-08 0 
0 5.20886e-05 0.000191409 0.000353246 0.00044681 0.000431051 0.000342963 0.000241579 0.000160133 0.000105041 7.10334e-05 5.11587e-05 4.01952e-05 3.4978e-05 3.39141e-05 3.65361e-05 4.32765e-05 5.54282e-05 7.51771e-05 0.000105504 0.000149643 0.000209708 0.000284385 0.00036631 0.000441005 0.00048981 0.000497447 0.000460391 0.000389356 0.000303268 0.000219824 0.000149712 9.63852e-05 5.87193e-05 3.36829e-05 1.79681e-05 8.7031e-06 3.6528e-06 1.19471e-06 2.16814e-07 0 
0 0.000109197 0.000353246 0.00051018 0.000442924 0.000265601 0.000124594 5.08185e-05 1.96611e-05 7.7815e-06 3.36808e-06 1.68667e-06 1.02009e-06 7.65509e-07 7.20014e-07 8.43356e-07 1.20449e-06 2.0301e-06 3.87752e-06 8.0291e-06 1.72442e-05 3.68734e-05 7.57685e-05 0.000145305 0.000253932 0.000396251 0.000542408 0.000642716 0.000656502 0.000582946 0.000458664 0.000327179 0.000215699 0.000132881 7.65952e-05 4.09407e-05 1.98454e-05 8.33175e-06 2.72531e-06 4.94601e-07 0 
0 0.000169768 0.00044681 0.000442924 0.00022711 7.31975e-05 1.73929e-05 3.47036e-06 6.55078e-07 1.31207e-07 3.1016e-08 9.47965e-09 4.01633e-09 2.46413e-09 2.22408e-09 2.91962e-09 5.37971e-09 1.31734e-08 4.00656e-08 1.40559e-07 5.28315e-07 1.98741e-06 7.06015e-06 2.26335e-05 6.33922e-05 0.000151759 0.000305417 0.000508366 0.000689529 0.000759298 0.000690403 0.000536472 0.000369909 0.000232758 0.000135398 7.26371e-05 3.52587e-05 1.48101e-05 4.84521e-06 8.79384e-07 0 
0 0.000217146 0.000431051 0.000265601 7.31975e-05 1.1376e-05 1.19168e-06 9.91042e-08 7.73265e-09 6.69005e-10 7.50479e-11 1.24847e-11 3.41226e-12 1.63361e-12 1.40149e-12 2.11708e-12 5.33863e-12 2.07097e-11 1.11721e-10 7.50587e-10 5.62419e-09 4.24394e-08 2.95492e-07 1.77278e-06 8.73911e-06 3.44431e-05 0.00010723 0.000262096 0.000497996 0.000726109 0.000813515 0.000722655 0.000536473 0.000349839 0.000206685 0.000111567 5.42802e-05 2.28185e-05 7.46726e-06 1.3554e-06 0 
0 0.000241642 0.000342963 0.000124594 1.73929e-05 1.19168e-06 4.91008e-08 1.50214e-09 4.27246e-11 1.41801e-12 6.79652e-14 5.64898e-15 9.36235e-16 3.37665e-16 2.73355e-16 4.84704e-16 1.74857e-15 1.14648e-14 1.18904e-13 1.67623e-12 2.76014e-11 4.61267e-10 6.93281e-09 8.51907e-08 8.00515e-07 5.53674e-06 2.78314e-05 0.000102141 0.000275712 0.000545534 0.000784328 0.000831504 0.000685816 0.000471697 0.000285333 0.000155479 7.59087e-05 3.19496e-05 1.04596e-05 1.89879e-06 0 
0 0.000243939 0.000241579 5.08185e-05 3.47036e-06 9.91042e-08 1.50214e-09 1.57469e-11 1.52132e-13 1.81206e-15 3.49712e-17 1.39733e-18 1.51616e-19 5.193e-20 4.25713e-20 7.28161e-20 3.1758e-19 3.4905e-18 7.26787e-17 2.26367e-15 8.65113e-14 3.38448e-12 1.15946e-10 3.07329e-09 5.77359e-08 7.30332e-07 6.11328e-06 3.42021e-05 0.000131022 0.000349883 0.000650611 0.000842799 0.000792115 0.000584483 0.000365125 0.000201569 9.88858e-05 4.169e-05 1.36559e-05 2.47947e-06 0 
0 0.000231276 0.000160133 1.96611e-05 6.55078e-07 7.73265e-09 4.27246e-11 1.52132e-13 4.95022e-16 2.10268e-18 1.97049e-20 1.57851e-21 5.09847e-22 2.98723e-22 2.66355e-22 3.36001e-22 6.69134e-22 2.47871e-21 4.31445e-20 2.77247e-18 2.47352e-16 2.28012e-14 1.79206e-12 1.03156e-10 3.9021e-09 9.09429e-08 1.27565e-06 1.08963e-05 5.87412e-05 0.000207904 0.000492271 0.000779259 0.000844719 0.000676864 0.000439839 0.000246805 0.000121814 5.14641e-05 1.68691e-05 3.06355e-06 0 
0 0.000211914 0.000105041 7.7815e-06 1.31207e-07 6.69005e-10 1.41801e-12 1.81206e-15 2.10268e-18 4.43051e-21 1.04009e-22 2.33213e-23 1.56643e-23 1.2756e-23 1.19596e-23 1.26413e-23 1.51607e-23 2.42244e-23 1.39559e-22 5.2791e-21 9.28071e-19 1.92732e-16 3.3308e-14 4.00263e-12 2.9438e-10 1.22718e-08 2.81593e-07 3.59944e-06 2.67618e-05 0.000122446 0.000359251 0.0006826 0.000850737 0.000743315 0.000504458 0.000288328 0.000143299 6.06861e-05 1.99075e-05 3.61623e-06 0 
0 0.00019204 7.10334e-05 3.36808e-06 3.1016e-08 7.50479e-11 6.79652e-14 3.49712e-17 1.97049e-20 1.04009e-22 4.72835e-24 1.45673e-24 1.29151e-24 1.2567e-24 1.2159e-24 1.15922e-24 1.0688e-24 1.12878e-24 3.10612e-24 5.24572e-23 6.9087e-21 2.74154e-18 9.53252e-16 2.20131e-13 2.92143e-11 2.04178e-09 7.2612e-08 1.32952e-06 1.31518e-05 7.52653e-05 0.000264705 0.000586811 0.000827673 0.000784751 0.000555981 0.000323796 0.000162082 6.88115e-05 2.25913e-05 4.10478e-06 0 
0 0.000175236 5.11587e-05 1.68667e-06 9.47965e-09 1.24847e-11 5.64898e-15 1.39733e-18 1.57851e-21 2.33213e-23 1.45673e-24 2.74669e-25 1.82132e-25 1.81375e-25 1.77154e-25 1.59256e-25 1.29526e-25 1.19608e-25 3.05291e-25 3.74707e-24 2.25354e-22 8.55692e-20 5.19426e-17 2.04416e-14 4.39172e-12 4.68055e-10 2.38153e-08 5.85247e-07 7.31376e-06 5.01812e-05 0.00020372 0.00050947 0.000793772 0.000806488 0.000593495 0.000351579 0.000177152 7.53829e-05 2.47673e-05 4.50123e-06 0 
0 0.00016313 4.01952e-05 1.02009e-06 4.01633e-09 3.41226e-12 9.36235e-16 1.51616e-19 5.09848e-22 1.56644e-23 1.29152e-24 1.82132e-25 5.09432e-26 3.41878e-26 3.08257e-26 2.64717e-26 2.10384e-26 2.46155e-26 9.99483e-26 1.13938e-24 3.90489e-23 7.62492e-21 6.33717e-18 3.66263e-15 1.11368e-12 1.60913e-10 1.06031e-08 3.22305e-07 4.76942e-06 3.72889e-05 0.000167592 0.000455978 0.000762461 0.000815225 0.000617601 0.000370772 0.000187804 8.00633e-05 2.63211e-05 4.78451e-06 0 
0 0.000156228 3.4978e-05 7.65509e-07 2.46413e-09 1.63361e-12 3.37665e-16 5.193e-20 2.98723e-22 1.27561e-23 1.2567e-24 1.81376e-25 3.41879e-26 1.07196e-26 6.49094e-27 5.09335e-27 4.8457e-27 1.12038e-26 6.59703e-26 6.91274e-25 1.73901e-23 2.18823e-21 1.91599e-18 1.37611e-15 5.09479e-13 8.74782e-11 6.67483e-09 2.28929e-07 3.72886e-06 3.1392e-05 0.000149386 0.000426009 0.000741389 0.000816637 0.000629572 0.000381075 0.000193656 8.26548e-05 2.71835e-05 4.94189e-06 0 
0 0.000154514 3.39141e-05 7.20014e-07 2.22408e-09 1.40149e-12 2.73355e-16 4.25713e-20 2.66355e-22 1.19596e-23 1.2159e-24 1.77155e-25 3.08258e-26 6.49095e-27 2.11736e-27 1.35491e-27 2.14505e-27 8.94315e-27 5.93064e-26 6.12497e-25 1.4619e-23 1.70474e-21 1.48611e-18 1.11631e-15 4.3053e-13 7.66235e-11 6.02792e-09 2.12002e-07 3.52261e-06 3.01115e-05 0.000144992 0.000417654 0.000733595 0.000814136 0.000630625 0.000382618 0.000194633 8.31028e-05 2.73344e-05 4.96953e-06 0 
0 0.000157766 3.65361e-05 8.43356e-07 2.91962e-09 2.11708e-12 4.84704e-16 7.28161e-20 3.36001e-22 1.26413e-23 1.15923e-24 1.59256e-25 2.64718e-26 5.09336e-27 1.35491e-27 8.6337e-28 1.94233e-27 9.376e-27 6.57577e-26 7.49057e-25 2.15247e-23 3.25637e-21 2.8719e-18 1.90974e-15 6.5949e-13 1.06555e-10 7.72154e-09 2.53799e-07 3.99558e-06 3.27587e-05 0.000152776 0.000429103 0.000738761 0.000808553 0.000621521 0.000375818 0.000190932 8.14882e-05 2.67998e-05 4.87216e-06 0 
0 0.000165645 4.32765e-05 1.20449e-06 5.37971e-09 5.33863e-12 1.74857e-15 3.1758e-19 6.69134e-22 1.51607e-23 1.0688e-24 1.29526e-25 2.10384e-26 4.8457e-27 2.14504e-27 1.94233e-27 3.47022e-27 1.34421e-26 9.64356e-26 1.36156e-24 6.13528e-23 1.66347e-20 1.27059e-17 6.4214e-15 1.73033e-12 2.24974e-10 1.35543e-08 3.82673e-07 5.33743e-06 3.98534e-05 0.000172971 0.000458647 0.000753753 0.000798349 0.000602509 0.000361314 0.000182981 7.80094e-05 2.56469e-05 4.66207e-06 0 
0 0.000177611 5.54282e-05 2.0301e-06 1.31734e-08 2.07097e-11 1.14648e-14 3.4905e-18 2.47871e-21 2.42244e-23 1.12879e-24 1.19609e-25 2.46155e-26 1.12038e-26 8.94313e-27 9.37598e-27 1.34421e-26 3.72126e-26 2.61013e-25 5.39198e-24 4.81137e-22 2.17288e-19 1.12876e-16 3.80963e-14 7.12754e-12 6.73093e-10 3.09018e-08 6.9754e-07 8.14265e-06 5.29876e-05 0.000206798 0.000503377 0.00077238 0.000780117 0.000573548 0.000339952 0.000171395 7.29585e-05 2.39747e-05 4.35746e-06 0 
0 0.000192748 7.51771e-05 3.87752e-06 4.00656e-08 1.11721e-10 1.18904e-13 7.26787e-17 4.31445e-20 1.39559e-22 3.10613e-24 3.05291e-25 9.99481e-26 6.59702e-26 5.93063e-26 6.57576e-26 9.64355e-26 2.61013e-25 2.11421e-24 8.02735e-23 1.55384e-20 5.62688e-18 1.7114e-15 3.48814e-13 4.13457e-11 2.61591e-09 8.5422e-08 1.45676e-06 1.36087e-05 7.45489e-05 0.000254554 0.000556442 0.000784782 0.000749333 0.000534675 0.0003128 0.000156933 6.66916e-05 2.19039e-05 3.98046e-06 0 
0 0.000209556 0.000105504 8.0291e-06 1.40559e-07 7.50587e-10 1.67623e-12 2.26367e-15 2.77247e-18 5.2791e-21 5.24572e-23 3.74707e-24 1.13938e-24 6.91273e-25 6.12496e-25 7.49056e-25 1.36156e-24 5.39198e-24 8.02735e-23 6.25362e-21 1.13822e-18 2.25096e-16 3.70616e-14 4.25074e-12 2.98972e-10 1.19465e-08 2.63617e-07 3.256e-06 2.3556e-05 0.000105988 0.000310853 0.000602675 0.000777092 0.000701343 0.000486363 0.000281151 0.000140441 5.95974e-05 1.95653e-05 3.55504e-06 0 
0 0.000225823 0.000149643 1.72442e-05 5.28315e-07 5.62419e-09 2.76014e-11 8.65113e-14 2.47352e-16 9.28071e-19 6.9087e-21 2.25354e-22 3.90489e-23 1.73901e-23 1.4619e-23 2.15247e-23 6.13527e-23 4.81137e-22 1.55384e-20 1.13822e-18 1.11141e-16 1.12068e-14 9.57505e-13 5.91979e-11 2.36507e-09 5.7137e-08 8.17639e-07 7.06777e-06 3.86767e-05 0.00014118 0.000354705 0.000613662 0.000732324 0.000632454 0.000429737 0.000246467 0.000122791 5.20663e-05 1.70893e-05 3.10498e-06 0 
0 0.000238704 0.000209708 3.68734e-05 1.98741e-06 4.24394e-08 4.61267e-10 3.38448e-12 2.28012e-14 1.92732e-16 2.74154e-18 8.55692e-20 7.62492e-21 2.18823e-21 1.70474e-21 3.25637e-21 1.66347e-20 2.17288e-19 5.62688e-18 2.25096e-16 1.12068e-14 5.69711e-13 2.48695e-11 8.09595e-10 1.7731e-08 2.46512e-07 2.16151e-06 1.24663e-05 5.05271e-05 0.00015143 0.000338273 0.000548293 0.000633854 0.00054096 0.000366587 0.000210284 0.000104821 4.44624e-05 1.4596e-05 2.65215e-06 0 
0 0.000245109 0.000284385 7.57685e-05 7.06015e-06 2.95492e-07 6.93281e-09 1.15946e-10 1.79206e-12 3.3308e-14 9.53252e-16 5.19426e-17 6.33717e-18 1.91599e-18 1.48611e-18 2.8719e-18 1.27059e-17 1.12876e-16 1.7114e-15 3.70616e-14 9.57505e-13 2.48695e-11 5.55837e-10 9.32927e-09 1.05383e-07 7.5349e-07 3.49131e-06 1.18472e-05 3.44232e-05 9.20252e-05 0.000212898 0.000377453 0.000474486 0.000428442 0.000299329 0.000174118 8.72861e-05 3.71021e-05 1.21886e-05 2.21526e-06 0 
0 0.000242414 0.00036631 0.000145305 2.26335e-05 1.77278e-06 8.51907e-08 3.07329e-09 1.03156e-10 4.00263e-12 2.20131e-13 2.04416e-14 3.66263e-15 1.37611e-15 1.11631e-15 1.90974e-15 6.4214e-15 3.80963e-14 3.48814e-13 4.25074e-12 5.91979e-11 8.09595e-10 9.32927e-09 7.69842e-08 3.8454e-07 1.0385e-06 1.64931e-06 2.25523e-06 4.32282e-06 1.36835e-05 5.23799e-05 0.000154455 0.000276193 0.000302654 0.000231217 0.000139437 7.08261e-05 3.02404e-05 9.94875e-06 1.80898e-06 0 
0 0.000229292 0.000441005 0.000253932 6.33922e-05 8.73911e-06 8.00515e-07 5.77359e-08 3.9021e-09 2.9438e-10 2.92143e-11 4.39172e-12 1.11368e-12 5.09479e-13 4.3053e-13 6.5949e-13 1.73033e-12 7.12754e-12 4.13457e-11 2.98972e-10 2.36507e-09 1.7731e-08 1.05383e-07 3.8454e-07 6.0433e-07 2.99146e-07 5.55232e-08 1.1401e-08 1.13927e-08 8.8243e-08 1.8081e-06 2.37179e-05 0.000106174 0.000181747 0.000166925 0.000107692 5.5957e-05 2.40643e-05 7.93428e-06 1.44363e-06 0 
0 0.000206344 0.00048981 0.000396251 0.000151759 3.44431e-05 5.53674e-06 7.30332e-07 9.09429e-08 1.22718e-08 2.04178e-09 4.68055e-10 1.60913e-10 8.74782e-11 7.66235e-11 1.06555e-10 2.24974e-10 6.73093e-10 2.61591e-09 1.19465e-08 5.7137e-08 2.46512e-07 7.5349e-07 1.0385e-06 2.99146e-07 7.90131e-09 2.44572e-11 1.11939e-13 3.32057e-14 2.73409e-12 2.53485e-09 8.28527e-07 2.33932e-05 9.03311e-05 0.000112423 8.02871e-05 4.30578e-05 1.8692e-05 6.17972e-06 1.12525e-06 0 
0 0.000176134 0.000497447 0.000542408 0.000305417 0.00010723 2.78314e-05 6.11328e-06 1.27565e-06 2.81593e-07 7.2612e-08 2.38153e-08 1.06031e-08 6.67483e-09 6.02792e-09 7.72154e-09 1.35543e-08 3.09018e-08 8.5422e-08 2.63617e-07 8.17639e-07 2.16151e-06 3.49131e-06 1.64931e-06 5.55232e-08 2.44572e-11 2.69534e-16 2.67496e-15 1.80024e-15 1.80119e-15 1.84933e-13 8.1033e-09 3.37743e-06 3.97049e-05 7.24896e-05 5.8264e-05 3.23353e-05 1.41725e-05 4.69792e-06 8.56051e-07 0 
0 0.000142503 0.000460391 0.000642716 0.000508366 0.000262096 0.000102141 3.42021e-05 1.08963e-05 3.59944e-06 1.32952e-06 5.85247e-07 3.22305e-07 2.28929e-07 2.12002e-07 2.53799e-07 3.82673e-07 6.9754e-07 1.45676e-06 3.256e-06 7.06777e-06 1.24663e-05 1.18472e-05 2.25523e-06 1.1401e-08 1.11939e-13 2.67496e-15 4.23328e-16 2.40304e-16 1.47813e-16 1.09389e-15 1.24613e-10 6.09385e-07 1.89779e-05 4.74981e-05 4.18057e-05 2.37792e-05 1.04902e-05 3.48321e-06 6.34989e-07 0 
0 0.000109426 0.000389356 0.000656502 0.000689529 0.000497996 0.000275712 0.000131022 5.87412e-05 2.67618e-05 1.31518e-05 7.31376e-06 4.76942e-06 3.72886e-06 3.52261e-06 3.99558e-06 5.33743e-06 8.14265e-06 1.36087e-05 2.3556e-05 3.86767e-05 5.05271e-05 3.44232e-05 4.32282e-06 1.13927e-08 3.32057e-14 1.80024e-15 2.40304e-16 1.68647e-16 7.8054e-16 2.23599e-14 3.54632e-11 3.21969e-07 1.26098e-05 3.36854e-05 3.00947e-05 1.71669e-05 7.57645e-06 2.5158e-06 4.58625e-07 0 
0 7.99607e-05 0.000303268 0.000582946 0.000759298 0.000726109 0.000545534 0.000349883 0.000207904 0.000122446 7.52653e-05 5.01812e-05 3.72889e-05 3.1392e-05 3.01115e-05 3.27587e-05 3.98534e-05 5.29876e-05 7.45489e-05 0.000105988 0.00014118 0.00015143 9.20252e-05 1.36835e-05 8.8243e-08 2.73409e-12 1.80119e-15 1.47813e-16 7.8054e-16 1.29948e-16 6.76283e-16 4.01873e-10 6.39889e-07 1.24504e-05 2.62271e-05 2.17704e-05 1.21525e-05 5.33022e-06 1.76683e-06 3.21932e-07 0 
0 5.57577e-05 0.000219824 0.000458664 0.000690403 0.000813515 0.000784328 0.000650611 0.000492271 0.000359251 0.000264705 0.00020372 0.000167592 0.000149386 0.000144992 0.000152776 0.000172971 0.000206798 0.000254554 0.000310853 0.000354705 0.000338273 0.000212898 5.23799e-05 1.8081e-06 2.53485e-09 1.84933e-13 1.09389e-15 2.23599e-14 6.76283e-16 9.3844e-12 2.76604e-08 2.52794e-06 1.51638e-05 2.1302e-05 1.5593e-05 8.3888e-06 3.64088e-06 1.20329e-06 2.19069e-07 0 
0 3.71634e-05 0.000149712 0.000327179 0.000536472 0.000722655 0.000831504 0.000842799 0.000779259 0.0006826 0.000586811 0.00050947 0.000455978 0.000426009 0.000417654 0.000429103 0.000458647 0.000503377 0.000556442 0.000602675 0.000613662 0.000548293 0.000377453 0.000154455 2.37179e-05 8.28527e-07 8.1033e-09 1.24613e-10 3.54632e-11 4.01873e-10 2.76604e-08 1.06281e-06 8.40298e-06 1.74927e-05 1.67408e-05 1.08155e-05 5.60069e-06 2.4036e-06 7.91799e-07 1.4402e-07 0 
0 2.36625e-05 9.63852e-05 0.000215699 0.000369909 0.000536473 0.000685816 0.000792115 0.000844719 0.000850737 0.000827673 0.000793772 0.000762461 0.000741389 0.000733595 0.000738761 0.000753753 0.00077238 0.000784782 0.000777092 0.000732324 0.000633854 0.000474486 0.000276193 0.000106174 2.33932e-05 3.37743e-06 6.09385e-07 3.21969e-07 6.39889e-07 2.52794e-06 8.40298e-06 1.54993e-05 1.64478e-05 1.21031e-05 7.13478e-06 3.58637e-06 1.52498e-06 5.00964e-07 9.10452e-08 0 
0 1.43398e-05 5.87193e-05 0.000132881 0.000232758 0.000349839 0.000471697 0.000584483 0.000676864 0.000743315 0.000784751 0.000806488 0.000815225 0.000816637 0.000814136 0.000808553 0.000798349 0.000780117 0.000749333 0.000701343 0.000632454 0.00054096 0.000428442 0.000302654 0.000181747 9.03311e-05 3.97049e-05 1.89779e-05 1.26098e-05 1.24504e-05 1.51638e-05 1.74927e-05 1.64478e-05 1.24462e-05 7.93413e-06 4.43025e-06 2.18514e-06 9.23357e-07 3.02725e-07 5.49834e-08 0 
0 8.20638e-06 3.36829e-05 7.65952e-05 0.000135398 0.000206685 0.000285333 0.000365125 0.000439839 0.000504458 0.000555981 0.000593495 0.000617601 0.000629572 0.000630625 0.000621521 0.000602509 0.000573548 0.000534675 0.000486363 0.000429737 0.000366587 0.000299329 0.000231217 0.000166925 0.000112423 7.24896e-05 4.74981e-05 3.36854e-05 2.62271e-05 2.1302e-05 1.67408e-05 1.21031e-05 7.93413e-06 4.73236e-06 2.57116e-06 1.25517e-06 5.28456e-07 1.73042e-07 3.14167e-08 0 
0 4.37337e-06 1.79681e-05 4.09407e-05 7.26371e-05 0.000111567 0.000155479 0.000201569 0.000246805 0.000288328 0.000323796 0.000351579 0.000370772 0.000381075 0.000382618 0.000375818 0.000361314 0.000339952 0.0003128 0.000281151 0.000246467 0.000210284 0.000174118 0.000139437 0.000107692 8.02871e-05 5.8264e-05 4.18057e-05 3.00947e-05 2.17704e-05 1.5593e-05 1.08155e-05 7.13478e-06 4.43025e-06 2.57116e-06 1.38e-06 6.70338e-07 2.81696e-07 9.21787e-08 1.67316e-08 0 
0 2.11747e-06 8.7031e-06 1.98454e-05 3.52587e-05 5.42802e-05 7.59087e-05 9.88858e-05 0.000121814 0.000143299 0.000162082 0.000177152 0.000187804 0.000193656 0.000194633 0.000190932 0.000182981 0.000171395 0.000156933 0.000140441 0.000122791 0.000104821 8.72861e-05 7.08261e-05 5.5957e-05 4.30578e-05 3.23353e-05 2.37792e-05 1.71669e-05 1.21525e-05 8.3888e-06 5.60069e-06 3.58637e-06 2.18514e-06 1.25517e-06 6.70338e-07 3.24911e-07 1.36417e-07 4.46243e-08 8.09888e-09 0 
0 8.88599e-07 3.6528e-06 8.33175e-06 1.48101e-05 2.28185e-05 3.19496e-05 4.169e-05 5.14641e-05 6.06861e-05 6.88115e-05 7.53829e-05 8.00633e-05 8.26548e-05 8.31028e-05 8.14882e-05 7.80094e-05 7.29585e-05 6.66916e-05 5.95974e-05 5.20663e-05 4.44624e-05 3.71021e-05 3.02404e-05 2.40643e-05 1.8692e-05 1.41725e-05 1.04902e-05 7.57645e-06 5.33022e-06 3.64088e-06 2.4036e-06 1.52498e-06 9.23357e-07 5.28456e-07 2.81696e-07 1.36417e-07 5.72539e-08 1.87259e-08 3.39836e-09 0 
0 2.90614e-07 1.19471e-06 2.72531e-06 4.84521e-06 7.46726e-06 1.04596e-05 1.36559e-05 1.68691e-05 1.99075e-05 2.25913e-05 2.47673e-05 2.63211e-05 2.71835e-05 2.73344e-05 2.67998e-05 2.56469e-05 2.39747e-05 2.19039e-05 1.95653e-05 1.70893e-05 1.4596e-05 1.21886e-05 9.94875e-06 7.93428e-06 6.17972e-06 4.69792e-06 3.48321e-06 2.5158e-06 1.76683e-06 1.20329e-06 7.91799e-07 5.00964e-07 3.02725e-07 1.73042e-07 9.21787e-08 4.46243e-08 1.87259e-08 6.12419e-09 1.11139e-09 0 
0 5.27392e-08 2.16814e-07 4.94601e-07 8.79384e-07 1.3554e-06 1.89879e-06 2.47947e-06 3.06355e-06 3.61623e-06 4.10478e-06 4.50123e-06 4.78451e-06 4.94189e-06 4.96953e-06 4.87216e-06 4.66207e-06 4.35746e-06 3.98046e-06 3.55504e-06 3.10498e-06 2.65215e-06 2.21526e-06 1.80898e-06 1.44363e-06 1.12525e-06 8.56051e-07 6.34989e-07 4.58625e-07 3.21932e-07 2.19069e-07 1.4402e-07 9.10452e-08 5.49834e-08 3.14167e-08 1.67316e-08 8.09888e-09 3.39836e-09 1.11139e-09 2.01686e-10 0 
0 0 0 0 0 0 0 0 0 0 0 0 0 0 0 0 0 0 0 0 0 0 0 0 0 0 0 0 0 0 0 0 0 0 0 0 0 0 0 0 0 
