0 0 0 0 0 0 0 0 0 0 0 0 0 0 0 0 0 0 0 0 0 0 0 0 0 0 0 0 0 0 0 0 0 0 0 0 0 0 0 0 0 
0 1.33016e-05 5.23426e-05 0.00011022 0.000172449 0.000222265 0.000249323 0.000253604 0.000242062 0.000223069 0.000203094 0.000185987 0.000173566 0.000166446 0.000164657 0.000167985 0.000176058 0.000188277 0.000203636 0.000220518 0.000236583 0.000248873 0.000254242 0.0002501 0.000235271 0.000210586 0.000178846 0.000144052 0.000110212 8.03149e-05 5.58994e-05 3.7214e-05 2.36787e-05 1.43444e-05 8.20755e-06 4.37364e-06 2.11753e-06 8.88607e-07 2.90615e-07 5.27393e-08 0 
0 5.23426e-05 0.000193553 0.000361125 0.000463794 0.000455236 0.000368323 0.000263332 0.000176805 0.000117251 8.00154e-05 5.8041e-05 4.58322e-05 3.99935e-05 3.8795e-05 4.17217e-05 4.92349e-05 6.27195e-05 8.44937e-05 0.000117663 0.000165474 0.00022979 0.000308613 0.000393436 0.0004685 0.000514445 0.000516563 0.000473054 0.000396476 0.000306676 0.000221225 0.000150213 9.65427e-05 5.87632e-05 3.36938e-05 1.79705e-05 8.70355e-06 3.65288e-06 1.19472e-06 2.16814e-07 0 
0 0.00011022 0.000361125 0.000532934 0.000475497 0.000293044 0.000140905 5.87737e-05 2.32165e-05 9.36552e-06 4.12188e-06 2.09221e-06 1.27762e-06 9.63913e-07 9.0747e-07 1.05939e-06 1.50224e-06 2.50591e-06 4.72573e-06 9.64643e-06 2.04076e-05 4.29789e-05 8.70012e-05 0.000164395 0.000282986 0.000434531 0.000584517 0.000680139 0.000682849 0.000597642 0.000465274 0.000329643 0.000216481 0.000133096 7.66473e-05 4.09518e-05 1.98475e-05 8.33207e-06 2.72534e-06 4.94604e-07 0 
0 0.000172449 0.000463794 0.000475497 0.000253116 8.45339e-05 2.07879e-05 4.29231e-06 8.38027e-07 1.73262e-07 4.21203e-08 1.31693e-08 5.67089e-09 3.51081e-09 3.17387e-09 4.14338e-09 7.5436e-09 1.8154e-08 5.40409e-08 1.85065e-07 6.78142e-07 2.48712e-06 8.62374e-06 2.70329e-05 7.41716e-05 0.000174121 0.000343404 0.000558965 0.000740043 0.000796131 0.000710203 0.000544631 0.000372616 0.000233511 0.000135579 7.26748e-05 3.52655e-05 1.48111e-05 4.84533e-06 8.79391e-07 0 
0 0.000222265 0.000455236 0.000293044 8.45339e-05 1.37593e-05 1.51323e-06 1.32391e-07 1.08654e-08 9.85874e-10 1.15335e-10 1.98507e-11 5.55908e-12 2.6977e-12 2.31999e-12 3.47563e-12 8.60865e-12 3.25373e-11 1.69968e-10 1.10121e-09 7.94088e-09 5.76587e-08 3.8692e-07 2.24387e-06 1.07337e-05 4.12095e-05 0.000125299 0.000299078 0.000553389 0.00078364 0.000853923 0.000742399 0.000543639 0.000351908 0.000207184 0.00011167 5.42985e-05 2.28212e-05 7.46756e-06 1.35541e-06 0 
0 0.000249323 0.000368323 0.000140905 2.07879e-05 1.51323e-06 6.6629e-08 2.18575e-09 6.66501e-11 2.36185e-12 1.19933e-13 1.04468e-14 1.7906e-15 6.58052e-16 5.34526e-16 9.36967e-16 3.29714e-15 2.08553e-14 2.0691e-13 2.77456e-12 4.33313e-11 6.86558e-10 9.80215e-09 1.14856e-07 1.03458e-06 6.90115e-06 3.36504e-05 0.000120246 0.000315982 0.000606352 0.00084322 0.000867768 0.00070091 0.000476353 0.000286482 0.000155717 7.59504e-05 3.19556e-05 1.04603e-05 1.89883e-06 0 
0 0.000253604 0.000263332 5.87737e-05 4.29231e-06 1.32391e-07 2.18575e-09 2.50719e-11 2.64961e-13 3.43424e-15 7.14122e-17 3.01164e-18 3.19121e-19 9.77992e-20 7.76214e-20 1.4542e-19 6.85808e-19 7.40013e-18 1.45721e-16 4.25417e-15 1.51835e-13 5.54458e-12 1.77706e-10 4.42725e-09 7.86805e-08 9.48826e-07 7.63369e-06 4.13453e-05 0.000153919 0.000398819 0.000716185 0.00089536 0.000818149 0.000593294 0.000367388 0.000202041 9.89683e-05 4.17018e-05 1.36572e-05 2.47955e-06 0 
0 0.000242062 0.000176805 2.32165e-05 8.38027e-07 1.08654e-08 6.66501e-11 2.64961e-13 9.62299e-16 4.52818e-18 4.17464e-20 2.22756e-21 6.25482e-22 3.38693e-22 2.9528e-22 3.96245e-22 8.55627e-22 4.03084e-21 9.53329e-20 5.9096e-18 4.85035e-16 4.1088e-14 2.97588e-12 1.58723e-10 5.60579e-09 1.231e-07 1.64323e-06 1.34876e-05 7.03895e-05 0.000241686 0.000552964 0.000842454 0.000882626 0.00069121 0.000443722 0.000247631 0.000121959 5.14847e-05 1.68713e-05 3.06367e-06 0 
0 0.000223069 0.000117251 9.36552e-06 1.73262e-07 9.85874e-10 2.36185e-12 3.43424e-15 4.52818e-18 9.31885e-21 1.45699e-22 2.14096e-23 1.22329e-23 9.71493e-24 9.03236e-24 9.71871e-24 1.21862e-23 2.63992e-23 2.18343e-22 1.18255e-20 2.0179e-18 3.79749e-16 5.96231e-14 6.55103e-12 4.44382e-10 1.72644e-08 3.73433e-07 4.55181e-06 3.25985e-05 0.000144474 0.000409948 0.000749277 0.000898969 0.000763866 0.000510364 0.000289616 0.000143525 6.07183e-05 1.99109e-05 3.61642e-06 0 
0 0.000203094 8.00154e-05 4.12188e-06 4.21203e-08 1.15335e-10 1.19933e-13 7.14122e-17 4.17464e-20 1.45699e-22 4.34621e-24 9.76408e-25 7.54911e-25 7.30489e-25 7.05492e-25 6.71794e-25 6.37731e-25 8.63646e-25 3.42564e-24 8.96922e-23 1.57989e-20 5.84083e-18 1.82232e-15 3.80292e-13 4.60561e-11 2.97138e-09 9.87832e-08 1.7128e-06 1.62378e-05 8.98002e-05 0.00030555 0.000651918 0.000883232 0.000811238 0.000564068 0.000325606 0.000162402 6.8857e-05 2.25961e-05 4.10505e-06 0 
0 0.000185987 5.8041e-05 2.09221e-06 1.31693e-08 1.98507e-11 1.04468e-14 3.01164e-18 2.22756e-21 2.14096e-23 9.7641e-25 1.46254e-25 8.675e-26 8.67325e-26 8.49326e-26 7.57637e-26 6.30572e-26 7.19577e-26 2.636e-25 4.82575e-24 4.22952e-22 1.92589e-19 1.04685e-16 3.68786e-14 7.1686e-12 6.99912e-10 3.30698e-08 7.65239e-07 9.12504e-06 6.03551e-05 0.000237016 0.000570909 0.0008536 0.000837863 0.000603605 0.000353898 0.000177566 7.54419e-05 2.47736e-05 4.50158e-06 0 
0 0.000173566 4.58322e-05 1.27762e-06 5.67089e-09 5.55908e-12 1.7906e-15 3.19121e-19 6.25482e-22 1.22329e-23 7.54912e-25 8.67502e-26 2.09045e-26 1.37967e-26 1.25789e-26 1.07585e-26 8.89804e-27 1.3415e-26 7.50045e-26 1.15963e-24 5.87613e-23 1.70116e-20 1.32546e-17 6.81181e-15 1.86268e-12 2.45237e-10 1.49355e-08 4.25794e-07 5.99315e-06 4.50816e-05 0.000195928 0.000513776 0.000824247 0.000849997 0.000629283 0.000373506 0.000188296 8.01335e-05 2.63284e-05 4.78493e-06 0 
0 0.000166446 3.99935e-05 9.63913e-07 3.51081e-09 2.6977e-12 6.58052e-16 9.77992e-20 3.38693e-22 9.71495e-24 7.30491e-25 8.67328e-26 1.37968e-26 3.82415e-27 2.27436e-27 1.81366e-27 1.97259e-27 6.24663e-27 4.68764e-26 6.46007e-25 2.38904e-23 4.57301e-21 4.08617e-18 2.60097e-15 8.63135e-13 1.34649e-10 9.4718e-09 3.04014e-07 4.70186e-06 3.80416e-05 0.000175019 0.000481269 0.000803675 0.000853183 0.000642168 0.000384061 0.000194197 8.2732e-05 2.71917e-05 4.94235e-06 0 
0 0.000164657 3.8795e-05 9.0747e-07 3.17387e-09 2.31999e-12 5.34526e-16 7.76214e-20 2.9528e-22 9.03237e-24 7.05494e-25 8.49329e-26 1.2579e-26 2.27436e-27 6.69936e-28 4.57021e-28 9.66433e-28 5.15676e-27 4.18428e-26 5.64555e-25 1.97093e-23 3.48835e-21 3.1754e-18 2.11305e-15 7.30095e-13 1.18006e-10 8.55544e-09 2.81503e-07 4.44018e-06 3.64725e-05 0.000169811 0.000471831 0.000795474 0.000850865 0.000643384 0.000385655 0.000195185 8.31817e-05 2.73427e-05 4.97e-06 0 
0 0.000167985 4.17217e-05 1.05939e-06 4.14338e-09 3.47563e-12 9.36967e-16 1.4542e-19 3.96245e-22 9.71873e-24 6.71796e-25 7.5764e-26 1.07586e-26 1.81367e-27 4.57021e-28 3.40168e-28 9.70416e-28 5.616e-27 4.79904e-26 7.19549e-25 3.05744e-23 7.00409e-21 6.04714e-18 3.5694e-15 1.1067e-12 1.62706e-10 1.08845e-08 3.35196e-07 5.01542e-06 3.95491e-05 0.000178433 0.000483561 0.000799469 0.000843965 0.000633707 0.000378709 0.000191457 8.15632e-05 2.68078e-05 4.87261e-06 0 
0 0.000176058 4.92349e-05 1.50224e-06 7.5436e-09 8.60865e-12 3.29714e-15 6.85808e-19 8.55628e-22 1.21862e-23 6.37732e-25 6.30574e-26 8.89806e-27 1.97259e-27 9.6643e-28 9.70413e-28 1.93608e-27 8.82199e-27 7.90405e-26 1.51035e-24 9.91772e-23 3.73158e-20 2.5955e-17 1.16997e-14 2.8435e-12 3.37773e-10 1.88532e-08 5.00221e-07 6.6476e-06 4.78235e-05 0.000200965 0.000514304 0.000812282 0.000831059 0.000613495 0.000363893 0.000183447 7.80762e-05 2.5654e-05 4.66248e-06 0 
0 0.000188277 6.27195e-05 2.50591e-06 1.8154e-08 3.25373e-11 2.08553e-14 7.40013e-18 4.03084e-21 2.63993e-23 8.63648e-25 7.19579e-26 1.3415e-26 6.24661e-27 5.15674e-27 5.61598e-27 8.82197e-27 2.89164e-26 2.65283e-25 7.83887e-24 9.96197e-22 4.75474e-19 2.20742e-16 6.69296e-14 1.13675e-11 9.86444e-10 4.21685e-08 8.98418e-07 1.00275e-05 6.3021e-05 0.000238388 0.000560272 0.000827232 0.000808915 0.00058289 0.000342112 0.000171784 7.30142e-05 2.39806e-05 4.3578e-06 0 
0 0.000203636 8.44937e-05 4.72573e-06 5.40409e-08 1.69968e-10 2.0691e-13 1.45721e-16 9.53329e-20 2.18343e-22 3.42564e-24 2.636e-25 7.50044e-26 4.68763e-26 4.18427e-26 4.79902e-26 7.90403e-26 2.65283e-25 2.9819e-24 1.56777e-22 3.51521e-20 1.15907e-17 3.17186e-15 5.85852e-13 6.35368e-11 3.71983e-09 1.13798e-07 1.84128e-06 1.65147e-05 8.76109e-05 0.000290296 0.000613195 0.000833953 0.000773323 0.000542158 0.000314503 0.000157239 6.67354e-05 2.19085e-05 3.98073e-06 0 
0 0.000220518 0.000117663 9.64643e-06 1.85065e-07 1.10121e-09 2.77456e-12 4.25417e-15 5.9096e-18 1.18255e-20 8.96922e-23 4.82575e-24 1.15962e-24 6.46006e-25 5.64554e-25 7.19548e-25 1.51035e-24 7.83886e-24 1.56777e-22 1.42616e-20 2.40947e-18 4.31859e-16 6.46439e-14 6.78359e-12 4.40338e-10 1.64076e-08 3.41465e-07 4.02411e-06 2.80734e-05 0.000122661 0.000349596 0.000656057 0.000818422 0.000720113 0.000492014 0.000282421 0.000140669 5.96301e-05 1.95688e-05 3.55524e-06 0 
0 0.000236583 0.000165474 2.04076e-05 6.78142e-07 7.94088e-09 4.33313e-11 1.51835e-13 4.85035e-16 2.0179e-18 1.57989e-20 4.22952e-22 5.87613e-23 2.38903e-23 1.97093e-23 3.05743e-23 9.91771e-23 9.96197e-22 3.51521e-20 2.40947e-18 2.15795e-16 1.99406e-14 1.5656e-12 8.94403e-11 3.32752e-09 7.55591e-08 1.02677e-06 8.51596e-06 4.51217e-05 0.000160356 0.000392286 0.00065893 0.000764227 0.000646204 0.000433788 0.000247373 0.000122954 5.20899e-05 1.70918e-05 3.10512e-06 0 
0 0.000248873 0.00022979 4.29789e-05 2.48712e-06 5.76587e-08 6.86558e-10 5.54458e-12 4.1088e-14 3.79749e-16 5.84083e-18 1.92589e-19 1.70116e-20 4.57301e-21 3.48835e-21 7.00409e-21 3.73158e-20 4.75474e-19 1.15907e-17 4.31859e-16 1.99406e-14 9.39351e-13 3.80807e-11 1.15677e-09 2.38043e-08 3.13591e-07 2.62947e-06 1.46315e-05 5.76334e-05 0.00016857 0.000367637 0.000581018 0.000656118 0.000550476 0.000369403 0.000210919 0.000104936 4.44793e-05 1.45978e-05 2.65226e-06 0 
0 0.000254242 0.000308613 8.70012e-05 8.62374e-06 3.8692e-07 9.80215e-09 1.77706e-10 2.97588e-12 5.96231e-14 1.82232e-15 1.04685e-16 1.32546e-17 4.08617e-18 3.1754e-18 6.04714e-18 2.5955e-17 2.20742e-16 3.17186e-15 6.46439e-14 1.5656e-12 3.80807e-11 7.98428e-10 1.26257e-08 1.35261e-07 9.249e-07 4.13428e-06 1.3631e-05 3.86493e-05 0.000101006 0.000228516 0.000396312 0.000488507 0.000434854 0.000301306 0.000174575 8.73699e-05 3.71145e-05 1.219e-05 2.21534e-06 0 
0 0.0002501 0.000393436 0.000164395 2.70329e-05 2.24387e-06 1.14856e-07 4.42725e-09 1.58723e-10 6.55103e-12 3.80292e-13 3.68786e-14 6.81181e-15 2.60097e-15 2.11305e-15 3.5694e-15 1.16997e-14 6.69296e-14 5.85852e-13 6.78359e-12 8.94403e-11 1.15677e-09 1.26257e-08 9.91369e-08 4.75018e-07 1.24416e-06 1.93695e-06 2.60961e-06 4.91277e-06 1.51672e-05 5.6448e-05 0.000162219 0.000284186 0.000307049 0.000232693 0.000139788 7.08912e-05 3.025e-05 9.9498e-06 1.80904e-06 0 
0 0.000235271 0.0004685 0.000282986 7.41716e-05 1.07337e-05 1.03458e-06 7.86805e-08 5.60579e-09 4.44382e-10 4.60561e-11 7.1686e-12 1.86268e-12 8.63135e-13 7.30095e-13 1.1067e-12 2.8435e-12 1.13675e-11 6.35368e-11 4.40338e-10 3.32752e-09 2.38043e-08 1.35261e-07 4.75018e-07 7.28329e-07 3.58979e-07 6.76141e-08 1.41189e-08 1.40192e-08 1.04388e-07 2.02638e-06 2.53614e-05 0.000109996 0.000184821 0.000168115 0.000107986 5.60114e-05 2.40722e-05 7.93513e-06 1.44368e-06 0 
0 0.000210586 0.000514445 0.000434531 0.000174121 4.12095e-05 6.90115e-06 9.48826e-07 1.231e-07 1.72644e-08 2.97138e-09 6.99912e-10 2.45237e-10 1.34649e-10 1.18006e-10 1.62706e-10 3.37773e-10 9.86444e-10 3.71983e-09 1.64076e-08 7.55591e-08 3.13591e-07 9.249e-07 1.24416e-06 3.58979e-07 9.89535e-09 3.3194e-11 1.67008e-13 5.10631e-14 3.7723e-12 3.11974e-09 9.25755e-07 2.46393e-05 9.23603e-05 0.000113411 8.05437e-05 4.31049e-05 1.86987e-05 6.18043e-06 1.12529e-06 0 
0 0.000178846 0.000516563 0.000584517 0.000343404 0.000125299 3.36504e-05 7.63369e-06 1.64323e-06 3.73433e-07 9.87832e-08 3.30698e-08 1.49355e-08 9.4718e-09 8.55544e-09 1.08845e-08 1.88532e-08 4.21685e-08 1.13798e-07 3.41465e-07 1.02677e-06 2.62947e-06 4.13428e-06 1.93695e-06 6.76141e-08 3.3194e-11 3.39161e-16 2.56518e-15 2.12026e-15 9.13322e-16 2.62414e-13 9.67872e-09 3.64497e-06 4.09018e-05 7.32798e-05 5.84822e-05 3.23752e-05 1.4178e-05 4.69849e-06 8.56083e-07 0 
0 0.000144052 0.000473054 0.000680139 0.000558965 0.000299078 0.000120246 4.13453e-05 1.34876e-05 4.55181e-06 1.7128e-06 7.65239e-07 4.25794e-07 3.04014e-07 2.81503e-07 3.35196e-07 5.00221e-07 8.98418e-07 1.84128e-06 4.02411e-06 8.51596e-06 1.46315e-05 1.3631e-05 2.60961e-06 1.41189e-08 1.67008e-13 2.56518e-15 3.42594e-16 2.23495e-16 7.02721e-17 3.44368e-16 1.58404e-10 6.72074e-07 1.96722e-05 4.80913e-05 4.19774e-05 2.38103e-05 1.04945e-05 3.48365e-06 6.35013e-07 0 
0 0.000110212 0.000396476 0.000682849 0.000740043 0.000553389 0.000315982 0.000153919 7.03895e-05 3.25985e-05 1.62378e-05 9.12504e-06 5.99315e-06 4.70186e-06 4.44018e-06 5.01542e-06 6.6476e-06 1.00275e-05 1.65147e-05 2.80734e-05 4.51217e-05 5.76334e-05 3.86493e-05 4.91277e-06 1.40192e-08 5.10631e-14 2.12026e-15 2.23495e-16 9.10649e-17 3.1574e-16 1.03728e-14 4.57913e-11 3.56733e-07 1.30829e-05 3.41064e-05 3.02159e-05 1.71885e-05 7.57939e-06 2.5161e-06 4.58642e-07 0 
0 8.03149e-05 0.000306676 0.000597642 0.000796131 0.00078364 0.000606352 0.000398819 0.000241686 0.000144474 8.98002e-05 6.03551e-05 4.50816e-05 3.80416e-05 3.64725e-05 3.95491e-05 4.78235e-05 6.3021e-05 8.76109e-05 0.000122661 0.000160356 0.00016857 0.000101006 1.51672e-05 1.04388e-07 3.7723e-12 9.13322e-16 7.02721e-17 3.1574e-16 8.78358e-17 1.04145e-15 4.95192e-10 6.97081e-07 1.28447e-05 2.65063e-05 2.18454e-05 1.21657e-05 5.332e-06 1.76701e-06 3.21941e-07 0 
0 5.58994e-05 0.000221225 0.000465274 0.000710203 0.000853923 0.00084322 0.000716185 0.000552964 0.000409948 0.00030555 0.000237016 0.000195928 0.000175019 0.000169811 0.000178433 0.000200965 0.000238388 0.000290296 0.000349596 0.000392286 0.000367637 0.000228516 5.6448e-05 2.02638e-06 3.11974e-09 2.62414e-13 3.44369e-16 1.03728e-14 1.04145e-15 1.22393e-11 3.16616e-08 2.67799e-06 1.54987e-05 2.14659e-05 1.56329e-05 8.3957e-06 3.64182e-06 1.20339e-06 2.19074e-07 0 
0 3.7214e-05 0.000150213 0.000329643 0.000544631 0.000742399 0.000867768 0.00089536 0.000842454 0.000749277 0.000651918 0.000570909 0.000513776 0.000481269 0.000471831 0.000483561 0.000514304 0.000560272 0.000613195 0.000656057 0.00065893 0.000581018 0.000396312 0.000162219 2.53614e-05 9.25755e-07 9.67872e-09 1.58404e-10 4.57913e-11 4.95192e-10 3.16616e-08 1.14159e-06 8.67831e-06 1.77201e-05 1.68206e-05 1.08334e-05 5.60379e-06 2.40403e-06 7.91844e-07 1.44023e-07 0 
0 2.36787e-05 9.65427e-05 0.000216481 0.000372616 0.000543639 0.00070091 0.000818149 0.000882626 0.000898969 0.000883232 0.0008536 0.000824247 0.000803675 0.000795474 0.000799469 0.000812282 0.000827232 0.000833953 0.000818422 0.000764227 0.000656118 0.000488507 0.000284186 0.000109996 2.46393e-05 3.64497e-06 6.72074e-07 3.56733e-07 6.97081e-07 2.67799e-06 8.67831e-06 1.57412e-05 1.65569e-05 1.21344e-05 7.14154e-06 3.58756e-06 1.52515e-06 5.00983e-07 9.10463e-08 0 
0 1.43444e-05 5.87632e-05 0.000133096 0.000233511 0.000351908 0.000476353 0.000593294 0.00069121 0.000763866 0.000811238 0.000837863 0.000849997 0.000853183 0.000850865 0.000843965 0.000831059 0.000808915 0.000773323 0.000720113 0.000646204 0.000550476 0.000434854 0.000307049 0.000184821 9.23603e-05 4.09018e-05 1.96722e-05 1.30829e-05 1.28447e-05 1.54987e-05 1.77201e-05 1.65569e-05 1.24838e-05 7.94409e-06 4.43241e-06 2.18554e-06 9.23416e-07 3.02732e-07 5.49837e-08 0 
0 8.20755e-06 3.36938e-05 7.66473e-05 0.000135579 0.000207184 0.000286482 0.000367388 0.000443722 0.000510364 0.000564068 0.000603605 0.000629283 0.000642168 0.000643384 0.000633707 0.000613495 0.00058289 0.000542158 0.000492014 0.000433788 0.000369403 0.000301306 0.000232693 0.000168115 0.000113411 7.32798e-05 4.80913e-05 3.41064e-05 2.65063e-05 2.14659e-05 1.68206e-05 1.21344e-05 7.94409e-06 4.73499e-06 2.57175e-06 1.25528e-06 5.28473e-07 1.73044e-07 3.14168e-08 0 
0 4.37364e-06 1.79705e-05 4.09518e-05 7.26748e-05 0.00011167 0.000155717 0.000202041 0.000247631 0.000289616 0.000325606 0.000353898 0.000373506 0.000384061 0.000385655 0.000378709 0.000363893 0.000342112 0.000314503 0.000282421 0.000247373 0.000210919 0.000174575 0.000139788 0.000107986 8.05437e-05 5.84822e-05 4.19774e-05 3.02159e-05 2.18454e-05 1.56329e-05 1.08334e-05 7.14154e-06 4.43241e-06 2.57175e-06 1.38014e-06 6.70365e-07 2.81701e-07 9.21793e-08 1.67316e-08 0 
0 2.11753e-06 8.70355e-06 1.98475e-05 3.52655e-05 5.42985e-05 7.59504e-05 9.89683e-05 0.000121959 0.000143525 0.000162402 0.000177566 0.000188296 0.000194197 0.000195185 0.000191457 0.000183447 0.000171784 0.000157239 0.000140669 0.000122954 0.000104936 8.73699e-05 7.08912e-05 5.60114e-05 4.31049e-05 3.23752e-05 2.38103e-05 1.71885e-05 1.21657e-05 8.3957e-06 5.60379e-06 3.58756e-06 2.18554e-06 1.25528e-06 6.70365e-07 3.24917e-07 1.36418e-07 4.46244e-08 8.09889e-09 0 
0 8.88607e-07 3.65288e-06 8.33207e-06 1.48111e-05 2.28212e-05 3.19556e-05 4.17018e-05 5.14847e-05 6.07183e-05 6.8857e-05 7.54419e-05 8.01335e-05 8.2732e-05 8.31817e-05 8.15632e-05 7.80762e-05 7.30142e-05 6.67354e-05 5.96301e-05 5.20899e-05 4.44793e-05 3.71145e-05 3.025e-05 2.40722e-05 1.86987e-05 1.4178e-05 1.04945e-05 7.57939e-06 5.332e-06 3.64182e-06 2.40403e-06 1.52515e-06 9.23416e-07 5.28473e-07 2.81701e-07 1.36418e-07 5.72541e-08 1.87259e-08 3.39836e-09 0 
0 2.90615e-07 1.19472e-06 2.72534e-06 4.84533e-06 7.46756e-06 1.04603e-05 1.36572e-05 1.68713e-05 1.99109e-05 2.25961e-05 2.47736e-05 2.63284e-05 2.71917e-05 2.73427e-05 2.68078e-05 2.5654e-05 2.39806e-05 2.19085e-05 1.95688e-05 1.70918e-05 1.45978e-05 1.219e-05 9.9498e-06 7.93513e-06 6.18043e-06 4.69849e-06 3.48365e-06 2.5161e-06 1.76701e-06 1.20339e-06 7.91844e-07 5.00983e-07 3.02732e-07 1.73044e-07 9.21793e-08 4.46244e-08 1.87259e-08 6.1242e-09 1.11139e-09 0 
0 5.27393e-08 2.16814e-07 4.94604e-07 8.79391e-07 1.35541e-06 1.89883e-06 2.47955e-06 3.06367e-06 3.61642e-06 4.10505e-06 4.50158e-06 4.78493e-06 4.94235e-06 4.97e-06 4.87261e-06 4.66248e-06 4.3578e-06 3.98073e-06 3.55524e-06 3.10512e-06 2.65226e-06 2.21534e-06 1.80904e-06 1.44368e-06 1.12529e-06 8.56083e-07 6.35013e-07 4.58642e-07 3.21941e-07 2.19074e-07 1.44023e-07 9.10463e-08 5.49837e-08 3.14168e-08 1.67316e-08 8.09889e-09 3.39836e-09 1.11139e-09 2.01686e-10 0 
0 0 0 0 0 0 0 0 0 0 0 0 0 0 0 0 0 0 0 0 0 0 0 0 0 0 0 0 0 0 0 0 0 0 0 0 0 0 0 0 0 
