0 0 0 0 0 0 0 0 0 0 0 0 0 0 0 0 0 0 0 0 0 0 0 0 0 0 0 0 0 0 0 0 0 0 0 0 0 0 0 0 0 
0 1.32741e-05 5.21082e-05 0.000109275 0.000169972 0.000217532 0.000242216 0.000244657 0.000232073 0.000212733 0.000192849 0.00017602 0.00016389 0.000156971 0.000155252 0.00015851 0.000166404 0.00017839 0.000193545 0.000210361 0.000226617 0.000239457 0.00024579 0.000242991 0.000229744 0.000206667 0.000176342 0.000142623 0.000109487 7.99885e-05 5.57689e-05 3.71675e-05 2.36638e-05 1.43401e-05 8.20647e-06 4.37339e-06 2.11748e-06 8.886e-07 2.90614e-07 5.27392e-08 0 
0 5.21082e-05 0.000191574 0.000353845 0.000448085 0.000432843 0.000344817 0.000243152 0.000161328 0.000105909 7.16686e-05 5.16433e-05 4.0591e-05 3.53296e-05 3.42563e-05 3.69e-05 4.36954e-05 5.59424e-05 7.58367e-05 0.00010637 0.000150775 0.000211154 0.000286144 0.000368297 0.00044304 0.000491654 0.000498895 0.000461361 0.000389908 0.000303534 0.000219934 0.000149751 9.63978e-05 5.87228e-05 3.36838e-05 1.79683e-05 8.70313e-06 3.65281e-06 1.19471e-06 2.16814e-07 0 
0 0.000109275 0.000353845 0.000511885 0.000445318 0.000267578 0.00012575 5.13745e-05 1.99067e-05 7.88982e-06 3.41919e-06 1.71398e-06 1.03735e-06 7.78771e-07 7.3254e-07 8.57814e-07 1.22448e-06 2.06222e-06 3.93514e-06 8.13978e-06 1.74624e-05 3.72981e-05 7.65571e-05 0.000146659 0.000256017 0.000399035 0.000545519 0.000645528 0.000658514 0.000584085 0.000459183 0.000327374 0.000215762 0.000132898 7.65994e-05 4.09416e-05 1.98456e-05 8.33178e-06 2.72531e-06 4.94602e-07 0 
0 0.000169972 0.000448085 0.000445318 0.000228973 7.39917e-05 1.76261e-05 3.52583e-06 6.67217e-07 1.33954e-07 3.17314e-08 9.71471e-09 4.1209e-09 2.52999e-09 2.28379e-09 2.99677e-09 5.51694e-09 1.3492e-08 4.09689e-08 1.4347e-07 5.38239e-07 2.02093e-06 7.16636e-06 2.2936e-05 6.41427e-05 0.000153337 0.000308142 0.000512066 0.000693303 0.000762108 0.000691941 0.000537114 0.000370124 0.000232818 0.000135413 7.26401e-05 3.52592e-05 1.48102e-05 4.84522e-06 8.79385e-07 0 
0 0.000217532 0.000432843 0.000267578 7.39917e-05 1.15388e-05 1.2131e-06 1.01266e-07 7.93113e-09 6.88613e-10 7.74894e-11 1.29236e-11 3.53863e-12 1.69583e-12 1.45512e-12 2.19674e-12 5.5321e-12 2.14186e-11 1.15269e-10 7.7233e-10 5.77061e-09 4.34197e-08 3.0149e-07 1.80421e-06 8.8743e-06 3.49087e-05 0.000108493 0.000264729 0.000502029 0.000730405 0.000816607 0.000724195 0.000537039 0.000350004 0.000206725 0.000111575 5.42816e-05 2.28187e-05 7.46728e-06 1.3554e-06 0 
0 0.000242216 0.000344817 0.00012575 1.76261e-05 1.2131e-06 5.02306e-08 1.5447e-09 4.41637e-11 1.47295e-12 7.0903e-14 5.91381e-15 9.82593e-16 3.54883e-16 2.87366e-16 5.09111e-16 1.8332e-15 1.19875e-14 1.23915e-13 1.74035e-12 2.85445e-11 4.75139e-10 7.11403e-09 8.71088e-08 8.15972e-07 5.62853e-06 2.82296e-05 0.000103402 0.000278578 0.000549975 0.000788752 0.000834299 0.000687001 0.000472068 0.000285425 0.000155499 7.59121e-05 3.19501e-05 1.04597e-05 1.8988e-06 0 
0 0.000244657 0.000243152 5.13745e-05 3.52583e-06 1.01266e-07 1.5447e-09 1.63021e-11 1.58553e-13 1.90048e-15 3.68823e-17 1.47925e-18 1.59867e-19 5.41393e-20 4.42513e-20 7.63498e-20 3.3597e-19 3.69131e-18 7.65459e-17 2.37263e-15 9.02138e-14 3.51125e-12 1.19693e-10 3.15802e-09 5.9083e-08 7.44723e-07 6.2155e-06 3.46914e-05 0.000132622 0.000353386 0.000655446 0.000846793 0.000794142 0.000585181 0.000365306 0.000201607 9.88925e-05 4.16909e-05 1.3656e-05 2.47948e-06 0 
0 0.000232073 0.000161328 1.99067e-05 6.67217e-07 7.93113e-09 4.41637e-11 1.58553e-13 5.20159e-16 2.22629e-18 2.07755e-20 1.61212e-21 5.15773e-22 2.9978e-22 2.66694e-22 3.38551e-22 6.79234e-22 2.55541e-21 4.57063e-20 2.93327e-18 2.6008e-16 2.38238e-14 1.86106e-12 1.06521e-10 4.00885e-09 9.30181e-08 1.29997e-06 1.10713e-05 5.9544e-05 0.000210286 0.000496674 0.000783993 0.000847642 0.000677993 0.000440148 0.000246871 0.000121826 5.14658e-05 1.68693e-05 3.06356e-06 0 
0 0.000212733 0.000105909 7.88982e-06 1.33954e-07 6.88613e-10 1.47295e-12 1.90048e-15 2.22629e-18 4.66654e-21 1.06146e-22 2.29996e-23 1.53182e-23 1.24436e-23 1.16554e-23 1.23465e-23 1.48416e-23 2.41884e-23 1.43617e-22 5.59541e-21 9.83343e-19 2.02721e-16 3.47845e-14 4.15226e-12 3.03551e-10 1.25878e-08 2.87581e-07 3.66305e-06 2.71599e-05 0.000123981 0.000362882 0.000687533 0.000854421 0.000744923 0.000504927 0.000288431 0.000143317 6.06887e-05 1.99078e-05 3.61624e-06 0 
0 0.000192849 7.16686e-05 3.41919e-06 3.17314e-08 7.74894e-11 7.0903e-14 3.68823e-17 2.07755e-20 1.06146e-22 4.66819e-24 1.40351e-24 1.23578e-24 1.20229e-24 1.16294e-24 1.10892e-24 1.02298e-24 1.09807e-24 3.10593e-24 5.43335e-23 7.33912e-21 2.90047e-18 1.0004e-15 2.29282e-13 3.02219e-11 2.09966e-09 7.42966e-08 1.35488e-06 1.33606e-05 7.62703e-05 0.000267602 0.000591579 0.000831881 0.000786812 0.000556621 0.000323941 0.000162107 6.88152e-05 2.25916e-05 4.1048e-06 0 
0 0.00017602 5.16433e-05 1.71398e-06 9.71471e-09 1.29236e-11 5.91381e-15 1.47925e-18 1.61212e-21 2.29996e-23 1.40351e-24 2.60252e-25 1.71584e-25 1.71058e-25 1.67117e-25 1.50137e-25 1.2211e-25 1.14326e-25 2.99773e-25 3.79394e-24 2.35048e-22 9.08759e-20 5.47269e-17 2.13602e-14 4.55498e-12 4.82297e-10 2.4405e-08 5.97063e-07 7.43561e-06 5.08807e-05 0.000206066 0.000513936 0.000798273 0.000808918 0.000594293 0.000351764 0.000177185 7.53876e-05 2.47678e-05 4.50126e-06 0 
0 0.00016389 4.0591e-05 1.03735e-06 4.1209e-09 3.53863e-12 9.82593e-16 1.59867e-19 5.15773e-22 1.53182e-23 1.23579e-24 1.71584e-25 4.74685e-26 3.18347e-26 2.87327e-26 2.46612e-26 1.96225e-26 2.33588e-26 9.72048e-26 1.13415e-24 4.0087e-23 8.08048e-21 6.69534e-18 3.83591e-15 1.15717e-12 1.66044e-10 1.08772e-08 3.29064e-07 4.85141e-06 3.78228e-05 0.00016958 0.000460159 0.000767087 0.000817909 0.000618521 0.00037099 0.000187843 8.0069e-05 2.63216e-05 4.78454e-06 0 
0 0.000156971 3.53296e-05 7.78771e-07 2.52999e-09 1.69583e-12 3.54883e-16 5.41393e-20 2.9978e-22 1.24436e-23 1.20229e-24 1.71059e-25 3.18348e-26 9.89106e-27 5.98103e-27 4.69648e-27 4.50293e-27 1.066e-26 6.39731e-26 6.84324e-25 1.7725e-23 2.30351e-21 2.02719e-18 1.44295e-15 5.29885e-13 9.03342e-11 6.85115e-09 2.3382e-07 3.79394e-06 3.18469e-05 0.000151181 0.000429996 0.000746041 0.000819452 0.000630563 0.000381313 0.000193699 8.2661e-05 2.71842e-05 4.94193e-06 0 
0 0.000155252 3.42563e-05 7.3254e-07 2.28379e-09 1.45512e-12 2.87366e-16 4.42513e-20 2.66694e-22 1.16554e-23 1.16294e-24 1.67117e-25 2.87328e-26 5.98104e-27 1.93578e-27 1.24272e-27 2.00757e-27 8.53743e-27 5.74946e-26 6.0575e-25 1.48765e-23 1.79109e-21 1.57257e-18 1.17066e-15 4.47806e-13 7.91284e-11 6.18724e-09 2.1653e-07 3.58399e-06 3.05467e-05 0.00014673 0.000421561 0.000738213 0.000816963 0.000631629 0.00038286 0.000194677 8.31092e-05 2.73351e-05 4.96957e-06 0 
0 0.00015851 3.69e-05 8.57814e-07 2.99677e-09 2.19674e-12 5.09111e-16 7.63498e-20 3.38551e-22 1.23465e-23 1.10892e-24 1.50137e-25 2.46613e-26 4.69649e-27 1.24272e-27 7.99734e-28 1.83292e-27 8.97457e-27 6.38811e-26 7.42884e-25 2.20012e-23 3.43807e-21 3.03572e-18 2.00083e-15 6.85418e-13 1.09968e-10 7.92159e-09 2.59115e-07 4.06394e-06 3.3224e-05 0.000154576 0.000433037 0.000743298 0.000811281 0.00062248 0.000376048 0.000190974 8.14942e-05 2.68005e-05 4.8722e-06 0 
0 0.000166404 4.36954e-05 1.22448e-06 5.51694e-09 5.5321e-12 1.8332e-15 3.3597e-19 6.79235e-22 1.48416e-23 1.02298e-24 1.2211e-25 1.96225e-26 4.50293e-27 2.00757e-27 1.83291e-27 3.30226e-27 1.29463e-26 9.43982e-26 1.36314e-24 6.33023e-23 1.76511e-20 1.34005e-17 6.7149e-15 1.79556e-12 2.31889e-10 1.38916e-08 3.90389e-07 5.42559e-06 4.04014e-05 0.000174941 0.000462681 0.00075814 0.000800874 0.000603373 0.00036152 0.000183018 7.80148e-05 2.56475e-05 4.66211e-06 0 
0 0.00017839 5.59424e-05 2.06222e-06 1.3492e-08 2.14186e-11 1.19875e-14 3.69131e-18 2.55541e-21 2.41884e-23 1.09807e-24 1.14326e-25 2.33588e-26 1.06599e-26 8.53741e-27 8.97455e-27 1.29463e-26 3.62885e-26 2.59677e-25 5.51539e-24 5.06081e-22 2.30323e-19 1.1866e-16 3.97296e-14 7.37974e-12 6.92534e-10 3.16258e-08 7.10823e-07 8.27022e-06 5.3681e-05 0.000209033 0.000507522 0.000776509 0.000782345 0.000574284 0.000340124 0.000171426 7.2963e-05 2.39752e-05 4.35749e-06 0 
0 0.000193545 7.58367e-05 3.93514e-06 4.09689e-08 1.15269e-10 1.23915e-13 7.65459e-17 4.57063e-20 1.43618e-22 3.10593e-24 2.99773e-25 9.72047e-26 6.3973e-26 5.74945e-26 6.38809e-26 9.4398e-26 2.59677e-25 2.15613e-24 8.40159e-23 1.6505e-20 5.93816e-18 1.79191e-15 3.62551e-13 4.26904e-11 2.68542e-09 8.72672e-08 1.48243e-06 1.38069e-05 7.54578e-05 0.0002571 0.000560605 0.000788503 0.000751194 0.000535265 0.000312936 0.000156958 6.66951e-05 2.19042e-05 3.98049e-06 0 
0 0.000210361 0.00010637 8.13978e-06 1.4347e-07 7.7233e-10 1.74035e-12 2.37263e-15 2.93327e-18 5.59541e-21 5.43335e-23 3.79394e-24 1.13415e-24 6.84323e-25 6.05749e-25 7.42883e-25 1.36314e-24 5.51538e-24 8.40159e-23 6.64526e-21 1.20363e-18 2.36293e-16 3.86298e-14 4.40135e-12 3.0772e-10 1.22323e-08 2.68749e-07 3.30784e-06 2.3867e-05 0.000107158 0.000313636 0.000606621 0.000780235 0.000702803 0.000486809 0.000281252 0.000140459 5.96e-05 1.95656e-05 3.55506e-06 0 
0 0.000226617 0.000150775 1.74624e-05 5.38239e-07 5.77061e-09 2.85445e-11 9.02138e-14 2.6008e-16 9.83343e-19 7.33912e-21 2.35048e-22 4.0087e-23 1.7725e-23 1.48765e-23 2.20011e-23 6.33022e-23 5.06081e-22 1.6505e-20 1.20363e-18 1.16773e-16 1.16984e-14 9.93226e-13 6.1046e-11 2.426e-09 5.8339e-08 8.31635e-07 7.16673e-06 3.91251e-05 0.000142539 0.00035743 0.000617032 0.000734759 0.000633524 0.000430056 0.000246539 0.000122804 5.20682e-05 1.70895e-05 3.10499e-06 0 
0 0.000239457 0.000211154 3.72981e-05 2.02093e-06 4.34197e-08 4.75139e-10 3.51125e-12 2.38238e-14 2.02721e-16 2.90047e-18 9.08759e-20 8.08048e-21 2.30351e-21 1.79109e-21 3.43807e-21 1.76511e-20 2.30323e-19 5.93816e-18 2.36293e-16 1.16984e-14 5.91334e-13 2.56715e-11 8.31405e-10 1.81244e-08 2.50972e-07 2.19331e-06 1.26161e-05 5.10271e-05 0.000152657 0.000340418 0.000550739 0.000635554 0.000541698 0.000366808 0.000210334 0.00010483 4.44638e-05 1.45961e-05 2.65216e-06 0 
0 0.00024579 0.000286144 7.65571e-05 7.16636e-06 3.0149e-07 7.11403e-09 1.19693e-10 1.86106e-12 3.47845e-14 1.0004e-15 5.47269e-17 6.69534e-18 2.02719e-18 1.57257e-18 3.03572e-18 1.34005e-17 1.1866e-16 1.79191e-15 3.86298e-14 9.93226e-13 2.56715e-11 5.71036e-10 9.54193e-09 1.07361e-07 7.65086e-07 3.53558e-06 1.19719e-05 3.47225e-05 9.26707e-05 0.00021404 0.000378858 0.00047555 0.000428935 0.000299482 0.000174154 8.72927e-05 3.71031e-05 1.21887e-05 2.21527e-06 0 
0 0.000242991 0.000368297 0.000146659 2.2936e-05 1.80421e-06 8.71088e-08 3.15802e-09 1.06521e-10 4.15226e-12 2.29282e-13 2.13602e-14 3.83591e-15 1.44295e-15 1.17066e-15 2.00083e-15 6.7149e-15 3.97296e-14 3.62551e-13 4.40135e-12 6.1046e-11 8.31405e-10 9.54193e-09 7.84483e-08 3.90642e-07 1.05258e-06 1.6692e-06 2.27993e-06 4.36433e-06 1.37893e-05 5.26747e-05 0.000155028 0.000276792 0.000302988 0.00023133 0.000139464 7.08312e-05 3.02411e-05 9.94883e-06 1.80898e-06 0 
0 0.000229744 0.00044304 0.000256017 6.41427e-05 8.8743e-06 8.15972e-07 5.9083e-08 4.00885e-09 3.03551e-10 3.02219e-11 4.55498e-12 1.15717e-12 5.29885e-13 4.47806e-13 6.85418e-13 1.79556e-12 7.37974e-12 4.26904e-11 3.0772e-10 2.426e-09 1.81244e-08 1.07361e-07 3.90642e-07 6.12794e-07 3.0324e-07 5.63453e-08 1.15845e-08 1.15707e-08 8.93576e-08 1.82357e-06 2.38372e-05 0.000106457 0.000181978 0.000167015 0.000107714 5.59611e-05 2.40649e-05 7.93435e-06 1.44363e-06 0 
0 0.000206667 0.000491654 0.000399035 0.000153337 3.49087e-05 5.62853e-06 7.44723e-07 9.30181e-08 1.25878e-08 2.09966e-09 4.82297e-10 1.66044e-10 9.03342e-11 7.91284e-11 1.09968e-10 2.31889e-10 6.92534e-10 2.68542e-09 1.22323e-08 5.8339e-08 2.50972e-07 7.65086e-07 1.05258e-06 3.0324e-07 8.03506e-09 2.50211e-11 1.15361e-13 3.42989e-14 2.80063e-12 2.57444e-09 8.3542e-07 2.34841e-05 9.04818e-05 0.000112497 8.03064e-05 4.30613e-05 1.86925e-05 6.17977e-06 1.12526e-06 0 
0 0.000176342 0.000498895 0.000545519 0.000308142 0.000108493 2.82296e-05 6.2155e-06 1.29997e-06 2.87581e-07 7.42966e-08 2.4405e-08 1.08772e-08 6.85115e-09 6.18724e-09 7.92159e-09 1.38916e-08 3.16258e-08 8.72672e-08 2.68749e-07 8.31635e-07 2.19331e-06 3.53558e-06 1.6692e-06 5.63453e-08 2.50211e-11 2.72489e-16 2.67234e-15 1.8227e-15 1.71305e-15 1.89829e-13 8.2115e-09 3.39671e-06 3.97932e-05 7.25485e-05 5.82803e-05 3.23383e-05 1.41729e-05 4.69796e-06 8.56053e-07 0 
0 0.000142623 0.000461361 0.000645528 0.000512066 0.000264729 0.000103402 3.46914e-05 1.10713e-05 3.66305e-06 1.35488e-06 5.97063e-07 3.29064e-07 2.3382e-07 2.1653e-07 2.59115e-07 3.90389e-07 7.10823e-07 1.48243e-06 3.30784e-06 7.16673e-06 1.26161e-05 1.19719e-05 2.27993e-06 1.15845e-08 1.15361e-13 2.67234e-15 4.17347e-16 2.38578e-16 1.38938e-16 1.00102e-15 1.26866e-10 6.13857e-07 1.90289e-05 4.75422e-05 4.18186e-05 2.37815e-05 1.04905e-05 3.48325e-06 6.34991e-07 0 
0 0.000109487 0.000389908 0.000658514 0.000693303 0.000502029 0.000278578 0.000132622 5.9544e-05 2.71599e-05 1.33606e-05 7.43561e-06 4.85141e-06 3.79394e-06 3.58399e-06 4.06394e-06 5.42559e-06 8.27022e-06 1.38069e-05 2.3867e-05 3.91251e-05 5.10271e-05 3.47225e-05 4.36433e-06 1.15707e-08 3.42989e-14 1.8227e-15 2.38578e-16 1.60038e-16 7.3016e-16 2.1152e-14 3.61476e-11 3.24444e-07 1.26445e-05 3.37167e-05 3.01037e-05 1.71685e-05 7.57667e-06 2.51582e-06 4.58627e-07 0 
0 7.99885e-05 0.000303534 0.000584085 0.000762108 0.000730405 0.000549975 0.000353386 0.000210286 0.000123981 7.62703e-05 5.08807e-05 3.78228e-05 3.18469e-05 3.05467e-05 3.3224e-05 4.04014e-05 5.3681e-05 7.54578e-05 0.000107158 0.000142539 0.000152657 9.26707e-05 1.37893e-05 8.93576e-08 2.80063e-12 1.71305e-15 1.38938e-16 7.30159e-16 1.24707e-16 6.97766e-16 4.0819e-10 6.43993e-07 1.24794e-05 2.62479e-05 2.1776e-05 1.21535e-05 5.33035e-06 1.76684e-06 3.21932e-07 0 
0 5.57689e-05 0.000219934 0.000459183 0.000691941 0.000816607 0.000788752 0.000655446 0.000496674 0.000362882 0.000267602 0.000206066 0.00016958 0.000151181 0.00014673 0.000154576 0.000174941 0.000209033 0.0002571 0.000313636 0.00035743 0.000340418 0.00021404 5.26747e-05 1.82357e-06 2.57444e-09 1.89829e-13 1.00102e-15 2.1152e-14 6.97766e-16 9.57229e-12 2.79409e-08 2.53885e-06 1.51885e-05 2.13142e-05 1.5596e-05 8.38931e-06 3.64095e-06 1.2033e-06 2.1907e-07 0 
0 3.71675e-05 0.000149751 0.000327374 0.000537114 0.000724195 0.000834299 0.000846793 0.000783993 0.000687533 0.000591579 0.000513936 0.000460159 0.000429996 0.000421561 0.000433037 0.000462681 0.000507522 0.000560605 0.000606621 0.000617032 0.000550739 0.000378858 0.000155028 2.38372e-05 8.3542e-07 8.2115e-09 1.26866e-10 3.61476e-11 4.0819e-10 2.79409e-08 1.0685e-06 8.42323e-06 1.75096e-05 1.67467e-05 1.08168e-05 5.60092e-06 2.40363e-06 7.91802e-07 1.4402e-07 0 
0 2.36638e-05 9.63978e-05 0.000215762 0.000370124 0.000537039 0.000687001 0.000794142 0.000847642 0.000854421 0.000831881 0.000798273 0.000767087 0.000746041 0.000738213 0.000743298 0.00075814 0.000776509 0.000788503 0.000780235 0.000734759 0.000635554 0.00047555 0.000276792 0.000106457 2.34841e-05 3.39671e-06 6.13857e-07 3.24444e-07 6.43993e-07 2.53885e-06 8.42323e-06 1.55173e-05 1.64559e-05 1.21054e-05 7.13528e-06 3.58646e-06 1.52499e-06 5.00966e-07 9.10453e-08 0 
0 1.43401e-05 5.87228e-05 0.000132898 0.000232818 0.000350004 0.000472068 0.000585181 0.000677993 0.000744923 0.000786812 0.000808918 0.000817909 0.000819452 0.000816963 0.000811281 0.000800874 0.000782345 0.000751194 0.000702803 0.000633524 0.000541698 0.000428935 0.000302988 0.000181978 9.04818e-05 3.97932e-05 1.90289e-05 1.26445e-05 1.24794e-05 1.51885e-05 1.75096e-05 1.64559e-05 1.2449e-05 7.93487e-06 4.43041e-06 2.18517e-06 9.23361e-07 3.02726e-07 5.49834e-08 0 
0 8.20647e-06 3.36838e-05 7.65994e-05 0.000135413 0.000206725 0.000285425 0.000365306 0.000440148 0.000504927 0.000556621 0.000594293 0.000618521 0.000630563 0.000631629 0.00062248 0.000603373 0.000574284 0.000535265 0.000486809 0.000430056 0.000366808 0.000299482 0.00023133 0.000167015 0.000112497 7.25485e-05 4.75422e-05 3.37167e-05 2.62479e-05 2.13142e-05 1.67467e-05 1.21054e-05 7.93487e-06 4.73255e-06 2.57121e-06 1.25518e-06 5.28457e-07 1.73043e-07 3.14167e-08 0 
0 4.37339e-06 1.79683e-05 4.09416e-05 7.26401e-05 0.000111575 0.000155499 0.000201607 0.000246871 0.000288431 0.000323941 0.000351764 0.00037099 0.000381313 0.00038286 0.000376048 0.00036152 0.000340124 0.000312936 0.000281252 0.000246539 0.000210334 0.000174154 0.000139464 0.000107714 8.03064e-05 5.82803e-05 4.18186e-05 3.01037e-05 2.1776e-05 1.5596e-05 1.08168e-05 7.13528e-06 4.43041e-06 2.57121e-06 1.38001e-06 6.7034e-07 2.81696e-07 9.21788e-08 1.67316e-08 0 
0 2.11748e-06 8.70313e-06 1.98456e-05 3.52592e-05 5.42816e-05 7.59121e-05 9.88925e-05 0.000121826 0.000143317 0.000162107 0.000177185 0.000187843 0.000193699 0.000194677 0.000190974 0.000183018 0.000171426 0.000156958 0.000140459 0.000122804 0.00010483 8.72927e-05 7.08312e-05 5.59611e-05 4.30613e-05 3.23383e-05 2.37815e-05 1.71685e-05 1.21535e-05 8.38931e-06 5.60092e-06 3.58646e-06 2.18517e-06 1.25518e-06 6.7034e-07 3.24911e-07 1.36417e-07 4.46243e-08 8.09888e-09 0 
0 8.886e-07 3.65281e-06 8.33178e-06 1.48102e-05 2.28187e-05 3.19501e-05 4.16909e-05 5.14658e-05 6.06887e-05 6.88152e-05 7.53876e-05 8.0069e-05 8.2661e-05 8.31092e-05 8.14942e-05 7.80148e-05 7.2963e-05 6.66951e-05 5.96e-05 5.20682e-05 4.44638e-05 3.71031e-05 3.02411e-05 2.40649e-05 1.86925e-05 1.41729e-05 1.04905e-05 7.57667e-06 5.33035e-06 3.64095e-06 2.40363e-06 1.52499e-06 9.23361e-07 5.28457e-07 2.81696e-07 1.36417e-07 5.72539e-08 1.87259e-08 3.39836e-09 0 
0 2.90614e-07 1.19471e-06 2.72531e-06 4.84522e-06 7.46728e-06 1.04597e-05 1.3656e-05 1.68693e-05 1.99078e-05 2.25916e-05 2.47678e-05 2.63216e-05 2.71842e-05 2.73351e-05 2.68005e-05 2.56475e-05 2.39752e-05 2.19042e-05 1.95656e-05 1.70895e-05 1.45961e-05 1.21887e-05 9.94883e-06 7.93435e-06 6.17977e-06 4.69796e-06 3.48325e-06 2.51582e-06 1.76684e-06 1.2033e-06 7.91802e-07 5.00966e-07 3.02726e-07 1.73043e-07 9.21788e-08 4.46243e-08 1.87259e-08 6.12419e-09 1.11139e-09 0 
0 5.27392e-08 2.16814e-07 4.94602e-07 8.79385e-07 1.3554e-06 1.8988e-06 2.47948e-06 3.06356e-06 3.61624e-06 4.1048e-06 4.50126e-06 4.78454e-06 4.94193e-06 4.96957e-06 4.8722e-06 4.66211e-06 4.35749e-06 3.98049e-06 3.55506e-06 3.10499e-06 2.65216e-06 2.21527e-06 1.80898e-06 1.44363e-06 1.12526e-06 8.56053e-07 6.34991e-07 4.58627e-07 3.21932e-07 2.1907e-07 1.4402e-07 9.10453e-08 5.49834e-08 3.14167e-08 1.67316e-08 8.09888e-09 3.39836e-09 1.11139e-09 2.01686e-10 0 
0 0 0 0 0 0 0 0 0 0 0 0 0 0 0 0 0 0 0 0 0 0 0 0 0 0 0 0 0 0 0 0 0 0 0 0 0 0 0 0 0 
