0 0 0 0 0 0 0 0 0 0 0 0 0 0 0 0 0 0 0 0 0 0 0 0 0 0 0 0 0 0 0 0 0 0 0 0 0 0 0 0 0 
0 1.31677e-05 5.12113e-05 0.000105743 0.000161006 0.000201049 0.000218414 0.000215716 0.000200688 0.000180998 0.000161934 0.000146321 0.000135296 0.000129098 0.000127605 0.000130593 0.000137798 0.000148835 0.00016302 0.000179169 0.000195439 0.000209342 0.000218039 0.000218924 0.000210376 0.000192404 0.000166854 0.000136981 0.000106509 7.85981e-05 5.51941e-05 3.69567e-05 2.3595e-05 1.43201e-05 8.20129e-06 4.37221e-06 2.11724e-06 8.88561e-07 2.9061e-07 5.27389e-08 0 
0 5.12113e-05 0.000184144 0.000327556 0.000394493 0.000361176 0.000273958 0.000185273 0.000118643 7.55612e-05 4.98445e-05 3.51968e-05 2.72702e-05 2.35486e-05 2.28036e-05 2.4688e-05 2.95505e-05 3.84241e-05 5.30956e-05 7.61084e-05 0.000110442 0.000158548 0.000220543 0.000291921 0.00036202 0.000415223 0.000436187 0.000417377 0.000363776 0.000290387 0.000214292 0.000147662 9.57226e-05 5.85307e-05 3.36354e-05 1.79576e-05 8.70107e-06 3.65248e-06 1.19467e-06 2.16811e-07 0 
0 0.000105743 0.000327556 0.000440927 0.000352299 0.000195557 8.57931e-05 3.29256e-05 1.20257e-05 4.51048e-06 1.86156e-06 8.96771e-07 5.27486e-07 3.89767e-07 3.65624e-07 4.32415e-07 6.30504e-07 1.09488e-06 2.16923e-06 4.67895e-06 1.04857e-05 2.33863e-05 5.00347e-05 9.97269e-05 0.000181094 0.000294442 0.000422279 0.000527228 0.000568365 0.00052996 0.000433268 0.00031723 0.000212424 0.000131954 7.63662e-05 4.08912e-05 1.98362e-05 8.33032e-06 2.72514e-06 4.94591e-07 0 
0 0.000161006 0.000394493 0.000352299 0.000162294 4.74451e-05 1.02527e-05 1.85701e-06 3.18225e-07 5.81513e-08 1.26723e-08 3.62498e-09 1.46467e-09 8.75182e-10 7.86224e-10 1.04903e-09 2.002e-09 5.15769e-09 1.66996e-08 6.28455e-08 2.54245e-07 1.02875e-06 3.91478e-06 1.3355e-05 3.9513e-05 9.94042e-05 0.000210283 0.000370608 0.000537885 0.000636903 0.000618281 0.000504498 0.000358727 0.000229531 0.000134605 7.24688e-05 3.5228e-05 1.48055e-05 4.84468e-06 8.79351e-07 0 
0 0.000201049 0.000361176 0.000195557 4.74451e-05 6.48042e-06 5.90946e-07 4.24562e-08 2.86033e-09 2.15386e-10 2.13693e-11 3.21701e-12 8.1846e-13 3.76458e-13 3.20647e-13 4.96387e-13 1.31983e-12 5.52741e-12 3.27721e-11 2.44851e-10 2.05201e-09 1.73185e-08 1.34176e-07 8.87247e-07 4.76015e-06 2.01409e-05 6.65904e-05 0.000172403 0.000350109 0.000553836 0.00067737 0.000649022 0.00050766 0.000341092 0.000204506 0.000111107 5.41977e-05 2.28062e-05 7.46589e-06 1.35531e-06 0 
0 0.000218414 0.000273958 8.57931e-05 1.02527e-05 5.90946e-07 2.00979e-08 5.01842e-10 1.16481e-11 3.19073e-13 1.29021e-14 9.33255e-16 1.39888e-16 4.76867e-17 3.82136e-17 7.01285e-17 2.72568e-16 1.98929e-15 2.35272e-14 3.84277e-13 7.38983e-12 1.44313e-10 2.51942e-09 3.55428e-08 3.77257e-07 2.89079e-06 1.5782e-05 6.1957e-05 0.000178361 0.000381268 0.000603073 0.000704771 0.000627465 0.000452426 0.000280368 0.000154427 7.57214e-05 3.19222e-05 1.04566e-05 1.89862e-06 0 
0 0.000215716 0.000185273 3.29256e-05 1.85701e-06 4.24562e-08 5.01842e-10 4.04452e-12 3.00376e-14 2.78913e-16 4.33224e-18 1.77155e-19 4.44309e-20 3.18377e-20 2.9692e-20 3.29278e-20 5.84511e-20 4.08873e-19 9.47964e-18 3.57454e-16 1.6712e-14 8.00196e-13 3.33072e-11 1.05777e-09 2.33501e-08 3.38985e-07 3.17315e-06 1.93671e-05 7.96228e-05 0.00022851 0.000465607 0.000671833 0.000696178 0.000548993 0.000355492 0.000199491 9.85164e-05 4.16364e-05 1.36501e-05 2.47913e-06 0 
0 0.000200688 0.000118643 1.20257e-05 3.18225e-07 2.86033e-09 1.16481e-11 3.00376e-14 7.07168e-17 2.30365e-19 5.50167e-21 1.536e-21 1.07969e-21 1.14368e-21 1.13894e-21 1.01959e-21 9.78061e-22 1.73371e-21 7.5811e-21 3.07622e-19 3.44927e-17 4.07843e-15 4.07319e-13 2.92996e-11 1.35389e-09 3.75062e-08 6.0659e-07 5.79036e-06 3.39675e-05 0.000129284 0.000333049 0.00058735 0.000711967 0.000620854 0.000423592 0.000243207 0.000121171 5.13714e-05 1.68591e-05 3.06297e-06 0 
0 0.000180998 7.55612e-05 4.51048e-06 5.81513e-08 2.15386e-10 3.19073e-13 2.78913e-16 2.30365e-19 1.27936e-21 1.6913e-22 1.12946e-22 1.10601e-22 1.29447e-22 1.3165e-22 1.1141e-22 9.02989e-23 9.50081e-23 1.26644e-22 9.57053e-22 9.75578e-20 2.65148e-17 6.07694e-15 9.49295e-13 8.84158e-11 4.52554e-09 1.23215e-07 1.80301e-06 1.48381e-05 7.34634e-05 0.000233426 0.000491669 0.000689809 0.000665596 0.000480196 0.000282781 0.000142297 6.05418e-05 1.98921e-05 3.61534e-06 0 
0 0.000161934 4.98445e-05 1.86156e-06 1.26723e-08 2.13693e-11 1.29021e-14 4.33224e-18 5.50167e-21 1.6913e-22 2.87648e-23 1.91845e-23 2.03734e-23 2.39614e-23 2.44083e-23 2.0564e-23 1.57472e-23 1.27596e-23 1.1467e-23 3.61258e-23 9.87316e-22 3.01728e-19 1.43386e-16 4.45743e-14 7.73089e-12 6.82342e-10 2.95167e-08 6.32055e-07 7.03666e-06 4.3965e-05 0.000167278 0.000408738 0.000649857 0.000687471 0.000523343 0.000316079 0.000160672 6.8608e-05 2.25696e-05 4.10354e-06 0 
0 0.000146321 3.51968e-05 8.96771e-07 3.62498e-09 3.21701e-12 9.33255e-16 1.77155e-19 1.536e-21 1.12946e-22 1.91845e-23 6.8768e-24 5.2845e-24 5.61128e-24 5.59054e-24 4.72019e-24 3.54518e-24 2.6247e-24 2.47025e-24 7.8107e-24 9.86093e-23 9.32179e-21 6.68776e-18 3.64545e-15 1.04985e-12 1.44515e-10 9.12277e-09 2.66715e-07 3.80385e-06 2.87464e-05 0.000126407 0.000346886 0.000608403 0.000694029 0.000553314 0.000341781 0.00017534 7.51207e-05 2.47394e-05 4.49963e-06 0 
0 0.000135296 2.72702e-05 5.27486e-07 1.46467e-09 8.1846e-13 1.39888e-16 4.44309e-20 1.07969e-21 1.10601e-22 2.03734e-23 5.2845e-24 2.23666e-24 1.65349e-24 1.4748e-24 1.22167e-24 9.19923e-25 7.24294e-25 1.00014e-24 3.94326e-24 3.64961e-23 1.3873e-21 7.34355e-19 5.97346e-16 2.47922e-13 4.70057e-11 3.89649e-09 1.42617e-07 2.4327e-06 2.10935e-05 0.000102877 0.000306253 0.000575261 0.000692787 0.000571716 0.000359307 0.000185662 7.97524e-05 2.6288e-05 4.78262e-06 0 
0 0.000129098 2.35486e-05 3.89767e-07 8.75182e-10 3.76458e-13 4.76867e-17 3.18377e-20 1.14368e-21 1.29447e-22 2.39614e-23 5.61128e-24 1.65349e-24 7.20192e-25 4.69631e-25 3.54002e-25 2.764e-25 2.89561e-25 6.7311e-25 3.09087e-24 2.55102e-23 6.50028e-22 2.12246e-19 2.14008e-16 1.09236e-13 2.48251e-11 2.40091e-09 9.9801e-08 1.88415e-06 1.76605e-05 9.13108e-05 0.00028442 0.000554998 0.000689299 0.000580459 0.000368615 0.000191313 8.23137e-05 2.71472e-05 4.93982e-06 0 
0 0.000127605 2.28036e-05 3.65624e-07 7.86224e-10 3.20647e-13 3.82136e-17 2.9692e-20 1.13894e-21 1.3165e-22 2.44083e-23 5.59055e-24 1.4748e-24 4.69631e-25 2.05026e-25 1.25539e-25 1.08714e-25 1.80213e-25 5.90751e-25 2.8876e-24 2.34267e-23 5.57758e-22 1.64391e-19 1.7284e-16 9.20441e-14 2.17098e-11 2.16711e-09 9.24639e-08 1.78224e-06 1.69717e-05 8.87836e-05 0.000279076 0.000548941 0.000686555 0.000581016 0.00036997 0.000192248 8.27552e-05 2.72974e-05 4.96742e-06 0 
0 0.000130593 2.4688e-05 4.32415e-07 1.04903e-09 4.96387e-13 7.01285e-17 3.29278e-20 1.01959e-21 1.1141e-22 2.0564e-23 4.7202e-24 1.22167e-24 3.54002e-25 1.2554e-25 6.5992e-26 6.83692e-26 1.57494e-25 5.8748e-25 3.00872e-24 2.65639e-23 7.95692e-22 3.27941e-19 3.0691e-16 1.45389e-13 3.09532e-11 2.8319e-09 1.12436e-07 2.04596e-06 1.8636e-05 9.42815e-05 0.00028884 0.000556497 0.000685068 0.000574067 0.000363784 0.000188667 8.11578e-05 2.67646e-05 4.87015e-06 0 
0 0.000137798 2.95505e-05 6.30504e-07 2.002e-09 1.31983e-12 2.72568e-16 5.84511e-20 9.78062e-22 9.02989e-23 1.57472e-23 3.54518e-24 9.19924e-25 2.764e-25 1.08714e-25 6.83692e-26 8.06711e-26 1.84064e-25 6.85672e-25 3.82884e-24 4.24767e-23 2.33241e-21 1.57335e-18 1.11228e-15 4.05572e-13 6.86587e-11 5.16832e-09 1.74673e-07 2.7948e-06 2.30553e-05 0.000108259 0.000313103 0.00057551 0.000683156 0.000559513 0.000350563 0.000180967 7.7716e-05 2.56155e-05 4.66028e-06 0 
0 0.000148835 3.84241e-05 1.09488e-06 5.15769e-09 5.52741e-12 1.98929e-15 4.08873e-19 1.73372e-21 9.50081e-23 1.27596e-23 2.6247e-24 7.24294e-25 2.89561e-25 1.80213e-25 1.57494e-25 1.84064e-25 3.31453e-25 1.09641e-24 7.29574e-24 1.41682e-22 2.33083e-20 1.5874e-17 7.34271e-15 1.82343e-12 2.20437e-10 1.24581e-08 3.3234e-07 4.40307e-06 3.14143e-05 0.000132211 0.000351102 0.000601768 0.000677242 0.000536732 0.000330928 0.000169717 7.27142e-05 2.39485e-05 4.35596e-06 0 
0 0.00016302 5.30956e-05 2.16923e-06 1.66996e-08 3.27721e-11 2.35272e-14 9.47964e-18 7.5811e-21 1.26644e-22 1.1467e-23 2.47025e-24 1.00014e-24 6.7311e-25 5.90751e-25 5.8748e-25 6.85671e-25 1.09641e-24 3.33552e-24 3.06091e-23 1.79736e-21 6.80247e-19 2.81924e-16 7.6704e-14 1.17904e-11 9.35535e-10 3.69365e-08 7.32965e-07 7.67315e-06 4.56883e-05 0.000167681 0.000399868 0.000627846 0.000662259 0.000504991 0.000305684 0.000155619 6.65003e-05 2.18833e-05 3.97928e-06 0 
0 0.000179169 7.61084e-05 4.67895e-06 6.28455e-08 2.44851e-10 3.84277e-13 3.57454e-16 3.07622e-19 9.57053e-22 3.61258e-23 7.81069e-24 3.94326e-24 3.09087e-24 2.88759e-24 3.00872e-24 3.82884e-24 7.29574e-24 3.06091e-23 7.57736e-22 1.27681e-19 3.34935e-17 7.29595e-15 1.08552e-12 9.65148e-11 4.72867e-09 1.23699e-07 1.74832e-06 1.39883e-05 6.7843e-05 0.000213215 0.000450159 0.000641658 0.000632298 0.000463892 0.000275869 0.000139471 5.94558e-05 1.955e-05 3.55415e-06 0 
0 0.000195439 0.000110442 1.04857e-05 2.54245e-07 2.05201e-09 7.38983e-12 1.6712e-14 3.44927e-17 9.75578e-20 9.87316e-22 9.86092e-23 3.64961e-23 2.55102e-23 2.34267e-23 2.65639e-23 4.24767e-23 1.41682e-22 1.79736e-21 1.27681e-19 1.59651e-17 2.08096e-15 2.27761e-13 1.774e-11 8.72699e-10 2.52561e-08 4.19931e-07 4.08571e-06 2.44301e-05 9.54662e-05 0.000256148 0.000479938 0.000625694 0.000581649 0.000413738 0.000242748 0.000122108 5.19661e-05 1.70784e-05 3.10434e-06 0 
0 0.000209342 0.000158548 2.33863e-05 1.02875e-06 1.73185e-08 1.44313e-10 8.00196e-13 4.07843e-15 2.65148e-17 3.01728e-19 9.32179e-21 1.3873e-21 6.50028e-22 5.57758e-22 7.95692e-22 2.33241e-21 2.33083e-20 6.80247e-19 3.34935e-17 2.08096e-15 1.32239e-13 7.16708e-12 2.85588e-10 7.50182e-09 1.22018e-07 1.21787e-06 7.78029e-06 3.41122e-05 0.000108916 0.000258705 0.000449713 0.000559288 0.000506274 0.000355731 0.000207753 0.000104353 4.43933e-05 1.45884e-05 2.65171e-06 0 
0 0.000218039 0.000220543 5.00347e-05 3.91478e-06 1.34176e-07 2.51942e-09 3.33072e-11 4.07319e-13 6.07694e-15 1.43386e-16 6.68776e-18 7.34355e-19 2.12246e-19 1.64391e-19 3.27941e-19 1.57335e-18 1.5874e-17 2.81924e-16 7.29595e-15 2.27761e-13 7.16708e-12 1.93055e-10 3.85598e-09 5.08332e-08 4.13862e-07 2.12774e-06 7.83884e-06 2.43868e-05 6.934e-05 0.000170356 0.000321298 0.000428838 0.000406002 0.000292061 0.000172392 8.69633e-05 3.70541e-05 1.21833e-05 2.21495e-06 0 
0 0.000218924 0.000291921 9.97269e-05 1.3355e-05 8.87247e-07 3.55428e-08 1.05777e-09 2.92996e-11 9.49295e-13 4.45743e-14 3.64545e-15 5.97346e-16 2.14008e-16 1.7284e-16 3.0691e-16 1.11228e-15 7.34271e-15 7.6704e-14 1.08552e-12 1.774e-11 2.85588e-10 3.85598e-09 3.67806e-08 2.07377e-07 6.12025e-07 1.02898e-06 1.46677e-06 2.95883e-06 1.00612e-05 4.17376e-05 0.000132488 0.000251706 0.000288261 0.000226151 0.000138194 7.05917e-05 3.02055e-05 9.94491e-06 1.80875e-06 0 
0 0.000210376 0.00036202 0.000181094 3.9513e-05 4.76015e-06 3.77257e-07 2.33501e-08 1.35389e-09 8.84158e-11 7.73089e-12 1.04985e-12 2.47922e-13 1.09236e-13 9.20441e-14 1.45389e-13 4.05572e-13 1.82343e-12 1.17904e-11 9.65148e-11 8.72699e-10 7.50182e-09 5.08332e-08 2.07377e-07 3.50034e-07 1.75238e-07 3.10845e-08 6.05542e-09 6.15597e-09 5.36382e-08 1.28908e-06 1.93999e-05 9.52581e-05 0.000172359 0.000163113 0.00010672 5.57735e-05 2.40373e-05 7.93135e-06 1.44345e-06 0 
0 0.000192404 0.000415223 0.000294442 9.94042e-05 2.01409e-05 2.89079e-06 3.38985e-07 3.75062e-08 4.52554e-09 6.82342e-10 1.44515e-10 4.70057e-11 2.48251e-11 2.17098e-11 3.09532e-11 6.86587e-11 2.20437e-10 9.35535e-10 4.72867e-09 2.52561e-08 1.22018e-07 4.13862e-07 6.12025e-07 1.75238e-07 4.07591e-09 9.94087e-12 3.25157e-14 8.84151e-15 1.04464e-12 1.37425e-09 5.96808e-07 2.00395e-05 8.44399e-05 0.000109411 7.9481e-05 4.29068e-05 1.86702e-05 6.17741e-06 1.12512e-06 0 
0 0.000166854 0.000436187 0.000422279 0.000210283 6.65904e-05 1.5782e-05 3.17315e-06 6.0659e-07 1.23215e-07 2.95167e-08 9.12277e-09 3.89649e-09 2.40091e-09 2.16711e-09 2.8319e-09 5.16832e-09 1.24581e-08 3.69365e-08 1.23699e-07 4.19931e-07 1.21787e-06 2.12774e-06 1.02898e-06 3.10845e-08 9.94087e-12 3.9966e-16 2.21476e-15 1.55134e-15 1.18001e-14 6.52456e-14 4.7968e-09 2.69552e-06 3.63382e-05 7.01493e-05 5.75988e-05 3.22118e-05 1.41551e-05 4.69611e-06 8.55949e-07 0 
0 0.000136981 0.000417377 0.000527228 0.000370608 0.000172403 6.1957e-05 1.93671e-05 5.79036e-06 1.80301e-06 6.32055e-07 2.66715e-07 1.42617e-07 9.9801e-08 9.24639e-08 1.12436e-07 1.74673e-07 3.3234e-07 7.32965e-07 1.74832e-06 4.08571e-06 7.78029e-06 7.83884e-06 1.46677e-06 6.05542e-09 3.25157e-14 2.21476e-15 7.19207e-16 8.5581e-16 3.22379e-15 3.87755e-14 6.1258e-11 4.5624e-07 1.70595e-05 4.57659e-05 4.12905e-05 2.36845e-05 1.04771e-05 3.48187e-06 6.34915e-07 0 
0 0.000106509 0.000363776 0.000568365 0.000537885 0.000350109 0.000178361 7.96228e-05 3.39675e-05 1.48381e-05 7.03666e-06 3.80385e-06 2.4327e-06 1.88415e-06 1.78224e-06 2.04596e-06 2.7948e-06 4.40307e-06 7.67315e-06 1.39883e-05 2.44301e-05 3.41122e-05 2.43868e-05 2.95883e-06 6.15597e-09 8.84151e-15 1.55134e-15 8.5581e-16 2.4677e-15 1.08296e-14 1.68293e-13 1.64406e-11 2.37766e-07 1.13067e-05 3.24616e-05 2.97339e-05 1.71015e-05 7.56751e-06 2.5149e-06 4.58576e-07 0 
0 7.85981e-05 0.000290387 0.00052996 0.000636903 0.000553836 0.000381268 0.00022851 0.000129284 7.34634e-05 4.3965e-05 2.87464e-05 2.10935e-05 1.76605e-05 1.69717e-05 1.8636e-05 2.30553e-05 3.14143e-05 4.56883e-05 6.7843e-05 9.54662e-05 0.000108916 6.934e-05 1.00612e-05 5.36382e-08 1.04464e-12 1.18001e-14 3.22379e-15 1.08296e-14 1.97811e-15 1.3583e-15 2.16711e-10 4.96839e-07 1.13528e-05 2.54142e-05 2.15477e-05 1.2113e-05 5.32483e-06 1.76628e-06 3.21901e-07 0 
0 5.51941e-05 0.000214292 0.000433268 0.000618281 0.00067737 0.000603073 0.000465607 0.000333049 0.000233426 0.000167278 0.000126407 0.000102877 9.13108e-05 8.87836e-05 9.42815e-05 0.000108259 0.000132211 0.000167681 0.000213215 0.000256148 0.000258705 0.000170356 4.17376e-05 1.28908e-06 1.37425e-09 6.52456e-14 3.87755e-14 1.68293e-13 1.3583e-15 4.28766e-12 1.85602e-08 2.13204e-06 1.42142e-05 2.08226e-05 1.54746e-05 8.36814e-06 3.63805e-06 1.203e-06 2.19053e-07 0 
0 3.69567e-05 0.000147662 0.00031723 0.000504498 0.000649022 0.000704771 0.000671833 0.00058735 0.000491669 0.000408738 0.000346886 0.000306253 0.00028442 0.000279076 0.00028884 0.000313103 0.000351102 0.000399868 0.000450159 0.000479938 0.000449713 0.000321298 0.000132488 1.93999e-05 5.96808e-07 4.7968e-09 6.1258e-11 1.64406e-11 2.16711e-10 1.85602e-08 8.60586e-07 7.63948e-06 1.68362e-05 1.65057e-05 1.07623e-05 5.59144e-06 2.40231e-06 7.91664e-07 1.44012e-07 0 
0 2.3595e-05 9.57226e-05 0.000212424 0.000358727 0.00050766 0.000627465 0.000696178 0.000711967 0.000689809 0.000649857 0.000608403 0.000575261 0.000554998 0.000548941 0.000556497 0.00057551 0.000601768 0.000627846 0.000641658 0.000625694 0.000559288 0.000428838 0.000251706 9.52581e-05 2.00395e-05 2.69552e-06 4.5624e-07 2.37766e-07 4.96839e-07 2.13204e-06 7.63948e-06 1.48051e-05 1.61283e-05 1.20104e-05 7.11464e-06 3.58282e-06 1.52447e-06 5.00909e-07 9.1042e-08 0 
0 1.43201e-05 5.85307e-05 0.000131954 0.000229531 0.000341092 0.000452426 0.000548993 0.000620854 0.000665596 0.000687471 0.000694029 0.000692787 0.000689299 0.000686555 0.000685068 0.000683156 0.000677242 0.000662259 0.000632298 0.000581649 0.000506274 0.000406002 0.000288261 0.000172359 8.44399e-05 3.63382e-05 1.70595e-05 1.13067e-05 1.13528e-05 1.42142e-05 1.68362e-05 1.61283e-05 1.23352e-05 7.90452e-06 4.42381e-06 2.18397e-06 9.23182e-07 3.02706e-07 5.49822e-08 0 
0 8.20129e-06 3.36354e-05 7.63662e-05 0.000134605 0.000204506 0.000280368 0.000355492 0.000423592 0.000480196 0.000523343 0.000553314 0.000571716 0.000580459 0.000581016 0.000574067 0.000559513 0.000536732 0.000504991 0.000463892 0.000413738 0.000355731 0.000292061 0.000226151 0.000163113 0.000109411 7.01493e-05 4.57659e-05 3.24616e-05 2.54142e-05 2.08226e-05 1.65057e-05 1.20104e-05 7.90452e-06 4.72451e-06 2.5694e-06 1.25484e-06 5.28403e-07 1.73036e-07 3.14163e-08 0 
0 4.37221e-06 1.79576e-05 4.08912e-05 7.24688e-05 0.000111107 0.000154427 0.000199491 0.000243207 0.000282781 0.000316079 0.000341781 0.000359307 0.000368615 0.00036997 0.000363784 0.000350563 0.000330928 0.000305684 0.000275869 0.000242748 0.000207753 0.000172392 0.000138194 0.00010672 7.9481e-05 5.75988e-05 4.12905e-05 2.97339e-05 2.15477e-05 1.54746e-05 1.07623e-05 7.11464e-06 4.42381e-06 2.5694e-06 1.37959e-06 6.70256e-07 2.81683e-07 9.21771e-08 1.67315e-08 0 
0 2.11724e-06 8.70107e-06 1.98362e-05 3.5228e-05 5.41977e-05 7.57214e-05 9.85164e-05 0.000121171 0.000142297 0.000160672 0.00017534 0.000185662 0.000191313 0.000192248 0.000188667 0.000180967 0.000169717 0.000155619 0.000139471 0.000122108 0.000104353 8.69633e-05 7.05917e-05 5.57735e-05 4.29068e-05 3.22118e-05 2.36845e-05 1.71015e-05 1.2113e-05 8.36814e-06 5.59144e-06 3.58282e-06 2.18397e-06 1.25484e-06 6.70256e-07 3.24894e-07 1.36414e-07 4.46239e-08 8.09886e-09 0 
0 8.88561e-07 3.65248e-06 8.33032e-06 1.48055e-05 2.28062e-05 3.19222e-05 4.16364e-05 5.13714e-05 6.05418e-05 6.8608e-05 7.51207e-05 7.97524e-05 8.23137e-05 8.27552e-05 8.11578e-05 7.7716e-05 7.27142e-05 6.65003e-05 5.94558e-05 5.19661e-05 4.43933e-05 3.70541e-05 3.02055e-05 2.40373e-05 1.86702e-05 1.41551e-05 1.04771e-05 7.56751e-06 5.32483e-06 3.63805e-06 2.40231e-06 1.52447e-06 9.23182e-07 5.28403e-07 2.81683e-07 1.36414e-07 5.72534e-08 1.87258e-08 3.39836e-09 0 
0 2.9061e-07 1.19467e-06 2.72514e-06 4.84468e-06 7.46589e-06 1.04566e-05 1.36501e-05 1.68591e-05 1.98921e-05 2.25696e-05 2.47394e-05 2.6288e-05 2.71472e-05 2.72974e-05 2.67646e-05 2.56155e-05 2.39485e-05 2.18833e-05 1.955e-05 1.70784e-05 1.45884e-05 1.21833e-05 9.94491e-06 7.93135e-06 6.17741e-06 4.69611e-06 3.48187e-06 2.5149e-06 1.76628e-06 1.203e-06 7.91664e-07 5.00909e-07 3.02706e-07 1.73036e-07 9.21771e-08 4.46239e-08 1.87258e-08 6.12418e-09 1.11139e-09 0 
0 5.27389e-08 2.16811e-07 4.94591e-07 8.79351e-07 1.35531e-06 1.89862e-06 2.47913e-06 3.06297e-06 3.61534e-06 4.10354e-06 4.49963e-06 4.78262e-06 4.93982e-06 4.96742e-06 4.87015e-06 4.66028e-06 4.35596e-06 3.97928e-06 3.55415e-06 3.10434e-06 2.65171e-06 2.21495e-06 1.80875e-06 1.44345e-06 1.12512e-06 8.55949e-07 6.34915e-07 4.58576e-07 3.21901e-07 2.19053e-07 1.44012e-07 9.1042e-08 5.49822e-08 3.14163e-08 1.67315e-08 8.09886e-09 3.39836e-09 1.11139e-09 2.01686e-10 0 
0 0 0 0 0 0 0 0 0 0 0 0 0 0 0 0 0 0 0 0 0 0 0 0 0 0 0 0 0 0 0 0 0 0 0 0 0 0 0 0 0 
