0 0 0 0 0 0 0 0 0 0 0 0 0 0 0 0 0 0 0 0 0 0 0 0 0 0 0 0 0 0 0 0 0 0 0 0 0 0 0 0 0 
0 1.34693e-05 5.37941e-05 0.000116247 0.000188992 0.000255702 0.000302618 0.000324641 0.000325431 0.000312964 0.00029515 0.000277731 0.000264094 0.000255868 0.000253588 0.000257129 0.000265878 0.000278713 0.000293866 0.000308821 0.000320376 0.000325017 0.000319641 0.00030249 0.000273908 0.000236509 0.000194518 0.000152532 0.000114306 8.2078e-05 5.65782e-05 3.74483e-05 2.37513e-05 1.43646e-05 8.21262e-06 4.37476e-06 2.11775e-06 8.88643e-07 2.9062e-07 5.27395e-08 0 
0 5.37941e-05 0.000206135 0.000410052 0.000578736 0.000637039 0.000580618 0.000464148 0.00034403 0.00024832 0.000181747 0.000139215 0.000114186 0.000101734 9.90405e-05 0.00010515 0.00012068 0.000147592 0.00018887 0.000247732 0.000325978 0.000421281 0.000524169 0.000616843 0.000676696 0.000685234 0.00063787 0.000546948 0.00043502 0.000323985 0.000227984 0.000152533 9.72494e-05 5.89553e-05 3.37404e-05 1.79805e-05 8.70544e-06 3.65317e-06 1.19475e-06 2.16816e-07 0 
0 0.000116247 0.000410052 0.00068996 0.000737187 0.000553454 0.00032138 0.000159349 7.37013e-05 3.42626e-05 1.70422e-05 9.5423e-06 6.24774e-06 4.8992e-06 4.64356e-06 5.29311e-06 7.12925e-06 1.10368e-05 1.89732e-05 3.48696e-05 6.59318e-05 0.000123669 0.000222603 0.000373275 0.000567989 0.000767111 0.000905696 0.000930706 0.000839382 0.000676603 0.000498115 0.000341194 0.000219997 0.000134037 7.68704e-05 4.09986e-05 1.9856e-05 8.33338e-06 2.72549e-06 4.94613e-07 0 
0 0.000188992 0.000578736 0.000737187 0.000512367 0.000224058 7.14864e-05 1.9031e-05 4.74982e-06 1.23404e-06 3.66544e-07 1.34747e-07 6.51255e-08 4.29892e-08 3.93086e-08 4.93353e-08 8.2492e-08 1.75453e-07 4.48213e-07 1.29151e-06 3.94202e-06 1.20245e-05 3.48536e-05 9.20994e-05 0.000214543 0.00042818 0.00071391 0.000976201 0.00109142 0.00101603 0.000814881 0.000584146 0.000384968 0.000236818 0.000136352 7.28336e-05 3.52938e-05 1.48154e-05 4.84581e-06 8.79421e-07 0 
0 0.000255702 0.000637039 0.000553454 0.000224058 5.15708e-05 8.1069e-06 1.02257e-06 1.2045e-07 1.53358e-08 2.41643e-09 5.2915e-10 1.7596e-10 9.39452e-11 8.21833e-11 1.16135e-10 2.53465e-10 7.97191e-10 3.31609e-09 1.66081e-08 9.11746e-08 5.03042e-07 2.58975e-06 1.17321e-05 4.48162e-05 0.000140097 0.000350025 0.000683335 0.00102448 0.00118346 0.0010897 0.00084352 0.000577282 0.000361105 0.00020933 0.000112105 5.43745e-05 2.28323e-05 7.46879e-06 1.35549e-06 0 
0 0.000302618 0.000580618 0.00032138 7.14864e-05 8.1069e-06 5.75541e-07 3.10665e-08 1.55312e-09 8.7528e-11 6.68289e-12 8.09616e-13 1.75613e-13 7.3571e-14 6.11786e-14 9.89788e-14 2.92807e-13 1.43959e-12 1.04512e-11 9.84383e-11 1.05684e-09 1.14726e-08 1.13643e-07 9.47637e-07 6.2854e-06 3.20342e-05 0.000123112 0.000351835 0.000735083 0.00110996 0.00123383 0.0010688 0.000774883 0.000497492 0.000291472 0.000156722 7.61239e-05 3.19806e-05 1.0463e-05 1.89899e-06 0 
0 0.000324641 0.000464148 0.000159349 1.9031e-05 1.02257e-06 3.10665e-08 6.75289e-10 1.34701e-11 3.16925e-13 1.11338e-14 7.15377e-16 9.81752e-17 3.17172e-17 2.4975e-17 4.66904e-17 1.91246e-16 1.5168e-15 1.99906e-14 3.70366e-13 8.15871e-12 1.82982e-10 3.65705e-09 5.86434e-08 7.00946e-07 5.98168e-06 3.58112e-05 0.000149949 0.000437371 0.000878412 0.00121655 0.00121599 0.000952997 0.000634478 0.000377355 0.000204055 9.93133e-05 4.17507e-05 1.36624e-05 2.47985e-06 0 
0 0.000325431 0.00034403 7.37013e-05 4.74982e-06 1.2045e-07 1.55312e-09 1.34701e-11 1.06249e-13 1.03509e-15 1.66122e-17 5.65071e-19 5.06838e-20 1.36777e-20 1.04646e-20 2.11067e-20 1.12654e-19 1.42375e-18 3.41991e-17 1.25383e-15 5.7051e-14 2.6623e-12 1.08142e-10 3.35914e-09 7.28255e-08 1.0447e-06 9.72454e-06 5.90038e-05 0.000236091 0.000623534 0.00108196 0.00126898 0.00109173 0.000760613 0.000461137 0.000251185 0.000122566 5.15701e-05 1.68804e-05 3.0642e-06 0 
0 0.000312964 0.00024832 3.42626e-05 1.23404e-06 1.53358e-08 8.7528e-11 3.16925e-13 1.03509e-15 4.36355e-18 3.38595e-20 7.89634e-22 8.92516e-23 3.32809e-23 2.71484e-23 4.417e-23 1.65045e-22 2.04212e-21 7.82183e-20 5.44892e-18 4.93872e-16 4.62421e-14 3.68701e-12 2.14859e-10 8.21247e-09 1.93193e-07 2.73326e-06 2.34612e-05 0.000125216 0.000422939 0.000904673 0.00124424 0.00118261 0.000866985 0.000537378 0.000295214 0.000144483 6.08523e-05 1.9925e-05 3.61723e-06 0 
0 0.00029515 0.000181747 1.70422e-05 3.66544e-07 2.41643e-09 6.68289e-12 1.11338e-14 1.66122e-17 3.38595e-20 1.7484e-22 4.87437e-24 7.65922e-25 3.64671e-25 3.12268e-25 4.30759e-25 1.17454e-24 1.01751e-23 3.83326e-22 4.2721e-20 7.10391e-18 1.23504e-15 1.79355e-13 1.82917e-11 1.15826e-09 4.23337e-08 8.69446e-07 1.0144e-05 6.95453e-05 0.000289556 0.000740874 0.00117596 0.00122969 0.000948901 0.000601777 0.000333562 0.000163769 6.90479e-05 2.26161e-05 4.10619e-06 0 
0 0.000277731 0.000139215 9.5423e-06 1.34747e-07 5.2915e-10 8.09616e-13 7.15377e-16 5.65071e-19 7.89635e-22 4.87439e-24 1.30657e-25 1.91809e-26 1.0068e-26 8.85439e-27 1.09801e-26 2.52603e-26 2.0006e-25 6.96844e-24 8.5083e-22 2.19154e-19 6.30792e-17 1.49554e-14 2.41064e-12 2.30729e-10 1.20982e-08 3.37211e-07 5.05638e-06 4.24531e-05 0.000208706 0.000615152 0.00109724 0.00124515 0.00100595 0.000651563 0.000364194 0.000179344 7.569e-05 2.47995e-05 4.50304e-06 0 
0 0.000264094 0.000114186 6.24774e-06 6.51255e-08 1.7596e-10 1.75613e-13 9.81752e-17 5.06838e-20 8.92518e-23 7.65927e-25 1.91811e-26 1.38035e-27 4.89835e-28 4.14629e-28 5.00974e-28 1.38753e-27 1.63754e-26 5.95411e-25 6.03465e-23 1.77727e-20 7.28106e-18 2.45994e-15 5.52074e-13 7.12485e-11 4.85151e-09 1.68713e-07 3.03385e-06 2.9476e-05 0.000163096 0.000531199 0.00103038 0.001243 0.00104061 0.000685447 0.00038574 0.00019042 8.04301e-05 2.63593e-05 4.78667e-06 0 
0 0.000255868 0.000101734 4.8992e-06 4.29892e-08 9.39452e-11 7.3571e-14 3.17172e-17 1.36777e-20 3.3281e-23 3.64674e-25 1.00682e-26 4.89844e-28 5.24099e-29 2.68756e-29 4.21619e-29 2.85477e-28 5.20624e-27 1.84073e-25 1.5725e-23 4.2956e-21 2.10966e-18 8.71785e-16 2.36252e-13 3.61573e-11 2.85823e-09 1.12795e-07 2.25033e-06 2.37631e-05 0.000140613 0.000484644 0.000986658 0.00123442 0.00105636 0.000703263 0.000397499 0.000196539 8.30594e-05 2.72258e-05 4.94427e-06 0 
0 0.000253588 9.90405e-05 4.64356e-06 3.93086e-08 8.21833e-11 6.11786e-14 2.4975e-17 1.04646e-20 2.71486e-23 3.12271e-25 8.85452e-27 4.14637e-28 2.68761e-29 4.98307e-30 1.61252e-29 2.04084e-28 4.08804e-27 1.43081e-25 1.18036e-23 3.13335e-21 1.59327e-18 6.87211e-16 1.93931e-13 3.07964e-11 2.51494e-09 1.02038e-07 2.08282e-06 2.24042e-05 0.000134602 0.00047025 0.000969522 0.00122569 0.00105603 0.000705506 0.000399373 0.00019758 8.3517e-05 2.73777e-05 4.97197e-06 0 
0 0.000257129 0.00010515 5.29311e-06 4.93353e-08 1.16135e-10 9.89788e-14 4.66904e-17 2.11067e-20 4.41702e-23 4.30763e-25 1.09802e-26 5.00983e-28 4.21621e-29 1.6125e-29 3.71642e-29 3.37924e-28 6.56347e-27 2.47517e-25 2.29582e-23 6.58791e-21 3.05015e-18 1.17717e-15 2.99534e-13 4.33403e-11 3.26387e-09 1.2367e-07 2.38703e-06 2.45594e-05 0.000142495 0.000484311 0.000977446 0.00121787 0.00104095 0.000692988 0.000391775 0.000193739 8.18831e-05 2.68412e-05 4.8745e-06 0 
0 0.000265878 0.00012068 7.12925e-06 8.2492e-08 2.53465e-10 2.92807e-13 1.91246e-16 1.12654e-19 1.65045e-22 1.17454e-24 2.52605e-26 1.38753e-27 2.85474e-28 2.0408e-28 3.3792e-28 1.65432e-27 2.62088e-26 1.09894e-24 1.27241e-22 3.72844e-20 1.35836e-17 4.07528e-15 8.19924e-13 9.60064e-11 6.01066e-09 1.94821e-07 3.30889e-06 3.07448e-05 0.00016458 0.00052425 0.00100476 0.00120729 0.00101093 0.000666703 0.000375543 0.00018548 7.83615e-05 2.56838e-05 4.66416e-06 0 
0 0.000278713 0.000147592 1.10368e-05 1.75453e-07 7.97191e-10 1.43959e-12 1.5168e-15 1.42375e-18 2.04212e-21 1.01751e-23 2.00061e-25 1.63753e-26 5.20618e-27 4.08799e-27 6.5634e-27 2.62087e-26 3.51083e-25 1.60995e-23 2.1308e-21 4.93404e-19 1.23218e-16 2.54946e-14 3.62613e-12 3.10495e-10 1.47888e-08 3.80353e-07 5.34455e-06 4.26897e-05 0.000202706 0.000586158 0.00104072 0.00118633 0.000964721 0.000627863 0.000351868 0.000173484 7.32534e-05 2.40057e-05 4.35923e-06 0 
0 0.000293866 0.00018887 1.89732e-05 4.48213e-07 3.31609e-09 1.04512e-11 1.99906e-14 3.41991e-17 7.82183e-20 3.83326e-22 6.96844e-24 5.95408e-25 1.84071e-25 1.4308e-25 2.47516e-25 1.09894e-24 1.60995e-23 7.89959e-22 8.42451e-20 1.24843e-17 1.93043e-15 2.50791e-13 2.30857e-11 1.3339e-09 4.50284e-08 8.65074e-07 9.56894e-06 6.31374e-05 0.000257643 0.000659968 0.00106772 0.00114471 0.000900928 0.000578026 0.000322213 0.000158582 6.69251e-05 2.19286e-05 3.98188e-06 0 
0 0.000308821 0.000247732 3.48696e-05 1.29151e-06 1.66081e-08 9.84383e-11 3.70366e-13 1.25383e-15 5.44892e-18 4.2721e-20 8.5083e-22 6.03464e-23 1.5725e-23 1.18036e-23 2.29581e-23 1.2724e-22 2.1308e-21 8.42451e-20 5.62717e-18 4.86947e-16 4.35842e-14 3.3282e-12 1.86138e-10 6.84257e-09 1.55204e-07 2.1259e-06 1.78053e-05 9.41024e-05 0.000322593 0.000722047 0.00106002 0.00107114 0.000818787 0.000519158 0.000288226 0.000141683 5.97742e-05 1.95841e-05 3.55613e-06 0 
0 0.000320376 0.000325978 6.59318e-05 3.94202e-06 9.11746e-08 1.05684e-09 8.15871e-12 5.7051e-14 4.93872e-16 7.10391e-18 2.19154e-19 1.77727e-20 4.2956e-21 3.13335e-21 6.58791e-21 3.72844e-20 4.93404e-19 1.24843e-17 4.86947e-16 2.36948e-14 1.18201e-12 5.10208e-11 1.66546e-09 3.73797e-08 5.46463e-07 5.12833e-06 3.14333e-05 0.000129923 0.000370327 0.000727742 0.000985176 0.000955405 0.000718654 0.000453563 0.000251615 0.0001237 5.21969e-05 1.71033e-05 3.10579e-06 0 
0 0.000325017 0.000421281 0.000123669 1.20245e-05 5.03042e-07 1.14726e-08 1.82982e-10 2.6623e-12 4.62421e-14 1.23504e-15 6.30792e-17 7.28106e-18 2.10966e-18 1.59327e-18 3.05015e-18 1.35836e-17 1.23218e-16 1.93043e-15 4.35842e-14 1.18201e-12 3.24812e-11 7.79672e-10 1.45021e-08 1.9181e-07 1.72244e-06 1.04819e-05 4.48603e-05 0.000142007 0.000341491 0.00061569 0.000811613 0.00079049 0.000602019 0.000383699 0.00021403 0.000105491 4.45595e-05 1.46065e-05 2.65277e-06 0 
0 0.000319641 0.000524169 0.000222603 3.48536e-05 2.58975e-06 1.13643e-07 3.65705e-09 1.08142e-10 3.68701e-12 1.79355e-13 1.49554e-14 2.45994e-15 8.71785e-16 6.87211e-16 1.17717e-15 4.07528e-15 2.54946e-14 2.50791e-13 3.3282e-12 5.10208e-11 7.79672e-10 1.03948e-08 1.07728e-07 7.92386e-07 3.94287e-06 1.36166e-05 3.63836e-05 8.58793e-05 0.000188593 0.000359911 0.000532736 0.000577393 0.000471815 0.000312058 0.000176974 8.78028e-05 3.71776e-05 1.21968e-05 2.21574e-06 0 
0 0.00030249 0.000616843 0.000373275 9.20994e-05 1.17321e-05 9.47637e-07 5.86434e-08 3.35914e-09 2.14859e-10 1.82917e-11 2.41064e-12 5.52074e-13 2.36252e-13 1.93931e-13 2.99534e-13 8.19924e-13 3.62613e-12 2.30857e-11 1.86138e-10 1.66546e-09 1.45021e-08 1.07728e-07 5.9464e-07 2.11995e-06 4.46122e-06 6.01121e-06 7.25651e-06 1.19614e-05 3.07989e-05 9.34846e-05 0.000223323 0.000339584 0.000334768 0.000241461 0.000141805 7.12572e-05 3.03031e-05 9.95554e-06 1.80937e-06 0 
0 0.000273908 0.000676696 0.000567989 0.000214543 4.48162e-05 6.2854e-06 7.00946e-07 7.28255e-08 8.21247e-09 1.15826e-09 2.30729e-10 7.12485e-11 3.61573e-11 3.07964e-11 4.33403e-11 9.60064e-11 3.10495e-10 1.3339e-09 6.84257e-09 3.73797e-08 1.9181e-07 7.92386e-07 2.11995e-06 2.72527e-06 1.29918e-06 2.69997e-07 6.29278e-08 5.93716e-08 3.36068e-07 4.4682e-06 4.01474e-05 0.000139331 0.000206012 0.000175793 0.000109812 5.63416e-05 2.41195e-05 7.94016e-06 1.44396e-06 0 
0 0.000236509 0.000685234 0.000767111 0.00042818 0.000140097 3.20342e-05 5.98168e-06 1.0447e-06 1.93193e-07 4.23337e-08 1.20982e-08 4.85151e-09 2.85823e-09 2.51494e-09 3.26387e-09 6.01066e-09 1.47888e-08 4.50284e-08 1.55204e-07 5.46463e-07 1.72244e-06 3.94287e-06 4.46122e-06 1.29918e-06 4.82029e-08 2.83227e-10 2.50713e-12 8.89891e-13 3.56215e-11 1.33061e-08 2.00556e-06 3.52521e-05 0.000107343 0.000120167 8.2227e-05 4.3407e-05 1.87411e-05 6.18484e-06 1.12554e-06 0 
0 0.000194518 0.00063787 0.000905696 0.00071391 0.000350025 0.000123112 3.58112e-05 9.72454e-06 2.73326e-06 8.69446e-07 3.37211e-07 1.68713e-07 1.12795e-07 1.02038e-07 1.2367e-07 1.94821e-07 3.80353e-07 8.65074e-07 2.1259e-06 5.12833e-06 1.04819e-05 1.36166e-05 6.01121e-06 2.69997e-07 2.83227e-10 8.49363e-15 4.99365e-16 2.22118e-15 4.97216e-17 3.02765e-12 3.34067e-08 6.19468e-06 5.01951e-05 7.88772e-05 5.99621e-05 3.26391e-05 1.42143e-05 4.70219e-06 8.56288e-07 0 
0 0.000152532 0.000546948 0.000930706 0.000976201 0.000683335 0.000351835 0.000149949 5.90038e-05 2.34612e-05 1.0144e-05 5.05638e-06 3.03385e-06 2.25033e-06 2.08282e-06 2.38703e-06 3.30889e-06 5.34455e-06 9.56894e-06 1.78053e-05 3.14333e-05 4.48603e-05 3.63836e-05 7.25651e-06 6.29278e-08 2.50713e-12 4.99365e-16 2.85268e-17 7.41994e-17 2.8442e-17 1.30856e-15 8.38863e-10 1.32854e-06 2.524e-05 5.23728e-05 4.31631e-05 2.40206e-05 1.05229e-05 3.48651e-06 6.3517e-07 0 
0 0.000114306 0.00043502 0.000839382 0.00109142 0.00102448 0.000735083 0.000437371 0.000236091 0.000125216 6.95453e-05 4.24531e-05 2.9476e-05 2.37631e-05 2.24042e-05 2.45594e-05 3.07448e-05 4.26897e-05 6.31374e-05 9.41024e-05 0.000129923 0.000142007 8.58793e-05 1.19614e-05 5.93716e-08 8.89891e-13 2.22118e-15 7.41995e-17 1.00438e-17 8.13946e-18 1.45479e-16 2.69309e-10 7.28343e-07 1.6901e-05 3.71626e-05 3.10595e-05 1.73367e-05 7.59929e-06 2.51809e-06 4.5875e-07 0 
0 8.2078e-05 0.000323985 0.000676603 0.00101603 0.00118346 0.00110996 0.000878412 0.000623534 0.000422939 0.000289556 0.000208706 0.000163096 0.000140613 0.000134602 0.000142495 0.00016458 0.000202706 0.000257643 0.000322593 0.000370327 0.000341491 0.000188593 3.07989e-05 3.36068e-07 3.56215e-11 4.97216e-17 2.8442e-17 8.13945e-18 4.17025e-17 2.07265e-14 2.12106e-09 1.26623e-06 1.59581e-05 2.85234e-05 2.23688e-05 1.22563e-05 5.34417e-06 1.76823e-06 3.22008e-07 0 
0 5.65782e-05 0.000227984 0.000498115 0.000814881 0.0010897 0.00123383 0.00121655 0.00108196 0.000904673 0.000740874 0.000615152 0.000531199 0.000484644 0.00047025 0.000484311 0.00052425 0.000586158 0.000659968 0.000722047 0.000727742 0.00061569 0.000359911 9.34846e-05 4.4682e-06 1.33061e-08 3.02765e-12 1.30856e-15 1.45479e-16 2.07265e-14 7.856e-11 8.13931e-08 4.00583e-06 1.80461e-05 2.26372e-05 1.59108e-05 8.44327e-06 3.64827e-06 1.20404e-06 2.19111e-07 0 
0 3.74483e-05 0.000152533 0.000341194 0.000584146 0.00084352 0.0010688 0.00121599 0.00126898 0.00124424 0.00117596 0.00109724 0.00103038 0.000986658 0.000969522 0.000977446 0.00100476 0.00104072 0.00106772 0.00106002 0.000985176 0.000811613 0.000532736 0.000223323 4.01474e-05 2.00556e-06 3.34067e-08 8.38863e-10 2.69309e-10 2.12106e-09 8.13931e-08 1.88251e-06 1.08704e-05 1.93875e-05 1.73851e-05 1.0958e-05 5.62513e-06 2.40698e-06 7.92152e-07 1.4404e-07 0 
0 2.37513e-05 9.72494e-05 0.000219997 0.000384968 0.000577282 0.000774883 0.000952997 0.00109173 0.00118261 0.00122969 0.00124515 0.001243 0.00123442 0.00122569 0.00121787 0.00120729 0.00118633 0.00114471 0.00107114 0.000955405 0.00079049 0.000577393 0.000339584 0.000139331 3.52521e-05 6.19468e-06 1.32854e-06 7.28343e-07 1.26623e-06 4.00583e-06 1.08704e-05 1.75367e-05 1.73361e-05 1.23539e-05 7.18847e-06 3.59576e-06 1.52632e-06 5.01109e-07 9.10536e-08 0 
0 1.43646e-05 5.89553e-05 0.000134037 0.000236818 0.000361105 0.000497492 0.000634478 0.000760613 0.000866985 0.000948901 0.00100595 0.00104061 0.00105636 0.00105603 0.00104095 0.00101093 0.000964721 0.000900928 0.000818787 0.000718654 0.000602019 0.000471815 0.000334768 0.000206012 0.000107343 5.01951e-05 2.524e-05 1.6901e-05 1.59581e-05 1.80461e-05 1.93875e-05 1.73361e-05 1.27479e-05 8.01349e-06 4.44737e-06 2.18824e-06 9.23818e-07 3.02777e-07 5.49865e-08 0 
0 8.21262e-06 3.37404e-05 7.68704e-05 0.000136352 0.00020933 0.000291472 0.000377355 0.000461137 0.000537378 0.000601777 0.000651563 0.000685447 0.000703263 0.000705506 0.000692988 0.000666703 0.000627863 0.000578026 0.000519158 0.000453563 0.000383699 0.000312058 0.000241461 0.000175793 0.000120167 7.88772e-05 5.23728e-05 3.71626e-05 2.85234e-05 2.26372e-05 1.73851e-05 1.23539e-05 8.01349e-06 4.75325e-06 2.57583e-06 1.25605e-06 5.28593e-07 1.73058e-07 3.14177e-08 0 
0 4.37476e-06 1.79805e-05 4.09986e-05 7.28336e-05 0.000112105 0.000156722 0.000204055 0.000251185 0.000295214 0.000333562 0.000364194 0.00038574 0.000397499 0.000399373 0.000391775 0.000375543 0.000351868 0.000322213 0.000288226 0.000251615 0.00021403 0.000176974 0.000141805 0.000109812 8.2227e-05 5.99621e-05 4.31631e-05 3.10595e-05 2.23688e-05 1.59108e-05 1.0958e-05 7.18847e-06 4.44737e-06 2.57583e-06 1.38109e-06 6.70555e-07 2.81731e-07 9.21831e-08 1.67319e-08 0 
0 2.11775e-06 8.70544e-06 1.9856e-05 3.52938e-05 5.43745e-05 7.61239e-05 9.93133e-05 0.000122566 0.000144483 0.000163769 0.000179344 0.00019042 0.000196539 0.00019758 0.000193739 0.00018548 0.000173484 0.000158582 0.000141683 0.0001237 0.000105491 8.78028e-05 7.12572e-05 5.63416e-05 4.3407e-05 3.26391e-05 2.40206e-05 1.73367e-05 1.22563e-05 8.44327e-06 5.62513e-06 3.59576e-06 2.18824e-06 1.25605e-06 6.70555e-07 3.24956e-07 1.36425e-07 4.46253e-08 8.09895e-09 0 
0 8.88643e-07 3.65317e-06 8.33338e-06 1.48154e-05 2.28323e-05 3.19806e-05 4.17507e-05 5.15701e-05 6.08523e-05 6.90479e-05 7.569e-05 8.04301e-05 8.30594e-05 8.3517e-05 8.18831e-05 7.83615e-05 7.32534e-05 6.69251e-05 5.97742e-05 5.21969e-05 4.45595e-05 3.71776e-05 3.03031e-05 2.41195e-05 1.87411e-05 1.42143e-05 1.05229e-05 7.59929e-06 5.34417e-06 3.64827e-06 2.40698e-06 1.52632e-06 9.23818e-07 5.28593e-07 2.81731e-07 1.36425e-07 5.72553e-08 1.8726e-08 3.39837e-09 0 
0 2.9062e-07 1.19475e-06 2.72549e-06 4.84581e-06 7.46879e-06 1.0463e-05 1.36624e-05 1.68804e-05 1.9925e-05 2.26161e-05 2.47995e-05 2.63593e-05 2.72258e-05 2.73777e-05 2.68412e-05 2.56838e-05 2.40057e-05 2.19286e-05 1.95841e-05 1.71033e-05 1.46065e-05 1.21968e-05 9.95554e-06 7.94016e-06 6.18484e-06 4.70219e-06 3.48651e-06 2.51809e-06 1.76823e-06 1.20404e-06 7.92152e-07 5.01109e-07 3.02777e-07 1.73058e-07 9.21831e-08 4.46253e-08 1.8726e-08 6.12422e-09 1.11139e-09 0 
0 5.27395e-08 2.16816e-07 4.94613e-07 8.79421e-07 1.35549e-06 1.89899e-06 2.47985e-06 3.0642e-06 3.61723e-06 4.10619e-06 4.50304e-06 4.78667e-06 4.94427e-06 4.97197e-06 4.8745e-06 4.66416e-06 4.35923e-06 3.98188e-06 3.55613e-06 3.10579e-06 2.65277e-06 2.21574e-06 1.80937e-06 1.44396e-06 1.12554e-06 8.56288e-07 6.3517e-07 4.5875e-07 3.22008e-07 2.19111e-07 1.4404e-07 9.10536e-08 5.49865e-08 3.14177e-08 1.67319e-08 8.09895e-09 3.39837e-09 1.11139e-09 2.01686e-10 0 
0 0 0 0 0 0 0 0 0 0 0 0 0 0 0 0 0 0 0 0 0 0 0 0 0 0 0 0 0 0 0 0 0 0 0 0 0 0 0 0 0 
