0 0 0 0 0 0 0 0 0 0 0 0 0 0 0 0 0 0 0 0 0 0 0 0 0 0 0 0 0 0 0 0 0 0 0 0 0 0 0 0 0 
0 1.37869e-05 5.66573e-05 0.000129147 0.00022927 0.000352425 0.000491569 0.000637777 0.00078125 0.000912628 0.00102427 0.00111106 0.00117045 0.001202 0.00120657 0.00118574 0.00114153 0.0010764 0.000993481 0.000896739 0.000790918 0.000681213 0.000572736 0.000469961 0.000376314 0.000293982 0.000223966 0.00016626 0.00012012 8.43157e-05 5.73616e-05 3.76981e-05 2.38239e-05 1.43838e-05 8.21722e-06 4.37575e-06 2.11793e-06 8.88673e-07 2.90623e-07 5.27398e-08 0 
0 5.66573e-05 0.000232701 0.000529757 0.000938039 0.00143501 0.00198542 0.00254439 0.00306477 0.00350729 0.00384921 0.00408664 0.00422993 0.00429528 0.00429696 0.00424286 0.00413377 0.00396586 0.00373503 0.00344157 0.00309354 0.00270711 0.00230401 0.00190702 0.0015357 0.00120386 0.000918932 0.000682871 0.000493616 0.000346566 0.000235801 0.000154976 9.79412e-05 5.9133e-05 3.37817e-05 1.79891e-05 8.70701e-06 3.65342e-06 1.19478e-06 2.16818e-07 0 
0 0.000129147 0.000529757 0.00120251 0.00211616 0.00319917 0.00433696 0.00538691 0.00621758 0.00675669 0.00701456 0.00706647 0.00701061 0.00693095 0.00687888 0.00686987 0.00688711 0.00688786 0.00681347 0.00660533 0.00622485 0.00566984 0.00497753 0.00421153 0.00344054 0.00272047 0.0020866 0.00155445 0.001125 0.000790295 0.000537839 0.000353519 0.000223425 0.000134897 7.7065e-05 4.1038e-05 1.9863e-05 8.33443e-06 2.72561e-06 4.94621e-07 0 
0 0.00022927 0.000938039 0.00211616 0.0036742 0.00541057 0.00700908 0.00812423 0.00854906 0.00833317 0.00772807 0.00702321 0.00642661 0.0060443 0.00591256 0.0060315 0.00637912 0.00690595 0.00751933 0.00807458 0.00839531 0.00833189 0.00783058 0.00696038 0.00587398 0.00473646 0.00367244 0.00275105 0.00199627 0.00140401 0.00095598 0.000628487 0.000397236 0.000239846 0.000137022 7.29661e-05 3.53168e-05 1.48187e-05 4.84618e-06 8.79443e-07 0 
0 0.000352425 0.00143501 0.00319917 0.00541057 0.00756791 0.00897995 0.00914558 0.00816098 0.00662255 0.00513074 0.00398773 0.00324203 0.00283957 0.00272174 0.00286141 0.00326719 0.00397137 0.00499862 0.00630749 0.00771976 0.00890301 0.00948598 0.00926895 0.0083421 0.00699759 0.00554634 0.0042017 0.00306509 0.00216073 0.00147264 0.000968517 0.000612239 0.00036968 0.000211199 0.000112467 5.44361e-05 2.28411e-05 7.46975e-06 1.35555e-06 0 
0 0.000491569 0.00198542 0.00433696 0.00700908 0.00897995 0.00922361 0.00768693 0.00540796 0.00343138 0.00211753 0.00136146 0.000962552 0.000775939 0.000726367 0.000790595 0.000986608 0.00137434 0.0020599 0.0031801 0.00482418 0.00686886 0.00883915 0.0100561 0.010095 0.00907931 0.00748817 0.00579003 0.00426459 0.00301893 0.00206105 0.00135639 0.000857635 0.000517899 0.000295886 0.000157566 7.62648e-05 3.20004e-05 1.04651e-05 1.89912e-06 0 
0 0.000637777 0.00254439 0.00538691 0.00812423 0.00914558 0.00768693 0.00495052 0.0026251 0.00126454 0.000610373 0.00032085 0.000195716 0.000144517 0.000131892 0.0001488 0.000203748 0.000327349 0.000589673 0.00112906 0.00216854 0.00393788 0.00639798 0.0089178 0.0104747 0.0104785 0.00920616 0.00735949 0.00550688 0.00392519 0.00268719 0.00177031 0.00111978 0.000676289 0.000386394 0.000205766 9.95953e-05 4.17898e-05 1.36666e-05 2.48009e-06 0 
0 0.00078125 0.00306477 0.00621758 0.00854906 0.00816098 0.00540796 0.0026251 0.0010392 0.000379699 0.00014351 6.16919e-05 3.24408e-05 2.1913e-05 1.94738e-05 2.2754e-05 3.41629e-05 6.32388e-05 0.000136635 0.000323509 0.000784804 0.00182169 0.0037844 0.00663248 0.00943698 0.0108584 0.0104178 0.00873849 0.00669264 0.00481909 0.00331266 0.00218573 0.00138331 0.000835602 0.000477446 0.000254259 0.000123068 5.16389e-05 1.68875e-05 3.0646e-06 0 
0 0.000912628 0.00350729 0.00675669 0.00833317 0.00662255 0.00343138 0.00126454 0.000379699 0.000106948 3.20554e-05 1.1366e-05 5.17797e-06 3.20582e-06 2.77263e-06 3.34583e-06 5.48108e-06 1.16067e-05 2.97907e-05 8.61343e-05 0.000259895 0.000758487 0.00198854 0.00436929 0.00761178 0.0102724 0.0109713 0.00978622 0.00772784 0.00564036 0.00389845 0.00257752 0.00163244 0.000986339 0.00056362 0.000300158 0.000145285 6.09613e-05 1.99363e-05 3.61786e-06 0 
0 0.00102427 0.00384921 0.00701456 0.00772807 0.00513074 0.00211753 0.000610373 0.00014351 3.20554e-05 7.79717e-06 2.32062e-06 9.26788e-07 5.2914e-07 4.45567e-07 5.52565e-07 9.78014e-07 2.33599e-06 6.99632e-06 2.41819e-05 8.85512e-05 0.000316142 0.00101691 0.00273508 0.00575844 0.00911441 0.0109181 0.0104388 0.00854336 0.00633714 0.00440894 0.00292224 0.00185239 0.00111956 0.000639807 0.000340742 0.00016493 6.92047e-05 2.26321e-05 4.10709e-06 0 
0 0.00111106 0.00408664 0.00706647 0.00702321 0.00398773 0.00136146 0.00032085 6.16919e-05 1.1366e-05 2.32062e-06 5.95607e-07 2.12566e-07 1.13107e-07 9.28857e-08 1.1756e-07 2.21516e-07 5.84149e-07 1.9879e-06 7.96686e-06 3.42409e-05 0.00014429 0.000548625 0.001742 0.00430217 0.00784289 0.010468 0.0107242 0.00910802 0.00687273 0.00481549 0.00320026 0.00203054 0.00122763 0.000701638 0.000373684 0.000180877 7.58962e-05 2.48205e-05 4.50422e-06 0 
0 0.00117045 0.00422993 0.00701061 0.00642661 0.00324203 0.000962552 0.000195716 3.24408e-05 5.17797e-06 9.26788e-07 2.12566e-07 6.95691e-08 3.50116e-08 2.81245e-08 3.60198e-08 7.08991e-08 2.00778e-07 7.50075e-07 3.35211e-06 1.6218e-05 7.7259e-05 0.000332373 0.00119324 0.00332265 0.00676416 0.0098694 0.0107354 0.0094277 0.00722823 0.00509868 0.0033972 0.00215749 0.00130479 0.00074582 0.000397228 0.000192275 8.06792e-05 2.63847e-05 4.78808e-06 0 
0 0.001202 0.00429528 0.00693095 0.0060443 0.00283957 0.000775939 0.000144517 2.1913e-05 3.20582e-06 5.2914e-07 1.13107e-07 3.50116e-08 1.6967e-08 1.33877e-08 1.71885e-08 3.45813e-08 1.01835e-07 4.01219e-07 1.91077e-06 9.91732e-06 5.0858e-05 0.000235847 0.000913191 0.00274244 0.00600141 0.0093113 0.0105797 0.00953097 0.00740023 0.00524874 0.00350479 0.00222762 0.00134759 0.000770356 0.00041031 0.00019861 8.33374e-05 2.72541e-05 4.94584e-06 0 
0 0.00120657 0.00429696 0.00687888 0.00591256 0.00272174 0.000726367 0.000131892 1.94738e-05 2.77263e-06 4.45567e-07 9.28857e-08 2.81245e-08 1.33877e-08 1.04297e-08 1.32974e-08 2.67265e-08 7.90896e-08 3.14819e-07 1.5218e-06 8.04721e-06 4.21687e-05 0.000200316 0.000796544 0.00246366 0.00556298 0.00888999 0.0103367 0.00944993 0.00739519 0.00526452 0.00352087 0.00223925 0.00135495 0.000774637 0.000412604 0.000199723 8.38049e-05 2.7407e-05 4.9736e-06 0 
0 0.00118574 0.00424286 0.00686987 0.0060315 0.00286141 0.000790595 0.0001488 2.2754e-05 3.34583e-06 5.52565e-07 1.1756e-07 3.60198e-08 1.71885e-08 1.32974e-08 1.66882e-08 3.27723e-08 9.42261e-08 3.63144e-07 1.69729e-06 8.6838e-06 4.41319e-05 0.000204085 0.000793919 0.00241665 0.00540705 0.0086178 0.0100373 0.0092053 0.0072236 0.00515158 0.00344874 0.00219446 0.00132815 0.000759394 0.000404502 0.000195805 8.21613e-05 2.68696e-05 4.87608e-06 0 
0 0.00114153 0.00413377 0.00688711 0.00637912 0.00326719 0.000986608 0.000203748 3.41629e-05 5.48108e-06 9.78014e-07 2.21516e-07 7.08991e-08 3.45813e-08 2.67265e-08 3.27723e-08 6.1639e-08 1.66971e-07 5.99032e-07 2.58748e-06 1.22026e-05 5.72483e-05 0.000245557 0.000892389 0.00256129 0.00546872 0.0084412 0.00966194 0.00880071 0.00689623 0.00492027 0.00329624 0.00209851 0.00127047 0.000726524 0.000387022 0.000187349 7.86145e-05 2.57098e-05 4.66562e-06 0 
0 0.0010764 0.00396586 0.00688786 0.00690595 0.00397137 0.00137434 0.000327349 6.32388e-05 1.16067e-05 2.33599e-06 5.84149e-07 2.00778e-07 1.01835e-07 7.90896e-08 9.42261e-08 1.66971e-07 4.15237e-07 1.341e-06 5.14764e-06 2.14447e-05 8.88791e-05 0.000338479 0.00110183 0.00286874 0.00565673 0.00825496 0.00915291 0.00822536 0.00642267 0.00458378 0.00307428 0.00195904 0.00118671 0.000678835 0.000361672 0.000175089 7.34722e-05 2.40284e-05 4.3605e-06 0 
0 0.000993481 0.00373503 0.00681347 0.00751933 0.00499862 0.0020599 0.000589673 0.000136635 2.97907e-05 6.99632e-06 1.9879e-06 7.50075e-07 4.01219e-07 3.14819e-07 3.63144e-07 5.99032e-07 1.341e-06 3.79772e-06 1.25576e-05 4.46321e-05 0.000157488 0.000512788 0.00144119 0.00329232 0.00583872 0.00791778 0.00843312 0.00746058 0.00581038 0.00415581 0.00279512 0.00178492 0.00108262 0.00061971 0.000330278 0.000159915 6.71087e-05 2.19478e-05 3.98297e-06 0 
0 0.000896739 0.00344157 0.00660533 0.00807458 0.00630749 0.0031801 0.00112906 0.000323509 8.61343e-05 2.41819e-05 7.96686e-06 3.35211e-06 1.91077e-06 1.5218e-06 1.69729e-06 2.58748e-06 5.14764e-06 1.25576e-05 3.49784e-05 0.000103333 0.000301511 0.000813698 0.00191444 0.00373436 0.00583961 0.00728066 0.00742805 0.00648447 0.00506139 0.0036466 0.00246983 0.00158499 0.000964171 0.000552754 0.000294808 0.000142786 5.99286e-05 1.96005e-05 3.55708e-06 0 
0 0.000790918 0.00309354 0.00622485 0.00839531 0.00771976 0.00482418 0.00216854 0.000784804 0.000259895 8.85512e-05 3.42409e-05 1.6218e-05 9.91732e-06 8.04721e-06 8.6838e-06 1.22026e-05 2.14447e-05 4.46321e-05 0.000103333 0.000249366 0.000589074 0.00128635 0.00247232 0.00403122 0.00547606 0.00622944 0.00608429 0.00527091 0.00416478 0.00305664 0.0021048 0.00136641 0.000836866 0.000481449 0.000257194 0.000124654 5.23326e-05 1.71179e-05 3.10665e-06 0 
0 0.000681213 0.00270711 0.00566984 0.00833189 0.00890301 0.00686886 0.00393788 0.00182169 0.000758487 0.000316142 0.00014429 7.7259e-05 5.0858e-05 4.21687e-05 4.41319e-05 5.72483e-05 8.88791e-05 0.000157488 0.000301511 0.000589074 0.00111196 0.00193269 0.00298004 0.0039893 0.00462729 0.00473193 0.00439055 0.00379469 0.00309227 0.00237054 0.00169796 0.00113307 0.000705084 0.000408868 0.000219193 0.000106389 4.4689e-05 1.46206e-05 2.6536e-06 0 
0 0.000572736 0.00230401 0.00497753 0.00783058 0.00948598 0.00883915 0.00639798 0.0037844 0.00198854 0.00101691 0.000548625 0.000332373 0.000235847 0.000200316 0.000204085 0.000245557 0.000338479 0.000512788 0.000813698 0.00128635 0.00193269 0.00265321 0.00323889 0.00347782 0.00331658 0.00290531 0.0024634 0.00211519 0.00184643 0.00157212 0.00124098 0.000885458 0.000571905 0.000337544 0.000182303 8.87365e-05 3.73121e-05 1.22114e-05 2.2166e-06 0 
0 0.000469961 0.00190702 0.00421153 0.00696038 0.00926895 0.0100561 0.0089178 0.00663248 0.00436929 0.00273508 0.001742 0.00119324 0.000913191 0.000796544 0.000793919 0.000892389 0.00110183 0.00144119 0.00191444 0.00247232 0.00298004 0.00323889 0.00308858 0.00253666 0.00180003 0.00116922 0.000794829 0.000654829 0.000670273 0.000742964 0.000747869 0.000626609 0.00044018 0.000269611 0.00014774 7.22886e-05 3.04497e-05 9.97118e-06 1.81028e-06 0 
0 0.000376314 0.0015357 0.00344054 0.00587398 0.0083421 0.010095 0.0104747 0.00943698 0.00761178 0.00575844 0.00430217 0.00332265 0.00274244 0.00246366 0.00241665 0.00256129 0.00286874 0.00329232 0.00373436 0.00403122 0.0039893 0.00347782 0.00253666 0.00144204 0.00060378 0.000202599 7.81185e-05 5.57649e-05 8.35141e-05 0.000176642 0.000315705 0.000377833 0.00031544 0.000207258 0.000116489 5.74819e-05 2.42778e-05 7.95668e-06 1.4449e-06 0 
0 0.000293982 0.00120386 0.00272047 0.00473646 0.00699759 0.00907931 0.0104785 0.0108584 0.0102724 0.00911441 0.00784289 0.00676416 0.00600141 0.00556298 0.00540705 0.00546872 0.00565673 0.00583872 0.00583961 0.00547606 0.00462729 0.00331658 0.00180003 0.00060378 9.93523e-05 8.78738e-06 9.91376e-07 5.06543e-07 1.70631e-06 1.40062e-05 7.9067e-05 0.00018476 0.000208221 0.000153087 8.9332e-05 4.45991e-05 1.89025e-05 6.20129e-06 1.12645e-06 0 
0 0.000223966 0.000918932 0.0020866 0.00367244 0.00554634 0.00748817 0.00920616 0.0104178 0.0109713 0.0109181 0.010468 0.0098694 0.0093113 0.00888999 0.0086178 0.0084412 0.00825496 0.00791778 0.00728066 0.00622944 0.00473193 0.00290531 0.00116922 0.000202599 8.78738e-06 1.01683e-07 1.66338e-09 4.98885e-10 6.03019e-09 4.04486e-07 1.27611e-05 7.7129e-05 0.000129619 0.000109574 6.67839e-05 3.37692e-05 1.43642e-05 4.71715e-06 8.57103e-07 0 
0 0.00016626 0.000682871 0.00155445 0.00275105 0.0042017 0.00579003 0.00735949 0.00873849 0.00978622 0.0104388 0.0107242 0.0107354 0.0105797 0.0103367 0.0100373 0.00966194 0.00915291 0.00843312 0.00742805 0.00608429 0.00439055 0.0024634 0.000794829 7.81185e-05 9.91376e-07 1.66338e-09 4.23613e-12 7.55704e-13 3.11475e-11 1.5425e-08 2.42189e-06 3.45051e-05 8.18501e-05 7.75751e-05 4.89078e-05 2.49648e-05 1.06464e-05 3.49868e-06 6.35825e-07 0 
0 0.00012012 0.000493616 0.001125 0.00199627 0.00306509 0.00426459 0.00550688 0.00669264 0.00772784 0.00854336 0.00910802 0.0094277 0.00953097 0.00944993 0.0092053 0.00880071 0.00822536 0.00746058 0.00648447 0.00527091 0.00379469 0.00211519 0.000654829 5.57649e-05 5.06543e-07 4.98885e-10 7.55704e-13 1.14681e-13 6.42537e-12 5.3209e-09 1.258e-06 2.21775e-05 5.70867e-05 5.55004e-05 3.52371e-05 1.80195e-05 7.68813e-06 2.52681e-06 4.59218e-07 0 
0 8.43157e-05 0.000346566 0.000790295 0.00140401 0.00216073 0.00301893 0.00392519 0.00481909 0.00564036 0.00633714 0.00687273 0.00722823 0.00740023 0.00739519 0.0072236 0.00689623 0.00642267 0.00581038 0.00506139 0.00416478 0.00309227 0.00184643 0.000670273 8.35141e-05 1.70631e-06 6.03019e-09 3.11475e-11 6.42537e-12 1.47945e-10 2.99368e-08 2.30013e-06 2.22439e-05 4.49322e-05 4.02832e-05 2.4964e-05 1.26791e-05 5.39945e-06 1.77369e-06 3.22303e-07 0 
0 5.73616e-05 0.000235801 0.000537839 0.00095598 0.00147264 0.00206105 0.00268719 0.00331266 0.00389845 0.00440894 0.00481549 0.00509868 0.00524874 0.00526452 0.00515158 0.00492027 0.00458378 0.00415581 0.0036466 0.00305664 0.00237054 0.00157212 0.000742964 0.000176642 1.40062e-05 4.04486e-07 1.5425e-08 5.3209e-09 2.99368e-08 6.30333e-07 7.77715e-06 2.78327e-05 3.73262e-05 2.90925e-05 1.72743e-05 8.66625e-06 3.67788e-06 1.20702e-06 2.19274e-07 0 
0 3.76981e-05 0.000154976 0.000353519 0.000628487 0.000968517 0.00135639 0.00177031 0.00218573 0.00257752 0.00292224 0.00320026 0.0033972 0.00350479 0.00352087 0.00344874 0.00329624 0.00307428 0.00279512 0.00246983 0.0021048 0.00169796 0.00124098 0.000747869 0.000315705 7.9067e-05 1.27611e-05 2.42189e-06 1.258e-06 2.30013e-06 7.77715e-06 2.10837e-05 3.2106e-05 2.97744e-05 2.03195e-05 1.15602e-05 5.72525e-06 2.42063e-06 7.93561e-07 1.44119e-07 0 
0 2.38239e-05 9.79412e-05 0.000223425 0.000397236 0.000612239 0.000857635 0.00111978 0.00138331 0.00163244 0.00185239 0.00203054 0.00215749 0.00222762 0.00223925 0.00219446 0.00209851 0.00195904 0.00178492 0.00158499 0.00136641 0.00113307 0.000885458 0.000626609 0.000377833 0.00018476 7.7129e-05 3.45051e-05 2.21775e-05 2.22439e-05 2.78327e-05 3.2106e-05 2.94101e-05 2.15738e-05 1.34446e-05 7.41249e-06 3.63415e-06 1.53175e-06 5.01689e-07 9.10872e-08 0 
0 1.43838e-05 5.9133e-05 0.000134897 0.000239846 0.00036968 0.000517899 0.000676289 0.000835602 0.000986339 0.00111956 0.00122763 0.00130479 0.00134759 0.00135495 0.00132815 0.00127047 0.00118671 0.00108262 0.000964171 0.000836866 0.000705084 0.000571905 0.00044018 0.00031544 0.000208221 0.000129619 8.18501e-05 5.70867e-05 4.49322e-05 3.73262e-05 2.97744e-05 2.15738e-05 1.40754e-05 8.34844e-06 4.51811e-06 2.20089e-06 9.25687e-07 3.02985e-07 5.4999e-08 0 
0 8.21722e-06 3.37817e-05 7.7065e-05 0.000137022 0.000211199 0.000295886 0.000386394 0.000477446 0.00056362 0.000639807 0.000701638 0.00074582 0.000770356 0.000774637 0.000759394 0.000726524 0.000678835 0.00061971 0.000552754 0.000481449 0.000408868 0.000337544 0.000269611 0.000207258 0.000153087 0.000109574 7.75751e-05 5.55004e-05 4.02832e-05 2.90925e-05 2.03195e-05 1.34446e-05 8.34844e-06 4.83991e-06 2.59496e-06 1.25965e-06 5.29151e-07 1.73123e-07 3.14218e-08 0 
0 4.37575e-06 1.79891e-05 4.1038e-05 7.29661e-05 0.000112467 0.000157566 0.000205766 0.000254259 0.000300158 0.000340742 0.000373684 0.000397228 0.00041031 0.000412604 0.000404502 0.000387022 0.000361672 0.000330278 0.000294808 0.000257194 0.000219193 0.000182303 0.00014774 0.000116489 8.9332e-05 6.67839e-05 4.89078e-05 3.52371e-05 2.4964e-05 1.72743e-05 1.15602e-05 7.41249e-06 4.51811e-06 2.59496e-06 1.38554e-06 6.71436e-07 2.81875e-07 9.22005e-08 1.6733e-08 0 
0 2.11793e-06 8.70701e-06 1.9863e-05 3.53168e-05 5.44361e-05 7.62648e-05 9.95953e-05 0.000123068 0.000145285 0.00016493 0.000180877 0.000192275 0.00019861 0.000199723 0.000195805 0.000187349 0.000175089 0.000159915 0.000142786 0.000124654 0.000106389 8.87365e-05 7.22886e-05 5.74819e-05 4.45991e-05 3.37692e-05 2.49648e-05 1.80195e-05 1.26791e-05 8.66625e-06 5.72525e-06 3.63415e-06 2.20089e-06 1.25965e-06 6.71436e-07 3.2514e-07 1.36456e-07 4.46293e-08 8.09922e-09 0 
0 8.88673e-07 3.65342e-06 8.33443e-06 1.48187e-05 2.28411e-05 3.20004e-05 4.17898e-05 5.16389e-05 6.09613e-05 6.92047e-05 7.58962e-05 8.06792e-05 8.33374e-05 8.38049e-05 8.21613e-05 7.86145e-05 7.34722e-05 6.71087e-05 5.99286e-05 5.23326e-05 4.4689e-05 3.73121e-05 3.04497e-05 2.42778e-05 1.89025e-05 1.43642e-05 1.06464e-05 7.68813e-06 5.39945e-06 3.67788e-06 2.42063e-06 1.53175e-06 9.25687e-07 5.29151e-07 2.81875e-07 1.36456e-07 5.7261e-08 1.87268e-08 3.39843e-09 0 
0 2.90623e-07 1.19478e-06 2.72561e-06 4.84618e-06 7.46975e-06 1.04651e-05 1.36666e-05 1.68875e-05 1.99363e-05 2.26321e-05 2.48205e-05 2.63847e-05 2.72541e-05 2.7407e-05 2.68696e-05 2.57098e-05 2.40284e-05 2.19478e-05 1.96005e-05 1.71179e-05 1.46206e-05 1.22114e-05 9.97118e-06 7.95668e-06 6.20129e-06 4.71715e-06 3.49868e-06 2.52681e-06 1.77369e-06 1.20702e-06 7.93561e-07 5.01689e-07 3.02985e-07 1.73123e-07 9.22005e-08 4.46293e-08 1.87268e-08 6.12433e-09 1.1114e-09 0 
0 5.27398e-08 2.16818e-07 4.94621e-07 8.79443e-07 1.35555e-06 1.89912e-06 2.48009e-06 3.0646e-06 3.61786e-06 4.10709e-06 4.50422e-06 4.78808e-06 4.94584e-06 4.9736e-06 4.87608e-06 4.66562e-06 4.3605e-06 3.98297e-06 3.55708e-06 3.10665e-06 2.6536e-06 2.2166e-06 1.81028e-06 1.4449e-06 1.12645e-06 8.57103e-07 6.35825e-07 4.59218e-07 3.22303e-07 2.19274e-07 1.44119e-07 9.10872e-08 5.4999e-08 3.14218e-08 1.6733e-08 8.09922e-09 3.39843e-09 1.1114e-09 2.01687e-10 0 
0 0 0 0 0 0 0 0 0 0 0 0 0 0 0 0 0 0 0 0 0 0 0 0 0 0 0 0 0 0 0 0 0 0 0 0 0 0 0 0 0 
