0 0 0 0 0 0 0 0 0 0 0 0 0 0 0 0 0 0 0 0 0 0 0 0 0 0 0 0 0 0 0 0 0 0 0 0 0 0 0 0 0 
0 1.34845e-05 5.39277e-05 0.000116817 0.000190622 0.00025917 0.00030845 0.000332823 0.000335472 0.000324199 0.000306992 0.000289788 0.000276163 0.000267882 0.000265555 0.000269073 0.000277796 0.000290533 0.000305424 0.000319852 0.000330533 0.000333929 0.000326996 0.000308124 0.000277866 0.000239033 0.000195967 0.000153279 0.00011465 8.222e-05 5.66309e-05 3.74659e-05 2.37567e-05 1.43661e-05 8.21298e-06 4.37484e-06 2.11776e-06 8.88645e-07 2.9062e-07 5.27396e-08 0 
0 5.39277e-05 0.000207322 0.000414902 0.000591029 0.00065835 0.000607924 0.000492222 0.000369092 0.000269091 0.000198583 0.000153088 0.000126124 0.000112644 0.000109708 0.000116304 0.000133051 0.000161951 0.000205998 0.000268292 0.000350247 0.000448777 0.000553339 0.000645118 0.000701172 0.000703798 0.000650049 0.000553823 0.000438368 0.000325403 0.000228511 0.000152707 9.73008e-05 5.89689e-05 3.37437e-05 1.79812e-05 8.70557e-06 3.65319e-06 1.19475e-06 2.16817e-07 0 
0 0.000116817 0.000414902 0.000707033 0.000769601 0.000590552 0.000350528 0.000177384 8.35736e-05 3.94945e-05 1.99213e-05 1.12793e-05 7.44341e-06 5.86226e-06 5.56063e-06 6.32152e-06 8.46526e-06 1.29952e-05 2.21063e-05 4.01428e-05 7.4922e-05 0.00013863 0.000246044 0.000406629 0.000609539 0.000810828 0.000943408 0.000956941 0.000854114 0.000683389 0.000500742 0.00034207 0.000220253 0.000134104 7.68859e-05 4.10018e-05 1.98566e-05 8.33346e-06 2.7255e-06 4.94614e-07 0 
0 0.000190622 0.000591029 0.000769601 0.000550782 0.000248501 8.17368e-05 2.24068e-05 5.75057e-06 1.53295e-06 4.65651e-07 1.743e-07 8.53328e-08 5.67315e-08 5.19402e-08 6.49044e-08 1.07502e-07 2.25525e-07 5.66381e-07 1.60078e-06 4.78661e-06 1.42988e-05 4.05991e-05 0.000105143 0.000240112 0.00046969 0.000767241 0.00102826 0.00112925 0.00103672 0.000823714 0.000587225 0.000385879 0.000237053 0.000136405 7.28444e-05 3.52957e-05 1.48157e-05 4.84584e-06 8.79423e-07 0 
0 0.00025917 0.00065835 0.000590552 0.000248501 5.95411e-05 9.74993e-06 1.2816e-06 1.57186e-07 2.07824e-08 3.3848e-09 7.61277e-10 2.58017e-10 1.3922e-10 1.2202e-10 1.71318e-10 3.68699e-10 1.13624e-09 4.60852e-09 2.24303e-08 1.19456e-07 6.39178e-07 3.19406e-06 1.4069e-05 5.23548e-05 0.000159663 0.000389285 0.0007413 0.00108451 0.00122627 0.00111136 0.00085179 0.000579825 0.000361766 0.000209479 0.000112134 5.43796e-05 2.2833e-05 7.46887e-06 1.35549e-06 0 
0 0.00030845 0.000607924 0.000350528 8.17368e-05 9.74993e-06 7.30388e-07 4.16777e-08 2.20133e-09 1.30613e-10 1.04335e-11 1.31098e-12 2.91855e-13 1.24049e-13 1.0342e-13 1.65848e-13 4.81319e-13 2.30144e-12 1.61406e-11 1.46191e-10 1.50561e-09 1.56721e-08 1.4905e-07 1.19646e-06 7.66562e-06 3.78701e-05 0.000141428 0.000393036 0.000798126 0.00117245 0.00127387 0.00108641 0.000780686 0.000499039 0.000291822 0.000156791 7.61356e-05 3.19822e-05 1.04632e-05 1.899e-06 0 
0 0.000332823 0.000492222 0.000177384 2.24068e-05 1.2816e-06 4.16777e-08 9.72644e-10 2.08178e-11 5.23232e-13 1.94785e-14 1.31153e-15 1.86094e-16 6.12423e-17 4.8382e-17 8.94315e-17 3.57421e-16 2.73519e-15 3.44838e-14 6.07559e-13 1.26875e-11 2.69583e-10 5.11268e-09 7.80644e-08 8.92607e-07 7.32501e-06 4.23729e-05 0.000171957 0.000486372 0.000946855 0.00127432 0.0012465 0.000964104 0.000637571 0.000378064 0.000204194 9.93366e-05 4.1754e-05 1.36628e-05 2.47987e-06 0 
0 0.000335472 0.000369092 8.35736e-05 5.75057e-06 1.57186e-07 2.20133e-09 2.08178e-11 1.78932e-13 1.8893e-15 3.25407e-17 1.16926e-18 1.07221e-19 2.8474e-20 2.16143e-20 4.43729e-20 2.36959e-19 2.89113e-18 6.58307e-17 2.26992e-15 9.67623e-14 4.22697e-12 1.61038e-10 4.71089e-09 9.6734e-08 1.3231e-06 1.18213e-05 6.92183e-05 0.000267989 0.000684767 0.00115027 0.00131325 0.00110993 0.000765987 0.000462396 0.000251433 0.000122607 5.15759e-05 1.6881e-05 3.06423e-06 0 
0 0.000324199 0.000269091 3.94945e-05 1.53295e-06 2.07824e-08 1.30613e-10 5.23232e-13 1.8893e-15 8.74915e-18 7.30888e-20 1.65283e-21 1.59685e-22 5.45073e-23 4.38091e-23 7.46691e-23 3.16159e-22 4.41263e-21 1.66278e-19 1.08165e-17 9.08403e-16 7.87338e-14 5.82381e-12 3.16338e-10 1.13452e-08 2.52382e-07 3.40423e-06 2.80637e-05 0.000144551 0.000471786 0.000974887 0.00129998 0.00120872 0.000875236 0.000539365 0.000295608 0.000144548 6.08614e-05 1.9926e-05 3.61728e-06 0 
0 0.000306992 0.000198583 1.99213e-05 4.65651e-07 3.3848e-09 1.04335e-11 1.94785e-14 3.25407e-17 7.30888e-20 3.72784e-22 8.79986e-24 1.14257e-24 4.85614e-25 4.07808e-25 5.98192e-25 1.90226e-24 1.99787e-23 8.51009e-22 9.16725e-20 1.40262e-17 2.23523e-15 2.98269e-13 2.80994e-11 1.6558e-09 5.68146e-08 1.10568e-06 1.23321e-05 8.13665e-05 0.000326975 0.000807344 0.00123919 0.00126326 0.000960267 0.000604601 0.000334126 0.000163863 6.90609e-05 2.26174e-05 4.10626e-06 0 
0 0.000289788 0.000153088 1.12793e-05 1.743e-07 7.61277e-10 1.31098e-12 1.31153e-15 1.16926e-18 1.65283e-21 8.79988e-24 2.01562e-25 2.454e-26 1.13521e-26 9.76041e-27 1.29804e-26 3.56083e-26 3.52123e-25 1.44618e-23 1.89447e-21 4.57638e-19 1.19891e-16 2.59182e-14 3.83127e-12 3.39e-10 1.65897e-08 4.35982e-07 6.22503e-06 5.01707e-05 0.000237794 0.000675996 0.00116421 0.00128472 0.00102021 0.000655212 0.000364931 0.000179468 7.5707e-05 2.48012e-05 4.50314e-06 0 
0 0.000276163 0.000126124 7.44341e-06 8.53328e-08 2.58017e-10 2.91855e-13 1.86094e-16 1.07221e-19 1.59685e-22 1.14258e-24 2.45403e-26 1.54651e-27 4.85232e-28 4.00467e-28 5.28312e-28 1.81339e-27 2.59411e-26 1.09943e-24 1.28773e-22 3.83994e-20 1.43226e-17 4.38836e-15 8.98571e-13 1.06706e-10 6.75328e-09 2.20646e-07 3.76741e-06 3.50685e-05 0.000186912 0.000587 0.00109855 0.00128664 0.00105712 0.000689776 0.000386623 0.000190568 8.04504e-05 2.63614e-05 4.78679e-06 0 
0 0.000267882 0.000112644 5.86226e-06 5.67315e-08 1.3922e-10 1.24049e-13 6.12423e-17 2.8474e-20 5.45075e-23 4.85619e-25 1.13522e-26 4.85241e-28 4.67922e-29 2.35841e-29 4.35021e-29 3.615e-28 7.57399e-27 3.1212e-25 3.14036e-23 9.36956e-21 4.2266e-18 1.57937e-15 3.89416e-13 5.47002e-11 4.00993e-09 1.48389e-07 2.80667e-06 2.83655e-05 0.000161608 0.000537077 0.00105468 0.00128013 0.00107419 0.000708012 0.000398475 0.000196703 8.30819e-05 2.72281e-05 4.9444e-06 0 
0 0.000265555 0.000109708 5.56063e-06 5.19402e-08 1.2202e-10 1.0342e-13 4.8382e-17 2.16143e-20 4.38093e-23 4.07812e-25 9.76058e-27 4.00476e-28 2.35846e-29 4.58572e-30 1.81648e-29 2.57191e-28 5.83402e-27 2.38003e-25 2.31733e-23 6.82513e-21 3.19851e-18 1.24695e-15 3.20024e-13 4.66258e-11 3.5299e-09 1.34263e-07 2.59775e-06 2.67415e-05 0.000154701 0.000521253 0.00103681 0.00127158 0.00107412 0.000710354 0.000400372 0.000197749 8.35401e-05 2.73801e-05 4.9721e-06 0 
0 0.000269073 0.000116304 6.32152e-06 6.49044e-08 1.71318e-10 1.65848e-13 8.94315e-17 4.43729e-20 7.46694e-23 5.98197e-25 1.29806e-26 5.28321e-28 4.35023e-29 1.81645e-29 4.57113e-29 4.55443e-28 9.92587e-27 4.33247e-25 4.69495e-23 1.42674e-20 6.04088e-18 2.11107e-15 4.89412e-13 6.50795e-11 4.55043e-09 1.61853e-07 2.96452e-06 2.92153e-05 0.000163329 0.000535653 0.00104356 0.00126221 0.00105827 0.000697615 0.000392729 0.0001939 8.19052e-05 2.68435e-05 4.87462e-06 0 
0 0.000277796 0.000133051 8.46526e-06 1.07502e-07 3.68699e-10 4.81319e-13 3.57421e-16 2.36959e-19 3.1616e-22 1.90227e-24 3.56086e-26 1.81339e-27 3.61495e-28 2.57186e-28 4.55437e-28 2.50867e-27 4.47947e-26 2.13543e-24 2.76954e-22 7.89735e-20 2.61665e-17 7.13667e-15 1.31321e-12 1.41812e-10 8.26932e-09 2.52297e-07 4.0756e-06 3.63363e-05 0.000187639 0.000577201 0.00106892 0.00124844 0.0010266 0.000670843 0.000376395 0.000185624 7.83813e-05 2.56859e-05 4.66428e-06 0 
0 0.000290533 0.000161951 1.29952e-05 2.25525e-07 1.13624e-09 2.30144e-12 2.73519e-15 2.89113e-18 4.41263e-21 1.99787e-23 3.52123e-25 2.59409e-26 7.5739e-27 5.83394e-27 9.92577e-27 4.47945e-26 6.86414e-25 3.49312e-23 4.67441e-21 1.00141e-18 2.28108e-16 4.31552e-14 5.64447e-12 4.47983e-10 1.99628e-08 4.8517e-07 6.50508e-06 4.99784e-05 0.000229295 0.000641041 0.00110146 0.00122283 0.000978125 0.00063135 0.000352582 0.000173605 7.32701e-05 2.40075e-05 4.35933e-06 0 
0 0.000305424 0.000205998 2.21063e-05 5.66381e-07 4.60852e-09 1.61406e-11 3.44838e-14 6.58307e-17 1.66278e-19 8.51009e-22 1.44618e-23 1.09943e-24 3.12117e-25 2.38001e-25 4.33244e-25 2.13543e-24 3.49312e-23 1.75209e-21 1.75686e-19 2.39575e-17 3.40272e-15 4.07079e-13 3.46897e-11 1.86922e-09 5.93562e-08 1.08267e-06 1.14715e-05 7.30164e-05 0.000288448 0.00071554 0.0011228 0.00117543 0.000911772 0.000580804 0.000322781 0.000158678 6.69385e-05 2.193e-05 3.98196e-06 0 
0 0.000319852 0.000268292 4.01428e-05 1.60078e-06 2.24303e-08 1.46191e-10 6.07559e-13 2.26992e-15 1.08165e-17 9.16725e-20 1.89447e-21 1.28773e-22 3.14035e-23 2.31733e-23 4.69494e-23 2.76953e-22 4.67441e-21 1.75686e-19 1.09337e-17 8.76895e-16 7.26827e-14 5.15156e-12 2.68702e-10 9.27398e-09 1.99066e-07 2.60217e-06 2.09644e-05 0.000107221 0.000356674 0.000774957 0.00110686 0.00109552 0.000827124 0.000521275 0.000288659 0.000141757 5.97846e-05 1.95852e-05 3.55619e-06 0 
0 0.000330533 0.000350247 7.4922e-05 4.78661e-06 1.19456e-07 1.50561e-09 1.26875e-11 9.67623e-14 9.08403e-16 1.40262e-17 4.57638e-19 3.83994e-20 9.36956e-21 6.82513e-21 1.42674e-20 7.89735e-20 1.00141e-18 2.39575e-17 8.76895e-16 3.98851e-14 1.85837e-12 7.50702e-11 2.30308e-09 4.88716e-08 6.80325e-07 6.12533e-06 3.62702e-05 0.00014556 0.000403775 0.000772797 0.00102169 0.000973645 0.000724832 0.00045514 0.000251941 0.000123757 5.22049e-05 1.71041e-05 3.10584e-06 0 
0 0.000333929 0.000448777 0.00013863 1.42988e-05 6.39178e-07 1.56721e-08 2.69583e-10 4.22697e-12 7.87338e-14 2.23523e-15 1.19891e-16 1.43226e-17 4.2266e-18 3.19851e-18 6.04088e-18 2.61665e-17 2.28108e-16 3.40272e-15 7.26827e-14 1.85837e-12 4.81068e-11 1.08958e-09 1.91935e-08 2.41708e-07 2.0799e-06 1.22103e-05 5.07144e-05 0.000156452 0.00036743 0.000647746 0.000837145 0.000803514 0.000606569 0.000384892 0.000214282 0.000105535 4.45659e-05 1.46072e-05 2.65281e-06 0 
0 0.000326996 0.000553339 0.000246044 4.05991e-05 3.19406e-06 1.4905e-07 5.11268e-09 1.61038e-10 5.82381e-12 2.98269e-13 2.59182e-14 4.38836e-15 1.57937e-15 1.24695e-15 2.11107e-15 7.13667e-15 4.31552e-14 4.07079e-13 5.15156e-12 7.50702e-11 1.08958e-09 1.38153e-08 1.36622e-07 9.63825e-07 4.62918e-06 1.55308e-05 4.05182e-05 9.3628e-05 0.000201458 0.000376971 0.000548323 0.00058647 0.000475296 0.000313022 0.000177183 8.784e-05 3.7183e-05 1.21974e-05 2.21578e-06 0 
0 0.000308124 0.000645118 0.000406629 0.000105143 1.4069e-05 1.19646e-06 7.80644e-08 4.71089e-09 3.16338e-10 2.80994e-11 3.83127e-12 8.98571e-13 3.89416e-13 3.20024e-13 4.89412e-13 1.31321e-12 5.64447e-12 3.46897e-11 2.68702e-10 2.30308e-09 1.91935e-08 1.36622e-07 7.25214e-07 2.50191e-06 5.13808e-06 6.81153e-06 8.12004e-06 1.31832e-05 3.3255e-05 9.86492e-05 0.00023086 0.000345716 0.000337601 0.000242313 0.000141995 7.12912e-05 3.0308e-05 9.95607e-06 1.8094e-06 0 
0 0.000277866 0.000701172 0.000609539 0.000240112 5.23548e-05 7.66562e-06 8.92607e-07 9.6734e-08 1.13452e-08 1.6558e-09 3.39e-10 1.06706e-10 5.47002e-11 4.66258e-11 6.50795e-11 1.41812e-10 4.47983e-10 1.86922e-09 9.27398e-09 4.88716e-08 2.41708e-07 9.63825e-07 2.50191e-06 3.1538e-06 1.49763e-06 3.14535e-07 7.4164e-08 6.95478e-08 3.81963e-07 4.87094e-06 4.21918e-05 0.000142872 0.000208343 0.000176591 0.000109996 5.63743e-05 2.41242e-05 7.94065e-06 1.44399e-06 0 
0 0.000239033 0.000703798 0.000810828 0.00046969 0.000159663 3.78701e-05 7.32501e-06 1.3231e-06 2.52382e-07 5.68146e-08 1.65897e-08 6.75328e-09 4.00993e-09 3.5299e-09 4.55043e-09 8.26932e-09 1.99628e-08 5.93562e-08 1.99066e-07 6.80325e-07 2.0799e-06 4.62918e-06 5.13808e-06 1.49763e-06 5.74057e-08 3.58668e-10 3.3672e-12 1.20725e-12 4.55706e-11 1.56014e-08 2.18268e-06 3.66516e-05 0.000109086 0.000120902 8.24038e-05 4.34382e-05 1.87454e-05 6.18529e-06 1.12557e-06 0 
0 0.000195967 0.000650049 0.000943408 0.000767241 0.000389285 0.000141428 4.23729e-05 1.18213e-05 3.40423e-06 1.10568e-06 4.35982e-07 2.20646e-07 1.48389e-07 1.34263e-07 1.61853e-07 2.52297e-07 4.8517e-07 1.08267e-06 2.60217e-06 6.12533e-06 1.22103e-05 1.55308e-05 6.81153e-06 3.14535e-07 3.58668e-10 1.23085e-14 3.76021e-16 1.93948e-15 6.89464e-17 3.96045e-12 3.82616e-08 6.56447e-06 5.13237e-05 7.95033e-05 6.01215e-05 3.26671e-05 1.42181e-05 4.70258e-06 8.56309e-07 0 
0 0.000153279 0.000553823 0.000956941 0.00102826 0.0007413 0.000393036 0.000171957 6.92183e-05 2.80637e-05 1.23321e-05 6.22503e-06 3.76741e-06 2.80667e-06 2.59775e-06 2.96452e-06 4.0756e-06 6.50508e-06 1.14715e-05 2.09644e-05 3.62702e-05 5.07144e-05 4.05182e-05 8.12004e-06 7.4164e-08 3.3672e-12 3.76021e-16 1.96831e-17 5.87165e-17 3.11831e-17 1.91245e-15 1.00632e-09 1.43131e-06 2.59356e-05 5.2859e-05 4.32925e-05 2.40432e-05 1.0526e-05 3.48681e-06 6.35186e-07 0 
0 0.00011465 0.000438368 0.000854114 0.00112925 0.00108451 0.000798126 0.000486372 0.000267989 0.000144551 8.13665e-05 5.01707e-05 3.50685e-05 2.83655e-05 2.67415e-05 2.92153e-05 3.63363e-05 4.99784e-05 7.30164e-05 0.000107221 0.00014556 0.000156452 9.3628e-05 1.31832e-05 6.95478e-08 1.20725e-12 1.93948e-15 5.87166e-17 7.81332e-18 9.52593e-18 2.12201e-16 3.26746e-10 7.87484e-07 1.73806e-05 3.75111e-05 3.11521e-05 1.73527e-05 7.60142e-06 2.5183e-06 4.58761e-07 0 
0 8.222e-05 0.000325403 0.000683389 0.00103672 0.00122627 0.00117245 0.000946855 0.000684767 0.000471786 0.000326975 0.000237794 0.000186912 0.000161608 0.000154701 0.000163329 0.000187639 0.000229295 0.000288448 0.000356674 0.000403775 0.00036743 0.000201458 3.3255e-05 3.81963e-07 4.55706e-11 6.89464e-17 3.11831e-17 9.52592e-18 3.55495e-17 2.86363e-14 2.48748e-09 1.35181e-06 1.63417e-05 2.87524e-05 2.24264e-05 1.22661e-05 5.34548e-06 1.76836e-06 3.22015e-07 0 
0 5.66309e-05 0.000228511 0.000500742 0.000823714 0.00111136 0.00127387 0.00127432 0.00115027 0.000974887 0.000807344 0.000675996 0.000587 0.000537077 0.000521253 0.000535653 0.000577201 0.000641041 0.00071554 0.000774957 0.000772797 0.000647746 0.000376971 9.86492e-05 4.87094e-06 1.56014e-08 3.96045e-12 1.91245e-15 2.12202e-16 2.86363e-14 9.63773e-11 9.02886e-08 4.18685e-06 1.83494e-05 2.27689e-05 1.59414e-05 8.44844e-06 3.64897e-06 1.20411e-06 2.19115e-07 0 
0 3.74659e-05 0.000152707 0.00034207 0.000587225 0.00085179 0.00108641 0.0012465 0.00131325 0.00129998 0.00123919 0.00116421 0.00109855 0.00105468 0.00103681 0.00104356 0.00106892 0.00110146 0.0011228 0.00110686 0.00102169 0.000837145 0.000548323 0.00023086 4.21918e-05 2.18268e-06 3.82616e-08 1.00632e-09 3.26746e-10 2.48748e-09 9.02886e-08 1.9889e-06 1.11425e-05 1.95794e-05 1.74479e-05 1.09716e-05 5.62746e-06 2.4073e-06 7.92185e-07 1.44042e-07 0 
0 2.37567e-05 9.73008e-05 0.000220253 0.000385879 0.000579825 0.000780686 0.000964104 0.00110993 0.00120872 0.00126326 0.00128472 0.00128664 0.00128013 0.00127158 0.00126221 0.00124844 0.00122283 0.00117543 0.00109552 0.000973645 0.000803514 0.00058647 0.000345716 0.000142872 3.66516e-05 6.56447e-06 1.43131e-06 7.87484e-07 1.35181e-06 4.18685e-06 1.11425e-05 1.77457e-05 1.74236e-05 1.23781e-05 7.1936e-06 3.59665e-06 1.52645e-06 5.01122e-07 9.10544e-08 0 
0 1.43661e-05 5.89689e-05 0.000134104 0.000237053 0.000361766 0.000499039 0.000637571 0.000765987 0.000875236 0.000960267 0.00102021 0.00105712 0.00107419 0.00107412 0.00105827 0.0010266 0.000978125 0.000911772 0.000827124 0.000724832 0.000606569 0.000475296 0.000337601 0.000208343 0.000109086 5.13237e-05 2.59356e-05 1.73806e-05 1.63417e-05 1.83494e-05 1.95794e-05 1.74236e-05 1.27771e-05 8.0211e-06 4.449e-06 2.18854e-06 9.23862e-07 3.02782e-07 5.49868e-08 0 
0 8.21298e-06 3.37437e-05 7.68859e-05 0.000136405 0.000209479 0.000291822 0.000378064 0.000462396 0.000539365 0.000604601 0.000655212 0.000689776 0.000708012 0.000710354 0.000697615 0.000670843 0.00063135 0.000580804 0.000521275 0.00045514 0.000384892 0.000313022 0.000242313 0.000176591 0.000120902 7.95033e-05 5.2859e-05 3.75111e-05 2.87524e-05 2.27689e-05 1.74479e-05 1.23781e-05 8.0211e-06 4.75525e-06 2.57627e-06 1.25614e-06 5.28606e-07 1.7306e-07 3.14178e-08 0 
0 4.37484e-06 1.79812e-05 4.10018e-05 7.28444e-05 0.000112134 0.000156791 0.000204194 0.000251433 0.000295608 0.000334126 0.000364931 0.000386623 0.000398475 0.000400372 0.000392729 0.000376395 0.000352582 0.000322781 0.000288659 0.000251941 0.000214282 0.000177183 0.000141995 0.000109996 8.24038e-05 6.01215e-05 4.32925e-05 3.11521e-05 2.24264e-05 1.59414e-05 1.09716e-05 7.1936e-06 4.449e-06 2.57627e-06 1.38119e-06 6.70575e-07 2.81735e-07 9.21835e-08 1.67319e-08 0 
0 2.11776e-06 8.70557e-06 1.98566e-05 3.52957e-05 5.43796e-05 7.61356e-05 9.93366e-05 0.000122607 0.000144548 0.000163863 0.000179468 0.000190568 0.000196703 0.000197749 0.0001939 0.000185624 0.000173605 0.000158678 0.000141757 0.000123757 0.000105535 8.784e-05 7.12912e-05 5.63743e-05 4.34382e-05 3.26671e-05 2.40432e-05 1.73527e-05 1.22661e-05 8.44844e-06 5.62746e-06 3.59665e-06 2.18854e-06 1.25614e-06 6.70575e-07 3.2496e-07 1.36425e-07 4.46254e-08 8.09896e-09 0 
0 8.88645e-07 3.65319e-06 8.33346e-06 1.48157e-05 2.2833e-05 3.19822e-05 4.1754e-05 5.15759e-05 6.08614e-05 6.90609e-05 7.5707e-05 8.04504e-05 8.30819e-05 8.35401e-05 8.19052e-05 7.83813e-05 7.32701e-05 6.69385e-05 5.97846e-05 5.22049e-05 4.45659e-05 3.7183e-05 3.0308e-05 2.41242e-05 1.87454e-05 1.42181e-05 1.0526e-05 7.60142e-06 5.34548e-06 3.64897e-06 2.4073e-06 1.52645e-06 9.23862e-07 5.28606e-07 2.81735e-07 1.36425e-07 5.72554e-08 1.87261e-08 3.39838e-09 0 
0 2.9062e-07 1.19475e-06 2.7255e-06 4.84584e-06 7.46887e-06 1.04632e-05 1.36628e-05 1.6881e-05 1.9926e-05 2.26174e-05 2.48012e-05 2.63614e-05 2.72281e-05 2.73801e-05 2.68435e-05 2.56859e-05 2.40075e-05 2.193e-05 1.95852e-05 1.71041e-05 1.46072e-05 1.21974e-05 9.95607e-06 7.94065e-06 6.18529e-06 4.70258e-06 3.48681e-06 2.5183e-06 1.76836e-06 1.20411e-06 7.92185e-07 5.01122e-07 3.02782e-07 1.7306e-07 9.21835e-08 4.46254e-08 1.87261e-08 6.12422e-09 1.11139e-09 0 
0 5.27396e-08 2.16817e-07 4.94614e-07 8.79423e-07 1.35549e-06 1.899e-06 2.47987e-06 3.06423e-06 3.61728e-06 4.10626e-06 4.50314e-06 4.78679e-06 4.9444e-06 4.9721e-06 4.87462e-06 4.66428e-06 4.35933e-06 3.98196e-06 3.55619e-06 3.10584e-06 2.65281e-06 2.21578e-06 1.8094e-06 1.44399e-06 1.12557e-06 8.56309e-07 6.35186e-07 4.58761e-07 3.22015e-07 2.19115e-07 1.44042e-07 9.10544e-08 5.49868e-08 3.14178e-08 1.67319e-08 8.09896e-09 3.39838e-09 1.11139e-09 2.01686e-10 0 
0 0 0 0 0 0 0 0 0 0 0 0 0 0 0 0 0 0 0 0 0 0 0 0 0 0 0 0 0 0 0 0 0 0 0 0 0 0 0 0 0 
