0 0 0 0 0 0 0 0 0 0 0 0 0 0 0 0 0 0 0 0 0 0 0 0 0 0 0 0 0 0 0 0 0 0 0 0 0 0 0 0 0 
0 1.37124e-05 5.59688e-05 0.000125886 0.00021827 0.0003232 0.000427518 0.00051848 0.000587788 0.000633483 0.000658885 0.000669922 0.000672632 0.000671662 0.000669727 0.000667617 0.000664446 0.000658016 0.000645314 0.000623189 0.000589198 0.000542466 0.00048425 0.000417906 0.000348173 0.000280038 0.000217637 0.000163629 0.000119117 8.39642e-05 5.72483e-05 3.76645e-05 2.38147e-05 1.43815e-05 8.21669e-06 4.37564e-06 2.11791e-06 8.8867e-07 2.90623e-07 5.27398e-08 0 
0 5.59688e-05 0.000226076 0.000497433 0.00082768 0.00114518 0.00137307 0.00146832 0.0014413 0.00133846 0.00121061 0.0010936 0.00100597 0.00095454 0.000940335 0.000962122 0.00101748 0.00110205 0.00120754 0.00131964 0.00141724 0.00147505 0.00147048 0.00139262 0.00124796 0.00105843 0.000852522 0.000655407 0.000483292 0.000343024 0.000234688 0.000154654 9.7856e-05 5.91122e-05 3.37771e-05 1.79882e-05 8.70685e-06 3.65339e-06 1.19478e-06 2.16818e-07 0 
0 0.000125886 0.000497433 0.00104325 0.00158498 0.00189062 0.00184073 0.001526 0.00113596 0.000803478 0.000568572 0.000419833 0.000333672 0.000291128 0.000281318 0.00030067 0.00035184 0.000443003 0.000586653 0.000795918 0.00107584 0.00140924 0.00174405 0.00199793 0.00209168 0.0019945 0.00174185 0.00140931 0.00107039 0.000771768 0.000532127 0.00035191 0.000223009 0.000134799 7.70436e-05 4.10338e-05 1.98623e-05 8.33432e-06 2.7256e-06 4.9462e-07 0 
0 0.00021827 0.00082768 0.00158498 0.00203182 0.00186049 0.00128193 0.000718522 0.00035896 0.000174322 8.86068e-05 5.00124e-05 3.27472e-05 2.55746e-05 2.41011e-05 2.73056e-05 3.65554e-05 5.62195e-05 9.58154e-05 0.000173781 0.000321546 0.000582073 0.000990471 0.00152784 0.00207502 0.00243995 0.00248358 0.00222267 0.00179222 0.00133443 0.000934721 0.000622601 0.000395748 0.000239502 0.000136949 7.29522e-05 3.53144e-05 1.48184e-05 4.84615e-06 8.79441e-07 0 
0 0.0003232 0.00114518 0.00189062 0.00186049 0.00116503 0.000508996 0.000175728 5.43454e-05 1.68386e-05 5.75583e-06 2.35002e-06 1.21707e-06 8.30912e-07 7.5963e-07 9.23927e-07 1.45636e-06 2.85261e-06 6.58513e-06 1.68948e-05 4.53835e-05 0.000120565 0.000300541 0.000670226 0.00128125 0.00202901 0.00261609 0.0027676 0.0024776 0.00195487 0.00140942 0.000951163 0.000607925 0.000368703 0.000210998 0.00011243 5.44299e-05 2.28402e-05 7.46966e-06 1.35554e-06 0 
0 0.000427518 0.00137307 0.00184073 0.00128193 0.000508996 0.000132903 2.68034e-05 4.85699e-06 9.07653e-07 1.97871e-07 5.58631e-08 2.21303e-08 1.29524e-08 1.14342e-08 1.50793e-08 2.86402e-08 7.39096e-08 2.40898e-07 9.14995e-07 3.73503e-06 1.51903e-05 5.75696e-05 0.00019202 0.000536561 0.00120267 0.00209042 0.00278644 0.00291574 0.00252064 0.00190462 0.00131336 0.000847039 0.000515535 0.000295407 0.000157478 7.62506e-05 3.19984e-05 1.04649e-05 1.89911e-06 0 
0 0.00051848 0.00146832 0.001526 0.000718522 0.000175728 2.68034e-05 3.07024e-06 3.15111e-07 3.42649e-08 4.60572e-09 8.73762e-10 2.59203e-10 1.28431e-10 1.09114e-10 1.56926e-10 3.64202e-10 1.26445e-09 5.97222e-09 3.45686e-08 2.20822e-07 1.41254e-06 8.31831e-06 4.21101e-05 0.000173558 0.000556697 0.00133555 0.00233162 0.00297695 0.00291698 0.00235801 0.00167855 0.00109723 0.00067131 0.000385399 0.000205587 9.95667e-05 4.17859e-05 1.36662e-05 2.48007e-06 0 
0 0.000587788 0.0014413 0.00113596 0.00035896 5.43454e-05 4.85699e-06 3.15111e-07 1.81973e-08 1.14214e-09 9.38974e-11 1.18853e-11 2.62556e-12 1.09731e-12 8.9584e-13 1.40587e-12 3.99744e-12 1.8753e-11 1.29088e-10 1.14607e-09 1.15319e-08 1.16676e-07 1.07105e-06 8.21958e-06 4.96123e-05 0.000225109 0.000739394 0.00170087 0.00270618 0.00308112 0.00271411 0.0020149 0.00134112 0.000826335 0.000475614 0.000253934 0.000123016 5.1632e-05 1.68868e-05 3.06456e-06 0 
0 0.000633483 0.00133846 0.000803478 0.000174322 1.68386e-05 9.07653e-07 3.42649e-08 1.14214e-09 4.23622e-11 2.17437e-12 1.86693e-13 3.10693e-14 1.10197e-14 8.64933e-15 1.47397e-14 5.08547e-14 3.18009e-13 3.13784e-12 4.19449e-11 6.51931e-10 1.02272e-08 1.4345e-07 1.63488e-06 1.41298e-05 8.83969e-05 0.00038708 0.00115071 0.00227259 0.00303287 0.00294385 0.00229648 0.0015623 0.000970946 0.000560596 0.000299625 0.000145202 6.09503e-05 1.99351e-05 3.6178e-06 0 
0 0.000658885 0.00121061 0.000568572 8.86068e-05 5.75583e-06 1.97871e-07 4.60572e-09 9.38974e-11 2.17437e-12 7.31651e-14 4.43402e-15 5.71942e-16 1.74893e-16 1.32323e-16 2.42413e-16 9.93212e-16 8.02515e-15 1.09228e-13 2.10538e-12 4.82922e-11 1.12205e-09 2.30045e-08 3.73367e-07 4.44087e-06 3.68569e-05 0.000207084 0.000768337 0.00183949 0.00285253 0.00305271 0.00250904 0.00174779 0.00109655 0.000635303 0.000339954 0.000164809 6.91887e-05 2.26305e-05 4.107e-06 0 
0 0.000669922 0.0010936 0.000419833 5.00124e-05 2.35002e-06 5.58631e-08 8.73762e-10 1.18853e-11 1.86693e-13 4.43402e-15 2.01475e-16 2.1039e-17 5.68395e-18 4.1646e-18 8.08285e-18 3.80889e-17 3.79552e-16 6.72604e-15 1.75148e-13 5.53458e-12 1.77743e-10 4.98364e-09 1.08265e-07 1.67483e-06 1.75172e-05 0.000120419 0.000533666 0.00149382 0.00263079 0.00307223 0.00265136 0.00188947 0.00119646 0.000695545 0.000372621 0.000180714 7.58749e-05 2.48184e-05 4.5041e-06 0 
0 0.000672632 0.00100597 0.000333672 3.27472e-05 1.21707e-06 2.21303e-08 2.59203e-10 2.62556e-12 3.10693e-14 5.71942e-16 2.1039e-17 1.88003e-18 4.63068e-19 3.30666e-19 6.67773e-19 3.47687e-18 4.02933e-17 8.64279e-16 2.8e-14 1.11716e-12 4.54323e-11 1.60131e-09 4.30589e-08 8.07415e-07 9.99886e-06 7.95747e-05 0.000400844 0.00125662 0.00243363 0.0030423 0.00273165 0.00198406 0.00126627 0.000738285 0.000395916 0.000192074 8.0653e-05 2.63821e-05 4.78793e-06 0 
0 0.000671662 0.00095454 0.000291128 2.55746e-05 8.30912e-07 1.29524e-08 1.28431e-10 1.09731e-12 1.10197e-14 1.74893e-16 5.68395e-18 4.63068e-19 1.07811e-19 7.56058e-20 1.5572e-19 8.5624e-19 1.07982e-17 2.58085e-16 9.47209e-15 4.32121e-13 2.01417e-11 8.10714e-10 2.46856e-08 5.17999e-07 7.0823e-06 6.14181e-05 0.000333549 0.00111836 0.00229518 0.0029961 0.00276144 0.00203183 0.00130388 0.00076179 0.000408818 0.000198381 8.33076e-05 2.72511e-05 4.94568e-06 0 
0 0.000669727 0.000940335 0.000281318 2.41011e-05 7.5963e-07 1.14342e-08 1.09114e-10 8.9584e-13 8.64933e-15 1.32323e-16 4.1646e-18 3.30666e-19 7.56058e-20 5.25139e-20 1.08063e-19 5.98678e-19 7.66513e-18 1.87196e-16 7.05504e-15 3.31615e-13 1.59531e-11 6.62849e-10 2.08113e-08 4.49335e-07 6.30439e-06 5.59598e-05 0.000310527 0.00106313 0.00222542 0.0029524 0.00275011 0.00203486 0.00130913 0.000765628 0.000411031 0.000199481 8.37733e-05 2.74038e-05 4.97342e-06 0 
0 0.000667617 0.000962122 0.00030067 2.73056e-05 9.23927e-07 1.50793e-08 1.56926e-10 1.40587e-12 1.47397e-14 2.42413e-16 8.08285e-18 6.67773e-19 1.5572e-19 1.08063e-19 2.17844e-19 1.16178e-18 1.4115e-17 3.23661e-16 1.13784e-14 4.97575e-13 2.22894e-11 8.6566e-10 2.55569e-08 5.22728e-07 7.00434e-06 5.9861e-05 0.000322251 0.00107771 0.00221863 0.00291409 0.0027017 0.0019957 0.0012834 0.000750551 0.00040295 0.000195565 8.21299e-05 2.68664e-05 4.8759e-06 0 
0 0.000664446 0.00101748 0.00035184 3.65554e-05 1.45636e-06 2.86402e-08 3.64202e-10 3.99744e-12 5.08547e-14 9.93212e-16 3.80889e-17 3.47687e-18 8.5624e-19 5.98678e-19 1.16178e-18 5.72348e-18 6.20533e-17 1.23679e-15 3.71436e-14 1.37603e-12 5.22126e-11 1.72951e-09 4.40902e-08 7.91328e-07 9.4739e-06 7.36627e-05 0.000366764 0.00115102 0.00225656 0.00286949 0.00261452 0.00191679 0.00122931 0.000718328 0.00038557 0.000187123 7.85844e-05 2.57067e-05 4.66545e-06 0 
0 0.000658016 0.00110205 0.000443003 5.62195e-05 2.85261e-06 7.39096e-08 1.26445e-09 1.8753e-11 3.18009e-13 8.02515e-15 3.79552e-16 4.02933e-17 1.07982e-17 7.66513e-18 1.4115e-17 6.20533e-17 5.7003e-16 9.24963e-15 2.20182e-13 6.37794e-12 1.88963e-10 4.93205e-09 1.00815e-07 1.48496e-06 1.4981e-05 0.000100813 0.00044522 0.00126722 0.00230661 0.00279485 0.00248267 0.00180061 0.00115045 0.000671513 0.000360355 0.00017488 7.3444e-05 2.40254e-05 4.36034e-06 0 
0 0.000645314 0.00120754 0.000586653 9.58154e-05 6.58513e-06 2.40898e-07 5.97222e-09 1.29088e-10 3.13784e-12 1.09228e-13 6.72604e-15 8.64279e-16 2.58085e-16 1.87196e-16 3.23661e-16 1.23679e-15 9.24963e-15 1.16147e-13 2.06688e-12 4.39488e-11 9.52932e-10 1.83885e-08 2.83711e-07 3.24479e-06 2.62596e-05 0.000146593 0.000554483 0.00139423 0.00231849 0.00265819 0.00229858 0.00165004 0.0010511 0.000613195 0.000329077 0.00015972 6.70817e-05 2.19449e-05 3.98281e-06 0 
0 0.000623189 0.00131964 0.000795918 0.000173781 1.68948e-05 9.14995e-07 3.45686e-08 1.14607e-09 4.19449e-11 2.10538e-12 1.75148e-13 2.8e-14 9.47209e-15 7.05504e-15 1.13784e-14 3.71436e-14 2.20182e-13 2.06688e-12 2.64071e-11 3.94286e-10 5.9724e-09 8.12932e-08 9.04045e-07 7.68239e-06 4.78814e-05 0.000213907 0.000673573 0.00147081 0.00222476 0.00242436 0.00205503 0.00146843 0.000935898 0.000546691 0.000293651 0.000142592 5.9901e-05 1.95975e-05 3.5569e-06 0 
0 0.000589198 0.00141724 0.00107584 0.000321546 4.53835e-05 3.73503e-06 2.20822e-07 1.15319e-08 6.51931e-10 4.82922e-11 5.53458e-12 1.11716e-12 4.32121e-13 3.31615e-13 4.97575e-13 1.37603e-12 6.37794e-12 4.39488e-11 3.94286e-10 4.02974e-09 4.1449e-08 3.85834e-07 2.99118e-06 1.82264e-05 8.43495e-05 0.000291522 0.000745816 0.00140356 0.00195055 0.00206021 0.0017453 0.00125876 0.000809226 0.000475236 0.000255963 0.000124442 5.23018e-05 1.71145e-05 3.10645e-06 0 
0 0.000542466 0.00147505 0.00140924 0.000582073 0.000120565 1.51903e-05 1.41254e-06 1.16676e-07 1.02272e-08 1.12205e-09 1.77743e-10 4.54323e-11 2.01417e-11 1.59531e-11 2.22894e-11 5.22126e-11 1.88963e-10 9.52932e-10 5.9724e-09 4.1449e-08 2.86066e-07 1.7896e-06 9.43224e-06 3.98105e-05 0.000131011 0.000335136 0.000676144 0.00109583 0.0014407 0.00154251 0.00136269 0.00102246 0.00067464 0.00040171 0.000217737 0.000106134 4.46517e-05 1.46165e-05 2.65335e-06 0 
0 0.00048425 0.00147048 0.00174405 0.000990471 0.000300541 5.75696e-05 8.31831e-06 1.07105e-06 1.4345e-07 2.30045e-08 4.98364e-09 1.60131e-09 8.10714e-10 6.62849e-10 8.6566e-10 1.72951e-09 4.93205e-09 1.83885e-08 8.12932e-08 3.85834e-07 1.7896e-06 7.46075e-06 2.6066e-05 7.24706e-05 0.000156837 0.000270942 0.000402722 0.000559377 0.000743103 0.000895091 0.000910145 0.000760747 0.000534887 0.000328541 0.000180455 8.84139e-05 3.72655e-05 1.22063e-05 2.2163e-06 0 
0 0.000417906 0.00139262 0.00199793 0.00152784 0.000670226 0.00019202 4.21101e-05 8.21958e-06 1.63488e-06 3.73367e-07 1.08265e-07 4.30589e-08 2.46856e-08 2.08113e-08 2.55569e-08 4.40902e-08 1.00815e-07 2.83711e-07 9.04045e-07 2.99118e-06 9.43224e-06 2.6066e-05 5.80574e-05 9.63311e-05 0.000114418 0.000104693 9.31898e-05 0.00010647 0.000168241 0.000298344 0.000445641 0.000485653 0.000393899 0.000258011 0.000145369 7.18821e-05 3.03922e-05 9.96506e-06 1.80992e-06 0 
0 0.000348173 0.00124796 0.00209168 0.00207502 0.00128125 0.000536561 0.000173558 4.96123e-05 1.41298e-05 4.44087e-06 1.67483e-06 8.07415e-07 5.17999e-07 4.49335e-07 5.22728e-07 7.91328e-07 1.48496e-06 3.24479e-06 7.68239e-06 1.82264e-05 3.98105e-05 7.24706e-05 9.63311e-05 7.85972e-05 3.41465e-05 8.97902e-06 2.70476e-06 2.19998e-06 6.20439e-06 3.15342e-05 0.000121641 0.000240474 0.000261216 0.000192953 0.00011358 5.69952e-05 2.42109e-05 7.94973e-06 1.44451e-06 0 
0 0.000280038 0.00105843 0.0019945 0.00243995 0.00202901 0.00120267 0.000556697 0.000225109 8.83969e-05 3.68569e-05 1.75172e-05 9.99886e-06 7.0823e-06 6.30439e-06 7.00434e-06 9.4739e-06 1.4981e-05 2.62596e-05 4.78814e-05 8.43495e-05 0.000131011 0.000156837 0.000114418 3.41465e-05 2.6778e-06 6.40316e-08 2.13815e-09 9.20456e-10 1.00427e-08 5.09969e-07 1.3847e-05 8.49117e-05 0.000153327 0.000137137 8.6073e-05 4.40658e-05 1.88311e-05 6.19406e-06 1.12606e-06 0 
0 0.000217637 0.000852522 0.00174185 0.00248358 0.00261609 0.00209042 0.00133555 0.000739394 0.00038708 0.000207084 0.000120419 7.95747e-05 6.14181e-05 5.59598e-05 5.9861e-05 7.36627e-05 0.000100813 0.000146593 0.000213907 0.000291522 0.000335136 0.000270942 0.000104693 8.97902e-06 6.40316e-08 4.2516e-11 4.83103e-14 8.01609e-15 7.74167e-13 1.44299e-09 7.48886e-07 2.32811e-05 8.29501e-05 9.40469e-05 6.3556e-05 3.32494e-05 1.42961e-05 4.71041e-06 8.56737e-07 0 
0 0.000163629 0.000655407 0.00140931 0.00222267 0.0027676 0.00278644 0.00233162 0.00170087 0.00115071 0.000768337 0.000533666 0.000400844 0.000333549 0.000310527 0.000322251 0.000366764 0.00044522 0.000554483 0.000673573 0.000745816 0.000676144 0.000402722 9.31898e-05 2.70476e-06 2.13815e-09 4.83103e-14 1.88288e-17 9.50015e-18 1.21624e-16 6.58892e-12 5.39789e-08 7.30597e-06 4.68625e-05 6.44951e-05 4.61411e-05 2.45234e-05 1.05894e-05 3.4931e-06 6.35526e-07 0 
0 0.000119117 0.000483292 0.00107039 0.00179222 0.0024776 0.00291574 0.00297695 0.00270618 0.00227259 0.00183949 0.00149382 0.00125662 0.00111836 0.00106313 0.00107771 0.00115102 0.00126722 0.00139423 0.00147081 0.00140356 0.00109583 0.000559377 0.00010647 2.19998e-06 9.20456e-10 8.01609e-15 9.50021e-18 3.14236e-19 3.61959e-17 1.34592e-12 2.22875e-08 4.34643e-06 3.20069e-05 4.5919e-05 3.32103e-05 1.76975e-05 7.64674e-06 2.52277e-06 4.59002e-07 0 
0 8.39642e-05 0.000343024 0.000771768 0.00133443 0.00195487 0.00252064 0.00291698 0.00308112 0.00303287 0.00285253 0.00263079 0.00243363 0.00229518 0.00222542 0.00221863 0.00225656 0.00230661 0.00231849 0.00222476 0.00195055 0.0014407 0.000743103 0.000168241 6.20439e-06 1.00427e-08 7.74167e-13 1.21624e-16 3.6196e-17 2.76256e-15 3.41757e-11 8.16826e-08 5.66517e-06 2.74566e-05 3.42074e-05 2.37055e-05 1.24789e-05 5.37354e-06 1.77115e-06 3.22166e-07 0 
0 5.72483e-05 0.000234688 0.000532127 0.000934721 0.00140942 0.00190462 0.00235801 0.00271411 0.00294385 0.00305271 0.00307223 0.0030423 0.0029961 0.0029524 0.00291409 0.00286949 0.00279485 0.00265819 0.00242436 0.00206021 0.00154251 0.000895091 0.000298344 3.15342e-05 5.09969e-07 1.44299e-09 6.58892e-12 1.34592e-12 3.41757e-11 8.58836e-09 8.80695e-07 1.10378e-05 2.64146e-05 2.58306e-05 1.66165e-05 8.56061e-06 3.66396e-06 1.20563e-06 2.19198e-07 0 
0 3.76645e-05 0.000154654 0.00035191 0.000622601 0.000951163 0.00131336 0.00167855 0.0020149 0.00229648 0.00250904 0.00265136 0.00273165 0.00276144 0.00275011 0.0027017 0.00261452 0.00248267 0.00229858 0.00205503 0.0017453 0.00136269 0.000910145 0.000445641 0.000121641 1.3847e-05 7.48886e-07 5.39789e-08 2.22875e-08 8.16826e-08 8.80695e-07 6.65267e-06 1.916e-05 2.42807e-05 1.88715e-05 1.12716e-05 5.67784e-06 2.41421e-06 7.92899e-07 1.44082e-07 0 
0 2.38147e-05 9.7856e-05 0.000223009 0.000395748 0.000607925 0.000847039 0.00109723 0.00134112 0.0015623 0.00174779 0.00188947 0.00198406 0.00203183 0.00203486 0.0019957 0.00191679 0.00180061 0.00165004 0.00146843 0.00125876 0.00102246 0.000760747 0.000485653 0.000240474 8.49117e-05 2.32811e-05 7.30597e-06 4.34643e-06 5.66517e-06 1.10378e-05 1.916e-05 2.29956e-05 1.94459e-05 1.29164e-05 7.30574e-06 3.61599e-06 1.52919e-06 5.01416e-07 9.10715e-08 0 
0 1.43815e-05 5.91122e-05 0.000134799 0.000239502 0.000368703 0.000515535 0.00067131 0.000826335 0.000970946 0.00109655 0.00119646 0.00126627 0.00130388 0.00130913 0.0012834 0.00122931 0.00115045 0.0010511 0.000935898 0.000809226 0.00067464 0.000534887 0.000393899 0.000261216 0.000153327 8.29501e-05 4.68625e-05 3.20069e-05 2.74566e-05 2.64146e-05 2.42807e-05 1.94459e-05 1.34296e-05 8.18817e-06 4.48454e-06 2.19491e-06 9.24806e-07 3.02887e-07 5.49931e-08 0 
0 8.21669e-06 3.37771e-05 7.70436e-05 0.000136949 0.000210998 0.000295407 0.000385399 0.000475614 0.000560596 0.000635303 0.000695545 0.000738285 0.00076179 0.000765628 0.000750551 0.000718328 0.000671513 0.000613195 0.000546691 0.000475236 0.00040171 0.000328541 0.000258011 0.000192953 0.000137137 9.40469e-05 6.44951e-05 4.5919e-05 3.42074e-05 2.58306e-05 1.88715e-05 1.29164e-05 8.18817e-06 4.79873e-06 2.5859e-06 1.25795e-06 5.28888e-07 1.73093e-07 3.14199e-08 0 
0 4.37564e-06 1.79882e-05 4.10338e-05 7.29522e-05 0.00011243 0.000157478 0.000205587 0.000253934 0.000299625 0.000339954 0.000372621 0.000395916 0.000408818 0.000411031 0.00040295 0.00038557 0.000360355 0.000329077 0.000293651 0.000255963 0.000217737 0.000180455 0.000145369 0.00011358 8.6073e-05 6.3556e-05 4.61411e-05 3.32103e-05 2.37055e-05 1.66165e-05 1.12716e-05 7.30574e-06 4.48454e-06 2.5859e-06 1.38344e-06 6.7102e-07 2.81807e-07 9.21923e-08 1.67325e-08 0 
0 2.11791e-06 8.70685e-06 1.98623e-05 3.53144e-05 5.44299e-05 7.62506e-05 9.95667e-05 0.000123016 0.000145202 0.000164809 0.000180714 0.000192074 0.000198381 0.000199481 0.000195565 0.000187123 0.00017488 0.00015972 0.000142592 0.000124442 0.000106134 8.84139e-05 7.18821e-05 5.69952e-05 4.40658e-05 3.32494e-05 2.45234e-05 1.76975e-05 1.24789e-05 8.56061e-06 5.67784e-06 3.61599e-06 2.19491e-06 1.25795e-06 6.7102e-07 3.25053e-07 1.36441e-07 4.46274e-08 8.09909e-09 0 
0 8.8867e-07 3.65339e-06 8.33432e-06 1.48184e-05 2.28402e-05 3.19984e-05 4.17859e-05 5.1632e-05 6.09503e-05 6.91887e-05 7.58749e-05 8.0653e-05 8.33076e-05 8.37733e-05 8.21299e-05 7.85844e-05 7.3444e-05 6.70817e-05 5.9901e-05 5.23018e-05 4.46517e-05 3.72655e-05 3.03922e-05 2.42109e-05 1.88311e-05 1.42961e-05 1.05894e-05 7.64674e-06 5.37354e-06 3.66396e-06 2.41421e-06 1.52919e-06 9.24806e-07 5.28888e-07 2.81807e-07 1.36441e-07 5.72583e-08 1.87264e-08 3.3984e-09 0 
0 2.90623e-07 1.19478e-06 2.7256e-06 4.84615e-06 7.46966e-06 1.04649e-05 1.36662e-05 1.68868e-05 1.99351e-05 2.26305e-05 2.48184e-05 2.63821e-05 2.72511e-05 2.74038e-05 2.68664e-05 2.57067e-05 2.40254e-05 2.19449e-05 1.95975e-05 1.71145e-05 1.46165e-05 1.22063e-05 9.96506e-06 7.94973e-06 6.19406e-06 4.71041e-06 3.4931e-06 2.52277e-06 1.77115e-06 1.20563e-06 7.92899e-07 5.01416e-07 3.02887e-07 1.73093e-07 9.21923e-08 4.46274e-08 1.87264e-08 6.12428e-09 1.11139e-09 0 
0 5.27398e-08 2.16818e-07 4.9462e-07 8.79441e-07 1.35554e-06 1.89911e-06 2.48007e-06 3.06456e-06 3.6178e-06 4.107e-06 4.5041e-06 4.78793e-06 4.94568e-06 4.97342e-06 4.8759e-06 4.66545e-06 4.36034e-06 3.98281e-06 3.5569e-06 3.10645e-06 2.65335e-06 2.2163e-06 1.80992e-06 1.44451e-06 1.12606e-06 8.56737e-07 6.35526e-07 4.59002e-07 3.22166e-07 2.19198e-07 1.44082e-07 9.10715e-08 5.49931e-08 3.14199e-08 1.67325e-08 8.09909e-09 3.3984e-09 1.11139e-09 2.01687e-10 0 
0 0 0 0 0 0 0 0 0 0 0 0 0 0 0 0 0 0 0 0 0 0 0 0 0 0 0 0 0 0 0 0 0 0 0 0 0 0 0 0 0 
