0 0 0 0 0 0 0 0 0 0 0 0 0 0 0 0 0 0 0 0 0 0 0 0 0 0 0 0 0 0 0 0 0 0 0 0 0 0 0 0 0 
0 1.37134e-05 5.5978e-05 0.000125929 0.000218408 0.00032355 0.000428239 0.000519725 0.000589651 0.000635966 0.00066191 0.000673364 0.00067635 0.000675523 0.000673609 0.000671408 0.000668038 0.000661307 0.000648212 0.000625622 0.000591128 0.000543899 0.000485237 0.000418531 0.000348536 0.000280229 0.000217729 0.000163669 0.000119133 8.397e-05 5.72502e-05 3.76651e-05 2.38149e-05 1.43816e-05 8.2167e-06 4.37564e-06 2.11791e-06 8.8867e-07 2.90623e-07 5.27398e-08 0 
0 5.5978e-05 0.000226164 0.000497846 0.000829011 0.00114838 0.00137906 0.00147742 0.00145299 0.00135174 0.00122453 0.00110754 0.00101968 0.00096802 0.000953707 0.000975539 0.00103104 0.00111571 0.0012211 0.00133265 0.0014291 0.00148511 0.00147829 0.0013981 0.00125139 0.00106034 0.000853464 0.000655823 0.000483457 0.000343083 0.000234707 0.00015466 9.78575e-05 5.91126e-05 3.37772e-05 1.79882e-05 8.70685e-06 3.65339e-06 1.19478e-06 2.16818e-07 0 
0 0.000125929 0.000497846 0.00104517 0.00159071 0.00190249 0.00185847 0.00154633 0.0011552 0.000819698 0.000581605 0.000430353 0.000342528 0.000299093 0.000289057 0.000308798 0.000360979 0.000453812 0.000599789 0.000811855 0.00109454 0.00142976 0.00176441 0.00201567 0.00210496 0.00200294 0.00174641 0.00141143 0.00107125 0.000772075 0.000532226 0.000351938 0.000223017 0.0001348 7.7044e-05 4.10339e-05 1.98623e-05 8.33432e-06 2.7256e-06 4.9462e-07 0 
0 0.000218408 0.000829011 0.00159071 0.00204619 0.00188267 0.00130445 0.00073526 0.000369244 0.000180145 9.19233e-05 5.20433e-05 3.41503e-05 2.6702e-05 2.5169e-05 2.84952e-05 3.80885e-05 5.84433e-05 9.93184e-05 0.000179531 0.000330956 0.000596731 0.00101119 0.00155319 0.00210072 0.0024609 0.00249719 0.00222978 0.00179529 0.00133556 0.000935086 0.000622705 0.000395776 0.000239508 0.000136951 7.29525e-05 3.53145e-05 1.48184e-05 4.84615e-06 8.79441e-07 0 
0 0.00032355 0.00114838 0.00190249 0.00188267 0.00118738 0.000522732 0.000181818 5.66208e-05 1.7654e-05 6.06724e-06 2.48787e-06 1.2924e-06 8.83838e-07 8.08262e-07 9.82067e-07 1.54455e-06 3.01549e-06 6.93284e-06 1.77042e-05 4.73186e-05 0.000125045 0.000310034 0.000687615 0.00130725 0.00205909 0.00264205 0.00278426 0.00248578 0.00195809 0.00141049 0.00095147 0.000608003 0.000368721 0.000211001 0.00011243 5.443e-05 2.28403e-05 7.46966e-06 1.35554e-06 0 
0 0.000428239 0.00137906 0.00185847 0.00130445 0.000522732 0.000137796 2.80523e-05 5.12921e-06 9.66492e-07 2.12222e-07 6.02625e-08 2.39716e-08 1.40622e-08 1.24189e-08 1.63552e-08 3.09697e-08 7.95699e-08 2.5793e-07 9.736e-07 3.94785e-06 1.59465e-05 6.00247e-05 0.000198868 0.000552021 0.0012292 0.00212303 0.0028142 0.00293229 0.00252794 0.00190718 0.00131411 0.000847232 0.000515579 0.000295416 0.00015748 7.62508e-05 3.19984e-05 1.04649e-05 1.89911e-06 0 
0 0.000519725 0.00147742 0.00154633 0.00073526 0.000181818 2.80523e-05 3.2507e-06 3.37415e-07 3.70768e-08 5.02957e-09 9.61245e-10 2.86657e-10 1.42449e-10 1.21087e-10 1.73833e-10 4.01883e-10 1.38743e-09 6.50741e-09 3.73685e-08 2.36695e-07 1.50108e-06 8.76521e-06 4.40129e-05 0.000179993 0.000572998 0.00136453 0.00236572 0.00300299 0.00293045 0.00236314 0.00168012 0.00109764 0.000671402 0.000385418 0.000205591 9.95673e-05 4.1786e-05 1.36662e-05 2.48007e-06 0 
0 0.000589651 0.00145299 0.0011552 0.000369244 5.66208e-05 5.12921e-06 3.37415e-07 1.97527e-08 1.25562e-09 1.04383e-10 1.33318e-11 2.96396e-12 1.24313e-12 1.01552e-12 1.59022e-12 4.50034e-12 2.09678e-11 1.43109e-10 1.25833e-09 1.25319e-08 1.25476e-07 1.14015e-06 8.66551e-06 5.18327e-05 0.000233193 0.000759706 0.00173385 0.00273916 0.00310175 0.0027229 0.00201773 0.00134186 0.000826506 0.000475648 0.00025394 0.000123017 5.16321e-05 1.68868e-05 3.06456e-06 0 
0 0.000635966 0.00135174 0.000819698 0.000180145 1.7654e-05 9.66492e-07 3.70768e-08 1.25562e-09 4.72668e-11 2.45784e-12 2.13254e-13 3.57548e-14 1.2734e-14 1.0002e-14 1.70014e-14 5.8335e-14 3.61875e-13 3.5353e-12 4.67275e-11 7.17592e-10 1.1121e-08 1.54145e-07 1.73719e-06 1.48596e-05 9.2085e-05 0.000399665 0.00117802 0.002308 0.00305993 0.00295691 0.00230097 0.00156352 0.000971226 0.000560652 0.000299635 0.000145204 6.09505e-05 1.99352e-05 3.6178e-06 0 
0 0.00066191 0.00122453 0.000581605 9.19233e-05 6.06724e-06 2.12222e-07 5.02957e-09 1.04383e-10 2.45784e-12 8.39211e-14 5.14613e-15 6.69377e-16 2.05637e-16 1.55707e-16 2.84428e-16 1.15813e-15 9.27353e-15 1.24812e-13 2.37537e-12 5.37531e-11 1.23193e-09 2.49221e-08 3.99436e-07 4.69649e-06 3.85741e-05 0.000214675 0.000789356 0.00187367 0.00288401 0.00306996 0.00251539 0.00174957 0.00109696 0.000635387 0.000339969 0.000164811 6.9189e-05 2.26306e-05 4.107e-06 0 
0 0.000673364 0.00110754 0.000430353 5.20433e-05 2.48787e-06 6.02625e-08 9.61245e-10 1.33318e-11 2.13254e-13 5.14613e-15 2.36852e-16 2.49595e-17 6.77708e-18 4.96974e-18 9.61496e-18 4.50017e-17 4.4404e-16 7.77318e-15 1.9963e-13 6.21581e-12 1.96659e-10 5.43437e-09 1.16451e-07 1.77909e-06 1.83999e-05 0.000125216 0.000549745 0.00152514 0.00266452 0.00309291 0.0026595 0.00189182 0.00119701 0.000695657 0.000372641 0.000180717 7.58753e-05 2.48184e-05 4.5041e-06 0 
0 0.00067635 0.00101968 0.000342528 3.41503e-05 1.2924e-06 2.39716e-08 2.86657e-10 2.96396e-12 3.57548e-14 6.69377e-16 2.49595e-17 2.25193e-18 5.57615e-19 3.98528e-19 8.02106e-19 4.14628e-18 4.75517e-17 1.00684e-15 3.21431e-14 1.26258e-12 5.05404e-11 1.75412e-09 4.64902e-08 8.60317e-07 1.0529e-05 8.29169e-05 0.000413676 0.00128505 0.00246802 0.00306534 0.0027412 0.0019869 0.00126695 0.000738422 0.000395941 0.000192078 8.06535e-05 2.63822e-05 4.78794e-06 0 
0 0.000675523 0.00096802 0.000299093 2.6702e-05 8.83838e-07 1.40622e-08 1.42449e-10 1.24313e-12 1.2734e-14 2.05637e-16 6.77708e-18 5.57615e-19 1.30531e-19 9.16188e-20 1.88041e-19 1.02628e-18 1.28038e-17 3.01956e-16 1.09157e-14 4.90027e-13 2.24714e-11 8.90244e-10 2.67061e-08 5.52831e-07 7.46751e-06 6.40668e-05 0.000344557 0.00114468 0.00232936 0.00302032 0.00277186 0.00203498 0.00130464 0.000761945 0.000408845 0.000198385 8.33082e-05 2.72512e-05 4.94568e-06 0 
0 0.000673609 0.000953707 0.000289057 2.5169e-05 8.08262e-07 1.24189e-08 1.21087e-10 1.01552e-12 1.0002e-14 1.55707e-16 4.96974e-18 3.98528e-19 9.16188e-20 6.36903e-20 1.30598e-19 7.18102e-19 9.09486e-18 2.19144e-16 8.13432e-15 3.76206e-13 1.7804e-11 7.28057e-10 2.25189e-08 4.79614e-07 6.64795e-06 5.83785e-05 0.000320813 0.00108833 0.00225899 0.00297672 0.00276074 0.00203811 0.00130991 0.000765788 0.00041106 0.000199486 8.37739e-05 2.74039e-05 4.97343e-06 0 
0 0.000671408 0.000975539 0.000308798 2.84952e-05 9.82067e-07 1.63552e-08 1.73833e-10 1.59022e-12 1.70014e-14 2.84428e-16 9.61496e-18 8.02106e-19 1.88041e-19 1.30598e-19 2.62348e-19 1.3888e-18 1.66938e-17 3.77764e-16 1.30832e-14 5.63104e-13 2.48222e-11 9.49064e-10 2.76107e-08 5.5723e-07 7.37822e-06 6.23952e-05 0.000332702 0.0011027 0.00225134 0.00293756 0.00271192 0.00199883 0.00128416 0.000750707 0.000402978 0.000195569 8.21304e-05 2.68665e-05 4.87591e-06 0 
0 0.000668038 0.00103104 0.000360979 3.80885e-05 1.54455e-06 3.09697e-08 4.01883e-10 4.50034e-12 5.8335e-14 1.15813e-15 4.50017e-17 4.14628e-18 1.02628e-18 7.18102e-19 1.3888e-18 6.79319e-18 7.28974e-17 1.43456e-15 4.24683e-14 1.54945e-12 5.78918e-11 1.88905e-09 4.74838e-08 8.41368e-07 9.95847e-06 7.66491e-05 0.000378129 0.00117639 0.00228799 0.00289121 0.00262381 0.00191962 0.00123 0.000718469 0.000385596 0.000187127 7.8585e-05 2.57068e-05 4.66545e-06 0 
0 0.000661307 0.00111571 0.000453812 5.84433e-05 3.01549e-06 7.95699e-08 1.38743e-09 2.09678e-11 3.61875e-13 9.27353e-15 4.4404e-16 4.75517e-17 1.28038e-17 9.09486e-18 1.66938e-17 7.28974e-17 6.63188e-16 1.06332e-14 2.49717e-13 7.13035e-12 2.08209e-10 5.35828e-09 1.08087e-07 1.573e-06 1.56994e-05 0.00010464 0.00045808 0.00129305 0.00233601 0.00281408 0.00249067 0.00180302 0.00115104 0.000671635 0.000360377 0.000174884 7.34445e-05 2.40255e-05 4.36034e-06 0 
0 0.000648212 0.0012211 0.000599789 9.93184e-05 6.93284e-06 2.5793e-07 6.50741e-09 1.43109e-10 3.5353e-12 1.24812e-13 7.77318e-15 1.00684e-15 3.01956e-16 2.19144e-16 3.77764e-16 1.43456e-15 1.06332e-14 1.32054e-13 2.32084e-12 4.87e-11 1.04192e-09 1.98461e-08 3.02488e-07 3.42131e-06 2.74143e-05 0.000151681 0.000569034 0.00141978 0.00234478 0.00267438 0.00230515 0.00165202 0.00105159 0.000613297 0.000329096 0.000159723 6.70821e-05 2.1945e-05 3.98281e-06 0 
0 0.000625622 0.00133265 0.000811855 0.000179531 1.77042e-05 9.736e-07 3.73685e-08 1.25833e-09 4.67275e-11 2.37537e-12 1.9963e-13 3.21431e-14 1.09157e-14 8.13432e-15 1.30832e-14 4.24683e-14 2.49717e-13 2.32084e-12 2.93193e-11 4.32561e-10 6.47334e-09 8.70819e-08 9.57791e-07 8.05756e-06 4.97679e-05 0.000220531 0.000689216 0.00149444 0.00224676 0.00243728 0.00206023 0.00147002 0.000936297 0.000546777 0.000293668 0.000142595 5.99014e-05 1.95976e-05 3.5569e-06 0 
0 0.000591128 0.0014291 0.00109454 0.000330956 4.73186e-05 3.94785e-06 2.36695e-07 1.25319e-08 7.17592e-10 5.37531e-11 6.21581e-12 1.26258e-12 4.90027e-13 3.76206e-13 5.63104e-13 1.54945e-12 7.13035e-12 4.87e-11 4.32561e-10 4.37418e-09 4.45103e-08 4.10018e-07 3.14756e-06 1.90076e-05 8.72562e-05 0.000299374 0.000760792 0.00142303 0.00196736 0.00207 0.00174937 0.00126007 0.000809568 0.000475313 0.000255978 0.000124444 5.23022e-05 1.71146e-05 3.10645e-06 0 
0 0.000543899 0.00148511 0.00142976 0.000596731 0.000125045 1.59465e-05 1.50108e-06 1.25476e-07 1.1121e-08 1.23193e-09 1.96659e-10 5.05404e-11 2.24714e-11 1.7804e-11 2.48222e-11 5.78918e-11 2.08209e-10 1.04192e-09 6.47334e-09 4.45103e-08 3.04314e-07 1.88637e-06 9.85671e-06 4.12748e-05 0.000134872 0.000342845 0.000687804 0.00110915 0.00145201 0.00154955 0.00136592 0.0010236 0.00067496 0.000401785 0.000217752 0.000106137 4.46521e-05 1.46165e-05 2.65336e-06 0 
0 0.000485237 0.00147829 0.00176441 0.00101119 0.000310034 6.00247e-05 8.76521e-06 1.14015e-06 1.54145e-07 2.49221e-08 5.43437e-09 1.75412e-09 8.90244e-10 7.28057e-10 9.49064e-10 1.88905e-09 5.35828e-09 1.98461e-08 8.70819e-08 4.10018e-07 1.88637e-06 7.80192e-06 2.70553e-05 7.47165e-05 0.000160756 0.000276341 0.000409001 0.000565925 0.00074917 0.000899688 0.00091275 0.00076182 0.000535221 0.000328624 0.000180472 8.84169e-05 3.72659e-05 1.22064e-05 2.2163e-06 0 
0 0.000418531 0.0013981 0.00201567 0.00155319 0.000687615 0.000198868 4.40129e-05 8.66551e-06 1.73719e-06 3.99436e-07 1.16451e-07 4.64902e-08 2.67061e-08 2.25189e-08 2.76107e-08 4.74838e-08 1.08087e-07 3.02488e-07 9.57791e-07 3.14756e-06 9.85671e-06 2.70553e-05 5.98868e-05 9.88448e-05 0.00011694 0.000106711 9.4781e-05 0.00010801 0.000170099 0.000300539 0.000447528 0.000486681 0.000394266 0.000258107 0.000145389 7.18856e-05 3.03927e-05 9.96511e-06 1.80993e-06 0 
0 0.000348536 0.00125139 0.00210496 0.00210072 0.00130725 0.000552021 0.000179993 5.18327e-05 1.48596e-05 4.69649e-06 1.77909e-06 8.60317e-07 5.52831e-07 4.79614e-07 5.5723e-07 8.41368e-07 1.573e-06 3.42131e-06 8.05756e-06 1.90076e-05 4.12748e-05 7.47165e-05 9.88448e-05 8.04009e-05 3.49087e-05 9.19408e-06 2.77427e-06 2.25417e-06 6.32711e-06 3.19483e-05 0.000122532 0.00024132 0.000261605 0.000193063 0.000113603 5.69991e-05 2.42115e-05 7.94979e-06 1.44451e-06 0 
0 0.000280229 0.00106034 0.00200294 0.0024609 0.00205909 0.0012292 0.000572998 0.000233193 9.2085e-05 3.85741e-05 1.83999e-05 1.0529e-05 7.46751e-06 6.64795e-06 7.37822e-06 9.95847e-06 1.56994e-05 2.74143e-05 4.97679e-05 8.72562e-05 0.000134872 0.000160756 0.00011694 3.49087e-05 2.75169e-06 6.64288e-08 2.23815e-09 9.64696e-10 1.04338e-08 5.22712e-07 1.40286e-05 8.54113e-05 0.000153685 0.000137254 8.6098e-05 4.40699e-05 1.88317e-05 6.19412e-06 1.12606e-06 0 
0 0.000217729 0.000853464 0.00174641 0.00249719 0.00264205 0.00212303 0.00136453 0.000759706 0.000399665 0.000214675 0.000125216 8.29169e-05 6.40668e-05 5.83785e-05 6.23952e-05 7.66491e-05 0.00010464 0.000151681 0.000220531 0.000299374 0.000342845 0.000276341 0.000106711 9.19408e-06 6.64288e-08 4.50471e-11 5.22072e-14 8.70129e-15 8.27408e-13 1.50466e-09 7.6484e-07 2.34902e-05 8.32292e-05 9.41561e-05 6.35801e-05 3.32534e-05 1.42967e-05 4.71046e-06 8.5674e-07 0 
0 0.000163669 0.000655823 0.00141143 0.00222978 0.00278426 0.0028142 0.00236572 0.00173385 0.00117802 0.000789356 0.000549745 0.000413676 0.000344557 0.000320813 0.000332702 0.000378129 0.00045808 0.000569034 0.000689216 0.000760792 0.000687804 0.000409001 9.4781e-05 2.77427e-06 2.23815e-09 5.22072e-14 1.91767e-17 9.73592e-18 1.32342e-16 6.97938e-12 5.55249e-08 7.39081e-06 4.70583e-05 6.45848e-05 4.61615e-05 2.45267e-05 1.05899e-05 3.49314e-06 6.35528e-07 0 
0 0.000119133 0.000483457 0.00107125 0.00179529 0.00248578 0.00293229 0.00300299 0.00273916 0.002308 0.00187367 0.00152514 0.00128505 0.00114468 0.00108833 0.0011027 0.00117639 0.00129305 0.00141978 0.00149444 0.00142303 0.00110915 0.000565925 0.00010801 2.25417e-06 9.64696e-10 8.70129e-15 9.73598e-18 3.11559e-19 3.65496e-17 1.43123e-12 2.29647e-08 4.39938e-06 3.21453e-05 4.59842e-05 3.32251e-05 1.76999e-05 7.64705e-06 2.5228e-06 4.59004e-07 0 
0 8.397e-05 0.000343083 0.000772075 0.00133556 0.00195809 0.00252794 0.00293045 0.00310175 0.00305993 0.00288401 0.00266452 0.00246802 0.00232936 0.00225899 0.00225134 0.00228799 0.00233601 0.00234478 0.00224676 0.00196736 0.00145201 0.00074917 0.000170099 6.32711e-06 1.04338e-08 8.27408e-13 1.32342e-16 3.65497e-17 2.99498e-15 3.59376e-11 8.37312e-08 5.72302e-06 2.75575e-05 3.42493e-05 2.37147e-05 1.24804e-05 5.37374e-06 1.77117e-06 3.22167e-07 0 
0 5.72502e-05 0.000234707 0.000532226 0.000935086 0.00141049 0.00190718 0.00236314 0.0027229 0.00295691 0.00306996 0.00309291 0.00306534 0.00302032 0.00297672 0.00293756 0.00289121 0.00281408 0.00267438 0.00243728 0.00207 0.00154955 0.000899688 0.000300539 3.19483e-05 5.22712e-07 1.50466e-09 6.97938e-12 1.43123e-12 3.59376e-11 8.86651e-09 8.95049e-07 1.1114e-05 2.64828e-05 2.58535e-05 1.66214e-05 8.5614e-06 3.66407e-06 1.20564e-06 2.19199e-07 0 
0 3.76651e-05 0.00015466 0.000351938 0.000622705 0.00095147 0.00131411 0.00168012 0.00201773 0.00230097 0.00251539 0.0026595 0.0027412 0.00277186 0.00276074 0.00271192 0.00262381 0.00249067 0.00230515 0.00206023 0.00174937 0.00136592 0.00091275 0.000447528 0.000122532 1.40286e-05 7.6484e-07 5.55249e-08 2.29647e-08 8.37312e-08 8.95049e-07 6.70991e-06 1.92337e-05 2.43177e-05 1.88819e-05 1.12737e-05 5.6782e-06 2.41425e-06 7.92904e-07 1.44082e-07 0 
0 2.38149e-05 9.78575e-05 0.000223017 0.000395776 0.000608003 0.000847232 0.00109764 0.00134186 0.00156352 0.00174957 0.00189182 0.0019869 0.00203498 0.00203811 0.00199883 0.00191962 0.00180302 0.00165202 0.00147002 0.00126007 0.0010236 0.00076182 0.000486681 0.00024132 8.54113e-05 2.34902e-05 7.39081e-06 4.39938e-06 5.72302e-06 1.1114e-05 1.92337e-05 2.30378e-05 1.9461e-05 1.29202e-05 7.30653e-06 3.61613e-06 1.52921e-06 5.01418e-07 9.10716e-08 0 
0 1.43816e-05 5.91126e-05 0.0001348 0.000239508 0.000368721 0.000515579 0.000671402 0.000826506 0.000971226 0.00109696 0.00119701 0.00126695 0.00130464 0.00130991 0.00128416 0.00123 0.00115104 0.00105159 0.000936297 0.000809568 0.00067496 0.000535221 0.000394266 0.000261605 0.000153685 8.32292e-05 4.70583e-05 3.21453e-05 2.75575e-05 2.64828e-05 2.43177e-05 1.9461e-05 1.34343e-05 8.18936e-06 4.48479e-06 2.19496e-06 9.24813e-07 3.02888e-07 5.49931e-08 0 
0 8.2167e-06 3.37772e-05 7.7044e-05 0.000136951 0.000211001 0.000295416 0.000385418 0.000475648 0.000560652 0.000635387 0.000695657 0.000738422 0.000761945 0.000765788 0.000750707 0.000718469 0.000671635 0.000613297 0.000546777 0.000475313 0.000401785 0.000328624 0.000258107 0.000193063 0.000137254 9.41561e-05 6.45848e-05 4.59842e-05 3.42493e-05 2.58535e-05 1.88819e-05 1.29202e-05 8.18936e-06 4.79904e-06 2.58597e-06 1.25797e-06 5.2889e-07 1.73093e-07 3.14199e-08 0 
0 4.37564e-06 1.79882e-05 4.10339e-05 7.29525e-05 0.00011243 0.00015748 0.000205591 0.00025394 0.000299635 0.000339969 0.000372641 0.000395941 0.000408845 0.00041106 0.000402978 0.000385596 0.000360377 0.000329096 0.000293668 0.000255978 0.000217752 0.000180472 0.000145389 0.000113603 8.6098e-05 6.35801e-05 4.61615e-05 3.32251e-05 2.37147e-05 1.66214e-05 1.12737e-05 7.30653e-06 4.48479e-06 2.58597e-06 1.38345e-06 6.71023e-07 2.81808e-07 9.21924e-08 1.67325e-08 0 
0 2.11791e-06 8.70685e-06 1.98623e-05 3.53145e-05 5.443e-05 7.62508e-05 9.95673e-05 0.000123017 0.000145204 0.000164811 0.000180717 0.000192078 0.000198385 0.000199486 0.000195569 0.000187127 0.000174884 0.000159723 0.000142595 0.000124444 0.000106137 8.84169e-05 7.18856e-05 5.69991e-05 4.40699e-05 3.32534e-05 2.45267e-05 1.76999e-05 1.24804e-05 8.5614e-06 5.6782e-06 3.61613e-06 2.19496e-06 1.25797e-06 6.71023e-07 3.25054e-07 1.36441e-07 4.46274e-08 8.09909e-09 0 
0 8.8867e-07 3.65339e-06 8.33432e-06 1.48184e-05 2.28403e-05 3.19984e-05 4.1786e-05 5.16321e-05 6.09505e-05 6.9189e-05 7.58753e-05 8.06535e-05 8.33082e-05 8.37739e-05 8.21304e-05 7.8585e-05 7.34445e-05 6.70821e-05 5.99014e-05 5.23022e-05 4.46521e-05 3.72659e-05 3.03927e-05 2.42115e-05 1.88317e-05 1.42967e-05 1.05899e-05 7.64705e-06 5.37374e-06 3.66407e-06 2.41425e-06 1.52921e-06 9.24813e-07 5.2889e-07 2.81808e-07 1.36441e-07 5.72583e-08 1.87264e-08 3.3984e-09 0 
0 2.90623e-07 1.19478e-06 2.7256e-06 4.84615e-06 7.46966e-06 1.04649e-05 1.36662e-05 1.68868e-05 1.99352e-05 2.26306e-05 2.48184e-05 2.63822e-05 2.72512e-05 2.74039e-05 2.68665e-05 2.57068e-05 2.40255e-05 2.1945e-05 1.95976e-05 1.71146e-05 1.46165e-05 1.22064e-05 9.96511e-06 7.94979e-06 6.19412e-06 4.71046e-06 3.49314e-06 2.5228e-06 1.77117e-06 1.20564e-06 7.92904e-07 5.01418e-07 3.02888e-07 1.73093e-07 9.21924e-08 4.46274e-08 1.87264e-08 6.12428e-09 1.11139e-09 0 
0 5.27398e-08 2.16818e-07 4.9462e-07 8.79441e-07 1.35554e-06 1.89911e-06 2.48007e-06 3.06456e-06 3.6178e-06 4.107e-06 4.5041e-06 4.78794e-06 4.94568e-06 4.97343e-06 4.87591e-06 4.66545e-06 4.36034e-06 3.98281e-06 3.5569e-06 3.10645e-06 2.65336e-06 2.2163e-06 1.80993e-06 1.44451e-06 1.12606e-06 8.5674e-07 6.35528e-07 4.59004e-07 3.22167e-07 2.19199e-07 1.44082e-07 9.10716e-08 5.49931e-08 3.14199e-08 1.67325e-08 8.09909e-09 3.3984e-09 1.11139e-09 2.01687e-10 0 
0 0 0 0 0 0 0 0 0 0 0 0 0 0 0 0 0 0 0 0 0 0 0 0 0 0 0 0 0 0 0 0 0 0 0 0 0 0 0 0 0 
