0 0 0 0 0 0 0 0 0 0 0 0 0 0 0 0 0 0 0 0 0 0 0 0 0 0 0 0 0 0 0 0 0 0 0 0 0 0 0 0 0 
0 1.37735e-05 5.6532e-05 0.000128539 0.000227141 0.000346464 0.000477635 0.00060989 0.000732577 0.000837361 0.000919629 0.000978484 0.00101561 0.0010337 0.00103524 0.00102175 0.000993774 0.000951207 0.000894006 0.000822901 0.000739938 0.000648609 0.000553487 0.000459498 0.000371083 0.000291578 0.000222949 0.000165864 0.000119978 8.42684e-05 5.7347e-05 3.76939e-05 2.38228e-05 1.43836e-05 8.21716e-06 4.37574e-06 2.11793e-06 8.88672e-07 2.90623e-07 5.27398e-08 0 
0 5.6532e-05 0.00023148 0.000523609 0.000915854 0.00137181 0.00183728 0.00225175 0.00256772 0.00276691 0.00286202 0.00288486 0.0028708 0.00284789 0.00283255 0.00282937 0.00283255 0.00282799 0.00279616 0.00271667 0.0025743 0.00236474 0.00209745 0.00179339 0.00147879 0.00117788 0.000908101 0.000678734 0.000492163 0.000346096 0.00023566 0.000154937 9.79312e-05 5.91306e-05 3.37812e-05 1.7989e-05 8.707e-06 3.65341e-06 1.19478e-06 2.16818e-07 0 
0 0.000128539 0.000523609 0.00117061 0.00199928 0.00286823 0.00358646 0.00399196 0.0040404 0.00381809 0.00347061 0.0031238 0.00285228 0.00268763 0.00263752 0.00269946 0.00286541 0.00311909 0.00342861 0.00373965 0.00397691 0.00406127 0.00393995 0.00361241 0.00313137 0.00257752 0.00202705 0.00153196 0.00111725 0.000787843 0.000537124 0.000353327 0.000223377 0.000134886 7.70626e-05 4.10375e-05 1.9863e-05 8.33442e-06 2.72561e-06 4.94621e-07 0 
0 0.000227141 0.000915854 0.00199928 0.00325028 0.00426662 0.00464641 0.00429523 0.00349666 0.00263491 0.00193863 0.00146083 0.00117008 0.00102111 0.000982695 0.00104324 0.00120936 0.00150235 0.00194984 0.00256644 0.00331983 0.00409591 0.00470276 0.0049482 0.0047523 0.00419255 0.00344066 0.00266314 0.00196623 0.00139466 0.000953314 0.000627786 0.000397065 0.000239807 0.000137014 7.29646e-05 3.53165e-05 1.48187e-05 4.84618e-06 8.79443e-07 0 
0 0.000346464 0.00137181 0.00286823 0.00426662 0.00479418 0.00415256 0.00288422 0.00172097 0.000957836 0.000537623 0.000324685 0.000221457 0.000176038 0.000165477 0.000183694 0.000237117 0.000346397 0.000552583 0.000923418 0.00154603 0.00247929 0.00365242 0.00478192 0.00546574 0.00546084 0.00485252 0.00393132 0.00297215 0.00213204 0.00146458 0.00096644 0.000611745 0.000369572 0.000211177 0.000112463 5.44354e-05 2.2841e-05 7.46974e-06 1.35554e-06 0 
0 0.000477635 0.00183728 0.00358646 0.00464641 0.00415256 0.00263508 0.00128021 0.000530489 0.000209443 8.68613e-05 4.0979e-05 2.33534e-05 1.67186e-05 1.53039e-05 1.78572e-05 2.59906e-05 4.54802e-05 9.12286e-05 0.00019871 0.000443993 0.00096129 0.00190866 0.00330599 0.0048109 0.00579347 0.00584713 0.00511313 0.00402613 0.00294503 0.00204047 0.00135116 0.000856416 0.000517637 0.000295834 0.000157556 7.62633e-05 3.20002e-05 1.04651e-05 1.89912e-06 0 
0 0.00060989 0.00225175 0.00399196 0.00429523 0.00288422 0.00128021 0.000422716 0.000119364 3.28737e-05 9.90591e-06 3.59399e-06 1.68985e-06 1.08084e-06 9.61001e-07 1.18215e-06 1.9553e-06 4.14549e-06 1.0596e-05 3.04849e-05 9.19983e-05 0.000271951 0.000738183 0.0017324 0.00333392 0.00507728 0.00609608 0.00595732 0.00498964 0.00376212 0.00264176 0.00175888 0.00111715 0.000675734 0.000386286 0.000205747 9.95923e-05 4.17894e-05 1.36665e-05 2.48009e-06 0 
0 0.000732577 0.00256772 0.0040404 0.00349666 0.00172097 0.000530489 0.000119364 2.30245e-05 4.41884e-06 9.63845e-07 2.67627e-07 1.03347e-07 5.88575e-08 5.07443e-08 6.58153e-08 1.23925e-07 3.19246e-07 1.04308e-06 3.97289e-06 1.61934e-05 6.51321e-05 0.000240155 0.000759621 0.00194044 0.00380753 0.00560246 0.00630049 0.00573146 0.00450665 0.00322487 0.00216372 0.00137829 0.000834556 0.000477246 0.000254225 0.000123062 5.16382e-05 1.68875e-05 3.0646e-06 0 
0 0.000837361 0.00276691 0.00381809 0.00263491 0.000957836 0.000209443 3.28737e-05 4.41884e-06 6.0038e-07 9.5954e-08 2.05725e-08 6.56197e-09 3.33617e-09 2.78783e-09 3.80005e-09 8.09896e-09 2.51523e-08 1.04034e-07 5.18593e-07 2.81677e-06 1.51698e-05 7.45258e-05 0.00031084 0.00103321 0.00258668 0.00468876 0.00615954 0.00617696 0.00511484 0.0037484 0.00253984 0.00162391 0.000984575 0.000563286 0.000300101 0.000145276 6.09601e-05 1.99361e-05 3.61786e-06 0 
0 0.000919629 0.00286202 0.00347061 0.00193863 0.000537623 8.68613e-05 9.90591e-06 9.63845e-07 9.5954e-08 1.1576e-08 1.96266e-09 5.25874e-10 2.40851e-10 1.95285e-10 2.77909e-10 6.61414e-10 2.42898e-09 1.24199e-08 7.88823e-08 5.54726e-07 3.8811e-06 2.46139e-05 0.000130949 0.00054763 0.00169924 0.00373035 0.0057063 0.00633579 0.00555239 0.00418008 0.00286443 0.00183932 0.00111688 0.000639303 0.000340656 0.000164917 6.9203e-05 2.2632e-05 4.10708e-06 0 
0 0.000978484 0.00288486 0.0031238 0.00146083 0.000324685 4.0979e-05 3.59399e-06 2.67627e-07 2.05725e-08 1.96266e-09 2.73341e-10 6.32289e-11 2.64893e-11 2.08953e-11 3.07488e-11 8.00495e-11 3.37384e-10 2.05535e-09 1.59558e-08 1.39031e-07 1.20862e-06 9.46799e-06 6.15175e-05 0.000310139 0.00114573 0.00294931 0.00515273 0.00628593 0.00582005 0.00450129 0.00312022 0.00201244 0.00122392 0.000700946 0.000373567 0.00018086 7.58939e-05 2.48203e-05 4.5042e-06 0 
0 0.00101561 0.0028708 0.00285228 0.00117008 0.000221457 2.33534e-05 1.68985e-06 1.03347e-07 6.56197e-09 5.25874e-10 6.32289e-11 1.30913e-11 5.12086e-12 3.94621e-12 5.93427e-12 1.64597e-11 7.66117e-11 5.30167e-10 4.76743e-09 4.86363e-08 4.96276e-07 4.54428e-06 3.42158e-05 0.00019786 0.000830542 0.00240606 0.00465615 0.006129 0.00594453 0.00470702 0.00329649 0.00213466 0.00130012 0.000744949 0.000397081 0.000192253 8.06763e-05 2.63844e-05 4.78806e-06 0 
0 0.0010337 0.00284789 0.00268763 0.00102111 0.000176038 1.67186e-05 1.08084e-06 5.88575e-08 3.33617e-09 2.40851e-10 2.64893e-11 5.12086e-12 1.91632e-12 1.45047e-12 2.19991e-12 6.30896e-12 3.10274e-11 2.30851e-10 2.25978e-09 2.52789e-08 2.83516e-07 2.84859e-06 2.34266e-05 0.000147122 0.000667265 0.0020792 0.00429533 0.00594947 0.00596128 0.00480178 0.00338881 0.0022012 0.00134217 0.000769345 0.000410139 0.000198584 8.33341e-05 2.72537e-05 4.94582e-06 0 
0 0.00103524 0.00283255 0.00263752 0.000982695 0.000165477 1.53039e-05 9.61001e-07 5.07443e-08 2.78783e-09 1.95285e-10 2.08953e-11 3.94621e-12 1.45047e-12 1.08516e-12 1.6379e-12 4.70663e-12 2.33442e-11 1.7617e-10 1.75739e-09 2.01034e-08 2.31072e-07 2.38175e-06 2.00974e-05 0.000129481 0.000602614 0.00192839 0.00409012 0.00579474 0.00589835 0.00479369 0.00339768 0.00221103 0.00134913 0.000773547 0.000412419 0.000199695 8.38012e-05 2.74066e-05 4.97358e-06 0 
0 0.00102175 0.00282937 0.00269946 0.00104324 0.000183694 1.78572e-05 1.18215e-06 6.58153e-08 3.80005e-09 2.77909e-10 3.07488e-11 5.93427e-12 2.19991e-12 1.6379e-12 2.42937e-12 6.78513e-12 3.24261e-11 2.34374e-10 2.23215e-09 2.43654e-08 2.67718e-07 2.64746e-06 2.15383e-05 0.000134554 0.000610949 0.00191973 0.00402519 0.00567246 0.00576718 0.00468989 0.00332696 0.00216632 0.0013223 0.000758287 0.000404312 0.000195776 8.21575e-05 2.68692e-05 4.87606e-06 0 
0 0.000993774 0.00283255 0.00286541 0.00120936 0.000237117 2.59906e-05 1.9553e-06 1.23925e-07 8.09896e-09 6.61414e-10 8.00495e-11 1.64597e-11 6.30896e-12 4.70663e-12 6.78513e-12 1.79201e-11 7.91574e-11 5.19901e-10 4.45117e-09 4.34795e-08 4.2798e-07 3.81339e-06 2.82105e-05 0.000162052 0.00068467 0.00202685 0.00406057 0.00555486 0.00556107 0.00449448 0.00318271 0.00207193 0.00126486 0.000725445 0.000386834 0.00018732 7.86105e-05 2.57094e-05 4.66559e-06 0 
0 0.000951207 0.00282799 0.00311909 0.00150235 0.000346397 4.54802e-05 4.14549e-06 3.19246e-07 2.51523e-08 2.42898e-09 3.37384e-10 7.66117e-11 3.10274e-11 2.33442e-11 3.24261e-11 7.91574e-11 3.12064e-10 1.78093e-09 1.3017e-08 1.07631e-07 8.96739e-07 6.8109e-06 4.34834e-05 0.000218955 0.000824916 0.00221874 0.00412981 0.00538539 0.00525923 0.00420895 0.00297247 0.00193464 0.00118142 0.00067779 0.000361484 0.000175059 7.3468e-05 2.40279e-05 4.36048e-06 0 
0 0.000894006 0.00279616 0.00342861 0.00194984 0.000552583 9.12286e-05 1.0596e-05 1.04308e-06 1.04034e-07 1.24199e-08 2.05535e-09 5.30167e-10 2.30851e-10 1.7617e-10 2.34374e-10 5.19901e-10 1.78093e-09 8.52986e-09 5.11038e-08 3.42124e-07 2.30367e-06 1.42417e-05 7.50518e-05 0.000317786 0.00102885 0.00244002 0.00413506 0.00508832 0.00483368 0.00383338 0.00270442 0.00176229 0.0010775 0.000618655 0.000330081 0.000159882 6.7104e-05 2.19473e-05 3.98294e-06 0 
0 0.000822901 0.00271667 0.00373965 0.00256644 0.000923418 0.00019871 3.04849e-05 3.97289e-06 5.18593e-07 7.88823e-08 1.59558e-08 4.76743e-09 2.25978e-09 1.75739e-09 2.23215e-09 4.45117e-09 1.3017e-08 5.11038e-08 2.43937e-07 1.28051e-06 6.73115e-06 3.26695e-05 0.000137005 0.000470817 0.00126919 0.0025926 0.00395242 0.00458278 0.00425512 0.00336609 0.00238584 0.00156266 0.000958813 0.000551589 0.00029458 0.000142747 5.99228e-05 1.95999e-05 3.55704e-06 0 
0 0.000739938 0.0025743 0.00397691 0.00331983 0.00154603 0.000443993 9.19983e-05 1.61934e-05 2.81677e-06 5.54726e-07 1.39031e-07 4.86363e-08 2.52789e-08 2.01034e-08 2.43654e-08 4.34795e-08 1.07631e-07 3.42124e-07 1.28051e-06 5.1685e-06 2.07254e-05 7.68975e-05 0.000249141 0.00067376 0.0014706 0.00253813 0.00345852 0.00380005 0.00349466 0.00280008 0.0020201 0.00134189 0.000830568 0.00048001 0.000256902 0.000124602 5.23249e-05 1.71171e-05 3.1066e-06 0 
0 0.000648609 0.00236474 0.00406127 0.00409591 0.00247929 0.00096129 0.000271951 6.51321e-05 1.51698e-05 3.8811e-06 1.20862e-06 4.96276e-07 2.83516e-07 2.31072e-07 2.67718e-07 4.2798e-07 8.96739e-07 2.30367e-06 6.73115e-06 2.07254e-05 6.26008e-05 0.000174305 0.00042558 0.000878985 0.00150638 0.00214348 0.00258253 0.00270946 0.00252904 0.00212008 0.00160356 0.00110293 0.000696848 0.00040692 0.000218792 0.000106318 4.46784e-05 1.46194e-05 2.65353e-06 0 
0 0.000553487 0.00209745 0.00393995 0.00470276 0.00365242 0.00190866 0.000738183 0.000240155 7.45258e-05 2.46139e-05 9.46799e-06 4.54428e-06 2.84859e-06 2.38175e-06 2.64746e-06 3.81339e-06 6.8109e-06 1.42417e-05 3.26695e-05 7.68975e-05 0.000174305 0.00035977 0.00064636 0.000981399 0.00125285 0.00138541 0.00141216 0.00141118 0.00140203 0.00132676 0.00113058 0.000845987 0.000560503 0.000334798 0.00018174 8.86378e-05 3.72978e-05 1.22099e-05 2.21651e-06 0 
0 0.000459498 0.00179339 0.00361241 0.0049482 0.00478192 0.00330599 0.0017324 0.000759621 0.00031084 0.000130949 6.15175e-05 3.42158e-05 2.34266e-05 2.00974e-05 2.15383e-05 2.82105e-05 4.34834e-05 7.50518e-05 0.000137005 0.000249141 0.00042558 0.00064636 0.000830353 0.000866847 0.000728588 0.000527183 0.00038965 0.000356835 0.000422282 0.000548525 0.000630506 0.000576535 0.000424589 0.000265805 0.000146971 7.21572e-05 3.04311e-05 9.9692e-06 1.81016e-06 0 
0 0.000371083 0.00147879 0.00313137 0.0047523 0.00546574 0.0048109 0.00333392 0.00194044 0.00103321 0.00054763 0.000310139 0.00019786 0.000147122 0.000129481 0.000134554 0.000162052 0.000218955 0.000317786 0.000470817 0.00067376 0.000878985 0.000981399 0.000866847 0.000547222 0.00022782 6.92917e-05 2.43118e-05 1.8091e-05 3.3769e-05 9.71058e-05 0.000227213 0.000323792 0.000295932 0.000202336 0.000115508 5.73191e-05 2.42555e-05 7.95437e-06 1.44477e-06 0 
0 0.000291578 0.00117788 0.00257752 0.00419255 0.00546084 0.00579347 0.00507728 0.00380753 0.00258668 0.00169924 0.00114573 0.000830542 0.000667265 0.000602614 0.000610949 0.00068467 0.000824916 0.00102885 0.00126919 0.0014706 0.00150638 0.00125285 0.000728588 0.00022782 2.83625e-05 1.56813e-06 1.14702e-07 5.50569e-08 2.80352e-07 4.37265e-06 4.2938e-05 0.000140923 0.000187317 0.000147413 8.82058e-05 4.4417e-05 1.88783e-05 6.19884e-06 1.12632e-06 0 
0 0.000222949 0.000908101 0.00202705 0.00344066 0.00485252 0.00584713 0.00609608 0.00560246 0.00468876 0.00373035 0.00294931 0.00240606 0.0020792 0.00192839 0.00191973 0.00202685 0.00221874 0.00244002 0.0025926 0.00253813 0.00214348 0.00138541 0.000527183 6.92917e-05 1.56813e-06 6.58602e-09 4.19779e-11 1.02137e-11 2.56568e-10 5.55529e-08 4.70404e-06 5.06567e-05 0.000110913 0.000103913 6.56507e-05 3.35894e-05 1.43408e-05 4.71484e-06 8.56977e-07 0 
0 0.000165864 0.000678734 0.00153196 0.00266314 0.00393132 0.00511313 0.00595732 0.00630049 0.00615954 0.0057063 0.00515273 0.00465615 0.00429533 0.00409012 0.00402519 0.00406057 0.00412981 0.00413506 0.00395242 0.00345852 0.00258253 0.00141216 0.00038965 2.43118e-05 1.14702e-07 4.19779e-11 2.56728e-14 3.2397e-15 3.77462e-13 1.00167e-09 6.34086e-07 1.99833e-05 6.73109e-05 7.27308e-05 4.79272e-05 2.48109e-05 1.06267e-05 3.49675e-06 6.35722e-07 0 
0 0.000119978 0.000492163 0.00111725 0.00196623 0.00297215 0.00402613 0.00498964 0.00573146 0.00617696 0.00633579 0.00628593 0.006129 0.00594947 0.00579474 0.00567246 0.00555486 0.00538539 0.00508832 0.00458278 0.00380005 0.00270946 0.00141118 0.000356835 1.8091e-05 5.50569e-08 1.02137e-11 3.2397e-15 3.32865e-16 5.68221e-14 2.87182e-10 3.03662e-07 1.24937e-05 4.65859e-05 5.19366e-05 3.45159e-05 1.79067e-05 7.67373e-06 2.52541e-06 4.59143e-07 0 
0 8.42684e-05 0.000346096 0.000787843 0.00139466 0.00213204 0.00294503 0.00376212 0.00450665 0.00511484 0.00555239 0.00582005 0.00594453 0.00596128 0.00589835 0.00576718 0.00556107 0.00525923 0.00483368 0.00425512 0.00349466 0.00252904 0.00140203 0.000422282 3.3769e-05 2.80352e-07 2.56568e-10 3.77462e-13 5.68221e-14 3.18591e-12 2.74811e-09 7.0937e-07 1.37414e-05 3.7789e-05 3.80387e-05 2.45163e-05 1.26089e-05 5.39041e-06 1.77281e-06 3.22256e-07 0 
0 5.7347e-05 0.00023566 0.000537124 0.000953314 0.00146458 0.00204047 0.00264176 0.00322487 0.0037484 0.00418008 0.00450129 0.00470702 0.00480178 0.00479369 0.00468989 0.00449448 0.00420895 0.00383338 0.00336609 0.00280008 0.00212008 0.00132676 0.000548525 9.71058e-05 4.37265e-06 5.55529e-08 1.00167e-09 2.87182e-10 2.74811e-09 1.38673e-07 3.60977e-06 2.00975e-05 3.30543e-05 2.79037e-05 1.70411e-05 8.62917e-06 3.67302e-06 1.20653e-06 2.19248e-07 0 
0 3.76939e-05 0.000154937 0.000353327 0.000627786 0.00096644 0.00135116 0.00175888 0.00216372 0.00253984 0.00286443 0.00312022 0.00329649 0.00338881 0.00339768 0.00332696 0.00318271 0.00297247 0.00270442 0.00238584 0.0020201 0.00160356 0.00113058 0.000630506 0.000227213 4.2938e-05 4.70404e-06 6.34086e-07 3.03662e-07 7.0937e-07 3.60977e-06 1.40448e-05 2.67735e-05 2.77152e-05 1.97992e-05 1.14583e-05 5.70862e-06 2.41839e-06 7.9333e-07 1.44106e-07 0 
0 2.38228e-05 9.79312e-05 0.000223377 0.000397065 0.000611745 0.000856416 0.00111715 0.00137829 0.00162391 0.00183932 0.00201244 0.00213466 0.0022012 0.00221103 0.00216632 0.00207193 0.00193464 0.00176229 0.00156266 0.00134189 0.00110293 0.000845987 0.000576535 0.000323792 0.000140923 5.06567e-05 1.99833e-05 1.24937e-05 1.37414e-05 2.00975e-05 2.67735e-05 2.69734e-05 2.08013e-05 1.32569e-05 7.37491e-06 3.62779e-06 1.53085e-06 5.01593e-07 9.10817e-08 0 
0 1.43836e-05 5.91306e-05 0.000134886 0.000239807 0.000369572 0.000517637 0.000675734 0.000834556 0.000984575 0.00111688 0.00122392 0.00130012 0.00134217 0.00134913 0.0013223 0.00126486 0.00118142 0.0010775 0.000958813 0.000830568 0.000696848 0.000560503 0.000424589 0.000295932 0.000187317 0.000110913 6.73109e-05 4.65859e-05 3.7789e-05 3.30543e-05 2.77152e-05 2.08013e-05 1.38453e-05 8.29189e-06 4.50632e-06 2.1988e-06 9.25379e-07 3.0295e-07 5.49969e-08 0 
0 8.21716e-06 3.37812e-05 7.70626e-05 0.000137014 0.000211177 0.000295834 0.000386286 0.000477246 0.000563286 0.000639303 0.000700946 0.000744949 0.000769345 0.000773547 0.000758287 0.000725445 0.00067779 0.000618655 0.000551589 0.00048001 0.00040692 0.000334798 0.000265805 0.000202336 0.000147413 0.000103913 7.27308e-05 5.19366e-05 3.80387e-05 2.79037e-05 1.97992e-05 1.32569e-05 8.29189e-06 4.82544e-06 2.59179e-06 1.25906e-06 5.29059e-07 1.73113e-07 3.14211e-08 0 
0 4.37574e-06 1.7989e-05 4.10375e-05 7.29646e-05 0.000112463 0.000157556 0.000205747 0.000254225 0.000300101 0.000340656 0.000373567 0.000397081 0.000410139 0.000412419 0.000404312 0.000386834 0.000361484 0.000330081 0.00029458 0.000256902 0.000218792 0.00018174 0.000146971 0.000115508 8.82058e-05 6.56507e-05 4.79272e-05 3.45159e-05 2.45163e-05 1.70411e-05 1.14583e-05 7.37491e-06 4.50632e-06 2.59179e-06 1.3848e-06 6.7129e-07 2.81851e-07 9.21977e-08 1.67328e-08 0 
0 2.11793e-06 8.707e-06 1.9863e-05 3.53165e-05 5.44354e-05 7.62633e-05 9.95923e-05 0.000123062 0.000145276 0.000164917 0.00018086 0.000192253 0.000198584 0.000199695 0.000195776 0.00018732 0.000175059 0.000159882 0.000142747 0.000124602 0.000106318 8.86378e-05 7.21572e-05 5.73191e-05 4.4417e-05 3.35894e-05 2.48109e-05 1.79067e-05 1.26089e-05 8.62917e-06 5.70862e-06 3.62779e-06 2.1988e-06 1.25906e-06 6.7129e-07 3.2511e-07 1.36451e-07 4.46286e-08 8.09918e-09 0 
0 8.88672e-07 3.65341e-06 8.33442e-06 1.48187e-05 2.2841e-05 3.20002e-05 4.17894e-05 5.16382e-05 6.09601e-05 6.9203e-05 7.58939e-05 8.06763e-05 8.33341e-05 8.38012e-05 8.21575e-05 7.86105e-05 7.3468e-05 6.7104e-05 5.99228e-05 5.23249e-05 4.46784e-05 3.72978e-05 3.04311e-05 2.42555e-05 1.88783e-05 1.43408e-05 1.06267e-05 7.67373e-06 5.39041e-06 3.67302e-06 2.41839e-06 1.53085e-06 9.25379e-07 5.29059e-07 2.81851e-07 1.36451e-07 5.726e-08 1.87267e-08 3.39842e-09 0 
0 2.90623e-07 1.19478e-06 2.72561e-06 4.84618e-06 7.46974e-06 1.04651e-05 1.36665e-05 1.68875e-05 1.99361e-05 2.2632e-05 2.48203e-05 2.63844e-05 2.72537e-05 2.74066e-05 2.68692e-05 2.57094e-05 2.40279e-05 2.19473e-05 1.95999e-05 1.71171e-05 1.46194e-05 1.22099e-05 9.9692e-06 7.95437e-06 6.19884e-06 4.71484e-06 3.49675e-06 2.52541e-06 1.77281e-06 1.20653e-06 7.9333e-07 5.01593e-07 3.0295e-07 1.73113e-07 9.21977e-08 4.46286e-08 1.87267e-08 6.12431e-09 1.1114e-09 0 
0 5.27398e-08 2.16818e-07 4.94621e-07 8.79443e-07 1.35554e-06 1.89912e-06 2.48009e-06 3.0646e-06 3.61786e-06 4.10708e-06 4.5042e-06 4.78806e-06 4.94582e-06 4.97358e-06 4.87606e-06 4.66559e-06 4.36048e-06 3.98294e-06 3.55704e-06 3.1066e-06 2.65353e-06 2.21651e-06 1.81016e-06 1.44477e-06 1.12632e-06 8.56977e-07 6.35722e-07 4.59143e-07 3.22256e-07 2.19248e-07 1.44106e-07 9.10817e-08 5.49969e-08 3.14211e-08 1.67328e-08 8.09918e-09 3.39842e-09 1.1114e-09 2.01687e-10 0 
0 0 0 0 0 0 0 0 0 0 0 0 0 0 0 0 0 0 0 0 0 0 0 0 0 0 0 0 0 0 0 0 0 0 0 0 0 0 0 0 0 
