0 0 0 0 0 0 0 0 0 0 0 0 0 0 0 0 0 0 0 0 0 0 0 0 0 0 0 0 0 0 0 0 0 0 0 0 0 0 0 0 0 
0 1.37852e-05 5.66415e-05 0.000129069 0.000228995 0.00035164 0.000489686 0.000633897 0.000774258 0.00090147 0.00100831 0.00109033 0.0011458 0.00117491 0.0011789 0.00115936 0.00111802 0.00105682 0.00097828 0.000885765 0.000783576 0.000676673 0.000570147 0.000468602 0.000375656 0.00029369 0.000223845 0.000166215 0.000120104 8.43105e-05 5.736e-05 3.76976e-05 2.38238e-05 1.43838e-05 8.21721e-06 4.37575e-06 2.11793e-06 8.88673e-07 2.90623e-07 5.27398e-08 0 
0 5.66415e-05 0.000232546 0.000528971 0.000935151 0.00142655 0.00196483 0.00250183 0.00298876 0.00338821 0.00368286 0.0038761 0.0039849 0.00402985 0.00402706 0.00398413 0.00389986 0.003767 0.00357687 0.00332465 0.00301369 0.00265702 0.00227525 0.00189192 0.00152846 0.00120068 0.000917653 0.000682397 0.000493454 0.000346515 0.000235786 0.000154972 9.79402e-05 5.91327e-05 3.37817e-05 1.79891e-05 8.70701e-06 3.65342e-06 1.19478e-06 2.16818e-07 0 
0 0.000129069 0.000528971 0.00119837 0.00210057 0.00315297 0.00422536 0.00516264 0.00583619 0.00619634 0.00628562 0.00620447 0.00606108 0.00593756 0.00587942 0.00589804 0.0059758 0.00607028 0.0061202 0.00605742 0.00582672 0.00540681 0.00482066 0.00412731 0.00339979 0.00270264 0.0020795 0.00155187 0.00112414 0.000790029 0.000537763 0.000353499 0.00022342 0.000134896 7.70647e-05 4.10379e-05 1.9863e-05 8.33443e-06 2.72561e-06 4.94621e-07 0 
0 0.000228995 0.000935151 0.00210057 0.00361485 0.00523739 0.00661051 0.00738937 0.00744069 0.00692012 0.00613939 0.00537599 0.00478807 0.00443391 0.00432156 0.0044433 0.00478678 0.00532688 0.00600483 0.00670643 0.00726199 0.00749065 0.00727971 0.0066442 0.0057146 0.00466535 0.00364407 0.00274082 0.00199291 0.00140299 0.000955697 0.000628414 0.000397218 0.000239842 0.000137021 7.29659e-05 3.53168e-05 1.48187e-05 4.84618e-06 8.79443e-07 0 
0 0.00035164 0.00142655 0.00315297 0.00523739 0.00709061 0.00799796 0.0076177 0.00630074 0.00474309 0.00343898 0.00253567 0.00198675 0.00170472 0.0016268 0.0017292 0.00202501 0.00255725 0.00338136 0.00452188 0.0058973 0.00725343 0.00820431 0.00842915 0.00787849 0.00677933 0.00545706 0.00416936 0.00305454 0.00215759 0.00147178 0.0009683 0.000612188 0.000369669 0.000211197 0.000112467 5.4436e-05 2.28411e-05 7.46975e-06 1.35555e-06 0 
0 0.000489686 0.00196483 0.00422536 0.00661051 0.00799796 0.00755221 0.00567919 0.00359028 0.00206451 0.0011728 0.000707219 0.000478309 0.000376289 0.000350562 0.000386875 0.000498015 0.000726757 0.00115679 0.00191892 0.00315757 0.00490545 0.00688762 0.00848299 0.00908152 0.00855155 0.00725981 0.00570526 0.00423683 0.00301074 0.00205885 0.00135584 0.00085751 0.000517872 0.000295881 0.000157565 7.62646e-05 3.20003e-05 1.04651e-05 1.89912e-06 0 
0 0.000633897 0.00250183 0.00516264 0.00738937 0.0076177 0.00567919 0.00319746 0.00148836 0.000638852 0.000280163 0.000136699 7.91735e-05 5.68192e-05 5.15817e-05 5.91844e-05 8.41059e-05 0.000142758 0.000275824 0.000573735 0.00121015 0.0024349 0.00440662 0.00682815 0.00880549 0.00946597 0.00872517 0.00717217 0.00544442 0.00390676 0.00268227 0.00176911 0.00111951 0.000676233 0.000386383 0.000205764 9.9595e-05 4.17898e-05 1.36666e-05 2.48009e-06 0 
0 0.000774258 0.00298876 0.00583619 0.00744069 0.00630074 0.00359028 0.00148836 0.00050841 0.000163135 5.52847e-05 2.18116e-05 1.07992e-05 7.05637e-06 6.23368e-06 7.43196e-06 1.16587e-05 2.30145e-05 5.39205e-05 0.000140272 0.000377823 0.000982409 0.00230325 0.0045713 0.00732057 0.0092988 0.0095749 0.00838552 0.00657094 0.00478282 0.00330302 0.0021834 0.00138279 0.000835495 0.000477426 0.000254256 0.000123067 5.16388e-05 1.68875e-05 3.0646e-06 0 
0 0.00090147 0.00338821 0.00619634 0.00692012 0.00474309 0.00206451 0.000638852 0.000163135 3.97779e-05 1.05446e-05 3.39131e-06 1.44214e-06 8.59565e-07 7.3848e-07 9.12269e-07 1.57213e-06 3.58438e-06 1.00902e-05 3.24413e-05 0.000109925 0.000362951 0.00108373 0.00272707 0.00543919 0.00829007 0.00972235 0.00921235 0.00752044 0.0055774 0.00388166 0.00257347 0.00163155 0.000986158 0.000563586 0.000300152 0.000145284 6.09612e-05 1.99363e-05 3.61786e-06 0 
0 0.00100831 0.00368286 0.00628562 0.00613939 0.00343898 0.0011728 0.000280163 5.52847e-05 1.05446e-05 2.23912e-06 5.97887e-07 2.21126e-07 1.21011e-07 1.01159e-07 1.28809e-07 2.4133e-07 6.26115e-07 2.0787e-06 8.08159e-06 3.36058e-05 0.000137058 0.000505977 0.0015696 0.00382204 0.00694331 0.00931363 0.00962126 0.00823087 0.00623987 0.00438279 0.00291596 0.00185101 0.00111928 0.000639756 0.000340733 0.000164929 6.92045e-05 2.26321e-05 4.10709e-06 0 
0 0.00109033 0.0038761 0.00620447 0.00537599 0.00253567 0.000707219 0.000136699 2.18116e-05 3.39131e-06 5.97887e-07 1.36429e-07 4.47985e-08 2.27678e-08 1.85533e-08 2.41708e-08 4.84592e-08 1.39828e-07 5.32187e-07 2.42247e-06 1.19377e-05 5.79619e-05 0.000254623 0.000937068 0.00269147 0.00568711 0.00862334 0.00968431 0.00868671 0.00673784 0.00477884 0.00319142 0.00202861 0.00122724 0.000701567 0.000373672 0.000180875 7.5896e-05 2.48205e-05 4.50421e-06 0 
0 0.0011458 0.0039849 0.00606108 0.00478807 0.00198675 0.000478309 7.91735e-05 1.07992e-05 1.44214e-06 2.21126e-07 4.47985e-08 1.3428e-08 6.43883e-09 5.13118e-09 6.77716e-09 1.4247e-08 4.43819e-08 1.86637e-07 9.54097e-07 5.33055e-06 2.94477e-05 0.0001471 0.000614071 0.00199389 0.00472822 0.00790821 0.00952968 0.00891278 0.00705882 0.00505208 0.00338592 0.00215503 0.0013043 0.000745729 0.000397213 0.000192273 8.06789e-05 2.63847e-05 4.78808e-06 0 
0 0.00117491 0.00402985 0.00593756 0.00443391 0.00170472 0.000376289 5.68192e-05 7.05637e-06 8.59565e-07 1.21011e-07 2.27678e-08 6.43883e-09 2.96933e-09 2.32432e-09 3.08109e-09 6.63494e-09 2.15587e-08 9.59612e-08 5.24848e-07 3.15831e-06 1.88493e-05 0.000101765 0.000458794 0.00160743 0.00410336 0.00732869 0.0092815 0.00895341 0.00720578 0.00519462 0.00349162 0.00222473 0.00134701 0.000770249 0.000410292 0.000198607 8.3337e-05 2.7254e-05 4.94584e-06 0 
0 0.0011789 0.00402706 0.00587942 0.00432156 0.0016268 0.000350562 5.15817e-05 6.23368e-06 7.3848e-07 1.01159e-07 1.85533e-08 5.13118e-09 2.32432e-09 1.79674e-09 2.36612e-09 5.0932e-09 1.66415e-08 7.48931e-08 4.16069e-07 2.55244e-06 1.55716e-05 8.61077e-05 0.000398358 0.00143534 0.00377598 0.00694748 0.00901988 0.00884896 0.00718944 0.00520663 0.00350667 0.00223611 0.00135432 0.00077452 0.000412584 0.00019972 8.38045e-05 2.7407e-05 4.9736e-06 0 
0 0.00115936 0.00398413 0.00589804 0.0044433 0.0017292 0.000386875 5.91844e-05 7.43196e-06 9.12269e-07 1.28809e-07 2.41708e-08 6.77716e-09 3.08109e-09 2.36612e-09 3.06618e-09 6.44219e-09 2.04187e-08 8.87853e-08 4.75758e-07 2.81632e-06 1.66164e-05 8.91907e-05 0.000402438 0.00142235 0.00369443 0.00675703 0.00876784 0.00862021 0.0070211 0.00509398 0.00343446 0.00219127 0.0013275 0.000759271 0.000404481 0.000195801 8.21609e-05 2.68695e-05 4.87608e-06 0 
0 0.00111802 0.00389986 0.0059758 0.00478678 0.00202501 0.000498015 8.41059e-05 1.16587e-05 1.57213e-06 2.4133e-07 4.84592e-08 1.4247e-08 6.63494e-09 5.0932e-09 6.44219e-09 1.29318e-08 3.84755e-08 1.55022e-07 7.63655e-07 4.14351e-06 2.24405e-05 0.000111119 0.000465991 0.00154495 0.00380723 0.00670028 0.00849511 0.00826395 0.00670892 0.00486625 0.00328261 0.00209541 0.00126982 0.0007264 0.000387 0.000187346 7.8614e-05 2.57097e-05 4.66562e-06 0 
0 0.00105682 0.003767 0.00607028 0.00532688 0.00255725 0.000726757 0.000142758 2.30145e-05 3.58438e-06 6.26115e-07 1.39828e-07 4.43819e-08 2.15587e-08 1.66415e-08 2.04187e-08 3.84755e-08 1.04528e-07 3.76559e-07 1.63596e-06 7.77833e-06 3.69196e-05 0.000161103 0.000600993 0.00179492 0.0040516 0.00667762 0.00813038 0.00775782 0.00625749 0.00453504 0.00306162 0.00195606 0.00118607 0.000678707 0.000361648 0.000175086 7.34716e-05 2.40283e-05 4.3605e-06 0 
0 0.00097828 0.00357687 0.0061202 0.00600483 0.00338136 0.00115679 0.000275824 5.39205e-05 1.00902e-05 2.0787e-06 5.32187e-07 1.86637e-07 9.59612e-08 7.48931e-08 8.87853e-08 1.55022e-07 3.76559e-07 1.17969e-06 4.37352e-06 1.75678e-05 7.0313e-05 0.000259983 0.000830336 0.00215652 0.00433069 0.00655135 0.00757949 0.00706976 0.00566852 0.00411216 0.00278322 0.00178197 0.00108194 0.000619568 0.000330251 0.00015991 6.7108e-05 2.19477e-05 3.98297e-06 0 
0 0.000885765 0.00332465 0.00605742 0.00670643 0.00452188 0.00191892 0.000573735 0.000140272 3.24413e-05 8.08159e-06 2.42247e-06 9.54097e-07 5.24848e-07 4.16069e-07 4.75758e-07 7.63655e-07 1.63596e-06 4.37352e-06 1.35164e-05 4.46423e-05 0.000146204 0.000443635 0.0011745 0.0025755 0.0044982 0.00616433 0.00674879 0.00616613 0.00493916 0.00360614 0.0024579 0.0015818 0.000963393 0.000552582 0.000294774 0.00014278 5.99276e-05 1.96004e-05 3.55707e-06 0 
0 0.000783576 0.00301369 0.00582672 0.00726199 0.0058973 0.00315757 0.00121015 0.000377823 0.000109925 3.36058e-05 1.19377e-05 5.33055e-06 3.15831e-06 2.55244e-06 2.81632e-06 4.14351e-06 7.77833e-06 1.75678e-05 4.46423e-05 0.000119118 0.000312419 0.000758895 0.00162235 0.00293245 0.00437568 0.00538128 0.00556921 0.00501439 0.00405595 0.0030163 0.00209157 0.00136255 0.000835861 0.000481216 0.000257146 0.000124646 5.23313e-05 1.71178e-05 3.10664e-06 0 
0 0.000676673 0.00265702 0.00540681 0.00749065 0.00725343 0.00490545 0.0024349 0.000982409 0.000362951 0.000137058 5.79619e-05 2.94477e-05 1.88493e-05 1.55716e-05 1.66164e-05 2.24405e-05 3.69196e-05 7.0313e-05 0.000146204 0.000312419 0.000647568 0.00123727 0.00209255 0.00305279 0.00381619 0.00414506 0.00402398 0.00359158 0.002992 0.00232712 0.00168177 0.0011279 0.000703666 0.000408531 0.000219123 0.000106377 4.46871e-05 1.46204e-05 2.65359e-06 0 
0 0.000570147 0.00227525 0.00482066 0.00727971 0.00820431 0.00688762 0.00440662 0.00230325 0.00108373 0.000505977 0.000254623 0.0001471 0.000101765 8.61077e-05 8.91907e-05 0.000111119 0.000161103 0.000259983 0.000443635 0.000758895 0.00123727 0.00184128 0.0024238 0.00278001 0.00279733 0.0025539 0.00223538 0.00196993 0.00175857 0.00152533 0.00122048 0.000878246 0.000569837 0.000337047 0.000182201 8.87185e-05 3.73095e-05 1.22111e-05 2.21658e-06 0 
0 0.000468602 0.00189192 0.00412731 0.0066442 0.00842915 0.00848299 0.00682815 0.0045713 0.00272707 0.0015696 0.000937068 0.000614071 0.000458794 0.000398358 0.000402438 0.000465991 0.000600993 0.000830336 0.0011745 0.00162235 0.00209255 0.0024238 0.00244227 0.00209371 0.00152952 0.00101125 0.000696952 0.000584988 0.000614964 0.000702111 0.000724492 0.000616997 0.000437249 0.000268902 0.000147598 7.22642e-05 3.04462e-05 9.97081e-06 1.81026e-06 0 
0 0.000375656 0.00152846 0.00339979 0.0057146 0.00787849 0.00908152 0.00880549 0.00732057 0.00543919 0.00382204 0.00269147 0.00199389 0.00160743 0.00143534 0.00142235 0.00154495 0.00179492 0.00215652 0.0025755 0.00293245 0.00305279 0.00278001 0.00209371 0.00120895 0.00050388 0.000165545 6.26019e-05 4.50104e-05 7.0284e-05 0.000157635 0.000296604 0.000366967 0.000311669 0.000206324 0.000116304 5.74513e-05 2.42737e-05 7.95624e-06 1.44487e-06 0 
0 0.00029369 0.00120068 0.00270264 0.00466535 0.00677933 0.00855155 0.00946597 0.0092988 0.00829007 0.00694331 0.00568711 0.00472822 0.00410336 0.00377598 0.00369443 0.00380723 0.0040516 0.00433069 0.0044982 0.00437568 0.00381619 0.00279733 0.00152952 0.00050388 7.83721e-05 6.32524e-06 6.56225e-07 3.31184e-07 1.20738e-06 1.12082e-05 7.03564e-05 0.00017546 0.000204075 0.000151995 8.91179e-05 4.45646e-05 1.88979e-05 6.20082e-06 1.12643e-06 0 
0 0.000223845 0.000917653 0.0020795 0.00364407 0.00545706 0.00725981 0.00872517 0.0095749 0.00972235 0.00931363 0.00862334 0.00790821 0.00732869 0.00694748 0.00675703 0.00670028 0.00667762 0.00655135 0.00616433 0.00538128 0.00414506 0.0025539 0.00101125 0.000165545 6.32524e-06 6.02092e-08 8.21741e-10 2.36725e-10 3.29205e-09 2.76457e-07 1.05401e-05 7.11676e-05 0.000125819 0.000108473 6.6567e-05 3.3735e-05 1.43597e-05 4.71672e-06 8.57079e-07 0 
0 0.000166215 0.000682397 0.00155187 0.00274082 0.00416936 0.00570526 0.00717217 0.00838552 0.00921235 0.00962126 0.00968431 0.00952968 0.0092815 0.00901988 0.00876784 0.00849511 0.00813038 0.00757949 0.00674879 0.00556921 0.00402398 0.00223538 0.000696952 6.26019e-05 6.56225e-07 8.21741e-10 1.59148e-12 2.65589e-13 1.33633e-11 9.13112e-09 1.87317e-06 3.10769e-05 7.88447e-05 7.66258e-05 4.87193e-05 2.49354e-05 1.06427e-05 3.49831e-06 6.35806e-07 0 
0 0.000120104 0.000493454 0.00112414 0.00199291 0.00305454 0.00423683 0.00544442 0.00657094 0.00752044 0.00823087 0.00868671 0.00891278 0.00895341 0.00884896 0.00862021 0.00826395 0.00775782 0.00706976 0.00616613 0.00501439 0.00359158 0.00196993 0.000584988 4.50104e-05 3.31184e-07 2.36725e-10 2.65589e-13 3.7386e-14 2.59497e-12 3.03994e-09 9.57902e-07 1.98678e-05 5.49077e-05 5.48006e-05 3.50982e-05 1.79979e-05 7.68539e-06 2.52654e-06 4.59204e-07 0 
0 8.43105e-05 0.000346515 0.000790029 0.00140299 0.00215759 0.00301074 0.00390676 0.00478282 0.0055774 0.00623987 0.00673784 0.00705882 0.00720578 0.00718944 0.0070211 0.00670892 0.00625749 0.00566852 0.00493916 0.00405595 0.002992 0.00175857 0.000614964 7.0284e-05 1.20738e-06 3.29205e-09 1.33633e-11 2.59497e-12 7.08682e-11 1.89371e-08 1.83567e-06 2.02823e-05 4.34668e-05 3.98438e-05 2.48778e-05 1.26656e-05 5.39772e-06 1.77352e-06 3.22294e-07 0 
0 5.736e-05 0.000235786 0.000537763 0.000955697 0.00147178 0.00205885 0.00268227 0.00330302 0.00388166 0.00438279 0.00477884 0.00505208 0.00519462 0.00520663 0.00509398 0.00486625 0.00453504 0.00411216 0.00360614 0.0030163 0.00232712 0.00152533 0.000702111 0.000157635 1.12082e-05 2.76457e-07 9.13112e-09 3.03994e-09 1.89371e-08 4.71493e-07 6.71289e-06 2.6149e-05 3.64674e-05 2.88612e-05 1.72295e-05 8.65916e-06 3.67695e-06 1.20693e-06 2.19269e-07 0 
0 3.76976e-05 0.000154972 0.000353499 0.000628414 0.0009683 0.00135584 0.00176911 0.0021834 0.00257347 0.00291596 0.00319142 0.00338592 0.00349162 0.00350667 0.00343446 0.00328261 0.00306162 0.00278322 0.0024579 0.00209157 0.00168177 0.00122048 0.000724492 0.000296604 7.03564e-05 1.05401e-05 1.87317e-06 9.57902e-07 1.83567e-06 6.71289e-06 1.95042e-05 3.1008e-05 2.93686e-05 2.02189e-05 1.15407e-05 5.72206e-06 2.4202e-06 7.93516e-07 1.44117e-07 0 
0 2.38238e-05 9.79402e-05 0.00022342 0.000397218 0.000612188 0.00085751 0.00111951 0.00138279 0.00163155 0.00185101 0.00202861 0.00215503 0.00222473 0.00223611 0.00219127 0.00209541 0.00195606 0.00178197 0.0015818 0.00136255 0.0011279 0.000878246 0.000616997 0.000366967 0.00017546 7.11676e-05 3.10769e-05 1.98678e-05 2.02823e-05 2.6149e-05 3.1008e-05 2.8927e-05 2.14237e-05 1.34085e-05 7.40529e-06 3.63294e-06 1.53158e-06 5.0167e-07 9.10862e-08 0 
0 1.43838e-05 5.91327e-05 0.000134896 0.000239842 0.000369669 0.000517872 0.000676233 0.000835495 0.000986158 0.00111928 0.00122724 0.0013043 0.00134701 0.00135432 0.0013275 0.00126982 0.00118607 0.00108194 0.000963393 0.000835861 0.000703666 0.000569837 0.000437249 0.000311669 0.000204075 0.000125819 7.88447e-05 5.49077e-05 4.34668e-05 3.64674e-05 2.93686e-05 2.14237e-05 1.40311e-05 8.33759e-06 4.51585e-06 2.20049e-06 9.25628e-07 3.02978e-07 5.49986e-08 0 
0 8.21721e-06 3.37817e-05 7.70647e-05 0.000137021 0.000211197 0.000295881 0.000386383 0.000477426 0.000563586 0.000639756 0.000701567 0.000745729 0.000770249 0.00077452 0.000759271 0.0007264 0.000678707 0.000619568 0.000552582 0.000481216 0.000408531 0.000337047 0.000268902 0.000206324 0.000151995 0.000108473 7.66258e-05 5.48006e-05 3.98438e-05 2.88612e-05 2.02189e-05 1.34085e-05 8.33759e-06 4.83713e-06 2.59435e-06 1.25954e-06 5.29133e-07 1.73121e-07 3.14216e-08 0 
0 4.37575e-06 1.79891e-05 4.10379e-05 7.29659e-05 0.000112467 0.000157565 0.000205764 0.000254256 0.000300152 0.000340733 0.000373672 0.000397213 0.000410292 0.000412584 0.000404481 0.000387 0.000361648 0.000330251 0.000294774 0.000257146 0.000219123 0.000182201 0.000147598 0.000116304 8.91179e-05 6.6567e-05 4.87193e-05 3.50982e-05 2.48778e-05 1.72295e-05 1.15407e-05 7.40529e-06 4.51585e-06 2.59435e-06 1.3854e-06 6.71408e-07 2.81871e-07 9.22e-08 1.6733e-08 0 
0 2.11793e-06 8.70701e-06 1.9863e-05 3.53168e-05 5.4436e-05 7.62646e-05 9.9595e-05 0.000123067 0.000145284 0.000164929 0.000180875 0.000192273 0.000198607 0.00019972 0.000195801 0.000187346 0.000175086 0.00015991 0.00014278 0.000124646 0.000106377 8.87185e-05 7.22642e-05 5.74513e-05 4.45646e-05 3.3735e-05 2.49354e-05 1.79979e-05 1.26656e-05 8.65916e-06 5.72206e-06 3.63294e-06 2.20049e-06 1.25954e-06 6.71408e-07 3.25134e-07 1.36455e-07 4.46292e-08 8.09921e-09 0 
0 8.88673e-07 3.65342e-06 8.33443e-06 1.48187e-05 2.28411e-05 3.20003e-05 4.17898e-05 5.16388e-05 6.09612e-05 6.92045e-05 7.5896e-05 8.06789e-05 8.3337e-05 8.38045e-05 8.21609e-05 7.8614e-05 7.34716e-05 6.7108e-05 5.99276e-05 5.23313e-05 4.46871e-05 3.73095e-05 3.04462e-05 2.42737e-05 1.88979e-05 1.43597e-05 1.06427e-05 7.68539e-06 5.39772e-06 3.67695e-06 2.4202e-06 1.53158e-06 9.25628e-07 5.29133e-07 2.81871e-07 1.36455e-07 5.72608e-08 1.87268e-08 3.39843e-09 0 
0 2.90623e-07 1.19478e-06 2.72561e-06 4.84618e-06 7.46975e-06 1.04651e-05 1.36666e-05 1.68875e-05 1.99363e-05 2.26321e-05 2.48205e-05 2.63847e-05 2.7254e-05 2.7407e-05 2.68695e-05 2.57097e-05 2.40283e-05 2.19477e-05 1.96004e-05 1.71178e-05 1.46204e-05 1.22111e-05 9.97081e-06 7.95624e-06 6.20082e-06 4.71672e-06 3.49831e-06 2.52654e-06 1.77352e-06 1.20693e-06 7.93516e-07 5.0167e-07 3.02978e-07 1.73121e-07 9.22e-08 4.46292e-08 1.87268e-08 6.12432e-09 1.1114e-09 0 
0 5.27398e-08 2.16818e-07 4.94621e-07 8.79443e-07 1.35555e-06 1.89912e-06 2.48009e-06 3.0646e-06 3.61786e-06 4.10709e-06 4.50421e-06 4.78808e-06 4.94584e-06 4.9736e-06 4.87608e-06 4.66562e-06 4.3605e-06 3.98297e-06 3.55707e-06 3.10664e-06 2.65359e-06 2.21658e-06 1.81026e-06 1.44487e-06 1.12643e-06 8.57079e-07 6.35806e-07 4.59204e-07 3.22294e-07 2.19269e-07 1.44117e-07 9.10862e-08 5.49986e-08 3.14216e-08 1.6733e-08 8.09921e-09 3.39843e-09 1.1114e-09 2.01687e-10 0 
0 0 0 0 0 0 0 0 0 0 0 0 0 0 0 0 0 0 0 0 0 0 0 0 0 0 0 0 0 0 0 0 0 0 0 0 0 0 0 0 0 
