0 0 0 0 0 0 0 0 0 0 0 0 0 0 0 0 0 0 0 0 0 0 0 0 0 0 0 0 0 0 0 0 0 0 0 0 0 0 0 0 0 
0 1.37308e-05 5.61378e-05 0.000126673 0.000220848 0.000329772 0.000441177 0.000542381 0.000624023 0.000682378 0.000719078 0.00073897 0.000747671 0.000749845 0.000748394 0.0007443 0.000736828 0.000723943 0.000702916 0.000671096 0.000626795 0.000570056 0.000503017 0.00042965 0.000354897 0.000283547 0.000219305 0.000164351 0.000119402 8.4067e-05 5.72823e-05 3.76748e-05 2.38176e-05 1.43822e-05 8.21686e-06 4.37568e-06 2.11792e-06 8.88671e-07 2.90623e-07 5.27398e-08 0 
0 5.61378e-05 0.000227686 0.00050509 0.00085264 0.0012062 0.00148991 0.00165016 0.00168073 0.00161683 0.00150818 0.00139632 0.0013069 0.00125211 0.00123591 0.00125776 0.00131406 0.00139772 0.00149658 0.00159222 0.00166077 0.00167743 0.00162433 0.00149815 0.0013127 0.00109379 0.000869733 0.000662902 0.000486229 0.000344066 0.000235024 0.000154754 9.78828e-05 5.91188e-05 3.37786e-05 1.79885e-05 8.7069e-06 3.6534e-06 1.19478e-06 2.16818e-07 0 
0 0.000126673 0.00050509 0.00107929 0.00169508 0.00212584 0.00220714 0.00196506 0.00156964 0.00118333 0.000883531 0.00068024 0.000556568 0.000493423 0.000478248 0.000506417 0.00058049 0.000708773 0.000902358 0.00116862 0.00149965 0.00185844 0.00217383 0.00235894 0.00235267 0.00215544 0.00182666 0.0014479 0.00108576 0.000777209 0.000533859 0.00035241 0.000223141 0.00013483 7.70506e-05 4.10352e-05 1.98626e-05 8.33436e-06 2.72561e-06 4.9462e-07 0 
0 0.000220848 0.00085264 0.00169508 0.00231902 0.00232947 0.00179046 0.00112228 0.000622454 0.000331542 0.00018213 0.000109264 7.4669e-05 5.97058e-05 5.65093e-05 6.31243e-05 8.19324e-05 0.000120399 0.000193723 0.000328567 0.000564358 0.000943104 0.0014758 0.00209088 0.0026163 0.00285987 0.00274482 0.00235478 0.00184793 0.0013546 0.000941141 0.00062443 0.00039622 0.000239612 0.000136973 7.29568e-05 3.53152e-05 1.48185e-05 4.84616e-06 8.79442e-07 0 
0 0.000329772 0.0012062 0.00212584 0.00232947 0.00167828 0.000853694 0.000342024 0.000121515 4.2656e-05 1.62281e-05 7.21597e-06 3.96983e-06 2.80248e-06 2.57757e-06 3.07206e-06 4.63322e-06 8.50849e-06 1.81203e-05 4.23856e-05 0.000102992 0.000246288 0.000550902 0.00109991 0.00188143 0.0026774 0.00314155 0.00308761 0.00262876 0.00201284 0.00142827 0.000956531 0.000609293 0.000369018 0.000211063 0.000112442 5.44319e-05 2.28405e-05 7.46969e-06 1.35554e-06 0 
0 0.000441177 0.00148991 0.00220714 0.00179046 0.000853694 0.00026962 6.55568e-05 1.41988e-05 3.12546e-06 7.85529e-07 2.48624e-07 1.06826e-07 6.54045e-08 5.82056e-08 7.46798e-08 1.33628e-07 3.16153e-07 9.24849e-07 3.10611e-06 1.11125e-05 3.94641e-05 0.000130572 0.000380626 0.000930179 0.00182553 0.00279691 0.00334573 0.00323085 0.00265429 0.00195019 0.00132653 0.000850385 0.000516297 0.000295563 0.000157507 7.62553e-05 3.19991e-05 1.0465e-05 1.89911e-06 0 
0 0.000542381 0.00165016 0.00196506 0.00112228 0.000342024 6.55568e-05 9.44521e-06 1.2114e-06 1.61994e-07 2.60876e-08 5.72475e-09 1.88358e-09 9.88467e-10 8.48419e-10 1.17796e-09 2.5331e-09 7.87081e-09 3.23853e-08 1.60283e-07 8.66352e-07 4.67448e-06 2.3278e-05 0.000100221 0.00035334 0.000973001 0.00201089 0.00305874 0.0034918 0.00316899 0.00245062 0.00170617 0.00110429 0.000672908 0.000385724 0.000205646 9.95762e-05 4.17872e-05 1.36663e-05 2.48008e-06 0 
0 0.000624023 0.00168073 0.00156964 0.000622454 0.000121515 1.41988e-05 1.2114e-06 9.15316e-08 7.38154e-09 7.55794e-10 1.14185e-10 2.86083e-11 1.28203e-11 1.05959e-11 1.59287e-11 4.12712e-11 1.69138e-10 9.84322e-10 7.22346e-09 5.93376e-08 4.88586e-07 3.66663e-06 2.32285e-05 0.000117077 0.000447764 0.00124638 0.00244626 0.0033867 0.00347764 0.00287503 0.00206518 0.00135418 0.00082929 0.000476209 0.000254041 0.000123033 5.16343e-05 1.68871e-05 3.06458e-06 0 
0 0.000682378 0.00161683 0.00118333 0.000331542 4.2656e-05 3.12546e-06 1.61994e-07 7.38154e-09 3.66676e-10 2.43111e-11 2.56581e-12 4.94497e-13 1.90231e-13 1.51437e-13 2.45388e-13 7.59434e-13 4.05529e-12 3.28885e-11 3.51975e-10 4.31733e-09 5.32702e-08 5.91184e-07 5.39975e-06 3.80172e-05 0.000196766 0.000720277 0.00180158 0.00303491 0.00356777 0.00318715 0.00237701 0.00158371 0.000975815 0.000561573 0.0002998 0.000145229 6.09539e-05 1.99355e-05 3.61782e-06 0 
0 0.000719078 0.00150818 0.000883531 0.00018213 1.62281e-05 7.85529e-07 2.60876e-08 7.55794e-10 2.43111e-11 1.09103e-12 8.33934e-14 1.2686e-14 4.24948e-15 3.26573e-15 5.65128e-15 2.0483e-14 1.38524e-13 1.5117e-12 2.26829e-11 3.98549e-10 7.06737e-09 1.11361e-07 1.41033e-06 1.33547e-05 9.00723e-05 0.00041786 0.00129175 0.00260347 0.00349194 0.00337927 0.00262409 0.00177924 0.00110376 0.000636749 0.000340211 0.000164849 6.9194e-05 2.26311e-05 4.10703e-06 0 
0 0.00073897 0.00139632 0.00068024 0.000109264 7.21597e-06 2.48624e-07 5.72475e-09 1.14185e-10 2.56581e-12 8.33934e-14 4.87889e-15 6.09636e-16 1.81841e-16 1.35472e-16 2.47008e-16 1.01809e-15 8.35452e-15 1.16348e-13 2.30571e-12 5.44851e-11 1.30337e-09 2.74334e-08 4.55009e-07 5.49798e-06 4.60239e-05 0.000258473 0.000947638 0.00221508 0.00333193 0.00346973 0.00279995 0.00193123 0.00120613 0.000697487 0.000372966 0.000180767 7.58819e-05 2.48191e-05 4.50414e-06 0 
0 0.000747671 0.0013069 0.000556568 7.4669e-05 3.96983e-06 1.06826e-07 1.88358e-09 2.86083e-11 4.94497e-13 1.2686e-14 6.09636e-16 6.58509e-17 1.8004e-17 1.30792e-17 2.4713e-17 1.11626e-16 1.05294e-15 1.74963e-14 4.2446e-13 1.24497e-11 3.7068e-10 9.64513e-09 1.94966e-07 2.81676e-06 2.76101e-05 0.000178117 0.000738743 0.00192538 0.00316095 0.00349004 0.00290742 0.00203467 0.00127812 0.000740669 0.000396338 0.00019214 8.06616e-05 2.6383e-05 4.78798e-06 0 
0 0.000749845 0.00125211 0.000493423 5.97058e-05 2.80248e-06 6.54045e-08 9.88467e-10 1.28203e-11 1.90231e-13 4.24948e-15 1.81841e-16 1.8004e-17 4.66546e-18 3.32865e-18 6.39839e-18 3.03759e-17 3.09735e-16 5.68878e-15 1.54945e-13 5.1474e-12 1.73994e-10 5.123e-09 1.16273e-07 1.86586e-06 2.0071e-05 0.000140513 0.000626951 0.00174492 0.00302564 0.00347048 0.00295401 0.00208825 0.00131719 0.000764479 0.000409294 0.000198455 8.33173e-05 2.72521e-05 4.94573e-06 0 
0 0.000748394 0.00123591 0.000478248 5.65093e-05 2.57757e-06 5.82056e-08 8.48419e-10 1.05959e-11 1.51437e-13 3.26573e-15 1.35472e-16 1.30792e-17 3.32865e-18 2.35109e-18 4.51125e-18 2.15515e-17 2.22771e-16 4.1738e-15 1.16535e-13 3.982e-12 1.38697e-10 4.20937e-09 9.8385e-08 1.62287e-06 1.79037e-05 0.000128292 0.000585306 0.00166501 0.00294548 0.00343046 0.00294719 0.00209315 0.00132295 0.00076843 0.000411529 0.000199558 8.37834e-05 2.74049e-05 4.97348e-06 0 
0 0.0007443 0.00125776 0.000506417 6.31243e-05 3.07206e-06 7.46798e-08 1.17796e-09 1.59287e-11 2.45388e-13 5.65128e-15 2.47008e-16 2.4713e-17 6.39839e-18 4.51125e-18 8.48582e-18 3.91093e-17 3.84934e-16 6.80202e-15 1.78085e-13 5.69375e-12 1.85765e-10 5.30084e-09 1.1716e-07 1.84033e-06 1.94809e-05 0.000134955 0.00059947 0.00167154 0.00291819 0.00337482 0.00289124 0.00205184 0.00129676 0.000753268 0.000403435 0.00019564 8.21398e-05 2.68674e-05 4.87596e-06 0 
0 0.000736828 0.00131406 0.00058049 8.19324e-05 4.63322e-06 1.33628e-07 2.5331e-09 4.12712e-11 7.59434e-13 2.0483e-14 1.01809e-15 1.11626e-16 3.03759e-17 2.15515e-17 3.91093e-17 1.67383e-16 1.48187e-15 2.29898e-14 5.20143e-13 1.42637e-11 3.9921e-10 9.83737e-09 1.8997e-07 2.64677e-06 2.52693e-05 0.000160511 0.000663629 0.00174675 0.00292328 0.00329429 0.00278654 0.00196754 0.00124141 0.000720801 0.000386014 0.000187192 7.85937e-05 2.57077e-05 4.6655e-06 0 
0 0.000723943 0.00139772 0.000708773 0.000120399 8.50849e-06 3.16153e-07 7.87081e-09 1.69138e-10 4.05529e-12 1.38524e-13 8.35452e-15 1.05294e-15 3.09735e-16 2.22771e-16 3.84934e-16 1.48187e-15 1.12468e-14 1.44157e-13 2.62887e-12 5.73874e-11 1.2772e-09 2.52458e-08 3.97528e-07 4.61535e-06 3.7625e-05 0.000209103 0.000773654 0.00186277 0.00292284 0.00316856 0.0026306 0.00184402 0.00116084 0.000673657 0.000360743 0.000174942 7.34523e-05 2.40263e-05 4.36039e-06 0 
0 0.000702916 0.00149658 0.000902358 0.000193723 1.81203e-05 9.24849e-07 3.23853e-08 9.84322e-10 3.28885e-11 1.5117e-12 1.16348e-13 1.74963e-14 5.68878e-15 4.1738e-15 6.80202e-15 2.29898e-14 1.44157e-13 1.4563e-12 2.02707e-11 3.321e-10 5.53203e-09 8.26307e-08 1.00244e-06 9.20557e-06 6.11697e-05 0.00028576 0.000915811 0.00197073 0.00286209 0.00297093 0.00242002 0.00168572 0.00105974 0.000615004 0.000329411 0.000159773 6.70891e-05 2.19457e-05 3.98285e-06 0 
0 0.000671096 0.00159222 0.00116862 0.000328567 4.23856e-05 3.10611e-06 1.60283e-07 7.22346e-09 3.51975e-10 2.26829e-11 2.30571e-12 4.2446e-13 1.54945e-13 1.16535e-13 1.78085e-13 5.20143e-13 2.62887e-12 2.02707e-11 2.07395e-10 2.44622e-09 2.91925e-08 3.15165e-07 2.8193e-06 1.96338e-05 0.000102265 0.000388116 0.00105005 0.0019922 0.0026742 0.00267328 0.0021516 0.00149734 0.000943079 0.000548235 0.000293943 0.000142641 5.99078e-05 1.95983e-05 3.55694e-06 0 
0 0.000626795 0.00166077 0.00149965 0.000564358 0.000102992 1.11125e-05 8.66352e-07 5.93376e-08 4.31733e-09 3.98549e-10 5.44851e-11 1.24497e-11 5.1474e-12 3.982e-12 5.69375e-12 1.42637e-11 5.73874e-11 3.321e-10 2.44622e-09 2.02772e-08 1.6872e-07 1.27781e-06 8.1589e-06 4.16154e-05 0.000163985 0.000489724 0.00109527 0.00182506 0.00229182 0.00224955 0.00182165 0.00128279 0.000815484 0.000476638 0.000256237 0.000124488 5.23084e-05 1.71152e-05 3.10649e-06 0 
0 0.000570056 0.00167743 0.00185844 0.000943104 0.000246288 3.94641e-05 4.67448e-06 4.88586e-07 5.32702e-08 7.06737e-09 1.30337e-09 3.7068e-10 1.73994e-10 1.38697e-10 1.85765e-10 3.9921e-10 1.2772e-09 5.53203e-09 2.91925e-08 1.6872e-07 9.67154e-07 5.04859e-06 2.24358e-05 8.09917e-05 0.000231572 0.000522353 0.000941515 0.00138132 0.0016711 0.00168049 0.00142451 0.00104388 0.000680636 0.00040312 0.000218022 0.000106183 4.46589e-05 1.46172e-05 2.6534e-06 0 
0 0.000503017 0.00162433 0.00217383 0.0014758 0.000550902 0.000130572 2.3278e-05 3.66663e-06 5.91184e-07 1.11361e-07 2.74334e-08 9.64513e-09 5.123e-09 4.20937e-09 5.30084e-09 9.83737e-09 2.52458e-08 8.26307e-08 3.15165e-07 1.27781e-06 5.04859e-06 1.79935e-05 5.425e-05 0.000132022 0.000254468 0.000398436 0.000544247 0.000700845 0.000869223 0.00098754 0.000961247 0.000781479 0.000541273 0.000330117 0.000180779 8.84704e-05 3.72736e-05 1.22072e-05 2.21635e-06 0 
0 0.00042965 0.00149815 0.00235894 0.00209088 0.00109991 0.000380626 0.000100221 2.32285e-05 5.39975e-06 1.41033e-06 4.55009e-07 1.94966e-07 1.16273e-07 9.8385e-08 1.1716e-07 1.8997e-07 3.97528e-07 1.00244e-06 2.8193e-06 8.1589e-06 2.24358e-05 5.425e-05 0.000106856 0.000159794 0.000175529 0.000152244 0.000129858 0.000141016 0.000208518 0.000344195 0.000483806 0.000505965 0.000401069 0.000259872 0.000145755 7.19487e-05 3.04016e-05 9.96606e-06 1.80998e-06 0 
0 0.000354897 0.0013127 0.00235267 0.0026163 0.00188143 0.000930179 0.00035334 0.000117077 3.80172e-05 1.33547e-05 5.49798e-06 2.81676e-06 1.86586e-06 1.62287e-06 1.84033e-06 2.64677e-06 4.61535e-06 9.20557e-06 1.96338e-05 4.16154e-05 8.09917e-05 0.000132022 0.000159794 0.000122755 5.27065e-05 1.43027e-05 4.45599e-06 3.55071e-06 9.11999e-06 4.075e-05 0.000140371 0.000257583 0.000268918 0.000195112 0.000114031 5.70714e-05 2.42215e-05 7.95083e-06 1.44457e-06 0 
0 0.000283547 0.00109379 0.00215544 0.00285987 0.0026774 0.00182553 0.000973001 0.000447764 0.000196766 9.00723e-05 4.60239e-05 2.76101e-05 2.0071e-05 1.79037e-05 1.94809e-05 2.52693e-05 3.7625e-05 6.11697e-05 0.000102265 0.000163985 0.000231572 0.000254468 0.000175529 5.27065e-05 4.57573e-06 1.32044e-07 5.2602e-09 2.32028e-09 2.13125e-08 8.29085e-07 1.78948e-05 9.52898e-05 0.000160522 0.000139439 8.65621e-05 4.41471e-05 1.88421e-05 6.19518e-06 1.12612e-06 0 
0 0.000219305 0.000869733 0.00182666 0.00274482 0.00314155 0.00279691 0.00201089 0.00124638 0.000720277 0.00041786 0.000258473 0.000178117 0.000140513 0.000128292 0.000134955 0.000160511 0.000209103 0.00028576 0.000388116 0.000489724 0.000522353 0.000398436 0.000152244 1.43027e-05 1.32044e-07 1.32818e-10 2.22675e-13 4.0308e-14 2.86982e-12 3.29056e-09 1.1343e-06 2.77612e-05 8.86123e-05 9.6214e-05 6.40303e-05 3.33273e-05 1.43064e-05 4.71143e-06 8.56792e-07 0 
0 0.000164351 0.000662902 0.0014479 0.00235478 0.00308761 0.00334573 0.00305874 0.00244626 0.00180158 0.00129175 0.000947638 0.000738743 0.000626951 0.000585306 0.00059947 0.000663629 0.000773654 0.000915811 0.00105005 0.00109527 0.000941515 0.000544247 0.000129858 4.45599e-06 5.2602e-09 2.22675e-13 3.46566e-17 1.47038e-17 7.11545e-16 2.04815e-11 9.41455e-08 9.17132e-06 5.0869e-05 6.62814e-05 4.65426e-05 2.45889e-05 1.0598e-05 3.49394e-06 6.35571e-07 0 
0 0.000119402 0.000486229 0.00108576 0.00184793 0.00262876 0.00323085 0.0034918 0.0033867 0.00303491 0.00260347 0.00221508 0.00192538 0.00174492 0.00166501 0.00167154 0.00174675 0.00186277 0.00197073 0.0019922 0.00182506 0.00138132 0.000700845 0.000141016 3.55071e-06 2.32028e-09 4.0308e-14 1.47039e-17 4.4249e-19 8.24335e-17 4.51639e-12 4.01919e-08 5.51707e-06 3.48439e-05 4.72198e-05 3.35028e-05 1.7745e-05 7.65289e-06 2.52337e-06 4.59035e-07 0 
0 8.4067e-05 0.000344066 0.000777209 0.0013546 0.00201284 0.00265429 0.00316899 0.00347764 0.00356777 0.00349194 0.00333193 0.00316095 0.00302564 0.00294548 0.00291819 0.00292328 0.00292284 0.00286209 0.0026742 0.00229182 0.0016711 0.000869223 0.000208518 9.11999e-06 2.13125e-08 2.86982e-12 7.11545e-16 8.24336e-17 1.35659e-14 9.20017e-11 1.3306e-07 6.92032e-06 2.95135e-05 3.50403e-05 2.38872e-05 1.25084e-05 5.37738e-06 1.77152e-06 3.22187e-07 0 
0 5.72823e-05 0.000235024 0.000533859 0.000941141 0.00142827 0.00195019 0.00245062 0.00287503 0.00318715 0.00337927 0.00346973 0.00349004 0.00347048 0.00343046 0.00337482 0.00329429 0.00316856 0.00297093 0.00267328 0.00224955 0.00168049 0.00098754 0.000344195 4.075e-05 8.29085e-07 3.29056e-09 2.04815e-11 4.51639e-12 9.20017e-11 1.6092e-08 1.21099e-06 1.2638e-05 2.77889e-05 2.62863e-05 1.67119e-05 8.57614e-06 3.66602e-06 1.20583e-06 2.19209e-07 0 
0 3.76748e-05 0.000154754 0.00035241 0.00062443 0.000956531 0.00132653 0.00170617 0.00206518 0.00237701 0.00262409 0.00279995 0.00290742 0.00295401 0.00294719 0.00289124 0.00278654 0.0026306 0.00242002 0.0021516 0.00182165 0.00142451 0.000961247 0.000483806 0.000140371 1.78948e-05 1.1343e-06 9.41455e-08 4.01919e-08 1.3306e-07 1.21099e-06 7.87564e-06 2.06651e-05 2.50185e-05 1.90777e-05 1.13136e-05 5.68482e-06 2.41516e-06 7.92997e-07 1.44088e-07 0 
0 2.38176e-05 9.78828e-05 0.000223141 0.00039622 0.000609293 0.000850385 0.00110429 0.00135418 0.00158371 0.00177924 0.00193123 0.00203467 0.00208825 0.00209315 0.00205184 0.00196754 0.00184402 0.00168572 0.00149734 0.00128279 0.00104388 0.000781479 0.000505965 0.000257583 9.52898e-05 2.77612e-05 9.17132e-06 5.51707e-06 6.92032e-06 1.2638e-05 2.06651e-05 2.38406e-05 1.97448e-05 1.29927e-05 7.32137e-06 3.61866e-06 1.52957e-06 5.01456e-07 9.10738e-08 0 
0 1.43822e-05 5.91188e-05 0.00013483 0.000239612 0.000369018 0.000516297 0.000672908 0.00082929 0.000975815 0.00110376 0.00120613 0.00127812 0.00131719 0.00132295 0.00129676 0.00124141 0.00116084 0.00105974 0.000943079 0.000815484 0.000680636 0.000541273 0.000401069 0.000268918 0.000160522 8.86123e-05 5.0869e-05 3.48439e-05 2.95135e-05 2.77889e-05 2.50185e-05 1.97448e-05 1.35226e-05 8.21157e-06 4.48947e-06 2.19579e-06 9.24936e-07 3.02901e-07 5.4994e-08 0 
0 8.21686e-06 3.37786e-05 7.70506e-05 0.000136973 0.000211063 0.000295563 0.000385724 0.000476209 0.000561573 0.000636749 0.000697487 0.000740669 0.000764479 0.00076843 0.000753268 0.000720801 0.000673657 0.000615004 0.000548235 0.000476638 0.00040312 0.000330117 0.000259872 0.000195112 0.000139439 9.6214e-05 6.62814e-05 4.72198e-05 3.50403e-05 2.62863e-05 1.90777e-05 1.29927e-05 8.21157e-06 4.80478e-06 2.58724e-06 1.2582e-06 5.28927e-07 1.73097e-07 3.14201e-08 0 
0 4.37568e-06 1.79885e-05 4.10352e-05 7.29568e-05 0.000112442 0.000157507 0.000205646 0.000254041 0.0002998 0.000340211 0.000372966 0.000396338 0.000409294 0.000411529 0.000403435 0.000386014 0.000360743 0.000329411 0.000293943 0.000256237 0.000218022 0.000180779 0.000145755 0.000114031 8.65621e-05 6.40303e-05 4.65426e-05 3.35028e-05 2.38872e-05 1.67119e-05 1.13136e-05 7.32137e-06 4.48947e-06 2.58724e-06 1.38375e-06 6.71081e-07 2.81817e-07 9.21935e-08 1.67326e-08 0 
0 2.11792e-06 8.7069e-06 1.98626e-05 3.53152e-05 5.44319e-05 7.62553e-05 9.95762e-05 0.000123033 0.000145229 0.000164849 0.000180767 0.00019214 0.000198455 0.000199558 0.00019564 0.000187192 0.000174942 0.000159773 0.000142641 0.000124488 0.000106183 8.84704e-05 7.19487e-05 5.70714e-05 4.41471e-05 3.33273e-05 2.45889e-05 1.7745e-05 1.25084e-05 8.57614e-06 5.68482e-06 3.61866e-06 2.19579e-06 1.2582e-06 6.71081e-07 3.25066e-07 1.36443e-07 4.46277e-08 8.09911e-09 0 
0 8.88671e-07 3.6534e-06 8.33436e-06 1.48185e-05 2.28405e-05 3.19991e-05 4.17872e-05 5.16343e-05 6.09539e-05 6.9194e-05 7.58819e-05 8.06616e-05 8.33173e-05 8.37834e-05 8.21398e-05 7.85937e-05 7.34523e-05 6.70891e-05 5.99078e-05 5.23084e-05 4.46589e-05 3.72736e-05 3.04016e-05 2.42215e-05 1.88421e-05 1.43064e-05 1.0598e-05 7.65289e-06 5.37738e-06 3.66602e-06 2.41516e-06 1.52957e-06 9.24936e-07 5.28927e-07 2.81817e-07 1.36443e-07 5.72587e-08 1.87265e-08 3.39841e-09 0 
0 2.90623e-07 1.19478e-06 2.72561e-06 4.84616e-06 7.46969e-06 1.0465e-05 1.36663e-05 1.68871e-05 1.99355e-05 2.26311e-05 2.48191e-05 2.6383e-05 2.72521e-05 2.74049e-05 2.68674e-05 2.57077e-05 2.40263e-05 2.19457e-05 1.95983e-05 1.71152e-05 1.46172e-05 1.22072e-05 9.96606e-06 7.95083e-06 6.19518e-06 4.71143e-06 3.49394e-06 2.52337e-06 1.77152e-06 1.20583e-06 7.92997e-07 5.01456e-07 3.02901e-07 1.73097e-07 9.21935e-08 4.46277e-08 1.87265e-08 6.12428e-09 1.11139e-09 0 
0 5.27398e-08 2.16818e-07 4.9462e-07 8.79442e-07 1.35554e-06 1.89911e-06 2.48008e-06 3.06458e-06 3.61782e-06 4.10703e-06 4.50414e-06 4.78798e-06 4.94573e-06 4.97348e-06 4.87596e-06 4.6655e-06 4.36039e-06 3.98285e-06 3.55694e-06 3.10649e-06 2.6534e-06 2.21635e-06 1.80998e-06 1.44457e-06 1.12612e-06 8.56792e-07 6.35571e-07 4.59035e-07 3.22187e-07 2.19209e-07 1.44088e-07 9.10738e-08 5.4994e-08 3.14201e-08 1.67326e-08 8.09911e-09 3.39841e-09 1.11139e-09 2.01687e-10 0 
0 0 0 0 0 0 0 0 0 0 0 0 0 0 0 0 0 0 0 0 0 0 0 0 0 0 0 0 0 0 0 0 0 0 0 0 0 0 0 0 0 
