0 0 0 0 0 0 0 0 0 0 0 0 0 0 0 0 0 0 0 0 0 0 0 0 0 0 0 0 0 0 0 0 0 0 0 0 0 0 0 0 0 
0 1.35355e-05 5.43776e-05 0.000118757 0.00019626 0.000271402 0.000329496 0.000363016 0.000373294 0.000367257 0.000353019 0.000337148 0.000323911 0.000315602 0.000313125 0.000316452 0.000324837 0.000336838 0.000350255 0.000362118 0.000368897 0.000367042 0.00035383 0.000328284 0.000291745 0.000247703 0.000200847 0.000155743 0.000115766 8.26743e-05 5.67973e-05 3.7521e-05 2.37731e-05 1.43706e-05 8.21407e-06 4.37508e-06 2.11781e-06 8.88653e-07 2.90621e-07 5.27396e-08 0 
0 5.43776e-05 0.000211354 0.000431701 0.000634909 0.000737424 0.00071363 0.000605432 0.000473879 0.000358603 0.000272916 0.000215463 0.00018047 0.000162643 0.000158661 0.000167283 0.000189099 0.000226149 0.000281269 0.000356779 0.000452193 0.000561152 0.000668984 0.000753592 0.000791904 0.000770292 0.000692268 0.000576964 0.000449355 0.000329959 0.000230178 0.00015325 9.74597e-05 5.90108e-05 3.37536e-05 1.79833e-05 8.70596e-06 3.65325e-06 1.19476e-06 2.16817e-07 0 
0 0.000118757 0.000431701 0.000768353 0.000892685 0.000741135 0.000476951 0.000260405 0.000131424 6.5998e-05 3.50526e-05 2.0676e-05 1.40446e-05 1.12392e-05 1.06911e-05 1.20356e-05 1.5779e-05 2.34855e-05 3.84381e-05 6.67748e-05 0.000118762 0.000208851 0.000351587 0.000550138 0.000779677 0.000980709 0.00108248 0.00104912 0.00090378 0.000705531 0.000509106 0.000344809 0.000221044 0.000134308 7.6933e-05 4.10115e-05 1.98583e-05 8.33373e-06 2.72553e-06 4.94616e-07 0 
0 0.00019626 0.000634909 0.000892685 0.000709731 0.000359291 0.000132332 4.04306e-05 1.14976e-05 3.36748e-06 1.11021e-06 4.43875e-07 2.27737e-07 1.55394e-07 1.42931e-07 1.75785e-07 2.8129e-07 5.61266e-07 1.32453e-06 3.48855e-06 9.6752e-06 2.67639e-05 7.04022e-05 0.000169108 0.000358311 0.000649678 0.000983091 0.00122475 0.00126322 0.00110629 0.000852302 0.00059693 0.0003887 0.000237772 0.000136568 7.28771e-05 3.53014e-05 1.48165e-05 4.84594e-06 8.79428e-07 0 
0 0.000271402 0.000737424 0.000741135 0.000359291 9.98877e-05 1.90145e-05 2.9072e-06 4.13246e-07 6.26889e-08 1.1517e-08 2.85475e-09 1.03693e-09 5.81444e-10 5.13128e-10 7.037e-10 1.43923e-09 4.11871e-09 1.5238e-08 6.68343e-08 3.18677e-07 1.52467e-06 6.83219e-06 2.71369e-05 9.16168e-05 0.000254512 0.000565586 0.000980878 0.00131257 0.00137721 0.00118345 0.000878244 0.000587753 0.000363794 0.000209933 0.000112224 5.4395e-05 2.28353e-05 7.46911e-06 1.35551e-06 0 
0 0.000329496 0.00071363 0.000476951 0.000132332 1.90145e-05 1.734e-06 1.21177e-07 7.81825e-09 5.59414e-10 5.26668e-11 7.55654e-12 1.84904e-12 8.28261e-13 6.97034e-13 1.08247e-12 2.93034e-12 1.26633e-11 7.83269e-11 6.15344e-10 5.44817e-09 4.86726e-08 3.99099e-07 2.78772e-06 1.5727e-05 6.92046e-05 0.000231965 0.000579571 0.00105765 0.00140656 0.00141245 0.00114399 0.00079899 0.000503814 0.00029289 0.000156999 7.61708e-05 3.19872e-05 1.04637e-05 1.89904e-06 0 
0 0.000363016 0.000605432 0.000260405 4.04306e-05 2.9072e-06 1.21177e-07 3.66248e-09 1.01284e-10 3.23626e-12 1.48727e-13 1.18707e-14 1.90129e-15 6.69218e-16 5.35041e-16 9.49041e-16 3.46884e-15 2.33132e-14 2.50156e-13 3.67154e-12 6.31375e-11 1.10223e-09 1.72745e-08 2.20646e-07 2.14577e-06 1.52511e-05 7.76396e-05 0.000279871 0.000704087 0.00122061 0.00148385 0.00134911 0.000999664 0.000647188 0.000380233 0.000204615 9.9407e-05 4.17638e-05 1.36638e-05 2.47993e-06 0 
0 0.000373294 0.000473879 0.000131424 1.14976e-05 4.13246e-07 7.81825e-09 1.01284e-10 1.18958e-12 1.68289e-14 3.74686e-16 1.65343e-17 1.72722e-18 4.77856e-19 3.63015e-19 7.33931e-19 3.62345e-18 3.80125e-17 7.11349e-16 1.96278e-14 6.60126e-13 2.26851e-11 6.84572e-10 1.60992e-08 2.7127e-07 3.11734e-06 2.39486e-05 0.000122741 0.000419212 0.00094511 0.00141042 0.00146698 0.00116925 0.000782855 0.000466264 0.000252183 0.000122732 5.15931e-05 1.68828e-05 3.06433e-06 0 
0 0.000367257 0.000358603 6.5998e-05 3.36748e-06 6.26889e-08 5.59414e-10 3.23626e-12 1.68289e-14 1.09674e-16 1.22613e-18 3.12153e-20 2.35267e-21 5.9402e-22 4.47248e-22 9.19967e-22 5.36269e-21 8.23215e-20 2.60007e-18 1.30725e-16 8.32141e-15 5.44749e-13 3.06749e-11 1.29034e-09 3.67054e-08 6.6606e-07 7.543e-06 5.3535e-05 0.000241096 0.00069041 0.00125463 0.00149986 0.00129546 0.000901396 0.000545507 0.000296806 0.000144747 6.08886e-05 1.99288e-05 3.61744e-06 0 
0 0.000353019 0.000272916 3.50526e-05 1.11021e-06 1.1517e-08 5.26668e-11 1.48727e-13 3.74686e-16 1.22613e-18 7.57147e-21 1.34746e-22 1.00793e-23 2.8685e-24 2.21882e-24 4.14064e-24 2.14994e-23 3.69728e-22 1.73954e-20 1.48088e-18 1.66231e-16 1.93078e-14 1.89439e-12 1.33759e-10 6.06785e-09 1.65433e-07 2.64475e-06 2.49882e-05 0.000142796 0.000501279 0.00108238 0.00147268 0.00137685 0.000996672 0.000613376 0.000335852 0.000164149 6.90999e-05 2.26214e-05 4.10649e-06 0 
0 0.000337148 0.000215463 2.0676e-05 4.43875e-07 2.85475e-09 7.55654e-12 1.18707e-14 1.65343e-17 3.12153e-20 1.34746e-22 2.0667e-24 1.40662e-25 4.02308e-26 3.13267e-26 5.58265e-26 2.84189e-25 5.19246e-24 2.99037e-22 3.74585e-20 6.66339e-18 1.23719e-15 1.91238e-13 2.06374e-11 1.37243e-09 5.22462e-08 1.10791e-06 1.32169e-05 9.14637e-05 0.000377267 0.000935099 0.00141748 0.00142077 0.0010663 0.000666607 0.000367192 0.000179842 7.5758e-05 2.48065e-05 4.50343e-06 0 
0 0.000323911 0.00018047 1.40446e-05 2.27737e-07 1.03693e-09 1.84904e-12 1.90129e-15 1.72722e-18 2.35267e-21 1.00794e-23 1.40663e-25 6.24743e-27 1.24755e-27 9.10487e-28 1.78648e-27 1.21922e-26 2.83264e-25 1.76803e-23 2.63626e-21 6.42744e-19 1.6747e-16 3.59707e-14 5.27802e-12 4.63154e-10 2.24629e-08 5.84701e-07 8.25811e-06 6.55717e-05 0.000303278 0.00082928 0.00136078 0.00143847 0.00111087 0.000703345 0.000389338 0.000191018 8.05117e-05 2.63677e-05 4.78714e-06 0 
0 0.000315602 0.000162643 1.12392e-05 1.55394e-07 5.81444e-10 8.28261e-13 6.69218e-16 4.77856e-19 5.9402e-22 2.86852e-24 4.02314e-26 1.24758e-27 1.06555e-28 5.53259e-29 1.708e-28 2.11757e-27 6.19123e-26 3.90137e-24 5.88563e-22 1.6735e-19 5.28357e-17 1.3692e-14 2.39475e-12 2.4629e-10 1.37238e-08 4.01813e-07 6.25233e-06 5.37095e-05 0.00026517 0.000767111 0.00131895 0.00144031 0.0011325 0.000722942 0.00040148 0.000197202 8.315e-05 2.72351e-05 4.94479e-06 0 
0 0.000313125 0.000158661 1.06911e-05 1.42931e-07 5.13128e-10 6.97034e-13 5.35041e-16 3.63015e-19 4.47248e-22 2.21884e-24 3.13272e-26 9.10508e-28 5.53268e-29 2.06125e-29 9.24497e-29 1.43985e-27 4.43899e-26 2.79541e-24 4.18907e-22 1.2249e-19 4.02833e-17 1.08723e-14 1.97623e-12 2.10524e-10 1.21009e-08 3.63829e-07 5.78761e-06 5.06318e-05 0.000253938 0.00074545 0.00129889 0.0014328 0.00113339 0.000725621 0.000403455 0.000198262 8.36101e-05 2.73873e-05 4.9725e-06 0 
0 0.000316452 0.000167283 1.20356e-05 1.75785e-07 7.037e-10 1.08247e-12 9.49041e-16 7.33931e-19 9.19967e-22 4.14067e-24 5.58272e-26 1.78651e-27 1.708e-28 9.24484e-29 2.78401e-28 3.2237e-27 9.2388e-26 5.93483e-24 9.03908e-22 2.44679e-19 7.24091e-17 1.76383e-14 2.91527e-12 2.85185e-10 1.52234e-08 4.30092e-07 6.50307e-06 5.46398e-05 0.000265457 0.000760006 0.00129999 0.00141762 0.00111499 0.000712191 0.000395673 0.000194391 8.19723e-05 2.68504e-05 4.87501e-06 0 
0 0.000324837 0.000189099 1.5779e-05 2.8129e-07 1.43923e-09 2.93034e-12 3.46884e-15 3.62345e-18 5.36269e-21 2.14995e-23 2.8419e-25 1.21922e-26 2.11754e-27 1.43983e-27 3.22367e-27 2.49257e-26 6.027e-25 3.85544e-23 5.54586e-21 1.21865e-18 2.8352e-16 5.46927e-14 7.27511e-12 5.85383e-10 2.63597e-08 6.45173e-07 8.67467e-06 6.63507e-05 0.000299005 0.000805553 0.00131526 0.00139182 0.0010778 0.000683886 0.000379024 0.000186063 7.84416e-05 2.56921e-05 4.66463e-06 0 
0 0.000336838 0.000226149 2.34855e-05 5.61266e-07 4.11871e-09 1.26633e-11 2.33132e-14 3.80125e-17 8.23215e-20 3.69728e-22 5.19246e-24 2.83263e-25 6.19117e-26 4.43894e-26 9.23873e-26 6.02699e-25 1.27799e-23 7.40871e-22 8.40971e-20 1.31278e-17 2.13919e-15 2.92314e-13 2.81918e-11 1.69782e-09 5.9382e-08 1.17417e-06 1.32562e-05 8.81342e-05 0.000354904 0.000873147 0.00133122 0.00134895 0.00102178 0.000642332 0.000354791 0.000173975 7.33211e-05 2.40128e-05 4.35962e-06 0 
0 0.000350255 0.000281269 3.84381e-05 1.32453e-06 1.5238e-08 7.83269e-11 2.50156e-13 7.11349e-16 2.60007e-18 1.73954e-20 2.99037e-22 1.76802e-23 3.90136e-24 2.7954e-24 5.93481e-24 3.85543e-23 7.40871e-22 3.31681e-20 2.54616e-18 2.56019e-16 2.67029e-14 2.36749e-12 1.52409e-10 6.37126e-09 1.61959e-07 2.4447e-06 2.21163e-05 0.000123082 0.000429881 0.000944887 0.0013276 0.00128061 0.000946995 0.000589565 0.000324542 0.000158975 6.69796e-05 2.19343e-05 3.9822e-06 0 
0 0.000362118 0.000356779 6.67748e-05 3.48855e-06 6.68343e-08 6.15344e-10 3.67154e-12 1.96278e-14 1.30725e-16 1.48088e-18 3.74585e-20 2.63626e-21 5.88563e-22 4.18906e-22 9.03908e-22 5.54586e-21 8.40971e-20 2.54616e-18 1.22242e-16 7.43792e-15 4.6633e-13 2.52081e-11 1.02038e-09 2.80002e-08 4.91704e-07 5.41902e-06 3.78436e-05 0.000171176 0.000507993 0.000987587 0.00127814 0.00117844 0.000854218 0.000527982 0.000290014 0.000141986 5.98168e-05 1.95886e-05 3.55639e-06 0 
0 0.000368897 0.000452193 0.000118762 9.6752e-06 3.18677e-07 5.44817e-09 6.31375e-11 6.60126e-13 8.32141e-15 1.66231e-16 6.66339e-18 6.42744e-19 1.6735e-19 1.2249e-19 2.44679e-19 1.21865e-18 1.31278e-17 2.56019e-16 7.43792e-15 2.64733e-13 9.6246e-12 3.05544e-10 7.48095e-09 1.29462e-07 1.5079e-06 1.16679e-05 6.08292e-05 0.000218607 0.000547229 0.000949591 0.00115371 0.00103568 0.000745052 0.000460193 0.000252975 0.000123934 5.22301e-05 1.71068e-05 3.106e-06 0 
0 0.000367042 0.000561152 0.000208851 2.67639e-05 1.52467e-06 4.86726e-08 1.10223e-09 2.26851e-11 5.44749e-13 1.93078e-14 1.23719e-15 1.6747e-16 5.28357e-17 4.02833e-17 7.24091e-17 2.8352e-16 2.13919e-15 2.67029e-14 4.6633e-13 9.6246e-12 2.00534e-10 3.67738e-09 5.31566e-08 5.60016e-07 4.12567e-06 2.12376e-05 7.89769e-05 0.000221303 0.000475644 0.000771871 0.000929541 0.000848299 0.000621719 0.000388796 0.000215099 0.000105678 4.45863e-05 1.46094e-05 2.65294e-06 0 
0 0.00035383 0.000668984 0.000351587 7.04022e-05 6.83219e-06 3.99099e-07 1.72745e-08 6.84572e-10 3.06749e-11 1.89439e-12 1.91238e-13 3.59707e-14 1.3692e-14 1.08723e-14 1.76383e-14 5.46927e-14 2.92314e-13 2.36749e-12 2.52081e-11 3.05544e-10 3.67738e-09 3.88506e-08 3.2401e-07 1.96369e-06 8.29054e-06 2.50237e-05 5.97915e-05 0.000127717 0.000254802 0.000443532 0.000605789 0.000618473 0.000487215 0.000316267 0.000177882 8.79637e-05 3.72008e-05 1.21994e-05 2.21589e-06 0 
0 0.000328284 0.000753592 0.000550138 0.000169108 2.71369e-05 2.78772e-06 2.20646e-07 1.60992e-08 1.29034e-09 1.33759e-10 2.06374e-11 5.27802e-12 2.39475e-12 1.97623e-12 2.91527e-12 7.27511e-12 2.81918e-11 1.52409e-10 1.02038e-09 7.48095e-09 5.31566e-08 3.2401e-07 1.49195e-06 4.56723e-06 8.58151e-06 1.07194e-05 1.22024e-05 1.8737e-05 4.38395e-05 0.000119587 0.000259694 0.000368109 0.000347623 0.000245272 0.00014265 7.14074e-05 3.03247e-05 9.95786e-06 1.80951e-06 0 
0 0.000291745 0.000791904 0.000779677 0.000358311 9.16168e-05 1.5727e-05 2.14577e-06 2.7127e-07 3.67054e-08 6.06785e-09 1.37243e-09 4.63154e-10 2.4629e-10 2.10524e-10 2.85185e-10 5.85383e-10 1.69782e-09 6.37126e-09 2.80002e-08 1.29462e-07 5.60016e-07 1.96369e-06 4.56723e-06 5.36038e-06 2.5092e-06 5.47306e-07 1.34534e-07 1.23355e-07 6.07142e-07 6.65454e-06 5.04596e-05 0.000156297 0.000216833 0.000179433 0.000110643 5.64885e-05 2.41403e-05 7.94235e-06 1.44409e-06 0 
0 0.000247703 0.000770292 0.000980709 0.000649678 0.000254512 6.92046e-05 1.52511e-05 3.11734e-06 6.6606e-07 1.65433e-07 5.22462e-08 2.24629e-08 1.37238e-08 1.21009e-08 1.52234e-08 2.63597e-08 5.9382e-08 1.61959e-07 4.91704e-07 1.5079e-06 4.12567e-06 8.29054e-06 8.58151e-06 2.5092e-06 1.08221e-07 8.44484e-10 9.79941e-12 3.63155e-12 1.11248e-10 2.77723e-08 2.96529e-06 4.21841e-05 0.000115586 0.000123565 8.30357e-05 4.35487e-05 1.87607e-05 6.18686e-06 1.12566e-06 0 
0 0.000200847 0.000692268 0.00108248 0.000983091 0.000565586 0.000231965 7.76396e-05 2.39486e-05 7.543e-06 2.64475e-06 1.10791e-06 5.84701e-07 4.01813e-07 3.63829e-07 4.30092e-07 6.45173e-07 1.17417e-06 2.4447e-06 5.41902e-06 1.16679e-05 2.12376e-05 2.50237e-05 1.07194e-05 5.47306e-07 8.44484e-10 4.72364e-14 1.23077e-16 9.7056e-16 3.07648e-16 1.04854e-11 6.25511e-08 8.09732e-06 5.56135e-05 8.17963e-05 6.0696e-05 3.27669e-05 1.42317e-05 4.70395e-06 8.56384e-07 0 
0 0.000155743 0.000576964 0.00104912 0.00122475 0.000980878 0.000579571 0.000279871 0.000122741 5.3535e-05 2.49882e-05 1.32169e-05 8.25811e-06 6.25233e-06 5.78761e-06 6.50307e-06 8.67467e-06 1.32562e-05 2.21163e-05 3.78436e-05 6.08292e-05 7.89769e-05 5.97915e-05 1.22024e-05 1.34534e-07 9.79941e-12 1.23077e-16 4.55386e-18 2.10712e-17 4.0061e-17 7.45608e-15 1.94442e-09 1.87446e-06 2.8615e-05 5.46507e-05 4.37612e-05 2.41243e-05 1.05368e-05 3.48789e-06 6.35245e-07 0 
0 0.000115766 0.000449355 0.00090378 0.00126322 0.00131257 0.00105765 0.000704087 0.000419212 0.000241096 0.000142796 9.14637e-05 6.55717e-05 5.37095e-05 5.06318e-05 5.46398e-05 6.63507e-05 8.81342e-05 0.000123082 0.000171176 0.000218607 0.000221303 0.000127717 1.8737e-05 1.23355e-07 3.63155e-12 9.70559e-16 2.10713e-17 3.61993e-18 1.8885e-17 9.27906e-16 6.57466e-10 1.04465e-06 1.92326e-05 3.87978e-05 3.14885e-05 1.74105e-05 7.60909e-06 2.51906e-06 4.58802e-07 0 
0 8.26743e-05 0.000329959 0.000705531 0.00110629 0.00137721 0.00140656 0.00122061 0.00094511 0.00069041 0.000501279 0.000377267 0.000303278 0.00026517 0.000253938 0.000265457 0.000299005 0.000354904 0.000429881 0.000507993 0.000547229 0.000475644 0.000254802 4.38395e-05 6.07142e-07 1.11248e-10 3.07648e-16 4.0061e-17 1.8885e-17 1.88835e-17 9.23015e-14 4.42989e-09 1.71311e-06 1.78086e-05 2.95957e-05 2.26354e-05 1.23016e-05 5.3502e-06 1.76883e-06 3.22041e-07 0 
0 5.67973e-05 0.000230178 0.000509106 0.000852302 0.00118345 0.00141245 0.00148385 0.00141042 0.00125463 0.00108238 0.000935099 0.00082928 0.000767111 0.00074545 0.000760006 0.000805553 0.000873147 0.000944887 0.000987587 0.000949591 0.000771871 0.000443532 0.000119587 6.65454e-06 2.77723e-08 1.04854e-11 7.45608e-15 9.27906e-16 9.23015e-14 2.02207e-10 1.31495e-07 4.91407e-06 1.94908e-05 2.32515e-05 1.60521e-05 8.46712e-06 3.65148e-06 1.20437e-06 2.19129e-07 0 
0 3.7521e-05 0.00015325 0.000344809 0.00059693 0.000878244 0.00114399 0.00134911 0.00146698 0.00149986 0.00147268 0.00141748 0.00136078 0.00131895 0.00129889 0.00129999 0.00131526 0.00133122 0.0013276 0.00127814 0.00115371 0.000929541 0.000605789 0.000259694 5.04596e-05 2.96529e-06 6.25511e-08 1.94442e-09 6.57466e-10 4.42989e-09 1.31495e-07 2.42756e-06 1.21869e-05 2.02903e-05 1.76768e-05 1.10211e-05 5.63585e-06 2.40846e-06 7.92305e-07 1.44049e-07 0 
0 2.37731e-05 9.74597e-05 0.000221044 0.0003887 0.000587753 0.00079899 0.000999664 0.00116925 0.00129546 0.00137685 0.00142077 0.00143847 0.00144031 0.0014328 0.00141762 0.00139182 0.00134895 0.00128061 0.00117844 0.00103568 0.000848299 0.000618473 0.000368109 0.000156297 4.21841e-05 8.09732e-06 1.87446e-06 1.04465e-06 1.71311e-06 4.91407e-06 1.21869e-05 1.85236e-05 1.7744e-05 1.2466e-05 7.21218e-06 3.59987e-06 1.5269e-06 5.01172e-07 9.10573e-08 0 
0 1.43706e-05 5.90108e-05 0.000134308 0.000237772 0.000363794 0.000503814 0.000647188 0.000782855 0.000901396 0.000996672 0.0010663 0.00111087 0.0011325 0.00113339 0.00111499 0.0010778 0.00102178 0.000946995 0.000854218 0.000745052 0.000621719 0.000487215 0.000347623 0.000216833 0.000115586 5.56135e-05 2.8615e-05 1.92326e-05 1.78086e-05 1.94908e-05 2.02903e-05 1.7744e-05 1.28832e-05 8.04867e-06 4.45491e-06 2.1896e-06 9.2402e-07 3.02799e-07 5.49878e-08 0 
0 8.21407e-06 3.37536e-05 7.6933e-05 0.000136568 0.000209933 0.00029289 0.000380233 0.000466264 0.000545507 0.000613376 0.000666607 0.000703345 0.000722942 0.000725621 0.000712191 0.000683886 0.000642332 0.000589565 0.000527982 0.000460193 0.000388796 0.000316267 0.000245272 0.000179433 0.000123565 8.17963e-05 5.46507e-05 3.87978e-05 2.95957e-05 2.32515e-05 1.76768e-05 1.2466e-05 8.04867e-06 4.76247e-06 2.57787e-06 1.25644e-06 5.28653e-07 1.73065e-07 3.14182e-08 0 
0 4.37508e-06 1.79833e-05 4.10115e-05 7.28771e-05 0.000112224 0.000156999 0.000204615 0.000252183 0.000296806 0.000335852 0.000367192 0.000389338 0.00040148 0.000403455 0.000395673 0.000379024 0.000354791 0.000324542 0.000290014 0.000252975 0.000215099 0.000177882 0.00014265 0.000110643 8.30357e-05 6.0696e-05 4.37612e-05 3.14885e-05 2.26354e-05 1.60521e-05 1.10211e-05 7.21218e-06 4.45491e-06 2.57787e-06 1.38157e-06 6.7065e-07 2.81747e-07 9.21849e-08 1.6732e-08 0 
0 2.11781e-06 8.70596e-06 1.98583e-05 3.53014e-05 5.4395e-05 7.61708e-05 9.9407e-05 0.000122732 0.000144747 0.000164149 0.000179842 0.000191018 0.000197202 0.000198262 0.000194391 0.000186063 0.000173975 0.000158975 0.000141986 0.000123934 0.000105678 8.79637e-05 7.14074e-05 5.64885e-05 4.35487e-05 3.27669e-05 2.41243e-05 1.74105e-05 1.23016e-05 8.46712e-06 5.63585e-06 3.59987e-06 2.1896e-06 1.25644e-06 6.7065e-07 3.24976e-07 1.36428e-07 4.46257e-08 8.09898e-09 0 
0 8.88653e-07 3.65325e-06 8.33373e-06 1.48165e-05 2.28353e-05 3.19872e-05 4.17638e-05 5.15931e-05 6.08886e-05 6.90999e-05 7.5758e-05 8.05117e-05 8.315e-05 8.36101e-05 8.19723e-05 7.84416e-05 7.33211e-05 6.69796e-05 5.98168e-05 5.22301e-05 4.45863e-05 3.72008e-05 3.03247e-05 2.41403e-05 1.87607e-05 1.42317e-05 1.05368e-05 7.60909e-06 5.3502e-06 3.65148e-06 2.40846e-06 1.5269e-06 9.2402e-07 5.28653e-07 2.81747e-07 1.36428e-07 5.72559e-08 1.87261e-08 3.39838e-09 0 
0 2.90621e-07 1.19476e-06 2.72553e-06 4.84594e-06 7.46911e-06 1.04637e-05 1.36638e-05 1.68828e-05 1.99288e-05 2.26214e-05 2.48065e-05 2.63677e-05 2.72351e-05 2.73873e-05 2.68504e-05 2.56921e-05 2.40128e-05 2.19343e-05 1.95886e-05 1.71068e-05 1.46094e-05 1.21994e-05 9.95786e-06 7.94235e-06 6.18686e-06 4.70395e-06 3.48789e-06 2.51906e-06 1.76883e-06 1.20437e-06 7.92305e-07 5.01172e-07 3.02799e-07 1.73065e-07 9.21849e-08 4.46257e-08 1.87261e-08 6.12423e-09 1.11139e-09 0 
0 5.27396e-08 2.16817e-07 4.94616e-07 8.79428e-07 1.35551e-06 1.89904e-06 2.47993e-06 3.06433e-06 3.61744e-06 4.10649e-06 4.50343e-06 4.78714e-06 4.94479e-06 4.9725e-06 4.87501e-06 4.66463e-06 4.35962e-06 3.9822e-06 3.55639e-06 3.106e-06 2.65294e-06 2.21589e-06 1.80951e-06 1.44409e-06 1.12566e-06 8.56384e-07 6.35245e-07 4.58802e-07 3.22041e-07 2.19129e-07 1.44049e-07 9.10573e-08 5.49878e-08 3.14182e-08 1.6732e-08 8.09898e-09 3.39838e-09 1.11139e-09 2.01687e-10 0 
0 0 0 0 0 0 0 0 0 0 0 0 0 0 0 0 0 0 0 0 0 0 0 0 0 0 0 0 0 0 0 0 0 0 0 0 0 0 0 0 0 
