0 0 0 0 0 0 0 0 0 0 0 0 0 0 0 0 0 0 0 0 0 0 0 0 0 0 0 0 0 0 0 0 0 0 0 0 0 0 0 0 0 
0 1.34613e-05 5.37244e-05 0.00011595 0.000188148 0.00025392 0.000299641 0.000320497 0.000320378 0.000307343 0.000289251 0.000271746 0.000258117 0.000249926 0.00024767 0.000251218 0.000259972 0.000272841 0.000288106 0.000303302 0.000315271 0.000320513 0.000315903 0.000299607 0.000271868 0.000235199 0.00019376 0.00015214 0.000114124 8.20026e-05 5.655e-05 3.74388e-05 2.37485e-05 1.43638e-05 8.21243e-06 4.37472e-06 2.11774e-06 8.88642e-07 2.9062e-07 5.27395e-08 0 
0 5.37244e-05 0.000205518 0.000407543 0.000572441 0.000626268 0.000567008 0.000450338 0.000331842 0.000238314 0.000173697 0.000132619 0.000108533 9.65787e-05 9.40011e-05 9.98748e-05 0.000114812 0.000140754 0.000180669 0.000237824 0.000314193 0.000407812 0.000509742 0.00060271 0.000664324 0.000675743 0.000631575 0.000543358 0.000433257 0.000323233 0.000227703 0.000152439 9.72217e-05 5.89479e-05 3.37386e-05 1.79801e-05 8.70537e-06 3.65316e-06 1.19475e-06 2.16816e-07 0 
0 0.00011595 0.000407543 0.000681237 0.000720932 0.000535249 0.000307374 0.000150842 6.91179e-05 3.18662e-05 1.57382e-05 8.76252e-06 5.71428e-06 4.47099e-06 4.23605e-06 4.83517e-06 6.53164e-06 1.0155e-05 1.75506e-05 3.2452e-05 6.17657e-05 0.000116654 0.000211472 0.000357212 0.000547665 0.000745365 0.000886612 0.000917212 0.000831697 0.000673022 0.000496717 0.000340725 0.000219859 0.000134001 7.68621e-05 4.09969e-05 1.98557e-05 8.33333e-06 2.72549e-06 4.94613e-07 0 
0 0.000188148 0.000572441 0.000720932 0.000493634 0.000212476 6.67553e-05 1.75098e-05 4.30873e-06 1.10492e-06 3.2447e-07 1.18188e-07 5.67499e-08 3.73247e-08 3.41071e-08 4.29023e-08 7.20821e-08 1.54389e-07 3.97841e-07 1.15768e-06 3.57063e-06 1.10078e-05 3.22417e-05 8.6068e-05 0.000202505 0.00040825 0.000687744 0.000950077 0.00107203 0.00100523 0.000810208 0.000582502 0.000384478 0.000236691 0.000136323 7.28277e-05 3.52927e-05 1.48152e-05 4.84579e-06 8.7942e-07 0 
0 0.00025392 0.000626268 0.000535249 0.000212476 4.79207e-05 7.37876e-06 9.11433e-07 1.05175e-07 1.31363e-08 2.03529e-09 4.39665e-10 1.44792e-10 7.68895e-11 6.71983e-11 9.52726e-11 2.09422e-10 6.65534e-10 2.80429e-09 1.42508e-08 7.94515e-08 4.45253e-07 2.32719e-06 1.0694e-05 4.13945e-05 0.000131023 0.000331387 0.000655097 0.000994439 0.00116148 0.00107835 0.000839127 0.00057592 0.000360749 0.000209249 0.000112089 5.43717e-05 2.28319e-05 7.46874e-06 1.35549e-06 0 
0 0.000299641 0.000567008 0.000307374 6.67553e-05 7.37876e-06 5.09739e-07 2.67476e-08 1.30031e-09 7.13848e-11 5.32634e-12 6.33388e-13 1.35579e-13 5.63829e-14 4.68241e-14 7.60969e-14 2.27323e-13 1.1336e-12 8.37588e-12 8.04793e-11 8.82513e-10 9.78729e-09 9.89783e-08 8.41482e-07 5.68029e-06 2.94102e-05 0.00011467 0.000332332 0.000704341 0.00107854 0.00121314 0.00105952 0.000771784 0.000496659 0.000291283 0.000156685 7.61176e-05 3.19796e-05 1.04629e-05 1.89899e-06 0 
0 0.000320497 0.000450338 0.000150842 1.75098e-05 9.11433e-07 2.67476e-08 5.6076e-10 1.07914e-11 2.45504e-13 8.37381e-15 5.25359e-16 7.08832e-17 2.2686e-17 1.7834e-17 3.35323e-17 1.39079e-16 1.12333e-15 1.51435e-14 2.87839e-13 6.51566e-12 1.5021e-10 3.08327e-09 5.06914e-08 6.19717e-07 5.39458e-06 3.2862e-05 0.000139782 0.000414045 0.000844735 0.00118718 0.00120008 0.0009471 0.000632819 0.000376973 0.00020398 9.93006e-05 4.1749e-05 1.36623e-05 2.47984e-06 0 
0 0.000320378 0.000331842 6.91179e-05 4.30873e-06 1.05175e-07 1.30031e-09 1.07914e-11 8.14765e-14 7.61862e-16 1.17953e-17 3.9049e-19 3.48265e-20 9.56425e-21 7.36436e-21 1.462e-20 7.73705e-20 9.92795e-19 2.44995e-17 9.26728e-16 4.35918e-14 2.10378e-12 8.82912e-11 2.82761e-09 6.30195e-08 9.2621e-07 8.80268e-06 5.43783e-05 0.000221206 0.000593988 0.0010478 0.00124614 0.00108213 0.000757739 0.000460459 0.000251052 0.000122543 5.1567e-05 1.688e-05 3.06418e-06 0 
0 0.000307343 0.000238314 3.18662e-05 1.10492e-06 1.31363e-08 7.13848e-11 2.45504e-13 7.61862e-16 3.0618e-18 2.29413e-20 5.53407e-22 6.82182e-23 2.64914e-23 2.17642e-23 3.46456e-23 1.21922e-22 1.39586e-21 5.33258e-20 3.84283e-18 3.6209e-16 3.52634e-14 2.92118e-12 1.76437e-10 6.96614e-09 1.68601e-07 2.4439e-06 2.14108e-05 0.000116333 0.000399742 0.000870086 0.00121581 0.00116893 0.00086259 0.000536309 0.000295002 0.000144447 6.08474e-05 1.99245e-05 3.6172e-06 0 
0 0.000289251 0.000173697 1.57382e-05 3.2447e-07 2.03529e-09 5.32634e-12 8.37381e-15 1.17953e-17 2.29413e-20 1.21276e-22 3.7159e-24 6.46251e-25 3.24446e-25 2.80223e-25 3.76065e-25 9.49861e-25 7.41308e-24 2.58084e-22 2.89806e-20 5.02371e-18 9.12975e-16 1.38423e-13 1.46993e-11 9.65505e-10 3.64419e-08 7.69219e-07 9.18202e-06 6.41791e-05 0.000272002 0.000708526 0.00114403 0.00121221 0.000942868 0.000600261 0.000333257 0.000163718 6.90409e-05 2.26153e-05 4.10615e-06 0 
0 0.000271746 0.000132619 8.76252e-06 1.18188e-07 4.39665e-10 6.33388e-13 5.25359e-16 3.9049e-19 5.53407e-22 3.71591e-24 1.08527e-25 1.75558e-26 9.78179e-27 8.68873e-27 1.04415e-26 2.20191e-26 1.54988e-25 4.91853e-24 5.69998e-22 1.50662e-19 4.54817e-17 1.13024e-14 1.90395e-12 1.89669e-10 1.0301e-08 2.95843e-07 4.54777e-06 3.898e-05 0.00019518 0.000585809 0.00106368 0.00122466 0.000998401 0.000649607 0.000363796 0.000179278 7.56809e-05 2.47985e-05 4.50299e-06 0 
0 0.000258117 0.000108533 5.71428e-06 5.67499e-08 1.44792e-10 1.35579e-13 7.08832e-17 3.48265e-20 6.82184e-23 6.46255e-25 1.7556e-26 1.35511e-27 5.09922e-28 4.36339e-28 5.06976e-28 1.26162e-27 1.33983e-26 4.47848e-25 4.18324e-23 1.20283e-20 5.15877e-18 1.83187e-15 4.30775e-13 5.80009e-11 4.09937e-09 1.47156e-07 2.71678e-06 2.69736e-05 0.000152082 0.00050445 0.000996419 0.0012205 0.0010319 0.000683132 0.000385264 0.00019034 8.04191e-05 2.63582e-05 4.78661e-06 0 
0 0.000249926 9.65787e-05 4.47099e-06 3.73247e-08 7.68895e-11 5.63829e-14 2.2686e-17 9.56425e-21 2.64915e-23 3.24449e-25 9.78193e-27 5.0993e-28 5.77286e-29 2.98813e-29 4.3475e-29 2.62904e-28 4.44304e-27 1.44844e-25 1.13318e-23 2.90188e-21 1.48092e-18 6.44122e-16 1.83163e-13 2.92836e-11 2.40549e-09 9.80871e-08 2.01069e-06 2.17096e-05 0.000130932 0.000459589 0.000952869 0.00121091 0.00104697 0.000700726 0.000396973 0.00019645 8.30472e-05 2.72245e-05 4.9442e-06 0 
0 0.00024767 9.40011e-05 4.23605e-06 3.41071e-08 6.71983e-11 4.68241e-14 1.7834e-17 7.36437e-21 2.17643e-23 2.80226e-25 8.68886e-27 4.36348e-28 2.98819e-29 5.50451e-30 1.58777e-29 1.87925e-28 3.52161e-27 1.1371e-25 8.58245e-24 2.12011e-21 1.1173e-18 5.07341e-16 1.50264e-13 2.49321e-11 2.1161e-09 8.8724e-08 1.86102e-06 2.04691e-05 0.000125335 0.00044589 0.000936126 0.00120211 0.0010465 0.000702916 0.000398835 0.000197489 8.35045e-05 2.73764e-05 4.9719e-06 0 
0 0.000251218 9.98748e-05 4.83517e-06 4.29023e-08 9.52726e-11 7.60969e-14 3.35323e-17 1.46201e-20 3.46457e-23 3.76068e-25 1.04417e-26 5.06984e-28 4.34752e-29 1.58775e-29 3.48762e-29 3.01154e-28 5.49247e-27 1.91494e-25 1.63206e-23 4.46024e-21 2.15366e-18 8.74265e-16 2.33264e-13 3.52348e-11 2.75566e-09 1.07829e-07 2.13747e-06 2.24765e-05 0.000132868 0.000459743 0.000944584 0.00119507 0.00103183 0.000690518 0.000391261 0.000193652 8.18711e-05 2.68399e-05 4.87443e-06 0 
0 0.000259972 0.000114812 6.53164e-06 7.20821e-08 2.09422e-10 2.27323e-13 1.39079e-16 7.73705e-20 1.21922e-22 9.49866e-25 2.20193e-26 1.26163e-27 2.62901e-28 1.87922e-28 3.0115e-28 1.38738e-27 2.05946e-26 8.03943e-25 8.68403e-23 2.54648e-20 9.72736e-18 3.06353e-15 6.45043e-13 7.87076e-11 5.10922e-09 1.70781e-07 2.97541e-06 2.82304e-05 0.000153877 0.000498806 0.000972755 0.00118608 0.00100266 0.000664491 0.000375085 0.000185402 7.83508e-05 2.56827e-05 4.6641e-06 0 
0 0.000272841 0.000140754 1.0155e-05 1.54389e-07 6.65534e-10 1.1336e-12 1.12333e-15 9.92795e-19 1.39586e-21 7.4131e-24 1.54988e-25 1.33982e-26 4.44299e-27 3.52156e-27 5.49241e-27 2.05945e-26 2.56277e-25 1.10427e-23 1.43312e-21 3.44093e-19 9.00424e-17 1.94997e-14 2.89445e-12 2.57613e-10 1.26932e-08 3.35996e-07 4.83508e-06 3.93869e-05 0.00019028 0.000559619 0.00101027 0.00116746 0.000957645 0.000626 0.000351484 0.000173419 7.32444e-05 2.40048e-05 4.35917e-06 0 
0 0.000288106 0.000180669 1.75506e-05 3.97841e-07 2.80429e-09 8.37588e-12 1.51435e-14 2.44995e-17 5.33258e-20 2.58084e-22 4.91853e-24 4.47846e-25 1.44843e-25 1.13709e-25 1.91493e-25 8.03941e-25 1.10427e-23 5.28822e-22 5.79561e-20 8.95751e-18 1.44636e-15 1.95962e-13 1.87615e-11 1.12329e-09 3.91178e-08 7.71628e-07 8.72376e-06 5.86162e-05 0.000243117 0.000632882 0.00103995 0.00112878 0.000895197 0.000576542 0.000321908 0.00015853 6.69179e-05 2.19278e-05 3.98183e-06 0 
0 0.000303302 0.000237824 3.2452e-05 1.15768e-06 1.42508e-08 8.04793e-11 2.87839e-13 9.26728e-16 3.84283e-18 2.89806e-20 5.69998e-22 4.18323e-23 1.13318e-23 8.58243e-24 1.63206e-23 8.68403e-23 1.43312e-21 5.79561e-20 4.01203e-18 3.60886e-16 3.359e-14 2.66428e-12 1.54394e-10 5.8609e-09 1.36724e-07 1.91783e-06 1.63821e-05 8.80257e-05 0.000306351 0.000696029 0.00103626 0.00105847 0.000814381 0.000518029 0.000287993 0.000141643 5.97686e-05 1.95836e-05 3.55609e-06 0 
0 0.000315271 0.000314193 6.17657e-05 3.57063e-06 7.94515e-08 8.82513e-10 6.51566e-12 4.35918e-14 3.6209e-16 5.02371e-18 1.50662e-19 1.20283e-20 2.90188e-21 2.12011e-21 4.46024e-21 2.54648e-20 3.44093e-19 8.95751e-18 3.60886e-16 1.81748e-14 9.38725e-13 4.19108e-11 1.41201e-09 3.26091e-08 4.88753e-07 4.68445e-06 2.92196e-05 0.000122582 0.000354206 0.000705403 0.000966577 0.000945913 0.000715394 0.000452725 0.000251441 0.00012367 5.21926e-05 1.71028e-05 3.10577e-06 0 
0 0.000320513 0.000407812 0.000116654 1.10078e-05 4.45253e-07 9.78729e-09 1.5021e-10 2.10378e-12 3.52634e-14 9.12975e-16 4.54817e-17 5.15877e-18 1.48092e-18 1.1173e-18 2.15366e-18 9.72736e-18 9.00424e-17 1.44636e-15 3.359e-14 9.38725e-13 2.65925e-11 6.57486e-10 1.25729e-08 1.705e-07 1.56467e-06 9.69734e-06 4.21385e-05 0.000135138 0.000328872 0.000599717 0.000798601 0.000783734 0.000599631 0.000383068 0.000213897 0.000105467 4.45561e-05 1.46061e-05 2.65275e-06 0 
0 0.000315903 0.000509742 0.000211472 3.22417e-05 2.32719e-06 9.89783e-08 3.08327e-09 8.82912e-11 2.92118e-12 1.38423e-13 1.13024e-14 1.83187e-15 6.44122e-16 5.07341e-16 8.74265e-16 3.06353e-15 1.94997e-14 1.95962e-13 2.66428e-12 4.19108e-11 6.57486e-10 8.99272e-09 9.54487e-08 7.17151e-07 3.63337e-06 1.27337e-05 3.44396e-05 8.21699e-05 0.000182318 0.000351425 0.000524836 0.000572722 0.000470005 0.000311554 0.000176864 8.77833e-05 3.71747e-05 1.21965e-05 2.21573e-06 0 
0 0.000299607 0.00060271 0.000357212 8.6068e-05 1.0694e-05 8.41482e-07 5.06914e-08 2.82761e-09 1.76437e-10 1.46993e-11 1.90395e-12 4.30775e-13 1.83163e-13 1.50264e-13 2.33264e-13 6.45043e-13 2.89445e-12 1.87615e-11 1.54394e-10 1.41201e-09 1.25729e-08 9.54487e-08 5.37456e-07 1.9484e-06 4.15145e-06 5.64026e-06 6.85222e-06 1.13822e-05 2.9615e-05 9.09461e-05 0.000219547 0.000336464 0.000333312 0.00024102 0.000141706 7.12395e-05 3.03006e-05 9.95527e-06 1.80936e-06 0 
0 0.000271868 0.000664324 0.000547665 0.000202505 4.13945e-05 5.68029e-06 6.19717e-07 6.30195e-08 6.96614e-09 9.65505e-10 1.89669e-10 5.80009e-11 2.92836e-11 2.49321e-11 3.52348e-11 7.87076e-11 2.57613e-10 1.12329e-09 5.8609e-09 3.26091e-08 1.705e-07 7.17151e-07 1.9484e-06 2.52989e-06 1.20841e-06 2.49785e-07 5.78721e-08 5.47703e-08 3.14827e-07 4.2757e-06 3.91415e-05 0.000137552 0.000204825 0.000175383 0.000109717 5.63248e-05 2.41171e-05 7.93991e-06 1.44395e-06 0 
0 0.000235199 0.000675743 0.000745365 0.00040825 0.000131023 2.94102e-05 5.39458e-06 9.2621e-07 1.68601e-07 3.64419e-08 1.0301e-08 4.09937e-09 2.40549e-09 2.1161e-09 2.75566e-09 5.10922e-09 1.26932e-08 3.91178e-08 1.36724e-07 4.88753e-07 1.56467e-06 3.63337e-06 4.15145e-06 1.20841e-06 4.40965e-08 2.51108e-10 2.15701e-12 7.61502e-13 3.14172e-11 1.2269e-08 1.92083e-06 3.45583e-05 0.000106463 0.000119792 8.21363e-05 4.3391e-05 1.87388e-05 6.18461e-06 1.12553e-06 0 
0 0.00019376 0.000631575 0.000886612 0.000687744 0.000331387 0.00011467 3.2862e-05 8.80268e-06 2.4439e-06 7.69219e-07 2.95843e-07 1.47156e-07 9.80871e-08 8.8724e-08 1.07829e-07 1.70781e-07 3.35996e-07 7.71628e-07 1.91783e-06 4.68445e-06 9.69734e-06 1.27337e-05 5.64026e-06 2.49785e-07 2.51108e-10 7.02998e-15 5.73405e-16 2.3568e-15 4.3998e-17 2.64022e-12 3.11731e-08 6.01414e-06 4.96285e-05 7.8559e-05 5.98806e-05 3.26249e-05 1.42124e-05 4.70199e-06 8.56277e-07 0 
0 0.00015214 0.000543358 0.000917212 0.000950077 0.000655097 0.000332332 0.000139782 5.43783e-05 2.14108e-05 9.18202e-06 4.54777e-06 2.71678e-06 2.01069e-06 1.86102e-06 2.13747e-06 2.97541e-06 4.83508e-06 8.72376e-06 1.63821e-05 2.92196e-05 4.21385e-05 3.44396e-05 6.85222e-06 5.78721e-08 2.15701e-12 5.73405e-16 3.42046e-17 8.29137e-17 2.71397e-17 1.07748e-15 7.64476e-10 1.27899e-06 2.48922e-05 5.21262e-05 4.3097e-05 2.40091e-05 1.05214e-05 3.48635e-06 6.35161e-07 0 
0 0.000114124 0.000433257 0.000831697 0.00107203 0.000994439 0.000704341 0.000414045 0.000221206 0.000116333 6.41791e-05 3.898e-05 2.69736e-05 2.17096e-05 2.04691e-05 2.24765e-05 2.82304e-05 3.93869e-05 5.86162e-05 8.80257e-05 0.000122582 0.000135138 8.21699e-05 1.13822e-05 5.47703e-08 7.61502e-13 2.3568e-15 8.29139e-17 1.14155e-17 7.65208e-18 1.23635e-16 2.44011e-10 6.99907e-07 1.66614e-05 3.69859e-05 3.10123e-05 1.73285e-05 7.5982e-06 2.51798e-06 4.58744e-07 0 
0 8.20026e-05 0.000323233 0.000673022 0.00100523 0.00116148 0.00107854 0.000844735 0.000593988 0.000399742 0.000272002 0.00019518 0.000152082 0.000130932 0.000125335 0.000132868 0.000153877 0.00019028 0.000243117 0.000306351 0.000354206 0.000328872 0.000182318 2.9615e-05 3.14827e-07 3.14172e-11 4.3998e-17 2.71397e-17 7.65207e-18 4.50184e-17 1.75751e-14 1.95549e-09 1.22469e-06 1.5766e-05 2.84072e-05 2.23395e-05 1.22513e-05 5.3435e-06 1.76816e-06 3.22004e-07 0 
0 5.655e-05 0.000227703 0.000496717 0.000810208 0.00107835 0.00121314 0.00118718 0.0010478 0.000870086 0.000708526 0.000585809 0.00050445 0.000459589 0.00044589 0.000459743 0.000498806 0.000559619 0.000632882 0.000696029 0.000705403 0.000599717 0.000351425 9.09461e-05 4.2757e-06 1.2269e-08 2.64022e-12 1.07748e-15 1.23635e-16 1.75751e-14 7.07856e-11 7.7201e-08 3.91656e-06 1.78934e-05 2.25703e-05 1.58953e-05 8.44063e-06 3.64791e-06 1.20401e-06 2.19109e-07 0 
0 3.74388e-05 0.000152439 0.000340725 0.000582502 0.000839127 0.00105952 0.00120008 0.00124614 0.00121581 0.00114403 0.00106368 0.000996419 0.000952869 0.000936126 0.000944584 0.000972755 0.00101027 0.00103995 0.00103626 0.000966577 0.000798601 0.000524836 0.000219547 3.91415e-05 1.92083e-06 3.11731e-08 7.64476e-10 2.44011e-10 1.95549e-09 7.7201e-08 1.83048e-06 1.07342e-05 1.92903e-05 1.73531e-05 1.0951e-05 5.62395e-06 2.40682e-06 7.92135e-07 1.44039e-07 0 
0 2.37485e-05 9.72217e-05 0.000219859 0.000384478 0.00057592 0.000771784 0.0009471 0.00108213 0.00116893 0.00121221 0.00122466 0.0012205 0.00121091 0.00120211 0.00119507 0.00118608 0.00116746 0.00112878 0.00105847 0.000945913 0.000783734 0.000572722 0.000336464 0.000137552 3.45583e-05 6.01414e-06 1.27899e-06 6.99907e-07 1.22469e-06 3.91656e-06 1.07342e-05 1.74311e-05 1.72917e-05 1.23416e-05 7.18585e-06 3.5953e-06 1.52625e-06 5.01102e-07 9.10532e-08 0 
0 1.43638e-05 5.89479e-05 0.000134001 0.000236691 0.000360749 0.000496659 0.000632819 0.000757739 0.00086259 0.000942868 0.000998401 0.0010319 0.00104697 0.0010465 0.00103183 0.00100266 0.000957645 0.000895197 0.000814381 0.000715394 0.000599631 0.000470005 0.000333312 0.000204825 0.000106463 4.96285e-05 2.48922e-05 1.66614e-05 1.5766e-05 1.78934e-05 1.92903e-05 1.72917e-05 1.2733e-05 8.00961e-06 4.44654e-06 2.18809e-06 9.23796e-07 3.02774e-07 5.49863e-08 0 
0 8.21243e-06 3.37386e-05 7.68621e-05 0.000136323 0.000209249 0.000291283 0.000376973 0.000460459 0.000536309 0.000600261 0.000649607 0.000683132 0.000700726 0.000702916 0.000690518 0.000664491 0.000626 0.000576542 0.000518029 0.000452725 0.000383068 0.000311554 0.00024102 0.000175383 0.000119792 7.8559e-05 5.21262e-05 3.69859e-05 2.84072e-05 2.25703e-05 1.73531e-05 1.23416e-05 8.00961e-06 4.75224e-06 2.5756e-06 1.25601e-06 5.28586e-07 1.73058e-07 3.14177e-08 0 
0 4.37472e-06 1.79801e-05 4.09969e-05 7.28277e-05 0.000112089 0.000156685 0.00020398 0.000251052 0.000295002 0.000333257 0.000363796 0.000385264 0.000396973 0.000398835 0.000391261 0.000375085 0.000351484 0.000321908 0.000287993 0.000251441 0.000213897 0.000176864 0.000141706 0.000109717 8.21363e-05 5.98806e-05 4.3097e-05 3.10123e-05 2.23395e-05 1.58953e-05 1.0951e-05 7.18585e-06 4.44654e-06 2.5756e-06 1.38104e-06 6.70544e-07 2.8173e-07 9.21828e-08 1.67319e-08 0 
0 2.11774e-06 8.70537e-06 1.98557e-05 3.52927e-05 5.43717e-05 7.61176e-05 9.93006e-05 0.000122543 0.000144447 0.000163718 0.000179278 0.00019034 0.00019645 0.000197489 0.000193652 0.000185402 0.000173419 0.00015853 0.000141643 0.00012367 0.000105467 8.77833e-05 7.12395e-05 5.63248e-05 4.3391e-05 3.26249e-05 2.40091e-05 1.73285e-05 1.22513e-05 8.44063e-06 5.62395e-06 3.5953e-06 2.18809e-06 1.25601e-06 6.70544e-07 3.24954e-07 1.36424e-07 4.46252e-08 8.09895e-09 0 
0 8.88642e-07 3.65316e-06 8.33333e-06 1.48152e-05 2.28319e-05 3.19796e-05 4.1749e-05 5.1567e-05 6.08474e-05 6.90409e-05 7.56809e-05 8.04191e-05 8.30472e-05 8.35045e-05 8.18711e-05 7.83508e-05 7.32444e-05 6.69179e-05 5.97686e-05 5.21926e-05 4.45561e-05 3.71747e-05 3.03006e-05 2.41171e-05 1.87388e-05 1.42124e-05 1.05214e-05 7.5982e-06 5.3435e-06 3.64791e-06 2.40682e-06 1.52625e-06 9.23796e-07 5.28586e-07 2.8173e-07 1.36424e-07 5.72553e-08 1.8726e-08 3.39837e-09 0 
0 2.9062e-07 1.19475e-06 2.72549e-06 4.84579e-06 7.46874e-06 1.04629e-05 1.36623e-05 1.688e-05 1.99245e-05 2.26153e-05 2.47985e-05 2.63582e-05 2.72245e-05 2.73764e-05 2.68399e-05 2.56827e-05 2.40048e-05 2.19278e-05 1.95836e-05 1.71028e-05 1.46061e-05 1.21965e-05 9.95527e-06 7.93991e-06 6.18461e-06 4.70199e-06 3.48635e-06 2.51798e-06 1.76816e-06 1.20401e-06 7.92135e-07 5.01102e-07 3.02774e-07 1.73058e-07 9.21828e-08 4.46252e-08 1.8726e-08 6.12422e-09 1.11139e-09 0 
0 5.27395e-08 2.16816e-07 4.94613e-07 8.7942e-07 1.35549e-06 1.89899e-06 2.47984e-06 3.06418e-06 3.6172e-06 4.10615e-06 4.50299e-06 4.78661e-06 4.9442e-06 4.9719e-06 4.87443e-06 4.6641e-06 4.35917e-06 3.98183e-06 3.55609e-06 3.10577e-06 2.65275e-06 2.21573e-06 1.80936e-06 1.44395e-06 1.12553e-06 8.56277e-07 6.35161e-07 4.58744e-07 3.22004e-07 2.19109e-07 1.44039e-07 9.10532e-08 5.49863e-08 3.14177e-08 1.67319e-08 8.09895e-09 3.39837e-09 1.11139e-09 2.01686e-10 0 
0 0 0 0 0 0 0 0 0 0 0 0 0 0 0 0 0 0 0 0 0 0 0 0 0 0 0 0 0 0 0 0 0 0 0 0 0 0 0 0 0 
