0 0 0 0 0 0 0 0 0 0 0 0 0 0 0 0 0 0 0 0 0 0 0 0 0 0 0 0 0 0 0 0 0 0 0 0 0 0 0 0 0 
0 1.32405e-05 5.18237e-05 0.000108141 0.000167039 0.000212024 0.000234093 0.000234593 0.000220988 0.000201389 0.000181698 0.000165238 0.000153465 0.000146786 0.000145144 0.000148316 0.000155989 0.000167677 0.000182548 0.000199212 0.00021558 0.000228921 0.000236217 0.000234824 0.000223295 0.000202016 0.000173317 0.000140865 0.00010858 7.9574e-05 5.56008e-05 3.71068e-05 2.36443e-05 1.43345e-05 8.20503e-06 4.37307e-06 2.11741e-06 8.88589e-07 2.90613e-07 5.27391e-08 0 
0 5.18237e-05 0.000189193 0.000345238 0.000429988 0.000407801 0.00031927 0.000221745 0.000145226 9.42885e-05 6.32173e-05 4.5222e-05 3.53615e-05 3.0691e-05 2.97446e-05 3.20977e-05 3.81547e-05 4.91208e-05 6.70501e-05 9.47902e-05 0.000135522 0.00019154 0.000262099 0.000340872 0.000414646 0.000465606 0.000478172 0.000447286 0.000381805 0.000299574 0.000218277 0.00014915 9.62068e-05 5.86692e-05 3.36704e-05 1.79653e-05 8.70257e-06 3.65272e-06 1.1947e-06 2.16813e-07 0 
0 0.000108141 0.000345238 0.000487772 0.000412174 0.00024076 0.000110343 4.40658e-05 1.67154e-05 6.49616e-06 2.76703e-06 1.36776e-06 8.19549e-07 6.11845e-07 5.74968e-07 6.75636e-07 9.71647e-07 1.65409e-06 3.19839e-06 6.71455e-06 1.46304e-05 3.17392e-05 6.6142e-05 0.000128594 0.000227866 0.000360892 0.00050218 0.000605629 0.000629421 0.000567337 0.000451451 0.000324434 0.000214815 0.000132635 7.65351e-05 4.09278e-05 1.9843e-05 8.33138e-06 2.72526e-06 4.94599e-07 0 
0 0.000167039 0.000429988 0.000412174 0.000203848 6.35255e-05 1.4611e-05 2.82128e-06 5.15532e-07 1.00139e-07 2.30383e-08 6.88792e-09 2.87263e-09 1.74705e-09 1.5744e-09 2.07795e-09 3.87372e-09 9.64704e-09 2.99577e-08 1.07586e-07 4.14441e-07 1.59764e-06 5.80897e-06 1.90232e-05 5.43142e-05 0.00013238 0.000271355 0.000461094 0.000640098 0.000721547 0.000669277 0.000527492 0.000366864 0.000231898 0.00013519 7.25933e-05 3.52507e-05 1.48089e-05 4.84508e-06 8.79376e-07 0 
0 0.000212024 0.000407801 0.00024076 6.35255e-05 9.4475e-06 9.4445e-07 7.47902e-08 5.55676e-09 4.59053e-10 4.94384e-11 7.95668e-12 2.12379e-12 1.00342e-12 8.58806e-13 1.30784e-12 3.35613e-12 1.33531e-11 7.43249e-11 5.17267e-10 4.02292e-09 3.151e-08 2.27364e-07 1.40935e-06 7.15012e-06 2.88835e-05 9.1892e-05 0.000229463 0.000446728 0.000669867 0.000771838 0.000701372 0.0005285 0.000347489 0.00020611 0.000111447 5.42589e-05 2.28153e-05 7.46691e-06 1.35537e-06 0 
0 0.000234093 0.00031927 0.000110343 1.4611e-05 9.4445e-07 3.64961e-08 1.04347e-09 2.77398e-11 8.63879e-13 3.91418e-14 3.10782e-15 4.98403e-16 1.76472e-16 1.42388e-16 2.55341e-16 9.43858e-16 6.40989e-15 6.94188e-14 1.02745e-12 1.78118e-11 3.13477e-10 4.9523e-09 6.37222e-08 6.23723e-07 4.46617e-06 2.31018e-05 8.68763e-05 0.000240234 0.000488919 0.000726011 0.000793489 0.000669294 0.000466456 0.000284016 0.000155204 7.58602e-05 3.19425e-05 1.04588e-05 1.89875e-06 0 
0 0.000234593 0.000221745 4.40658e-05 2.82128e-06 7.47902e-08 1.04347e-09 1.00233e-11 8.87466e-14 9.7356e-16 1.74717e-17 6.69803e-19 8.06702e-20 3.35793e-20 2.87492e-20 4.29477e-20 1.56916e-19 1.68634e-18 3.69624e-17 1.22632e-15 5.00949e-14 2.09559e-12 7.65889e-11 2.15592e-09 4.27397e-08 5.66162e-07 4.92211e-06 2.83868e-05 0.000111602 0.000306204 0.000588267 0.000789421 0.00076419 0.000574673 0.000362548 0.000201023 9.87899e-05 4.16761e-05 1.36544e-05 2.47939e-06 0 
0 0.000220988 0.000145226 1.67154e-05 5.15532e-07 5.55676e-09 2.77398e-11 8.87466e-14 2.59468e-16 9.99542e-19 1.05591e-20 1.2811e-21 4.75691e-22 3.23975e-22 3.00077e-22 3.39031e-22 5.86103e-22 1.81267e-21 2.10485e-20 1.32988e-18 1.2858e-16 1.28694e-14 1.09512e-12 6.78828e-11 2.74465e-09 6.77625e-08 9.9701e-07 8.84529e-06 4.91373e-05 0.00017871 0.000436563 0.000717058 0.00080494 0.000661095 0.000435447 0.000245855 0.000121647 5.14401e-05 1.68665e-05 3.0634e-06 0 
0 0.000201389 9.42885e-05 6.49616e-06 1.00139e-07 4.59053e-10 8.63879e-13 9.7356e-16 9.99542e-19 2.41482e-21 8.76349e-23 3.11782e-23 2.25233e-23 1.94842e-23 1.86422e-23 1.87346e-23 2.15365e-23 2.83565e-23 1.03647e-22 2.58039e-21 4.36818e-19 9.97273e-17 1.89223e-14 2.48072e-12 1.97349e-10 8.80873e-09 2.14014e-07 2.86329e-06 2.20515e-05 0.000103853 0.000313982 0.000618752 0.00080119 0.000721026 0.000497827 0.000286855 0.000143037 6.06487e-05 1.99035e-05 3.616e-06 0 
0 0.000181698 6.32173e-05 2.76703e-06 2.30383e-08 4.94384e-11 3.91418e-14 1.74717e-17 1.05591e-20 8.76349e-23 6.22347e-24 2.64881e-24 2.46421e-24 2.43288e-24 2.37341e-24 2.22861e-24 2.04711e-24 1.84967e-24 3.50915e-24 3.59279e-23 3.23205e-21 1.3151e-18 5.07997e-16 1.29453e-13 1.87773e-11 1.41829e-09 5.38423e-08 1.03902e-06 1.07019e-05 6.32021e-05 0.000228958 0.000525822 0.000771656 0.000756378 0.000546968 0.000321734 0.000161712 6.87586e-05 2.25857e-05 4.10446e-06 0 
0 0.000165238 4.5222e-05 1.36776e-06 6.88792e-09 7.95668e-12 3.10782e-15 6.69803e-19 1.2811e-21 3.11783e-23 2.64882e-24 6.17753e-25 4.27214e-25 4.19729e-25 4.09424e-25 3.68559e-25 3.02712e-25 2.4461e-25 4.39791e-25 3.57768e-24 1.40722e-22 3.93372e-20 2.62923e-17 1.15252e-14 2.72899e-12 3.16671e-10 1.73124e-08 4.50897e-07 5.89306e-06 4.18346e-05 0.000174978 0.000452835 0.000734337 0.00077323 0.000582299 0.000348946 0.000176674 7.53146e-05 2.47601e-05 4.50082e-06 0 
0 0.000153465 3.53615e-05 8.19549e-07 2.87263e-09 2.12379e-12 4.98403e-16 8.06702e-20 4.75692e-22 2.25233e-23 2.46422e-24 4.27214e-25 1.37526e-25 9.31198e-26 8.29074e-26 7.14982e-26 5.68139e-26 5.50649e-26 1.59714e-25 1.32778e-24 2.9836e-23 3.72725e-21 3.09447e-18 2.00482e-15 6.7585e-13 1.0688e-10 7.60187e-09 2.45866e-07 3.8172e-06 3.09423e-05 0.00014334 0.000403256 0.000701712 0.00077865 0.000604729 0.000367678 0.000187238 7.99821e-05 2.63125e-05 4.78402e-06 0 
0 0.000146786 3.0691e-05 6.11845e-07 1.74705e-09 1.00342e-12 1.76472e-16 3.35793e-20 3.23975e-22 1.94843e-23 2.43288e-24 4.1973e-25 9.31199e-26 3.27915e-26 2.02463e-26 1.5785e-26 1.39302e-26 2.3895e-26 1.07773e-25 8.61817e-25 1.48507e-23 1.20319e-21 9.18671e-19 7.41492e-16 3.05353e-13 5.75475e-11 4.75144e-09 1.73763e-07 2.9747e-06 2.59949e-05 0.000127539 0.000375875 0.000680503 0.000778374 0.000615735 0.000377703 0.000193036 8.25656e-05 2.71741e-05 4.94136e-06 0 
0 0.000145144 2.97446e-05 5.74968e-07 1.5744e-09 8.58806e-13 1.42388e-16 2.87492e-20 3.00077e-22 1.86422e-23 2.37341e-24 4.09425e-25 8.29075e-26 2.02463e-26 7.31951e-27 4.56605e-27 5.70256e-27 1.79958e-26 9.69246e-26 7.74314e-25 1.28094e-23 9.65323e-22 7.11409e-19 6.00636e-16 2.5779e-13 5.03798e-11 4.29018e-09 1.60937e-07 2.81125e-06 2.49478e-05 0.000123843 0.000368546 0.000673187 0.000775734 0.000616627 0.00037919 0.000194001 8.30118e-05 2.73248e-05 4.96898e-06 0 
0 0.000148316 3.20977e-05 6.75636e-07 2.07795e-09 1.30784e-12 2.55341e-16 4.29477e-20 3.39031e-22 1.87347e-23 2.22861e-24 3.6856e-25 7.14983e-26 1.5785e-26 4.56605e-27 2.63086e-27 4.60859e-27 1.81909e-26 1.04845e-25 9.1066e-25 1.75539e-23 1.70176e-21 1.39362e-18 1.0403e-15 3.98931e-13 7.06432e-11 5.53214e-09 1.93671e-07 3.20155e-06 2.72265e-05 0.000130839 0.000379573 0.000679332 0.000771468 0.000608143 0.000372556 0.000190331 8.14016e-05 2.67907e-05 4.87164e-06 0 
0 0.000155989 3.81547e-05 9.71647e-07 3.87372e-09 3.35613e-12 9.43858e-16 1.56916e-19 5.86103e-22 2.15365e-23 2.04711e-24 3.02713e-25 5.6814e-26 1.39302e-26 5.70256e-27 4.60858e-27 7.36193e-27 2.43358e-26 1.41754e-25 1.48925e-24 4.37976e-23 7.84909e-21 6.3476e-18 3.58581e-15 1.06821e-12 1.51619e-10 9.83759e-09 2.94941e-07 4.30901e-06 3.3314e-05 0.000148864 0.000407649 0.000696081 0.000763949 0.000590424 0.000358403 0.000182446 7.79324e-05 2.56387e-05 4.66161e-06 0 
0 0.000167677 4.91208e-05 1.65409e-06 9.64704e-09 1.33531e-11 6.40989e-15 1.68634e-18 1.81267e-21 2.83565e-23 1.84967e-24 2.4461e-25 5.50649e-26 2.3895e-26 1.79958e-26 1.81908e-26 2.43358e-26 5.74302e-26 3.11042e-25 4.43531e-24 2.66798e-22 1.01912e-19 5.8834e-17 2.20402e-14 4.52995e-12 4.64396e-10 2.28482e-08 5.45373e-07 6.64541e-06 4.46683e-05 0.0001793 0.000450652 0.000717809 0.000749646 0.000563243 0.000337511 0.00017095 7.28944e-05 2.39678e-05 4.35707e-06 0 
0 0.000182548 6.70501e-05 3.19839e-06 2.99577e-08 7.43249e-11 6.94188e-14 3.69624e-17 2.10485e-20 1.03647e-22 3.50916e-24 4.39791e-25 1.59714e-25 1.07773e-25 9.69245e-26 1.04845e-25 1.41753e-25 3.11042e-25 1.82834e-24 4.77016e-23 7.1596e-21 2.78839e-18 9.39925e-16 2.10824e-13 2.72428e-11 1.85844e-09 6.46495e-08 1.15991e-06 1.12641e-05 6.35627e-05 0.000222981 0.000503077 0.000735293 0.000723779 0.0005264 0.000310877 0.000156584 6.66412e-05 2.18985e-05 3.98015e-06 0 
0 0.000199212 9.47902e-05 6.71455e-06 1.07586e-07 5.17267e-10 1.02745e-12 1.22632e-15 1.32988e-18 2.58039e-21 3.59279e-23 3.57767e-24 1.32778e-24 8.61816e-25 7.74313e-25 9.10659e-25 1.48925e-24 4.43531e-24 4.77016e-23 2.88018e-21 5.49429e-19 1.19534e-16 2.15925e-14 2.69997e-12 2.05284e-10 8.77854e-09 2.05018e-07 2.64942e-06 1.98404e-05 9.17093e-05 0.000276006 0.000551644 0.000735008 0.000681241 0.00048011 0.00027972 0.000140182 5.95599e-05 1.95613e-05 3.55481e-06 0 
0 0.00021558 0.000135522 1.46304e-05 4.14441e-07 4.02292e-09 1.78118e-11 5.00949e-14 1.2858e-16 4.36818e-19 3.23205e-21 1.40722e-22 2.9836e-23 1.48507e-23 1.28094e-23 1.75538e-23 4.37976e-23 2.66798e-22 7.1596e-21 5.49429e-19 5.83366e-17 6.40394e-15 5.9401e-13 3.96539e-11 1.69775e-09 4.35562e-08 6.55297e-07 5.89437e-06 3.32549e-05 0.000124408 0.000320236 0.000569714 0.000699564 0.000617707 0.000425269 0.000245452 0.000122607 5.20395e-05 1.70863e-05 3.10481e-06 0 
0 0.000228921 0.00019154 3.17392e-05 1.59764e-06 3.151e-08 3.13477e-10 2.09559e-12 1.28694e-14 9.97273e-17 1.3151e-18 3.93372e-20 3.72725e-21 1.20319e-21 9.65322e-22 1.70176e-21 7.84909e-21 1.01912e-19 2.78839e-18 1.19534e-16 6.40394e-15 3.50571e-13 1.64439e-11 5.72522e-10 1.33205e-08 1.95127e-07 1.78658e-06 1.0665e-05 4.44106e-05 0.000136135 0.00031091 0.000516242 0.000610984 0.00053082 0.000363515 0.000209581 0.000104693 4.44436e-05 1.45939e-05 2.65203e-06 0 
0 0.000236217 0.000262099 6.6142e-05 5.80897e-06 2.27364e-07 4.9523e-09 7.65889e-11 1.09512e-12 1.89223e-14 5.07997e-16 2.62923e-17 3.09447e-18 9.18671e-19 7.11409e-19 1.39362e-18 6.3476e-18 5.8834e-17 9.39925e-16 2.15925e-14 5.9401e-13 1.64439e-11 3.91048e-10 6.95435e-09 8.26997e-08 6.1745e-07 2.96214e-06 1.03336e-05 3.07331e-05 8.39359e-05 0.000198305 0.000359081 0.000460267 0.000421732 0.000297216 0.000173625 8.71949e-05 3.70887e-05 1.21871e-05 2.21517e-06 0 
0 0.000234824 0.000340872 0.000128594 1.90232e-05 1.40935e-06 6.37222e-08 2.15592e-09 6.78828e-11 2.48072e-12 1.29453e-13 1.15252e-14 2.00482e-15 7.41492e-16 6.00636e-16 1.0403e-15 3.58581e-15 2.20402e-14 2.10824e-13 2.69997e-12 3.96539e-11 5.72522e-10 6.95435e-09 6.0221e-08 3.13189e-07 8.71254e-07 1.41048e-06 1.95612e-06 3.81479e-06 1.23697e-05 4.86509e-05 0.000147066 0.000268302 0.000298185 0.000229685 0.000139068 7.07572e-05 3.02302e-05 9.94764e-06 1.80891e-06 0 
0 0.000223295 0.000414646 0.000227866 5.43142e-05 7.15012e-06 6.23723e-07 4.27397e-08 2.74465e-09 1.97349e-10 1.87773e-11 2.72899e-12 6.7585e-13 3.05353e-13 2.5779e-13 3.98931e-13 1.06821e-12 4.52995e-12 2.72428e-11 2.05284e-10 1.69775e-09 1.33205e-08 8.26997e-08 3.13189e-07 5.04086e-07 2.50525e-07 4.58248e-08 9.25256e-09 9.30091e-09 7.48813e-08 1.6174e-06 2.22075e-05 0.000102517 0.000178714 0.000165726 0.000107391 5.59009e-05 2.40561e-05 7.9334e-06 1.44357e-06 0 
0 0.000202016 0.000465606 0.000360892 0.00013238 2.88835e-05 4.46617e-06 5.66162e-07 6.77625e-08 8.80873e-09 1.41829e-09 3.16671e-10 1.0688e-10 5.75475e-11 5.03798e-11 7.06432e-11 1.51619e-10 4.64396e-10 1.85844e-09 8.77854e-09 4.35562e-08 1.95127e-07 6.1745e-07 8.71254e-07 2.50525e-07 6.34612e-09 1.81589e-11 7.52075e-14 2.16469e-14 1.99567e-12 2.0702e-09 7.43463e-07 2.22335e-05 8.83721e-05 0.000111447 8.00304e-05 4.30102e-05 1.86852e-05 6.179e-06 1.12521e-06 0 
0 0.000173317 0.000478172 0.00050218 0.000271355 9.1892e-05 2.31018e-05 4.92211e-06 9.9701e-07 2.14014e-07 5.38423e-08 1.73124e-08 7.60187e-09 4.75144e-09 4.29018e-09 5.53214e-09 9.83759e-09 2.28482e-08 6.46495e-08 2.05018e-07 6.55297e-07 1.78658e-06 2.96214e-06 1.41048e-06 4.58248e-08 1.81589e-11 2.565e-16 2.62607e-15 1.54632e-15 3.43211e-15 1.31384e-13 6.81366e-09 3.1351e-06 3.8566e-05 7.17189e-05 5.80484e-05 3.22957e-05 1.41669e-05 4.69734e-06 8.56019e-07 0 
0 0.000140865 0.000447286 0.000605629 0.000461094 0.000229463 8.68763e-05 2.83868e-05 8.84529e-06 2.86329e-06 1.03902e-06 4.50897e-07 2.45866e-07 1.73763e-07 1.60937e-07 1.93671e-07 2.94941e-07 5.45373e-07 1.15991e-06 2.64942e-06 5.89437e-06 1.0665e-05 1.03336e-05 1.95612e-06 9.25256e-09 7.52075e-14 2.62607e-15 4.99034e-16 2.80246e-16 3.58853e-16 3.49378e-15 9.85787e-11 5.53825e-07 1.83229e-05 4.69231e-05 4.16372e-05 2.37485e-05 1.0486e-05 3.48278e-06 6.34966e-07 0 
0 0.00010858 0.000381805 0.000629421 0.000640098 0.000446728 0.000240234 0.000111602 4.91373e-05 2.20515e-05 1.07019e-05 5.89306e-06 3.8172e-06 2.9747e-06 2.81125e-06 3.20155e-06 4.30901e-06 6.64541e-06 1.12641e-05 1.98404e-05 3.32549e-05 4.44106e-05 3.07331e-05 3.81479e-06 9.30091e-09 2.16469e-14 1.54632e-15 2.80246e-16 3.62839e-16 1.84948e-15 4.51201e-14 2.76037e-11 2.91297e-07 1.21641e-05 3.3278e-05 2.99761e-05 1.71455e-05 7.57355e-06 2.51551e-06 4.58609e-07 0 
0 7.9574e-05 0.000299574 0.000567337 0.000721547 0.000669867 0.000488919 0.000306204 0.00017871 0.000103853 6.32021e-05 4.18346e-05 3.09423e-05 2.59949e-05 2.49478e-05 2.72265e-05 3.3314e-05 4.46683e-05 6.35627e-05 9.17093e-05 0.000124408 0.000136135 8.39359e-05 1.23697e-05 7.48813e-08 1.99567e-12 3.43211e-15 3.58853e-16 1.84948e-15 2.62321e-16 4.78892e-16 3.27737e-10 5.88585e-07 1.20769e-05 2.59567e-05 2.16971e-05 1.21396e-05 5.32846e-06 1.76665e-06 3.21922e-07 0 
0 5.56008e-05 0.000218277 0.000451451 0.000669277 0.000771838 0.000726011 0.000588267 0.000436563 0.000313982 0.000228958 0.000174978 0.00014334 0.000127539 0.000123843 0.000130839 0.000148864 0.0001793 0.000222981 0.000276006 0.000320236 0.00031091 0.000198305 4.86509e-05 1.6174e-06 2.0702e-09 1.31384e-13 3.49378e-15 4.51201e-14 4.78892e-16 7.24283e-12 2.42438e-08 2.38961e-06 1.48436e-05 2.1143e-05 1.55541e-05 8.38203e-06 3.63995e-06 1.2032e-06 2.19064e-07 0 
0 3.71068e-05 0.00014915 0.000324434 0.000527492 0.000701372 0.000793489 0.000789421 0.000717058 0.000618752 0.000525822 0.000452835 0.000403256 0.000375875 0.000368546 0.000379573 0.000407649 0.000450652 0.000503077 0.000551644 0.000569714 0.000516242 0.000359081 0.000147066 2.22075e-05 7.43463e-07 6.81366e-09 9.85787e-11 2.76037e-11 3.27737e-10 2.42438e-08 9.9119e-07 8.14267e-06 1.72734e-05 1.6663e-05 1.0798e-05 5.59766e-06 2.40317e-06 7.91755e-07 1.44018e-07 0 
0 2.36443e-05 9.62068e-05 0.000214815 0.000366864 0.0005285 0.000669294 0.00076419 0.00080494 0.00080119 0.000771656 0.000734337 0.000701712 0.000680503 0.000673187 0.000679332 0.000696081 0.000717809 0.000735293 0.000735008 0.000699564 0.000610984 0.000460267 0.000268302 0.000102517 2.22335e-05 3.1351e-06 5.53825e-07 2.91297e-07 5.88585e-07 2.38961e-06 8.14267e-06 1.52667e-05 1.63418e-05 1.20725e-05 7.12815e-06 3.58521e-06 1.52481e-06 5.00946e-07 9.10441e-08 0 
0 1.43345e-05 5.86692e-05 0.000132635 0.000231898 0.000347489 0.000466456 0.000574673 0.000661095 0.000721026 0.000756378 0.00077323 0.00077865 0.000778374 0.000775734 0.000771468 0.000763949 0.000749646 0.000723779 0.000681241 0.000617707 0.00053082 0.000421732 0.000298185 0.000178714 8.83721e-05 3.8566e-05 1.83229e-05 1.21641e-05 1.20769e-05 1.48436e-05 1.72734e-05 1.63418e-05 1.24096e-05 7.92438e-06 4.42813e-06 2.18476e-06 9.233e-07 3.02719e-07 5.4983e-08 0 
0 8.20503e-06 3.36704e-05 7.65351e-05 0.00013519 0.00020611 0.000284016 0.000362548 0.000435447 0.000497827 0.000546968 0.000582299 0.000604729 0.000615735 0.000616627 0.000608143 0.000590424 0.000563243 0.0005264 0.00048011 0.000425269 0.000363515 0.000297216 0.000229685 0.000165726 0.000111447 7.17189e-05 4.69231e-05 3.3278e-05 2.59567e-05 2.1143e-05 1.6663e-05 1.20725e-05 7.92438e-06 4.72978e-06 2.57059e-06 1.25506e-06 5.28438e-07 1.7304e-07 3.14166e-08 0 
0 4.37307e-06 1.79653e-05 4.09278e-05 7.25933e-05 0.000111447 0.000155204 0.000201023 0.000245855 0.000286855 0.000321734 0.000348946 0.000367678 0.000377703 0.00037919 0.000372556 0.000358403 0.000337511 0.000310877 0.00027972 0.000245452 0.000209581 0.000173625 0.000139068 0.000107391 8.00304e-05 5.80484e-05 4.16372e-05 2.99761e-05 2.16971e-05 1.55541e-05 1.0798e-05 7.12815e-06 4.42813e-06 2.57059e-06 1.37986e-06 6.70311e-07 2.81692e-07 9.21782e-08 1.67316e-08 0 
0 2.11741e-06 8.70257e-06 1.9843e-05 3.52507e-05 5.42589e-05 7.58602e-05 9.87899e-05 0.000121647 0.000143037 0.000161712 0.000176674 0.000187238 0.000193036 0.000194001 0.000190331 0.000182446 0.00017095 0.000156584 0.000140182 0.000122607 0.000104693 8.71949e-05 7.07572e-05 5.59009e-05 4.30102e-05 3.22957e-05 2.37485e-05 1.71455e-05 1.21396e-05 8.38203e-06 5.59766e-06 3.58521e-06 2.18476e-06 1.25506e-06 6.70311e-07 3.24905e-07 1.36416e-07 4.46242e-08 8.09887e-09 0 
0 8.88589e-07 3.65272e-06 8.33138e-06 1.48089e-05 2.28153e-05 3.19425e-05 4.16761e-05 5.14401e-05 6.06487e-05 6.87586e-05 7.53146e-05 7.99821e-05 8.25656e-05 8.30118e-05 8.14016e-05 7.79324e-05 7.28944e-05 6.66412e-05 5.95599e-05 5.20395e-05 4.44436e-05 3.70887e-05 3.02302e-05 2.40561e-05 1.86852e-05 1.41669e-05 1.0486e-05 7.57355e-06 5.32846e-06 3.63995e-06 2.40317e-06 1.52481e-06 9.233e-07 5.28438e-07 2.81692e-07 1.36416e-07 5.72537e-08 1.87258e-08 3.39836e-09 0 
0 2.90613e-07 1.1947e-06 2.72526e-06 4.84508e-06 7.46691e-06 1.04588e-05 1.36544e-05 1.68665e-05 1.99035e-05 2.25857e-05 2.47601e-05 2.63125e-05 2.71741e-05 2.73248e-05 2.67907e-05 2.56387e-05 2.39678e-05 2.18985e-05 1.95613e-05 1.70863e-05 1.45939e-05 1.21871e-05 9.94764e-06 7.9334e-06 6.179e-06 4.69734e-06 3.48278e-06 2.51551e-06 1.76665e-06 1.2032e-06 7.91755e-07 5.00946e-07 3.02719e-07 1.7304e-07 9.21782e-08 4.46242e-08 1.87258e-08 6.12419e-09 1.11139e-09 0 
0 5.27391e-08 2.16813e-07 4.94599e-07 8.79376e-07 1.35537e-06 1.89875e-06 2.47939e-06 3.0634e-06 3.616e-06 4.10446e-06 4.50082e-06 4.78402e-06 4.94136e-06 4.96898e-06 4.87164e-06 4.66161e-06 4.35707e-06 3.98015e-06 3.55481e-06 3.10481e-06 2.65203e-06 2.21517e-06 1.80891e-06 1.44357e-06 1.12521e-06 8.56019e-07 6.34966e-07 4.58609e-07 3.21922e-07 2.19064e-07 1.44018e-07 9.10441e-08 5.4983e-08 3.14166e-08 1.67316e-08 8.09887e-09 3.39836e-09 1.11139e-09 2.01686e-10 0 
0 0 0 0 0 0 0 0 0 0 0 0 0 0 0 0 0 0 0 0 0 0 0 0 0 0 0 0 0 0 0 0 0 0 0 0 0 0 0 0 0 
