0 0 0 0 0 0 0 0 0 0 0 0 0 0 0 0 0 0 0 0 0 0 0 0 0 0 0 0 0 0 0 0 0 0 0 0 0 0 0 0 0 
0 1.35892e-05 5.48557e-05 0.000120853 0.000202508 0.000285419 0.000354536 0.00040033 0.0004217 0.000424055 0.000415236 0.000402359 0.00039049 0.0003826 0.00038001 0.000382821 0.000390169 0.00040031 0.000410647 0.000417851 0.000418232 0.000408431 0.000386336 0.0003519 0.000307448 0.000257176 0.000206003 0.000158268 0.000116879 8.31159e-05 5.69557e-05 3.75725e-05 2.37883e-05 1.43746e-05 8.21505e-06 4.37529e-06 2.11785e-06 8.88659e-07 2.90622e-07 5.27397e-08 0 
0 5.48557e-05 0.000215701 0.000450363 0.000686087 0.000835744 0.000854764 0.000767517 0.000633599 0.000502435 0.000397515 0.000323406 0.00027658 0.000252115 0.000246453 0.000258084 0.00028741 0.000336189 0.000406461 0.000498664 0.000608847 0.000725723 0.000829607 0.000895951 0.00090421 0.000847972 0.000738982 0.000601357 0.000460469 0.000334415 0.000231766 0.000153757 9.76054e-05 5.90486e-05 3.37625e-05 1.79852e-05 8.7063e-06 3.65331e-06 1.19477e-06 2.16817e-07 0 
0 0.000120853 0.000450363 0.000840553 0.00105143 0.000958314 0.000681268 0.000409212 0.000225233 0.000122061 6.91305e-05 4.28979e-05 3.01973e-05 2.46456e-05 2.35259e-05 2.61689e-05 3.34257e-05 4.78907e-05 7.47215e-05 0.000122834 0.000205623 0.000339011 0.000533421 0.000778336 0.00102778 0.00120711 0.00125219 0.00115297 0.000956116 0.000727673 0.00051715 0.000347369 0.000221769 0.000134492 7.6975e-05 4.102e-05 1.98599e-05 8.33396e-06 2.72556e-06 4.94618e-07 0 
0 0.000202508 0.000686087 0.00105143 0.000946315 0.000552104 0.000234381 8.20116e-05 2.64846e-05 8.70889e-06 3.17385e-06 1.37518e-06 7.47019e-07 5.26118e-07 4.86663e-07 5.87058e-07 9.00818e-07 1.69102e-06 3.69893e-06 8.93657e-06 2.25947e-05 5.68235e-05 0.000135815 0.000296415 0.000570252 0.00093791 0.00128977 0.00147289 0.00141562 0.00117912 0.000880473 0.000606104 0.000391294 0.000238421 0.000136713 7.29059e-05 3.53065e-05 1.48172e-05 4.84602e-06 8.79433e-07 0 
0 0.000285419 0.000835744 0.000958314 0.000552104 0.000184805 4.24244e-05 7.81307e-06 1.33011e-06 2.38548e-07 5.07344e-08 1.41512e-08 5.59078e-09 3.28468e-09 2.92306e-09 3.89601e-09 7.49074e-09 1.95944e-08 6.48384e-08 2.50597e-07 1.04442e-06 4.35868e-06 1.7083e-05 5.96667e-05 0.000178098 0.000438668 0.000864423 0.00133223 0.00160277 0.00154721 0.00125754 0.000903801 0.000595117 0.000365632 0.000210338 0.000112303 5.44085e-05 2.28372e-05 7.46933e-06 1.35552e-06 0 
0 0.000354536 0.000854764 0.000681268 0.000234381 4.24244e-05 4.9262e-06 4.40836e-07 3.62763e-08 3.25803e-09 3.74372e-10 6.30867e-11 1.73105e-11 8.26329e-12 7.03356e-12 1.05062e-11 2.61417e-11 9.99342e-11 5.30825e-10 3.50934e-09 2.58638e-08 1.91904e-07 1.31352e-06 7.73845e-06 3.72948e-05 0.000141808 0.000413353 0.000899273 0.00143454 0.00169695 0.00156372 0.00120149 0.000816272 0.000508174 0.000293845 0.000157183 7.62017e-05 3.19916e-05 1.04642e-05 1.89906e-06 0 
0 0.00040033 0.000767517 0.000409212 8.20116e-05 7.81307e-06 4.40836e-07 1.82437e-08 6.88483e-10 2.94289e-11 1.74575e-12 1.71219e-13 3.17572e-14 1.2126e-14 9.83605e-15 1.65969e-14 5.44454e-14 3.12671e-13 2.75982e-12 3.24625e-11 4.41147e-10 6.06849e-09 7.54533e-08 7.75628e-07 6.18747e-06 3.68066e-05 0.000159374 0.000492543 0.0010643 0.00159857 0.00173006 0.0014561 0.00103401 0.00065607 0.000382184 0.000204987 9.94688e-05 4.17724e-05 1.36647e-05 2.47999e-06 0 
0 0.0004217 0.000633599 0.000225233 2.64846e-05 1.33011e-06 3.62763e-08 6.88483e-10 1.18068e-11 2.38089e-13 7.23429e-15 4.10264e-16 5.11854e-17 1.55864e-17 1.20349e-17 2.29564e-17 9.95385e-17 8.6234e-16 1.27178e-14 2.67891e-13 6.76072e-12 1.73705e-10 3.95148e-09 7.13003e-08 9.44449e-07 8.76792e-06 5.58185e-05 0.000241276 0.000699523 0.0013436 0.00174115 0.00163544 0.00122815 0.000798653 0.000469771 0.000252852 0.000122842 5.16082e-05 1.68844e-05 3.06442e-06 0 
0 0.000424055 0.000502435 0.000122061 8.70889e-06 2.38548e-07 3.25803e-09 2.94289e-11 2.38089e-13 2.34727e-15 3.77077e-17 1.26934e-18 1.08936e-19 2.6973e-20 1.99211e-20 4.23331e-20 2.37541e-19 3.03672e-18 7.2977e-17 2.67673e-15 1.21803e-13 5.67525e-12 2.29618e-10 7.08433e-09 1.521e-07 2.15321e-06 1.96622e-05 0.000115575 0.000437283 0.00105618 0.00163783 0.00173035 0.00138414 0.000926284 0.000551122 0.000297877 0.000144922 6.09125e-05 1.99313e-05 3.61758e-06 0 
0 0.000415236 0.000397515 6.91305e-05 3.17385e-06 5.07344e-08 3.74372e-10 1.74575e-12 7.23429e-15 3.77077e-17 3.43607e-19 7.34487e-21 4.71817e-22 1.03656e-22 7.49068e-23 1.66704e-22 1.10709e-21 1.94805e-20 7.19436e-19 4.32174e-17 3.32409e-15 2.63207e-13 1.77918e-11 8.85669e-10 2.92537e-08 6.03043e-07 7.57847e-06 5.82426e-05 0.000276787 0.000814213 0.00148399 0.0017549 0.00149635 0.00103185 0.000621466 0.000337403 0.000164402 6.91342e-05 2.2625e-05 4.10669e-06 0 
0 0.000402359 0.000323406 4.28979e-05 1.37518e-06 1.41512e-08 6.30867e-11 1.71219e-13 4.10264e-16 1.26934e-18 7.34487e-21 1.12344e-22 5.90579e-24 1.18643e-24 8.40641e-25 1.93109e-24 1.43047e-23 3.13914e-22 1.61489e-20 1.44773e-18 1.71113e-16 2.09206e-14 2.15389e-12 1.58743e-10 7.46707e-09 2.09537e-07 3.42001e-06 3.26724e-05 0.000186302 0.000640947 0.00133265 0.00173579 0.00156751 0.00111147 0.000677195 0.000369235 0.000180175 7.5803e-05 2.48111e-05 4.50369e-06 0 
0 0.00039049 0.00027658 3.01973e-05 7.47019e-07 5.59078e-09 1.73105e-11 3.17572e-14 5.11854e-17 1.08936e-19 4.71817e-22 5.9058e-24 2.49566e-25 4.13883e-26 2.7847e-26 7.04517e-26 6.21081e-25 1.62565e-23 1.03188e-21 1.22085e-19 1.96725e-17 3.29464e-15 4.60195e-13 4.50916e-11 2.7421e-09 9.62818e-08 1.90011e-06 2.12463e-05 0.000138039 0.000530862 0.00121386 0.00169983 0.00160539 0.00116414 0.000716038 0.000391801 0.00019142 8.0566e-05 2.63733e-05 4.78745e-06 0 
0 0.0003826 0.000252115 2.46456e-05 5.26118e-07 3.28468e-09 8.26329e-12 1.2126e-14 1.55864e-17 2.6973e-20 1.03657e-22 1.18644e-24 4.13885e-26 5.35978e-27 3.32609e-27 9.68789e-27 1.03623e-25 3.0724e-24 2.14798e-22 2.9302e-20 5.62341e-18 1.12714e-15 1.87475e-13 2.16291e-11 1.52448e-09 6.09006e-08 1.34084e-06 1.64153e-05 0.000114954 0.000471287 0.00113911 0.00166636 0.00161851 0.00119072 0.000736974 0.000404215 0.000197649 8.32103e-05 2.72413e-05 4.94513e-06 0 
0 0.00038001 0.000246453 2.35259e-05 4.86663e-07 2.92306e-09 7.03356e-12 9.83605e-15 1.20349e-17 1.99211e-20 7.4907e-23 8.40646e-25 2.78473e-26 3.3261e-27 1.99597e-27 6.07984e-27 6.87015e-26 2.09753e-24 1.49134e-22 2.09e-20 4.16119e-18 8.6719e-16 1.49905e-13 1.79395e-11 1.30755e-09 5.38093e-08 1.21532e-06 1.52015e-05 0.000108417 0.000451898 0.00110946 0.00164507 0.00161293 0.00119279 0.000740011 0.000406269 0.000198723 8.36724e-05 2.73936e-05 4.97286e-06 0 
0 0.000382821 0.000258084 2.61689e-05 5.87058e-07 3.89601e-09 1.05062e-11 1.65969e-14 2.29564e-17 4.23331e-20 1.66704e-22 1.9311e-24 7.0452e-26 9.68788e-27 6.07982e-27 1.69092e-26 1.70706e-25 4.87574e-24 3.30614e-22 4.29704e-20 7.77071e-18 1.468e-15 2.30949e-13 2.53331e-11 1.7082e-09 6.57211e-08 1.40294e-06 1.67614e-05 0.000115257 0.000466762 0.00112079 0.00163658 0.00159077 0.00117182 0.000725946 0.000398365 0.000194832 8.20321e-05 2.68565e-05 4.87535e-06 0 
0 0.000390169 0.00028741 3.34257e-05 9.00818e-07 7.49074e-09 2.61417e-11 5.44454e-14 9.95385e-17 2.37541e-19 1.10709e-21 1.43047e-23 6.21081e-25 1.03622e-25 6.87012e-26 1.70706e-25 1.45532e-24 3.63556e-23 2.15672e-21 2.32021e-19 3.36644e-17 5.08606e-15 6.44961e-13 5.79003e-11 3.26134e-09 1.07319e-07 2.00855e-06 2.15483e-05 0.000135874 0.000513036 0.00116483 0.0016335 0.0015502 0.00112894 0.000696198 0.000381434 0.000186459 7.84954e-05 2.56976e-05 4.66494e-06 0 
0 0.00040031 0.000336189 4.78907e-05 1.69102e-06 1.95944e-08 9.99342e-11 3.12671e-13 8.6234e-16 3.03672e-18 1.94805e-20 3.13914e-22 1.62565e-23 3.07239e-24 2.09753e-24 4.87573e-24 3.63556e-23 7.61154e-22 3.55806e-20 2.83567e-18 2.96696e-16 3.22155e-14 2.96822e-12 1.97893e-10 8.52868e-09 2.22308e-07 3.41847e-06 3.12189e-05 0.000172844 0.000587397 0.0012267 0.00162128 0.00148655 0.0010652 0.000652709 0.000356823 0.00017431 7.33669e-05 2.40175e-05 4.35989e-06 0 
0 0.000410647 0.000406461 7.47215e-05 3.69893e-06 6.48384e-08 5.30825e-10 2.75982e-12 1.27178e-14 7.2977e-17 7.19436e-19 1.61489e-20 1.03188e-21 2.14798e-22 1.49134e-22 3.30614e-22 2.15672e-21 3.55806e-20 1.19781e-18 6.5026e-17 4.51642e-15 3.24074e-13 1.99856e-11 9.15874e-10 2.81437e-08 5.46025e-07 6.54163e-06 4.8664e-05 0.000228301 0.00067932 0.00128062 0.00157941 0.00139396 0.00098196 0.000597875 0.000326174 0.000159246 6.70169e-05 2.19382e-05 3.98242e-06 0 
0 0.000417851 0.000498664 0.000122834 8.93657e-06 2.50597e-07 3.50934e-09 3.24625e-11 2.67891e-13 2.67673e-15 4.32174e-17 1.44773e-18 1.22085e-19 2.9302e-20 2.09e-20 4.29704e-20 2.32021e-19 2.83567e-18 6.5026e-17 2.27779e-15 9.91863e-14 4.43413e-12 1.72617e-10 5.13872e-09 1.06775e-07 1.46911e-06 1.31409e-05 7.68338e-05 0.000297087 0.000760449 0.00128606 0.00148374 0.00126715 0.000881219 0.000534411 0.000291287 0.0001422 5.98466e-05 1.95918e-05 3.55657e-06 0 
0 0.000418232 0.000608847 0.000205623 2.25947e-05 1.04442e-06 2.58638e-08 4.41147e-10 6.76072e-12 1.21803e-13 3.32409e-15 1.71113e-16 1.96725e-17 5.62341e-18 4.16119e-18 7.77071e-18 3.36644e-17 2.96696e-16 4.51642e-15 9.91863e-14 2.62287e-12 7.05997e-11 1.67375e-09 3.11771e-08 4.21297e-07 3.95039e-06 2.53893e-05 0.000112945 0.000352577 0.000773611 0.0011891 0.00131007 0.00110233 0.000765523 0.000465147 0.000253973 0.000124105 5.22541e-05 1.71094e-05 3.10615e-06 0 
0 0.000408431 0.000725723 0.000339011 5.68235e-05 4.35868e-06 1.91904e-07 6.06849e-09 1.73705e-10 5.67525e-12 2.63207e-13 2.09206e-14 3.29464e-15 1.12714e-15 8.6719e-16 1.468e-15 5.08606e-15 3.22155e-14 3.24074e-13 4.43413e-12 7.05997e-11 1.13078e-09 1.60548e-08 1.82606e-07 1.54925e-06 9.44741e-06 4.13943e-05 0.000134154 0.000332846 0.000639427 0.000937359 0.00103978 0.000897568 0.000637575 0.000392774 0.000215921 0.00010582 4.46068e-05 1.46116e-05 2.65307e-06 0 
0 0.000386336 0.000829607 0.000533421 0.000135815 1.7083e-05 1.31352e-06 7.54533e-08 3.95148e-09 2.29618e-10 1.77918e-11 2.15389e-12 4.60195e-13 1.87475e-13 1.49905e-13 2.30949e-13 6.44961e-13 2.96822e-12 1.99856e-11 1.72617e-10 1.67375e-09 1.60548e-08 1.35963e-07 9.22271e-07 4.64843e-06 1.67746e-05 4.44816e-05 9.53396e-05 0.00018462 0.000335206 0.000534029 0.000676937 0.000655353 0.000500332 0.000319748 0.000178622 8.80939e-05 3.72195e-05 1.22014e-05 2.21601e-06 0 
0 0.0003519 0.000895951 0.000778336 0.000296415 5.96667e-05 7.73845e-06 7.75628e-07 7.13003e-08 7.08433e-09 8.85669e-10 1.58743e-10 4.50916e-11 2.16291e-11 1.79395e-11 2.53331e-11 5.79003e-11 1.97893e-10 9.15874e-10 5.13872e-09 3.11771e-08 1.82606e-07 9.22271e-07 3.57414e-06 9.46357e-06 1.59574e-05 1.85328e-05 1.99291e-05 2.85695e-05 6.09561e-05 0.000150112 0.000297824 0.000395523 0.00035928 0.000248615 0.000143378 7.15357e-05 3.0343e-05 9.95982e-06 1.80962e-06 0 
0 0.000307448 0.00090421 0.00102778 0.000570252 0.000178098 3.72948e-05 6.18747e-06 9.44449e-07 1.521e-07 2.92537e-08 7.46707e-09 2.7421e-09 1.52448e-09 1.30755e-09 1.7082e-09 3.26134e-09 8.52868e-09 2.81437e-08 1.06775e-07 4.21297e-07 1.54925e-06 4.64843e-06 9.46357e-06 1.01846e-05 4.68354e-06 1.06868e-06 2.76002e-07 2.46131e-07 1.06097e-06 9.68213e-06 6.24926e-05 0.000173818 0.000227194 0.000182777 0.000111389 5.6619e-05 2.41586e-05 7.94427e-06 1.4442e-06 0 
0 0.000257176 0.000847972 0.00120711 0.00093791 0.000438668 0.000141808 3.68066e-05 8.76792e-06 2.15321e-06 6.03043e-07 2.09537e-07 9.62818e-08 6.09006e-08 5.38093e-08 6.57211e-08 1.07319e-07 2.22308e-07 5.46025e-07 1.46911e-06 3.95039e-06 9.44741e-06 1.67746e-05 1.59574e-05 4.68354e-06 2.32876e-07 2.37498e-09 3.55274e-11 1.36652e-11 3.26548e-10 5.57012e-08 4.29002e-06 4.99374e-05 0.000123832 0.000126784 8.37822e-05 4.36779e-05 1.87784e-05 6.18868e-06 1.12576e-06 0 
0 0.000206003 0.000738982 0.00125219 0.00128977 0.000864423 0.000413353 0.000159374 5.58185e-05 1.96622e-05 7.57847e-06 3.42001e-06 1.90011e-06 1.34084e-06 1.21532e-06 1.40294e-06 2.00855e-06 3.41847e-06 6.54163e-06 1.31409e-05 2.53893e-05 4.13943e-05 4.44816e-05 1.85328e-05 1.06868e-06 2.37498e-09 2.39663e-13 6.98513e-17 2.95215e-16 2.00158e-15 3.39839e-11 1.132e-07 1.04274e-05 6.1238e-05 8.46182e-05 6.13845e-05 3.28852e-05 1.42476e-05 4.70555e-06 8.56472e-07 0 
0 0.000158268 0.000601357 0.00115297 0.00147289 0.00133223 0.000899273 0.000492543 0.000241276 0.000115575 5.82426e-05 3.26724e-05 2.12463e-05 1.64153e-05 1.52015e-05 1.67614e-05 2.15483e-05 3.12189e-05 4.8664e-05 7.68338e-05 0.000112945 0.000134154 9.53396e-05 1.99291e-05 2.76002e-07 3.55274e-11 6.98512e-17 1.93979e-18 4.55212e-18 4.25851e-17 3.78865e-14 4.30189e-09 2.59483e-06 3.2209e-05 5.68787e-05 4.43274e-05 2.4221e-05 1.05497e-05 3.48917e-06 6.35314e-07 0 
0 0.000116879 0.000460469 0.000956116 0.00141562 0.00160277 0.00143454 0.0010643 0.000699523 0.000437283 0.000276787 0.000186302 0.000138039 0.000114954 0.000108417 0.000115257 0.000135874 0.000172844 0.000228301 0.000297087 0.000352577 0.000332846 0.00018462 2.85695e-05 2.46131e-07 1.36652e-11 2.95214e-16 4.55215e-18 2.38207e-18 3.5313e-17 5.39821e-15 1.52625e-09 1.46869e-06 2.17272e-05 4.04021e-05 3.1896e-05 1.74797e-05 7.61824e-06 2.51996e-06 4.58851e-07 0 
0 8.31159e-05 0.000334415 0.000727673 0.00117912 0.00154721 0.00169695 0.00159857 0.0013436 0.00105618 0.000814213 0.000640947 0.000530862 0.000471287 0.000451898 0.000466762 0.000513036 0.000587397 0.00067932 0.000760449 0.000773611 0.000639427 0.000335206 6.09561e-05 1.06097e-06 3.26548e-10 2.00158e-15 4.2585e-17 3.5313e-17 1.00606e-17 3.78901e-13 8.88593e-09 2.27967e-06 1.97526e-05 3.06427e-05 2.28887e-05 1.23442e-05 5.35585e-06 1.76939e-06 3.22071e-07 0 
0 5.69557e-05 0.000231766 0.00051715 0.000880473 0.00125754 0.00156372 0.00173006 0.00174115 0.00163783 0.00148399 0.00133265 0.00121386 0.00113911 0.00110946 0.00112079 0.00116483 0.0012267 0.00128062 0.00128606 0.0011891 0.000937359 0.000534029 0.000150112 9.68213e-06 5.57012e-08 3.39839e-11 3.78865e-14 5.39821e-15 3.78901e-13 4.94785e-10 2.07044e-07 5.96197e-06 2.09615e-05 2.38458e-05 1.61861e-05 8.48958e-06 3.6545e-06 1.20467e-06 2.19146e-07 0 
0 3.75725e-05 0.000153757 0.000347369 0.000606104 0.000903801 0.00120149 0.0014561 0.00163544 0.00173035 0.0017549 0.00173579 0.00169983 0.00166636 0.00164507 0.00163658 0.0016335 0.00162128 0.00157941 0.00148374 0.00131007 0.00103978 0.000676937 0.000297824 6.24926e-05 4.29002e-06 1.132e-07 4.30189e-09 1.52625e-09 8.88593e-09 2.07044e-07 3.08814e-06 1.35786e-05 2.11815e-05 1.79564e-05 1.10808e-05 5.64594e-06 2.40984e-06 7.92449e-07 1.44057e-07 0 
0 2.37883e-05 9.76054e-05 0.000221769 0.000391294 0.000595117 0.000816272 0.00103401 0.00122815 0.00138414 0.00149635 0.00156751 0.00160539 0.00161851 0.00161293 0.00159077 0.0015502 0.00148655 0.00139396 0.00126715 0.00110233 0.000897568 0.000655353 0.000395523 0.000173818 4.99374e-05 1.04274e-05 2.59483e-06 1.46869e-06 2.27967e-06 5.96197e-06 1.35786e-05 1.95073e-05 1.81377e-05 1.25727e-05 7.23456e-06 3.60375e-06 1.52746e-06 5.01231e-07 9.10607e-08 0 
0 1.43746e-05 5.90486e-05 0.000134492 0.000238421 0.000365632 0.000508174 0.00065607 0.000798653 0.000926284 0.00103185 0.00111147 0.00116414 0.00119072 0.00119279 0.00117182 0.00112894 0.0010652 0.00098196 0.000881219 0.000765523 0.000637575 0.000500332 0.00035928 0.000227194 0.000123832 6.1238e-05 3.2209e-05 2.17272e-05 1.97526e-05 2.09615e-05 2.11815e-05 1.81377e-05 1.30122e-05 8.08195e-06 4.46202e-06 2.19088e-06 9.24209e-07 3.0282e-07 5.49891e-08 0 
0 8.21505e-06 3.37625e-05 7.6975e-05 0.000136713 0.000210338 0.000293845 0.000382184 0.000469771 0.000551122 0.000621466 0.000677195 0.000716038 0.000736974 0.000740011 0.000725946 0.000696198 0.000652709 0.000597875 0.000534411 0.000465147 0.000392774 0.000319748 0.000248615 0.000182777 0.000126784 8.46182e-05 5.68787e-05 4.04021e-05 3.06427e-05 2.38458e-05 1.79564e-05 1.25727e-05 8.08195e-06 4.77116e-06 2.5798e-06 1.2568e-06 5.2871e-07 1.73072e-07 3.14186e-08 0 
0 4.37529e-06 1.79852e-05 4.102e-05 7.29059e-05 0.000112303 0.000157183 0.000204987 0.000252852 0.000297877 0.000337403 0.000369235 0.000391801 0.000404215 0.000406269 0.000398365 0.000381434 0.000356823 0.000326174 0.000291287 0.000253973 0.000215921 0.000178622 0.000143378 0.000111389 8.37822e-05 6.13845e-05 4.43274e-05 3.1896e-05 2.28887e-05 1.61861e-05 1.10808e-05 7.23456e-06 4.46202e-06 2.5798e-06 1.38202e-06 6.70739e-07 2.81761e-07 9.21867e-08 1.67321e-08 0 
0 2.11785e-06 8.7063e-06 1.98599e-05 3.53065e-05 5.44085e-05 7.62017e-05 9.94688e-05 0.000122842 0.000144922 0.000164402 0.000180175 0.00019142 0.000197649 0.000198723 0.000194832 0.000186459 0.00017431 0.000159246 0.0001422 0.000124105 0.00010582 8.80939e-05 7.15357e-05 5.6619e-05 4.36779e-05 3.28852e-05 2.4221e-05 1.74797e-05 1.23442e-05 8.48958e-06 5.64594e-06 3.60375e-06 2.19088e-06 1.2568e-06 6.70739e-07 3.24995e-07 1.36431e-07 4.46261e-08 8.09901e-09 0 
0 8.88659e-07 3.65331e-06 8.33396e-06 1.48172e-05 2.28372e-05 3.19916e-05 4.17724e-05 5.16082e-05 6.09125e-05 6.91342e-05 7.5803e-05 8.0566e-05 8.32103e-05 8.36724e-05 8.20321e-05 7.84954e-05 7.33669e-05 6.70169e-05 5.98466e-05 5.22541e-05 4.46068e-05 3.72195e-05 3.0343e-05 2.41586e-05 1.87784e-05 1.42476e-05 1.05497e-05 7.61824e-06 5.35585e-06 3.6545e-06 2.40984e-06 1.52746e-06 9.24209e-07 5.2871e-07 2.81761e-07 1.36431e-07 5.72565e-08 1.87262e-08 3.39839e-09 0 
0 2.90622e-07 1.19477e-06 2.72556e-06 4.84602e-06 7.46933e-06 1.04642e-05 1.36647e-05 1.68844e-05 1.99313e-05 2.2625e-05 2.48111e-05 2.63733e-05 2.72413e-05 2.73936e-05 2.68565e-05 2.56976e-05 2.40175e-05 2.19382e-05 1.95918e-05 1.71094e-05 1.46116e-05 1.22014e-05 9.95982e-06 7.94427e-06 6.18868e-06 4.70555e-06 3.48917e-06 2.51996e-06 1.76939e-06 1.20467e-06 7.92449e-07 5.01231e-07 3.0282e-07 1.73072e-07 9.21867e-08 4.46261e-08 1.87262e-08 6.12424e-09 1.11139e-09 0 
0 5.27397e-08 2.16817e-07 4.94618e-07 8.79433e-07 1.35552e-06 1.89906e-06 2.47999e-06 3.06442e-06 3.61758e-06 4.10669e-06 4.50369e-06 4.78745e-06 4.94513e-06 4.97286e-06 4.87535e-06 4.66494e-06 4.35989e-06 3.98242e-06 3.55657e-06 3.10615e-06 2.65307e-06 2.21601e-06 1.80962e-06 1.4442e-06 1.12576e-06 8.56472e-07 6.35314e-07 4.58851e-07 3.22071e-07 2.19146e-07 1.44057e-07 9.10607e-08 5.49891e-08 3.14186e-08 1.67321e-08 8.09901e-09 3.39839e-09 1.11139e-09 2.01687e-10 0 
0 0 0 0 0 0 0 0 0 0 0 0 0 0 0 0 0 0 0 0 0 0 0 0 0 0 0 0 0 0 0 0 0 0 0 0 0 0 0 0 0 
