0 0 0 0 0 0 0 0 0 0 0 0 0 0 0 0 0 0 0 0 0 0 0 0 0 0 0 0 0 0 0 0 0 0 0 0 0 0 0 0 0 
0 1.31512e-05 5.10745e-05 0.000105216 0.000159715 0.00019877 0.000215256 0.000212017 0.000196797 0.000177158 0.000158261 0.000142839 0.000131972 0.000125872 0.000124408 0.000127357 0.000134463 0.000145358 0.000159385 0.000175396 0.000191593 0.000205538 0.000214434 0.000215695 0.000207679 0.000190336 0.000165418 0.00013609 0.000106019 7.83601e-05 5.50924e-05 3.69183e-05 2.35822e-05 1.43163e-05 8.20029e-06 4.37197e-06 2.1172e-06 8.88553e-07 2.90609e-07 5.27388e-08 0 
0 5.10745e-05 0.000183031 0.000323771 0.000387212 0.000352061 0.000265487 0.000178702 0.000113988 7.23516e-05 4.75891e-05 3.35254e-05 2.59316e-05 2.23719e-05 2.16609e-05 2.3465e-05 2.81227e-05 3.66342e-05 5.07347e-05 7.29039e-05 0.000106067 0.000152673 0.000212956 0.000282713 0.000351766 0.000405007 0.000427296 0.000410753 0.000359606 0.000288177 0.0002133 0.000147281 9.5596e-05 5.84938e-05 3.3626e-05 1.79554e-05 8.70066e-06 3.65241e-06 1.19466e-06 2.1681e-07 0 
0 0.000105216 0.000323771 0.000431392 0.000340894 0.000187472 8.16172e-05 3.11031e-05 1.12822e-05 4.2039e-06 1.7248e-06 8.26854e-07 4.84656e-07 3.57419e-07 3.35167e-07 3.96881e-07 5.80215e-07 1.01135e-06 2.01298e-06 4.36404e-06 9.83108e-06 2.20368e-05 4.7366e-05 9.48026e-05 0.00017283 0.00028218 0.000406746 0.000511062 0.000554984 0.000521286 0.000428836 0.000315405 0.0002118 0.000131772 7.63205e-05 4.08813e-05 1.98343e-05 8.33002e-06 2.7251e-06 4.94589e-07 0 
0 0.000159715 0.000387212 0.000340894 0.000154983 4.4794e-05 9.57117e-06 1.71311e-06 2.90036e-07 5.2389e-08 1.1299e-08 3.20489e-09 1.28707e-09 7.66449e-10 6.88126e-10 9.20067e-10 1.76384e-09 4.57382e-09 1.49281e-08 5.66835e-08 2.31462e-07 9.45167e-07 3.62739e-06 1.24669e-05 3.7114e-05 9.38469e-05 0.00019948 0.000353596 0.00051723 0.000618442 0.000606353 0.000498808 0.000356628 0.000228903 0.000134447 7.24347e-05 3.52217e-05 1.48045e-05 4.84457e-06 8.79344e-07 0 
0 0.00019877 0.000352061 0.000187472 4.4794e-05 6.02371e-06 5.39936e-07 3.80824e-08 2.51821e-09 1.86286e-10 1.81928e-11 2.70367e-12 6.81476e-13 3.11813e-13 2.65333e-13 4.12076e-13 1.10326e-12 4.66664e-12 2.80083e-11 2.12136e-10 1.8035e-09 1.54398e-08 1.2125e-07 8.11599e-07 4.39954e-06 1.87685e-05 6.24424e-05 0.000162533 0.000332195 0.000530432 0.000656555 0.000636557 0.000502401 0.000339413 0.000204074 0.000111015 5.41809e-05 2.28037e-05 7.4656e-06 1.3553e-06 0 
0 0.000215256 0.000265487 8.16172e-05 9.57117e-06 5.39936e-07 1.79233e-08 4.3611e-10 9.86226e-12 2.63557e-13 1.04246e-14 7.40408e-16 1.09504e-16 3.70493e-17 2.96494e-17 5.4658e-17 2.14572e-16 1.58848e-15 1.91132e-14 3.18203e-13 6.24279e-12 1.24372e-10 2.21323e-09 3.17759e-08 3.42486e-07 2.65762e-06 1.46489e-05 5.79086e-05 0.00016768 0.000361141 0.000577771 0.000684679 0.000617229 0.000448805 0.000279395 0.000154215 7.56832e-05 3.19165e-05 1.0456e-05 1.89858e-06 0 
0 0.000212017 0.000178702 3.11031e-05 1.71311e-06 3.80824e-08 4.3611e-10 3.39837e-12 2.4398e-14 2.19328e-16 3.31927e-18 1.47508e-19 4.85104e-20 3.91515e-20 3.71548e-20 3.88572e-20 5.67491e-20 3.19527e-19 7.29954e-18 2.82072e-16 1.35381e-14 6.65334e-13 2.83942e-11 9.2281e-10 2.07932e-08 3.07147e-07 2.91479e-06 1.79679e-05 7.43852e-05 0.000214851 0.000441937 0.000646616 0.000680141 0.000542507 0.000353632 0.000199077 9.84414e-05 4.16254e-05 1.36489e-05 2.47906e-06 0 
0 0.000196797 0.000113988 1.12822e-05 2.90036e-07 2.51821e-09 9.86226e-12 2.4398e-14 5.50767e-17 1.76431e-19 5.704e-21 1.97246e-21 1.66314e-21 1.86242e-21 1.86826e-21 1.63992e-21 1.40854e-21 2.07019e-21 7.11035e-21 2.34026e-19 2.67883e-17 3.27157e-15 3.36979e-13 2.49423e-11 1.18239e-09 3.34822e-08 5.51263e-07 5.33329e-06 3.15751e-05 0.00012098 0.000314104 0.00056093 0.000690885 0.000610934 0.000420508 0.000242497 0.000121041 5.13524e-05 1.68571e-05 3.06285e-06 0 
0 0.000177158 7.23516e-05 4.2039e-06 5.2389e-08 1.86286e-10 2.63557e-13 2.19328e-16 1.76431e-19 1.33791e-21 2.48994e-22 1.79334e-22 1.99051e-22 2.43744e-22 2.49518e-22 2.08087e-22 1.55202e-22 1.46046e-22 1.73279e-22 9.00736e-22 7.37952e-20 2.05589e-17 4.88747e-15 7.89678e-13 7.58073e-11 3.98311e-09 1.1082e-07 1.64903e-06 1.37317e-05 6.85195e-05 0.000219259 0.000466883 0.000665466 0.000652265 0.000475675 0.000281697 0.000142097 6.05125e-05 1.98889e-05 3.61516e-06 0 
0 0.000158261 4.75891e-05 1.7248e-06 1.1299e-08 1.81928e-11 1.04246e-14 3.31927e-18 5.704e-21 2.48994e-22 5.08581e-23 3.54091e-23 4.03448e-23 4.91296e-23 5.03616e-23 4.18887e-23 3.03215e-23 2.30845e-23 1.89663e-23 4.6424e-23 8.78206e-22 2.2811e-19 1.12478e-16 3.63347e-14 6.52198e-12 5.93072e-10 2.63022e-08 5.74395e-07 6.48617e-06 4.0905e-05 0.000156734 0.000386656 0.000624058 0.000671268 0.000517368 0.000314586 0.000160391 6.85668e-05 2.25651e-05 4.10328e-06 0 
0 0.000142839 3.35254e-05 8.26854e-07 3.20489e-09 2.70367e-12 7.40408e-16 1.47508e-19 1.97246e-21 1.79334e-22 3.54091e-23 1.3902e-23 1.12769e-23 1.22843e-23 1.22978e-23 1.02697e-23 7.42866e-24 5.27226e-24 4.48675e-24 1.13147e-23 1.10312e-22 7.4568e-21 5.14198e-18 2.92337e-15 8.74229e-13 1.24346e-10 8.06833e-09 2.41117e-07 3.49482e-06 2.66959e-05 0.000118261 0.000327376 0.000582368 0.00067575 0.00054607 0.000339902 0.000174981 7.50678e-05 2.47337e-05 4.49931e-06 0 
0 0.000131972 2.59316e-05 4.84656e-07 1.28707e-09 6.81476e-13 1.09504e-16 4.85104e-20 1.66314e-21 1.99051e-22 4.03448e-23 1.12769e-23 5.05618e-24 3.83922e-24 3.43591e-24 2.81832e-24 2.06466e-24 1.54845e-24 1.85603e-24 6.15812e-24 4.75853e-23 1.31261e-21 5.58173e-19 4.73522e-16 2.0457e-13 4.01602e-11 3.42799e-09 1.28456e-07 2.22996e-06 1.95651e-05 9.61698e-05 0.000288663 0.000549549 0.000673236 0.000563539 0.000357125 0.00018524 7.96899e-05 2.62812e-05 4.78224e-06 0 
0 0.000125872 2.23719e-05 3.57419e-07 7.66449e-10 3.11813e-13 3.70493e-17 3.91515e-20 1.86242e-21 2.43744e-22 4.91296e-23 1.22843e-23 3.83922e-24 1.74825e-24 1.15573e-24 8.63512e-25 6.52351e-25 6.22512e-25 1.23667e-24 4.99783e-24 3.51402e-23 6.71736e-22 1.61337e-19 1.686e-16 8.97009e-14 2.11314e-11 2.10649e-09 8.97242e-08 1.72523e-06 1.63729e-05 8.53395e-05 0.000267965 0.000529709 0.000669176 0.000571771 0.000366256 0.000190852 8.22454e-05 2.71399e-05 4.9394e-06 0 
0 0.000124408 2.16609e-05 3.35167e-07 6.88126e-10 2.65333e-13 2.96494e-17 3.71548e-20 1.86826e-21 2.49518e-22 5.03616e-23 1.22978e-23 3.43591e-24 1.15573e-24 5.23758e-25 3.19966e-25 2.59263e-25 3.71345e-25 1.06847e-24 4.6903e-24 3.25249e-23 5.84684e-22 1.2518e-19 1.36086e-16 7.5555e-14 1.84759e-11 1.90125e-09 8.31339e-08 1.63224e-06 1.57391e-05 8.30066e-05 0.000262997 0.000523956 0.000666453 0.000572262 0.00036758 0.000191781 8.26857e-05 2.72899e-05 4.96699e-06 0 
0 0.000127357 2.3465e-05 3.96881e-07 9.20067e-10 4.12076e-13 5.4658e-17 3.88572e-20 1.63992e-21 2.08087e-22 4.18887e-23 1.02697e-23 2.81832e-24 8.63512e-25 3.19966e-25 1.66867e-25 1.5496e-25 3.09071e-25 1.0385e-24 4.79214e-24 3.60287e-23 7.9627e-22 2.4942e-19 2.42815e-16 1.19815e-13 2.64266e-11 2.49082e-09 1.01292e-07 1.87661e-06 1.73023e-05 8.82292e-05 0.000272452 0.000531679 0.000665532 0.000565679 0.00036151 0.000188222 8.10918e-05 2.67575e-05 4.86974e-06 0 
0 0.000134463 2.81227e-05 5.80215e-07 1.76384e-09 1.10326e-12 2.14572e-16 5.67492e-20 1.40854e-21 1.55202e-22 3.03215e-23 7.42866e-24 2.06466e-24 6.52351e-25 2.59263e-25 1.5496e-25 1.66808e-25 3.45053e-25 1.16147e-24 5.71208e-24 5.23391e-23 2.05063e-21 1.20427e-18 8.88571e-16 3.36871e-13 5.89895e-11 4.56847e-09 1.57958e-07 2.5706e-06 2.1448e-05 0.000101471 0.000295835 0.000550885 0.000664744 0.000551873 0.000348527 0.000180572 7.76574e-05 2.56092e-05 4.65992e-06 0 
0 0.000145358 3.66342e-05 1.01135e-06 4.57382e-09 4.66664e-12 1.58848e-15 3.19527e-19 2.07019e-21 1.46046e-22 2.30845e-23 5.27226e-24 1.54845e-24 6.22512e-25 3.71345e-25 3.09071e-25 3.45053e-25 5.88291e-25 1.75955e-24 9.95624e-24 1.46219e-22 1.79623e-20 1.23432e-17 5.94735e-15 1.53165e-12 1.9111e-10 1.10908e-08 3.02175e-07 4.06605e-06 2.93089e-05 0.000124219 0.00033261 0.000577685 0.000660555 0.000530141 0.000329215 0.000169388 7.26655e-05 2.39433e-05 4.35566e-06 0 
0 0.000159385 5.07347e-05 2.01298e-06 1.49281e-08 2.80083e-11 1.91132e-14 7.29954e-18 7.11035e-21 1.73279e-22 1.89663e-23 4.48675e-24 1.85603e-24 1.23667e-24 1.06847e-24 1.0385e-24 1.16147e-24 1.75955e-24 4.665e-24 3.42455e-23 1.47521e-21 5.19203e-19 2.23762e-16 6.31907e-14 1.00425e-11 8.2025e-10 3.31774e-08 6.71054e-07 7.12268e-06 4.27951e-05 0.000158101 0.000380262 0.000605101 0.000647896 0.000499637 0.000304332 0.000155362 6.64623e-05 2.18792e-05 3.97904e-06 0 
0 0.000175396 7.29039e-05 4.36404e-06 5.66835e-08 2.12136e-10 3.18203e-13 2.82072e-16 2.34026e-19 9.00736e-22 4.6424e-23 1.13147e-23 6.15812e-24 4.99783e-24 4.6903e-24 4.79214e-24 5.71208e-24 9.95624e-24 3.42455e-23 6.35118e-22 9.67683e-20 2.62353e-17 5.92559e-15 9.11614e-13 8.35221e-11 4.20007e-09 1.12275e-07 1.61388e-06 1.3069e-05 6.38859e-05 0.000202052 0.000430372 0.000621485 0.000620741 0.000459823 0.000274867 0.000139282 5.94279e-05 1.9547e-05 3.55398e-06 0 
0 0.000191593 0.000106067 9.83108e-06 2.31462e-07 1.8035e-09 6.24279e-12 1.35381e-14 2.67883e-17 7.37952e-20 8.78206e-22 1.10312e-22 4.75852e-23 3.51402e-23 3.25249e-23 3.60287e-23 5.23391e-23 1.46219e-22 1.47521e-21 9.67683e-20 1.24484e-17 1.67742e-15 1.89538e-13 1.52065e-11 7.68243e-10 2.27515e-08 3.85563e-07 3.80706e-06 2.30034e-05 9.05299e-05 0.000244424 0.000461987 0.000609471 0.000573091 0.000410855 0.000242051 0.000121977 5.19467e-05 1.70762e-05 3.10421e-06 0 
0 0.000205538 0.000152673 2.20368e-05 9.45167e-07 1.54398e-08 1.24372e-10 6.65334e-13 3.27157e-15 2.05589e-17 2.2811e-19 7.4568e-21 1.31261e-21 6.71736e-22 5.84684e-22 7.96269e-22 2.05063e-21 1.79623e-20 5.19203e-19 2.62353e-17 1.67742e-15 1.09701e-13 6.11284e-12 2.49964e-10 6.72042e-09 1.11518e-07 1.13149e-06 7.321e-06 3.2398e-05 0.000104148 0.000248932 0.00043621 0.000547899 0.000500496 0.000353815 0.000207291 0.000104266 4.43803e-05 1.4587e-05 2.65162e-06 0 
0 0.000214434 0.000212956 4.7366e-05 3.62739e-06 1.2125e-07 2.21323e-09 2.83942e-11 3.36979e-13 4.88747e-15 1.12478e-16 5.14198e-18 5.58173e-19 1.61337e-19 1.2518e-19 2.4942e-19 1.20427e-18 1.23432e-17 2.23762e-16 5.92559e-15 1.89538e-13 6.11284e-12 1.68639e-10 3.44407e-09 4.63074e-08 3.83301e-07 1.9967e-06 7.43176e-06 2.33117e-05 6.67554e-05 0.000165116 0.000313707 0.000422061 0.000402409 0.000290836 0.000172091 8.69061e-05 3.70455e-05 1.21824e-05 2.21489e-06 0 
0 0.000215695 0.000282713 9.48026e-05 1.24669e-05 8.11599e-07 3.17759e-08 9.2281e-10 2.49423e-11 7.89678e-13 3.63347e-14 2.92337e-15 4.73522e-16 1.686e-16 1.36086e-16 2.42815e-16 8.88571e-16 5.94735e-15 6.31907e-14 9.11614e-13 1.52065e-11 2.49964e-10 3.44407e-09 3.34652e-08 1.91619e-07 5.71915e-07 9.68398e-07 1.38743e-06 2.81643e-06 9.66261e-06 4.04841e-05 0.000129683 0.000248306 0.000286114 0.000225356 0.000137993 7.05529e-05 3.01996e-05 9.94426e-06 1.80871e-06 0 
0 0.000207679 0.000351766 0.00017283 3.7114e-05 4.39954e-06 3.42486e-07 2.07932e-08 1.18239e-09 7.58073e-11 6.52198e-12 8.74229e-13 2.0457e-13 8.97009e-14 7.5555e-14 1.19815e-13 3.36871e-13 1.53165e-12 1.00425e-11 8.35221e-11 7.68243e-10 6.72042e-09 4.63074e-08 1.91619e-07 3.26373e-07 1.63597e-07 2.88414e-08 5.57772e-09 5.68183e-09 5.02746e-08 1.23341e-06 1.88908e-05 9.38594e-05 0.000171068 0.00016256 0.000106574 5.57454e-05 2.40331e-05 7.93089e-06 1.44343e-06 0 
0 0.000190336 0.000405007 0.00028218 9.38469e-05 1.87685e-05 2.65762e-06 3.07147e-07 3.34822e-08 3.98311e-09 5.93072e-10 1.24346e-10 4.01602e-11 2.11314e-11 1.84759e-11 2.64266e-11 5.89895e-11 1.9111e-10 8.2025e-10 4.20007e-09 2.27515e-08 1.11518e-07 3.83301e-07 5.71915e-07 1.63597e-07 3.74244e-09 8.8489e-12 2.74231e-14 7.51001e-15 9.17814e-13 1.26965e-09 5.7193e-07 1.96365e-05 8.36776e-05 0.000109001 7.93673e-05 4.2885e-05 1.8667e-05 6.17706e-06 1.1251e-06 0 
0 0.000165418 0.000427296 0.000406746 0.00019948 6.24424e-05 1.46489e-05 2.91479e-06 5.51263e-07 1.1082e-07 2.63022e-08 8.06833e-09 3.42799e-09 2.10649e-09 1.90125e-09 2.49082e-09 4.56847e-09 1.10908e-08 3.31774e-08 1.12275e-07 3.85563e-07 1.13149e-06 1.9967e-06 9.68398e-07 2.88414e-08 8.8489e-12 5.42011e-16 2.14624e-15 1.77154e-15 1.48793e-14 5.68286e-14 4.4822e-09 2.61774e-06 3.59178e-05 6.98417e-05 5.75085e-05 3.21947e-05 1.41526e-05 4.69585e-06 8.55935e-07 0 
0 0.00013609 0.000410753 0.000511062 0.000353596 0.000162533 5.79086e-05 1.79679e-05 5.33329e-06 1.64903e-06 5.74395e-07 2.41117e-07 1.28456e-07 8.97242e-08 8.31339e-08 1.01292e-07 1.57958e-07 3.02175e-07 6.71054e-07 1.61388e-06 3.80706e-06 7.321e-06 7.43176e-06 1.38743e-06 5.57772e-09 2.74231e-14 2.14624e-15 8.49291e-16 1.31195e-15 5.40042e-15 6.48246e-14 5.58451e-11 4.39437e-07 1.68242e-05 4.55422e-05 4.12221e-05 2.36716e-05 1.04753e-05 3.48169e-06 6.34905e-07 0 
0 0.000106019 0.000359606 0.000554984 0.00051723 0.000332195 0.00016768 7.43852e-05 3.15751e-05 1.37317e-05 6.48617e-06 3.49482e-06 2.22996e-06 1.72523e-06 1.63224e-06 1.87661e-06 2.5706e-06 4.06605e-06 7.12268e-06 1.3069e-05 2.30034e-05 3.2398e-05 2.33117e-05 2.81643e-06 5.68183e-09 7.51001e-15 1.77154e-15 1.31195e-15 3.82904e-15 1.56859e-14 2.15384e-13 1.48091e-11 2.28594e-07 1.11475e-05 3.23046e-05 2.96864e-05 1.70928e-05 7.56631e-06 2.51478e-06 4.58569e-07 0 
0 7.83601e-05 0.000288177 0.000521286 0.000618442 0.000530432 0.000361141 0.000214851 0.00012098 6.85195e-05 4.0905e-05 2.66959e-05 1.95651e-05 1.63729e-05 1.57391e-05 1.73023e-05 2.1448e-05 2.93089e-05 4.27951e-05 6.38859e-05 9.05299e-05 0.000104148 6.67554e-05 9.66261e-06 5.02746e-08 9.17814e-13 1.48793e-14 5.40042e-15 1.56859e-14 3.16366e-15 2.34486e-15 2.00036e-10 4.80803e-07 1.12174e-05 2.53098e-05 2.15185e-05 1.21077e-05 5.32411e-06 1.76621e-06 3.21897e-07 0 
0 5.50924e-05 0.0002133 0.000428836 0.000606353 0.000656555 0.000577771 0.000441937 0.000314104 0.000219259 0.000156734 0.000118261 9.61698e-05 8.53395e-05 8.30066e-05 8.82292e-05 0.000101471 0.000124219 0.000158101 0.000202052 0.000244424 0.000248932 0.000165116 4.04841e-05 1.23341e-06 1.26965e-09 5.68286e-14 6.48246e-14 2.15384e-13 2.34486e-15 3.87471e-12 1.76257e-08 2.08551e-06 1.40953e-05 2.07607e-05 1.54591e-05 8.36542e-06 3.63767e-06 1.20296e-06 2.19051e-07 0 
0 3.69183e-05 0.000147281 0.000315405 0.000498808 0.000636557 0.000684679 0.000646616 0.00056093 0.000466883 0.000386656 0.000327376 0.000288663 0.000267965 0.000262997 0.000272452 0.000295835 0.00033261 0.000380262 0.000430372 0.000461987 0.00043621 0.000313707 0.000129683 1.88908e-05 5.7193e-07 4.4822e-09 5.58451e-11 1.48091e-11 2.00036e-10 1.76257e-08 8.37398e-07 7.54574e-06 1.67527e-05 1.64752e-05 1.07553e-05 5.59023e-06 2.40213e-06 7.91646e-07 1.44011e-07 0 
0 2.35822e-05 9.5596e-05 0.0002118 0.000356628 0.000502401 0.000617229 0.000680141 0.000690885 0.000665466 0.000624058 0.000582368 0.000549549 0.000529709 0.000523956 0.000531679 0.000550885 0.000577685 0.000605101 0.000621485 0.000609471 0.000547899 0.000422061 0.000248306 9.38594e-05 1.96365e-05 2.61774e-06 4.39437e-07 2.28594e-07 4.80803e-07 2.08551e-06 7.54574e-06 1.47172e-05 1.60872e-05 1.19983e-05 7.112e-06 3.58235e-06 1.5244e-06 5.00902e-07 9.10415e-08 0 
0 1.43163e-05 5.84938e-05 0.000131772 0.000228903 0.000339413 0.000448805 0.000542507 0.000610934 0.000652265 0.000671268 0.00067575 0.000673236 0.000669176 0.000666453 0.000665532 0.000664744 0.000660555 0.000647896 0.000620741 0.000573091 0.000500496 0.000402409 0.000286114 0.000171068 8.36776e-05 3.59178e-05 1.68242e-05 1.11475e-05 1.12174e-05 1.40953e-05 1.67527e-05 1.60872e-05 1.23208e-05 7.90065e-06 4.42297e-06 2.18382e-06 9.23159e-07 3.02703e-07 5.4982e-08 0 
0 8.20029e-06 3.3626e-05 7.63205e-05 0.000134447 0.000204074 0.000279395 0.000353632 0.000420508 0.000475675 0.000517368 0.00054607 0.000563539 0.000571771 0.000572262 0.000565679 0.000551873 0.000530141 0.000499637 0.000459823 0.000410855 0.000353815 0.000290836 0.000225356 0.00016256 0.000109001 6.98417e-05 4.55422e-05 3.23046e-05 2.53098e-05 2.07607e-05 1.64752e-05 1.19983e-05 7.90065e-06 4.72349e-06 2.56917e-06 1.25479e-06 5.28397e-07 1.73035e-07 3.14163e-08 0 
0 4.37197e-06 1.79554e-05 4.08813e-05 7.24347e-05 0.000111015 0.000154215 0.000199077 0.000242497 0.000281697 0.000314586 0.000339902 0.000357125 0.000366256 0.00036758 0.00036151 0.000348527 0.000329215 0.000304332 0.000274867 0.000242051 0.000207291 0.000172091 0.000137993 0.000106574 7.93673e-05 5.75085e-05 4.12221e-05 2.96864e-05 2.15185e-05 1.54591e-05 1.07553e-05 7.112e-06 4.42297e-06 2.56917e-06 1.37953e-06 6.70245e-07 2.81681e-07 9.21769e-08 1.67315e-08 0 
0 2.1172e-06 8.70066e-06 1.98343e-05 3.52217e-05 5.41809e-05 7.56832e-05 9.84414e-05 0.000121041 0.000142097 0.000160391 0.000174981 0.00018524 0.000190852 0.000191781 0.000188222 0.000180572 0.000169388 0.000155362 0.000139282 0.000121977 0.000104266 8.69061e-05 7.05529e-05 5.57454e-05 4.2885e-05 3.21947e-05 2.36716e-05 1.70928e-05 1.21077e-05 8.36542e-06 5.59023e-06 3.58235e-06 2.18382e-06 1.25479e-06 6.70245e-07 3.24891e-07 1.36413e-07 4.46239e-08 8.09885e-09 0 
0 8.88553e-07 3.65241e-06 8.33002e-06 1.48045e-05 2.28037e-05 3.19165e-05 4.16254e-05 5.13524e-05 6.05125e-05 6.85668e-05 7.50678e-05 7.96899e-05 8.22454e-05 8.26857e-05 8.10918e-05 7.76574e-05 7.26655e-05 6.64623e-05 5.94279e-05 5.19467e-05 4.43803e-05 3.70455e-05 3.01996e-05 2.40331e-05 1.8667e-05 1.41526e-05 1.04753e-05 7.56631e-06 5.32411e-06 3.63767e-06 2.40213e-06 1.5244e-06 9.23159e-07 5.28397e-07 2.81681e-07 1.36413e-07 5.72533e-08 1.87258e-08 3.39835e-09 0 
0 2.90609e-07 1.19466e-06 2.7251e-06 4.84457e-06 7.4656e-06 1.0456e-05 1.36489e-05 1.68571e-05 1.98889e-05 2.25651e-05 2.47337e-05 2.62812e-05 2.71399e-05 2.72899e-05 2.67575e-05 2.56092e-05 2.39433e-05 2.18792e-05 1.9547e-05 1.70762e-05 1.4587e-05 1.21824e-05 9.94426e-06 7.93089e-06 6.17706e-06 4.69585e-06 3.48169e-06 2.51478e-06 1.76621e-06 1.20296e-06 7.91646e-07 5.00902e-07 3.02703e-07 1.73035e-07 9.21769e-08 4.46239e-08 1.87258e-08 6.12418e-09 1.11139e-09 0 
0 5.27388e-08 2.1681e-07 4.94589e-07 8.79344e-07 1.3553e-06 1.89858e-06 2.47906e-06 3.06285e-06 3.61516e-06 4.10328e-06 4.49931e-06 4.78224e-06 4.9394e-06 4.96699e-06 4.86974e-06 4.65992e-06 4.35566e-06 3.97904e-06 3.55398e-06 3.10421e-06 2.65162e-06 2.21489e-06 1.80871e-06 1.44343e-06 1.1251e-06 8.55935e-07 6.34905e-07 4.58569e-07 3.21897e-07 2.19051e-07 1.44011e-07 9.10415e-08 5.4982e-08 3.14163e-08 1.67315e-08 8.09885e-09 3.39835e-09 1.11139e-09 2.01686e-10 0 
0 0 0 0 0 0 0 0 0 0 0 0 0 0 0 0 0 0 0 0 0 0 0 0 0 0 0 0 0 0 0 0 0 0 0 0 0 0 0 0 0 
