0 0 0 0 0 0 0 0 0 0 0 0 0 0 0 0 0 0 0 0 0 0 0 0 0 0 0 0 0 0 0 0 0 0 0 0 0 0 0 0 0 
0 1.33887e-05 5.30923e-05 0.000113294 0.00018073 0.00023861 0.000274706 0.000286592 0.000279909 0.000263108 0.000243476 0.000225777 0.000212527 0.000204769 0.000202738 0.000206245 0.000214814 0.000227616 0.000243308 0.000259858 0.000274497 0.000283944 0.000284968 0.000275253 0.000254252 0.000223623 0.000186912 0.000148513 0.000112409 8.12775e-05 5.62755e-05 3.73454e-05 2.37198e-05 1.43559e-05 8.21047e-06 4.37429e-06 2.11765e-06 8.88628e-07 2.90618e-07 5.27394e-08 0 
0 5.30923e-05 0.000199981 0.00038555 0.000519132 0.000538843 0.000461308 0.000347347 0.000244028 0.000168217 0.000118532 8.81571e-05 7.08413e-05 6.24121e-05 6.06407e-05 6.48268e-05 7.55219e-05 9.44144e-05 0.000124225 0.000168322 0.00022966 0.000308685 0.000400412 0.000492075 0.000564008 0.000595911 0.00057666 0.000510957 0.000416852 0.000316057 0.000224961 0.000151515 9.69441e-05 5.88733e-05 3.37207e-05 1.79763e-05 8.70465e-06 3.65305e-06 1.19474e-06 2.16815e-07 0 
0 0.000113294 0.00038555 0.00060791 0.000592357 0.000400681 0.000210137 9.48625e-05 4.02914e-05 1.73577e-05 8.08768e-06 4.29806e-06 2.71183e-06 2.08338e-06 1.96758e-06 2.27133e-06 3.14385e-06 5.06379e-06 9.14463e-06 1.77753e-05 3.56988e-05 7.12903e-05 0.00013682 0.00024502 0.000399065 0.00057806 0.000731638 0.000801642 0.000762636 0.000639538 0.000483234 0.000336099 0.000218476 0.000133636 7.67763e-05 4.0979e-05 1.98525e-05 8.33283e-06 2.72543e-06 4.94609e-07 0 
0 0.00018073 0.000519132 0.000592357 0.000357808 0.000135321 3.75119e-05 8.71468e-06 1.90847e-06 4.39274e-07 1.17357e-07 3.96054e-08 1.80103e-08 1.1493e-08 1.0446e-08 1.33855e-08 2.34092e-08 5.31432e-08 1.47182e-07 4.6465e-07 1.56249e-06 5.25707e-06 1.67725e-05 4.8614e-05 0.00012389 0.000270565 0.000495046 0.000743775 0.000907898 0.00090811 0.00076614 0.000566464 0.000379592 0.000235406 0.000136026 7.27672e-05 3.5282e-05 1.48136e-05 4.84561e-06 8.79409e-07 0 
0 0.00023861 0.000538843 0.000400681 0.000135321 2.58519e-05 3.35818e-06 3.48847e-07 3.39442e-08 3.61416e-09 4.8672e-10 9.38797e-11 2.85178e-11 1.44793e-11 1.25532e-11 1.82929e-11 4.26739e-11 1.47854e-10 6.93459e-10 3.97799e-09 2.52185e-08 1.60869e-07 9.53036e-07 4.92437e-06 2.12303e-05 7.42566e-05 0.000206926 0.000451831 0.000759406 0.000974922 0.000975201 0.000797129 0.000562451 0.000357154 0.000208423 0.000111923 5.43429e-05 2.28277e-05 7.46828e-06 1.35546e-06 0 
0 0.000274706 0.000461308 0.000210137 3.75119e-05 3.35818e-06 1.85076e-07 7.67895e-09 2.95775e-10 1.30534e-11 8.04026e-13 8.1886e-14 1.56943e-14 6.13802e-15 5.04175e-15 8.5074e-15 2.7569e-14 1.54738e-13 1.32401e-12 1.502e-11 1.9646e-10 2.60324e-09 3.12745e-08 3.12196e-07 2.4364e-06 1.43468e-05 6.27958e-05 0.000203266 0.000482647 0.000829514 0.00103397 0.000973347 0.000741632 0.00048832 0.000289353 0.000156301 7.60518e-05 3.19702e-05 1.04619e-05 1.89893e-06 0 
0 0.000286592 0.000347347 9.48625e-05 8.71468e-06 3.48847e-07 7.67895e-09 1.19149e-10 1.70064e-12 2.92338e-14 7.79509e-16 4.00796e-17 4.69855e-18 1.39671e-18 1.08476e-18 2.13045e-18 9.78106e-18 9.19426e-17 1.4968e-15 3.52223e-14 1.00029e-12 2.90025e-11 7.43482e-10 1.50422e-08 2.21744e-07 2.27397e-06 1.59577e-05 7.69573e-05 0.000257331 0.000595331 0.000946324 0.00105751 0.000890867 0.000616369 0.000373094 0.000203208 9.91695e-05 4.17304e-05 1.36603e-05 2.47973e-06 0 
0 0.000279909 0.000244028 4.02914e-05 1.90847e-06 3.39442e-08 2.95775e-10 1.70064e-12 8.91749e-15 5.92347e-17 6.81833e-19 1.97164e-20 2.42309e-21 1.0101e-21 8.48781e-22 1.29197e-21 4.42671e-21 5.09358e-20 1.52146e-18 7.46136e-17 4.63029e-15 2.95741e-13 1.62912e-11 6.72888e-10 1.88722e-08 3.39111e-07 3.82452e-06 2.73239e-05 0.000126673 0.000387621 0.000782137 0.00104936 0.000992705 0.000729612 0.000453628 0.000249683 0.000122312 5.15347e-05 1.68766e-05 3.06398e-06 0 
0 0.000263108 0.000168217 1.73577e-05 4.39274e-07 3.61416e-09 1.30534e-11 2.92338e-14 5.92347e-17 1.6091e-19 1.10607e-21 5.75275e-23 1.3776e-23 7.94516e-24 7.08613e-24 8.80745e-24 1.91203e-23 1.03755e-22 2.41221e-21 2.09827e-19 2.72551e-17 3.68483e-15 4.19748e-13 3.41639e-11 1.76694e-09 5.41699e-08 9.59731e-07 9.93937e-06 6.23082e-05 0.000245047 0.000613187 0.000979792 0.00104457 0.000820153 0.000525622 0.000292836 0.000144081 6.07965e-05 1.99192e-05 3.6169e-06 0 
0 0.000243476 0.000118532 8.08768e-06 1.17357e-07 4.8672e-10 8.04026e-13 7.79509e-16 6.81833e-19 1.10607e-21 1.12423e-23 8.94303e-25 3.36536e-25 2.43601e-25 2.2565e-25 2.45103e-25 3.72802e-25 1.15836e-24 1.57041e-23 1.22882e-21 2.80283e-19 7.36108e-17 1.5986e-14 2.37706e-12 2.11833e-10 1.04482e-08 2.76809e-07 3.98792e-06 3.2588e-05 0.000158897 0.000476885 0.000887376 0.00105692 0.00088539 0.000585217 0.000330164 0.000163194 6.89683e-05 2.26078e-05 4.10572e-06 0 
0 0.000225777 8.81571e-05 4.29806e-06 3.96054e-08 9.38797e-11 8.1886e-14 4.00796e-17 1.97164e-20 5.75276e-23 8.94306e-25 5.75134e-26 1.93066e-26 1.5223e-26 1.43683e-26 1.43352e-26 1.76375e-26 4.51293e-26 5.43852e-25 2.99362e-23 6.83741e-21 2.97898e-18 1.09559e-15 2.66527e-13 3.70518e-11 2.69629e-09 9.93086e-08 1.87469e-06 1.90107e-05 0.000110105 0.00038121 0.000800765 0.001046 0.00092735 0.000630332 0.000359775 0.000178594 7.55863e-05 2.47887e-05 4.50244e-06 0 
0 0.000212527 7.08413e-05 2.71183e-06 1.80103e-08 2.85178e-11 1.56943e-14 4.69855e-18 2.42309e-21 1.3776e-23 3.36538e-25 1.93067e-26 2.73108e-27 1.43769e-27 1.28733e-27 1.22646e-27 1.53681e-27 6.02425e-27 8.98322e-26 3.7149e-24 5.46207e-22 2.92608e-19 1.57033e-16 5.45043e-14 1.04466e-11 1.00694e-09 4.70666e-08 1.08044e-06 1.28048e-05 8.38738e-05 0.000321149 0.000734967 0.001027 0.000950573 0.000660426 0.000380469 0.000189521 8.03058e-05 2.63465e-05 4.78595e-06 0 
0 0.000204769 6.24121e-05 2.08338e-06 1.1493e-08 1.44793e-11 6.13802e-15 1.39671e-18 1.0101e-21 7.94519e-24 2.43603e-25 1.52231e-26 1.43771e-27 2.63871e-28 1.46424e-28 1.41975e-28 3.28599e-28 2.63758e-27 4.17763e-26 1.40556e-24 1.53189e-22 7.81601e-20 5.1714e-17 2.19658e-14 5.05351e-12 5.71584e-10 3.06002e-08 7.85262e-07 1.01702e-05 7.14277e-05 0.000289433 0.00069531 0.00101043 0.000959789 0.000675931 0.000391693 0.000195545 8.2922e-05 2.72115e-05 4.94347e-06 0 
0 0.000202738 6.06407e-05 1.96758e-06 1.0446e-08 1.25532e-11 5.04175e-15 1.08476e-18 8.48782e-22 7.08615e-24 2.25651e-25 1.43684e-26 1.28734e-27 1.46425e-28 3.24079e-29 3.7794e-29 2.13372e-28 2.20968e-27 3.52299e-26 1.14145e-24 1.17864e-22 5.85852e-20 4.04596e-17 1.7933e-14 4.28858e-12 5.01872e-10 2.76585e-08 7.26901e-07 9.59486e-06 6.84048e-05 0.000280686 0.000682131 0.00100147 0.000958298 0.000677661 0.000393436 0.000196563 8.3376e-05 2.73631e-05 4.97115e-06 0 
0 0.000206245 6.48268e-05 2.27133e-06 1.33855e-08 1.82929e-11 8.5074e-15 2.13045e-18 1.29197e-21 8.80747e-24 2.45104e-25 1.43353e-26 1.22648e-27 1.41976e-28 3.77939e-29 5.13721e-29 2.71162e-28 2.80169e-27 4.83047e-26 1.80324e-24 2.22845e-22 1.19001e-19 7.32846e-17 2.90353e-14 6.27621e-12 6.7244e-10 3.43904e-08 8.50062e-07 1.06863e-05 7.33475e-05 0.000292159 0.000693466 0.00100052 0.000947266 0.000666422 0.000386116 0.000192769 8.17484e-05 2.68272e-05 4.87371e-06 0 
0 0.000214814 7.55219e-05 3.14385e-06 2.34092e-08 4.26739e-11 2.7569e-14 9.78106e-18 4.42671e-21 1.91204e-23 3.72804e-25 1.76376e-26 1.53682e-27 3.28598e-28 2.1337e-28 2.7116e-28 7.7907e-28 6.37191e-27 1.23701e-25 6.29893e-24 1.16024e-21 6.02209e-19 2.84089e-16 8.7389e-14 1.50328e-11 1.31906e-09 5.69565e-08 1.22525e-06 1.37913e-05 8.68376e-05 0.000323066 0.000725498 0.00100373 0.000925784 0.0006429 0.000370497 0.000184615 7.82412e-05 2.56713e-05 4.66346e-06 0 
0 0.000227616 9.44144e-05 5.06379e-06 5.31432e-08 1.47854e-10 1.54738e-13 9.19426e-17 5.09358e-20 1.03755e-22 1.15836e-24 4.51294e-26 6.02423e-27 2.63756e-27 2.20966e-27 2.80166e-27 6.37188e-27 4.02274e-26 8.74138e-25 6.63613e-23 1.72739e-20 6.59454e-18 2.0889e-15 4.42578e-13 5.43621e-11 3.55229e-09 1.19468e-07 2.09341e-06 2.00154e-05 0.000110927 0.000372844 0.00077117 0.00100344 0.000891458 0.00060779 0.00034764 0.000172759 7.31523e-05 2.39951e-05 4.35863e-06 0 
0 0.000243308 0.000124225 9.14463e-06 1.47182e-07 6.93459e-10 1.32401e-12 1.4968e-15 1.52146e-18 2.41221e-21 1.57041e-23 5.43851e-25 8.98319e-26 4.17761e-26 3.52297e-26 4.83044e-26 1.237e-25 8.74137e-25 2.43799e-23 2.64054e-21 5.63373e-19 1.30459e-16 2.50844e-14 3.3321e-12 2.68277e-10 1.21068e-08 2.97384e-07 4.0261e-06 3.13508e-05 0.000147939 0.00043757 0.000817429 0.000988591 0.00084133 0.000562038 0.000318865 0.000158007 6.68445e-05 2.19201e-05 3.98139e-06 0 
0 0.000259858 0.000168322 1.77753e-05 4.6465e-07 3.97799e-09 1.502e-11 3.52223e-14 7.46136e-17 2.09827e-19 1.22882e-21 2.99361e-23 3.7149e-24 1.40555e-24 1.14144e-24 1.80323e-24 6.29892e-24 6.63613e-23 2.64054e-21 2.39455e-19 2.97229e-17 3.83375e-15 4.17266e-13 3.25095e-11 1.6126e-09 4.75227e-08 8.12028e-07 8.15725e-06 5.011e-05 0.000196546 0.000503144 0.00084202 0.000945767 0.000772887 0.000507032 0.00028569 0.000141245 5.97124e-05 1.95776e-05 3.55575e-06 0 
0 0.000274497 0.00022966 3.56988e-05 1.56249e-06 2.52185e-08 1.9646e-10 1.00029e-12 4.63029e-15 2.72551e-17 2.80283e-19 6.83741e-21 5.46206e-22 1.53189e-22 1.17864e-22 2.22845e-22 1.16024e-21 1.72739e-20 5.63373e-19 2.97229e-17 1.99375e-15 1.37592e-13 8.13893e-12 3.56795e-10 1.0452e-08 1.92758e-07 2.20031e-06 1.58476e-05 7.49609e-05 0.000241441 0.000535293 0.00081212 0.000861205 0.000684859 0.000444647 0.000249738 0.000123373 5.21502e-05 1.70983e-05 3.1055e-06 0 
0 0.000283944 0.000308685 7.12903e-05 5.25707e-06 1.60869e-07 2.60324e-09 2.90025e-11 2.95741e-13 3.68483e-15 7.36108e-17 2.97898e-18 2.92608e-19 7.81601e-20 5.85852e-20 1.19001e-19 6.02209e-19 6.59454e-18 1.30459e-16 3.83375e-15 1.37592e-13 5.02219e-12 1.58883e-10 3.82687e-09 6.38963e-08 7.02387e-07 5.06485e-06 2.49362e-05 8.88616e-05 0.000237955 0.000475903 0.000690128 0.000723938 0.000577625 0.00037712 0.00021262 0.000105242 4.45236e-05 1.46026e-05 2.65254e-06 0 
0 0.000284968 0.000400412 0.00013682 1.67725e-05 9.53036e-07 3.12745e-08 7.43482e-10 1.62912e-11 4.19748e-13 1.5986e-14 1.09559e-15 1.57033e-16 5.1714e-17 4.04596e-17 7.32846e-17 2.84089e-16 2.0889e-15 2.50844e-14 4.17266e-13 8.13893e-12 1.58883e-10 2.68894e-09 3.48177e-08 3.12256e-07 1.83762e-06 7.27516e-06 2.17434e-05 5.66407e-05 0.000136667 0.00028586 0.000460002 0.00053238 0.000453808 0.000306946 0.000175849 8.76014e-05 3.71483e-05 1.21937e-05 2.21556e-06 0 
0 0.000275253 0.000492075 0.00024502 4.8614e-05 4.92437e-06 3.12196e-07 1.50422e-08 6.72888e-10 3.41639e-11 2.37706e-12 2.66527e-13 5.45043e-14 2.19658e-14 1.7933e-14 2.90353e-14 8.7389e-14 4.42578e-13 3.3321e-12 3.25095e-11 3.56795e-10 3.82687e-09 3.48177e-08 2.31419e-07 9.64257e-07 2.2779e-06 3.31397e-06 4.24254e-06 7.50781e-06 2.12907e-05 7.2011e-05 0.000189676 0.000310503 0.000320745 0.00023713 0.000140823 7.10804e-05 3.02776e-05 9.95279e-06 1.80921e-06 0 
0 0.000254252 0.000564008 0.000399065 0.00012389 2.12303e-05 2.4364e-06 2.21744e-07 1.88722e-08 1.76694e-09 2.11833e-10 3.70518e-11 1.04466e-11 5.05351e-12 4.28858e-12 6.27621e-12 1.50328e-11 5.43621e-11 2.68277e-10 1.6126e-09 1.0452e-08 6.38963e-08 3.12256e-07 9.64257e-07 1.36049e-06 6.60365e-07 1.30426e-07 2.87308e-08 2.78784e-08 1.82206e-07 2.95505e-06 3.16084e-05 0.000123331 0.000194918 0.000171876 0.000108894 5.61772e-05 2.40961e-05 7.93768e-06 1.44382e-06 0 
0 0.000223623 0.000595911 0.00057806 0.000270565 7.42566e-05 1.43468e-05 2.27397e-06 3.39111e-07 5.41699e-08 1.04482e-08 2.69629e-09 1.00694e-09 5.71584e-10 5.01872e-10 6.7244e-10 1.31906e-09 3.55229e-09 1.21068e-08 4.75227e-08 1.92758e-07 7.02387e-07 1.83762e-06 2.2779e-06 6.60365e-07 2.09691e-08 9.18517e-11 6.11415e-13 2.03938e-13 1.09813e-11 6.22106e-09 1.33792e-06 2.92419e-05 9.92974e-05 0.000116645 8.13635e-05 4.32534e-05 1.87196e-05 6.18262e-06 1.12542e-06 0 
0 0.000186912 0.00057666 0.000731638 0.000495046 0.000206926 6.27958e-05 1.59577e-05 3.82452e-06 9.59731e-07 2.76809e-07 9.93086e-08 4.70666e-08 3.06002e-08 2.76585e-08 3.43904e-08 5.69565e-08 1.19468e-07 2.97384e-07 8.12028e-07 2.20031e-06 5.06485e-06 7.27516e-06 3.31397e-06 1.30426e-07 9.18517e-11 1.44603e-15 1.5025e-15 2.90995e-15 1.01064e-16 8.39746e-13 1.74603e-08 4.69342e-06 4.51105e-05 7.59216e-05 5.91938e-05 3.25033e-05 1.41957e-05 4.7003e-06 8.56183e-07 0 
0 0.000148513 0.000510957 0.000801642 0.000743775 0.000451831 0.000203266 7.69573e-05 2.73239e-05 9.93937e-06 3.98792e-06 1.87469e-06 1.08044e-06 7.85262e-07 7.26901e-07 8.50062e-07 1.22525e-06 2.09341e-06 4.0261e-06 8.15725e-06 1.58476e-05 2.49362e-05 2.17434e-05 4.24254e-06 2.87308e-08 6.11415e-13 1.5025e-15 1.28004e-16 1.6667e-16 2.35377e-17 2.09922e-16 3.50833e-10 9.30004e-07 2.21567e-05 5.00964e-05 4.25436e-05 2.39116e-05 1.05082e-05 3.48504e-06 6.35089e-07 0 
0 0.000112409 0.000416852 0.000762636 0.000907898 0.000759406 0.000482647 0.000257331 0.000126673 6.23082e-05 3.2588e-05 1.90107e-05 1.28048e-05 1.01702e-05 9.59486e-06 1.06863e-05 1.37913e-05 2.00154e-05 3.13508e-05 5.011e-05 7.49609e-05 8.88616e-05 5.66407e-05 7.50781e-06 2.78784e-08 2.03938e-13 2.90995e-15 1.6667e-16 3.01229e-17 1.65211e-17 5.28785e-16 1.06646e-10 5.01271e-07 1.47817e-05 3.55343e-05 3.06174e-05 1.72596e-05 7.58897e-06 2.51706e-06 4.58694e-07 0 
0 8.12775e-05 0.000316057 0.000639538 0.00090811 0.000974922 0.000829514 0.000595331 0.000387621 0.000245047 0.000158897 0.000110105 8.38738e-05 7.14277e-05 6.84048e-05 7.33475e-05 8.68376e-05 0.000110927 0.000147939 0.000196546 0.000241441 0.000237955 0.000136667 2.12907e-05 1.82206e-07 1.09813e-11 1.01064e-16 2.35377e-17 1.65211e-17 7.00842e-17 4.39159e-15 9.90036e-10 9.26219e-07 1.42441e-05 2.74508e-05 2.20943e-05 1.2209e-05 5.33784e-06 1.7676e-06 3.21974e-07 0 
0 5.62755e-05 0.000224961 0.000483234 0.00076614 0.000975201 0.00103397 0.000946324 0.000782137 0.000613187 0.000476885 0.00038121 0.000321149 0.000289433 0.000280686 0.000292159 0.000323066 0.000372844 0.00043757 0.000503144 0.000535293 0.000475903 0.00028586 7.2011e-05 2.95505e-06 6.22106e-09 8.39746e-13 2.09922e-16 5.28786e-16 4.39159e-15 2.96163e-11 4.96064e-08 3.24346e-06 1.66637e-05 2.2017e-05 1.57652e-05 8.41844e-06 3.64491e-06 1.2037e-06 2.19092e-07 0 
0 3.73454e-05 0.000151515 0.000336099 0.000566464 0.000797129 0.000973347 0.00105751 0.00104936 0.000979792 0.000887376 0.000800765 0.000734967 0.00069531 0.000682131 0.000693466 0.000725498 0.00077117 0.000817429 0.00084202 0.00081212 0.000690128 0.000460002 0.000189676 3.16084e-05 1.33792e-06 1.74603e-08 3.50833e-10 1.06646e-10 9.90036e-10 4.96064e-08 1.44804e-06 9.65963e-06 1.84955e-05 1.70875e-05 1.08927e-05 5.61399e-06 2.40544e-06 7.91992e-07 1.44031e-07 0 
0 2.37198e-05 9.69441e-05 0.000218476 0.000379592 0.000562451 0.000741632 0.000890867 0.000992705 0.00104457 0.00105692 0.001046 0.001027 0.00101043 0.00100147 0.00100052 0.00100373 0.00100344 0.000988591 0.000945767 0.000861205 0.000723938 0.00053238 0.000310503 0.000123331 2.92419e-05 4.69342e-06 9.30004e-07 5.01271e-07 9.26218e-07 3.24346e-06 9.65963e-06 1.65717e-05 1.69237e-05 1.22386e-05 7.16392e-06 3.59148e-06 1.52571e-06 5.01043e-07 9.10498e-08 0 
0 1.43559e-05 5.88733e-05 0.000133636 0.000235406 0.000357154 0.00048832 0.000616369 0.000729612 0.000820153 0.00088539 0.00092735 0.000950573 0.000959789 0.000958298 0.000947266 0.000925784 0.000891458 0.00084133 0.000772887 0.000684859 0.000577625 0.000453808 0.000320745 0.000194918 9.92974e-05 4.51105e-05 2.21567e-05 1.47817e-05 1.42441e-05 1.66637e-05 1.84955e-05 1.69237e-05 1.2609e-05 7.97714e-06 4.43955e-06 2.18683e-06 9.23608e-07 3.02753e-07 5.49851e-08 0 
0 8.21047e-06 3.37207e-05 7.67763e-05 0.000136026 0.000208423 0.000289353 0.000373094 0.000453628 0.000525622 0.000585217 0.000630332 0.000660426 0.000675931 0.000677661 0.000666422 0.0006429 0.00060779 0.000562038 0.000507032 0.000444647 0.00037712 0.000306946 0.00023713 0.000171876 0.000116645 7.59216e-05 5.00964e-05 3.55343e-05 2.74508e-05 2.2017e-05 1.70875e-05 1.22386e-05 7.97714e-06 4.7437e-06 2.5737e-06 1.25565e-06 5.2853e-07 1.73051e-07 3.14173e-08 0 
0 4.37429e-06 1.79763e-05 4.0979e-05 7.27672e-05 0.000111923 0.000156301 0.000203208 0.000249683 0.000292836 0.000330164 0.000359775 0.000380469 0.000391693 0.000393436 0.000386116 0.000370497 0.00034764 0.000318865 0.00028569 0.000249738 0.00021262 0.000175849 0.000140823 0.000108894 8.13635e-05 5.91938e-05 4.25436e-05 3.06174e-05 2.20943e-05 1.57652e-05 1.08927e-05 7.16392e-06 4.43955e-06 2.5737e-06 1.38059e-06 6.70456e-07 2.81715e-07 9.21811e-08 1.67318e-08 0 
0 2.11765e-06 8.70465e-06 1.98525e-05 3.5282e-05 5.43429e-05 7.60518e-05 9.91695e-05 0.000122312 0.000144081 0.000163194 0.000178594 0.000189521 0.000195545 0.000196563 0.000192769 0.000184615 0.000172759 0.000158007 0.000141245 0.000123373 0.000105242 8.76014e-05 7.10804e-05 5.61772e-05 4.32534e-05 3.25033e-05 2.39116e-05 1.72596e-05 1.2209e-05 8.41844e-06 5.61399e-06 3.59148e-06 2.18683e-06 1.25565e-06 6.70456e-07 3.24936e-07 1.36421e-07 4.46248e-08 8.09892e-09 0 
0 8.88628e-07 3.65305e-06 8.33283e-06 1.48136e-05 2.28277e-05 3.19702e-05 4.17304e-05 5.15347e-05 6.07965e-05 6.89683e-05 7.55863e-05 8.03058e-05 8.2922e-05 8.3376e-05 8.17484e-05 7.82412e-05 7.31523e-05 6.68445e-05 5.97124e-05 5.21502e-05 4.45236e-05 3.71483e-05 3.02776e-05 2.40961e-05 1.87196e-05 1.41957e-05 1.05082e-05 7.58897e-06 5.33784e-06 3.64491e-06 2.40544e-06 1.52571e-06 9.23608e-07 5.2853e-07 2.81715e-07 1.36421e-07 5.72547e-08 1.8726e-08 3.39837e-09 0 
0 2.90618e-07 1.19474e-06 2.72543e-06 4.84561e-06 7.46828e-06 1.04619e-05 1.36603e-05 1.68766e-05 1.99192e-05 2.26078e-05 2.47887e-05 2.63465e-05 2.72115e-05 2.73631e-05 2.68272e-05 2.56713e-05 2.39951e-05 2.19201e-05 1.95776e-05 1.70983e-05 1.46026e-05 1.21937e-05 9.95279e-06 7.93768e-06 6.18262e-06 4.7003e-06 3.48504e-06 2.51706e-06 1.7676e-06 1.2037e-06 7.91992e-07 5.01043e-07 3.02753e-07 1.73051e-07 9.21811e-08 4.46248e-08 1.8726e-08 6.12421e-09 1.11139e-09 0 
0 5.27394e-08 2.16815e-07 4.94609e-07 8.79409e-07 1.35546e-06 1.89893e-06 2.47973e-06 3.06398e-06 3.6169e-06 4.10572e-06 4.50244e-06 4.78595e-06 4.94347e-06 4.97115e-06 4.87371e-06 4.66346e-06 4.35863e-06 3.98139e-06 3.55575e-06 3.1055e-06 2.65254e-06 2.21556e-06 1.80921e-06 1.44382e-06 1.12542e-06 8.56183e-07 6.35089e-07 4.58694e-07 3.21974e-07 2.19092e-07 1.44031e-07 9.10498e-08 5.49851e-08 3.14173e-08 1.67318e-08 8.09892e-09 3.39837e-09 1.11139e-09 2.01686e-10 0 
0 0 0 0 0 0 0 0 0 0 0 0 0 0 0 0 0 0 0 0 0 0 0 0 0 0 0 0 0 0 0 0 0 0 0 0 0 0 0 0 0 
