0 0 0 0 0 0 0 0 0 0 0 0 0 0 0 0 0 0 0 0 0 0 0 0 0 0 0 0 0 0 0 0 0 0 0 0 0 0 0 0 0 
0 1.3791e-05 5.66953e-05 0.000129334 0.000229948 0.000354405 0.000496448 0.000648169 0.000800658 0.000944776 0.00107196 0.00117495 0.00124836 0.00128902 0.00129607 0.00127078 0.00121632 0.00113731 0.00103941 0.000928772 0.000811553 0.000693478 0.000579458 0.000473359 0.000377898 0.000294664 0.000224237 0.00016636 0.000120155 8.43267e-05 5.73649e-05 3.7699e-05 2.38241e-05 1.43839e-05 8.21723e-06 4.37575e-06 2.11793e-06 8.88673e-07 2.90623e-07 5.27398e-08 0 
0 5.66953e-05 0.000233074 0.000531673 0.000945208 0.00145657 0.0020398 0.00266198 0.00328596 0.00387376 0.00439015 0.00480596 0.00510048 0.00526236 0.0052894 0.00518734 0.00496855 0.00465069 0.00425541 0.00380679 0.00332958 0.00284728 0.00238038 0.00194519 0.00155322 0.00121126 0.000921811 0.000683907 0.000493961 0.000346673 0.000235832 0.000154984 9.79433e-05 5.91335e-05 3.37818e-05 1.79891e-05 8.70702e-06 3.65342e-06 1.19478e-06 2.16818e-07 0 
0 0.000129334 0.000531673 0.00121272 0.00215557 0.00332047 0.00464666 0.00605642 0.00746158 0.00877249 0.00990851 0.0108076 0.0114316 0.0117661 0.0118151 0.0115948 0.0111292 0.0104495 0.00959465 0.00861171 0.00755328 0.00647285 0.00541932 0.00443261 0.00354131 0.00276244 0.00210263 0.00156009 0.00112683 0.000790848 0.000537994 0.00035356 0.000223435 0.000134899 7.70654e-05 4.10381e-05 1.98631e-05 8.33443e-06 2.72561e-06 4.94621e-07 0 
0 0.000229948 0.000945208 0.00215557 0.00382981 0.00589409 0.00823347 0.0106976 0.0131134 0.0153076 0.017136 0.0185097 0.0194039 0.0198435 0.0198748 0.0195387 0.0188601 0.017855 0.0165471 0.0149835 0.0132393 0.0114084 0.00958751 0.00786018 0.00628805 0.00490854 0.00373745 0.00277352 0.00200343 0.00140611 0.000956555 0.000628633 0.00039727 0.000239853 0.000137023 7.29663e-05 3.53168e-05 1.48187e-05 4.84619e-06 8.79444e-07 0 
0 0.000354405 0.00145657 0.00332047 0.00589409 0.00905278 0.0125948 0.016245 0.0196797 0.0225873 0.0247539 0.0261283 0.0268183 0.0270151 0.0268946 0.0265484 0.0259655 0.0250619 0.023739 0.0219495 0.0197369 0.0172317 0.0146098 0.0120428 0.00966354 0.00755549 0.00575731 0.00427395 0.00308771 0.00216725 0.00147438 0.000968949 0.000612339 0.000369702 0.000211204 0.000112468 5.44362e-05 2.28411e-05 7.46975e-06 1.35555e-06 0 
0 0.000496448 0.0020398 0.00464666 0.00823347 0.0125948 0.0173782 0.0220762 0.0260902 0.0289051 0.0303157 0.0305284 0.0300353 0.0293648 0.0288873 0.0287421 0.0288447 0.0289314 0.0286405 0.0276423 0.0257798 0.0231367 0.0199862 0.016664 0.0134574 0.0105563 0.00805651 0.00598492 0.00432506 0.00303611 0.00206555 0.00135749 0.000857883 0.000517951 0.000295896 0.000157567 7.62651e-05 3.20004e-05 1.04651e-05 1.89912e-06 0 
0 0.000648169 0.00266198 0.00605642 0.0106976 0.016245 0.0220762 0.0272679 0.0307946 0.0320085 0.0310734 0.0288779 0.0264861 0.0246702 0.0238065 0.0239793 0.025073 0.026775 0.0285461 0.0296822 0.0295522 0.0279005 0.0249575 0.0212626 0.0173792 0.0137167 0.0104989 0.00780917 0.00564634 0.00396443 0.00269733 0.00177274 0.00112032 0.0006764 0.000386415 0.00020577 9.95959e-05 4.17899e-05 1.36666e-05 2.48009e-06 0 
0 0.000800658 0.00328596 0.00746158 0.0131134 0.0196797 0.0260902 0.0307946 0.0323599 0.030499 0.0264283 0.0219424 0.0183061 0.015999 0.0150532 0.0153916 0.0169601 0.0196732 0.0232252 0.0268852 0.0295463 0.0302147 0.028611 0.0252675 0.0210764 0.0168083 0.0129279 0.0096363 0.00697343 0.00489784 0.00333282 0.00219049 0.00138435 0.000835813 0.000477486 0.000254266 0.000123069 5.1639e-05 1.68875e-05 3.0646e-06 0 
0 0.000944776 0.00387376 0.00877249 0.0153076 0.0225873 0.0289051 0.0320085 0.030499 0.0253228 0.0190898 0.0139001 0.0104306 0.00850264 0.00777879 0.00807073 0.00939522 0.0119208 0.0157942 0.0207817 0.0258806 0.0294585 0.0302233 0.0281298 0.0241866 0.0195937 0.0151818 0.0113525 0.00822599 0.00578045 0.00393412 0.00258586 0.00163425 0.000986701 0.000563687 0.000300169 0.000145287 6.09615e-05 1.99363e-05 3.61786e-06 0 
0 0.00107196 0.00439015 0.00990851 0.017136 0.0247539 0.0303157 0.0310734 0.0264283 0.0190898 0.0124517 0.00795858 0.00539179 0.00411195 0.00365887 0.00384008 0.00469506 0.00647248 0.00958012 0.0143423 0.0204169 0.0262585 0.0296857 0.0295348 0.0264277 0.0218647 0.0171117 0.0128514 0.00932852 0.00655963 0.00446552 0.0029354 0.00185521 0.00112012 0.00063991 0.00034076 0.000164933 6.9205e-05 2.26322e-05 4.10709e-06 0 
0 0.00117495 0.00480596 0.0108076 0.0185097 0.0261283 0.0305284 0.0288779 0.0219424 0.0139001 0.00795858 0.00453923 0.00281546 0.00202618 0.00175714 0.00185677 0.00235869 0.00347824 0.00564916 0.00946458 0.0152327 0.0220721 0.0276041 0.0295552 0.0276856 0.0234834 0.0186016 0.0140449 0.010217 0.00719045 0.00489647 0.00321904 0.00203456 0.00122842 0.000701784 0.000373708 0.000180881 7.58967e-05 2.48206e-05 4.50422e-06 0 
0 0.00124836 0.00510048 0.0114316 0.0194039 0.0268183 0.0300353 0.0264861 0.0183061 0.0104306 0.00539179 0.00281546 0.00163022 0.00111995 0.000949448 0.00100475 0.00130877 0.00202364 0.00351702 0.0064155 0.0113775 0.0182149 0.0249232 0.028602 0.0280411 0.0244055 0.019582 0.0148711 0.0108443 0.00763921 0.00520395 0.00342164 0.00216271 0.00130582 0.000746008 0.00039726 0.00019228 8.06798e-05 2.63848e-05 4.78808e-06 0 
0 0.00128902 0.00526236 0.0117661 0.0198435 0.0270151 0.0293648 0.0246702 0.015999 0.00850264 0.00411195 0.00202618 0.00111995 0.00074426 0.000619141 0.00065259 0.000859411 0.00136319 0.00246447 0.00473709 0.00894776 0.0153468 0.0224406 0.0272031 0.0277079 0.0246704 0.0200311 0.0152976 0.0111827 0.00788558 0.00537398 0.00353401 0.00223388 0.00134883 0.000770584 0.000410348 0.000198616 8.33381e-05 2.72541e-05 4.94585e-06 0 
0 0.00129607 0.0052894 0.0118151 0.0198748 0.0268946 0.0288873 0.0238065 0.0150532 0.00777879 0.00365887 0.00175714 0.000949448 0.000619141 0.000507713 0.000530286 0.000696085 0.00110767 0.00202316 0.00395901 0.00767295 0.0135929 0.0205887 0.0257804 0.0269216 0.024363 0.0199652 0.0153198 0.0112244 0.00792325 0.00540216 0.00355327 0.00224626 0.00135636 0.000774898 0.000412649 0.00019973 8.38058e-05 2.74071e-05 4.9736e-06 0 
0 0.00127078 0.00518734 0.0115948 0.0195387 0.0265484 0.0287421 0.0239793 0.0153916 0.00807073 0.00384008 0.00185677 0.00100475 0.00065259 0.000530286 0.000546453 0.000705457 0.00110218 0.00197677 0.00380658 0.00729147 0.0128455 0.0194793 0.0245457 0.0258471 0.0235686 0.0194214 0.014955 0.0109795 0.00775893 0.00529319 0.00348263 0.00220192 0.00132968 0.000759683 0.000404553 0.000195813 8.21624e-05 2.68697e-05 4.87609e-06 0 
0 0.00121632 0.00496855 0.0111292 0.0188601 0.0259655 0.0288447 0.025073 0.0169601 0.00939522 0.00469506 0.00235869 0.00130877 0.000859411 0.000696085 0.000705457 0.000885158 0.0013314 0.00228374 0.00419241 0.00766167 0.0129476 0.0190209 0.0235051 0.0245406 0.0223443 0.0184433 0.0142351 0.0104714 0.00740999 0.00505944 0.00333048 0.0021063 0.00127212 0.00072685 0.000387081 0.000187359 7.86159e-05 2.57099e-05 4.66563e-06 0 
0 0.00113731 0.00465069 0.0104495 0.017855 0.0250619 0.0289314 0.026775 0.0196732 0.0119208 0.00647248 0.00347824 0.00202364 0.00136319 0.00110767 0.00110218 0.0013314 0.00189605 0.00303978 0.00517298 0.00874293 0.0137324 0.0189946 0.0225126 0.0229658 0.020716 0.0170727 0.0131988 0.00973188 0.00690064 0.00471856 0.00310902 0.00196735 0.00118857 0.000679222 0.000361746 0.000175102 7.34741e-05 2.40286e-05 4.36052e-06 0 
0 0.00103941 0.00425541 0.00959465 0.0165471 0.023739 0.0286405 0.0285461 0.0232252 0.0157942 0.00958012 0.00564916 0.00351702 0.00246447 0.00202316 0.00197677 0.00228374 0.00303978 0.00447193 0.0068966 0.0105141 0.0149763 0.0190891 0.0213438 0.0210433 0.0186936 0.0153469 0.011884 0.00879283 0.00625657 0.00429016 0.00283232 0.00179448 0.0010849 0.000620215 0.00033038 0.000159933 6.71115e-05 2.19481e-05 3.98299e-06 0 
0 0.000928772 0.00380679 0.00861171 0.0149835 0.0219495 0.0276423 0.0296822 0.0268852 0.0207817 0.0143423 0.00946458 0.0064155 0.00473709 0.00395901 0.00380658 0.00419241 0.00517298 0.0068966 0.00949153 0.0128408 0.0163355 0.0189429 0.0197813 0.0187097 0.016291 0.0132961 0.0103165 0.00767567 0.00549693 0.00379104 0.00251375 0.00159726 0.000967304 0.000553481 0.00029496 0.000142814 5.99328e-05 1.9601e-05 3.55711e-06 0 
0 0.000811553 0.00332958 0.00755328 0.0132393 0.0197369 0.0257798 0.0295522 0.0295463 0.0258806 0.0204169 0.0152327 0.0113775 0.00894776 0.00767295 0.00729147 0.00766167 0.00874293 0.0105141 0.0128408 0.0153356 0.0173513 0.0182349 0.0176995 0.015963 0.0135396 0.0109377 0.00849582 0.0063754 0.00462242 0.00322825 0.00216268 0.00138388 0.000841562 0.000482572 0.000257431 0.000124698 5.23393e-05 1.71187e-05 3.1067e-06 0 
0 0.000693478 0.00284728 0.00647285 0.0114084 0.0172317 0.0231367 0.0279005 0.0302147 0.0294585 0.0262585 0.0220721 0.0182149 0.0153468 0.0135929 0.0128455 0.0129476 0.0137324 0.0149763 0.0163355 0.0173513 0.0175811 0.0168018 0.0151181 0.0128801 0.0104954 0.00827774 0.0063876 0.00484728 0.00360216 0.00259063 0.00178046 0.00115965 0.000712469 0.00041065 0.000219567 0.000106457 4.46992e-05 1.46217e-05 2.65367e-06 0 
0 0.000579458 0.00238038 0.00541932 0.00958751 0.0146098 0.0199862 0.0249575 0.028611 0.0302233 0.0296857 0.0276041 0.0249232 0.0224406 0.0205887 0.0194793 0.0190209 0.0189946 0.0190891 0.0189429 0.0182349 0.0168018 0.0147055 0.0121979 0.00961419 0.00726677 0.00537029 0.00399297 0.00305518 0.00239271 0.00185148 0.00135949 0.000926339 0.000583529 0.000340333 0.000182877 8.88376e-05 3.73269e-05 1.22131e-05 2.2167e-06 0 
0 0.000473359 0.00194519 0.00443261 0.00786018 0.0120428 0.016664 0.0212626 0.0252675 0.0281298 0.0295348 0.0295552 0.028602 0.0272031 0.0257804 0.0245457 0.0235051 0.0225126 0.0213438 0.0197813 0.0176995 0.0151181 0.0121979 0.00919337 0.00640385 0.00412658 0.00255446 0.00166211 0.00125294 0.00110628 0.00103347 0.000899932 0.000685541 0.000457585 0.000273757 0.000148571 7.24302e-05 3.04697e-05 9.97332e-06 1.8104e-06 0 
0 0.000377898 0.00155322 0.00354131 0.00628805 0.00966354 0.0134574 0.0173792 0.0210764 0.0241866 0.0264277 0.0276856 0.0280411 0.0277079 0.0269216 0.0258471 0.0245406 0.0229658 0.0210433 0.0187097 0.015963 0.0128801 0.00961419 0.00640385 0.00361323 0.00165971 0.000660798 0.000294045 0.000203478 0.000237396 0.000351676 0.000459731 0.000449979 0.00033888 0.000212891 0.000117588 5.76629e-05 2.43026e-05 7.95924e-06 1.44504e-06 0 
0 0.000294664 0.00121126 0.00276244 0.00490854 0.00755549 0.0105563 0.0137167 0.0168083 0.0195937 0.0218647 0.0234834 0.0244055 0.0246704 0.024363 0.0235686 0.0223443 0.020716 0.0186936 0.016291 0.0135396 0.0104954 0.00726677 0.00412658 0.00165971 0.000404388 6.43874e-05 1.23112e-05 6.82807e-06 1.41936e-05 5.47875e-05 0.00016123 0.000252876 0.000235145 0.000159831 9.06283e-05 4.48061e-05 1.89299e-05 6.20405e-06 1.12661e-06 0 
0 0.000224237 0.000921811 0.00210263 0.00373745 0.00575731 0.00805651 0.0104989 0.0129279 0.0151818 0.0171117 0.0186016 0.019582 0.0200311 0.0199652 0.0194214 0.0184433 0.0170727 0.0153469 0.0132961 0.0109377 0.00827774 0.00537029 0.00255446 0.000660798 6.43874e-05 2.50907e-06 1.25732e-07 4.84439e-08 2.47776e-07 4.18123e-06 4.12159e-05 0.000126141 0.000155378 0.000116504 6.81117e-05 3.39764e-05 1.4391e-05 4.71979e-06 8.57245e-07 0 
0 0.00016636 0.000683907 0.00156009 0.00277352 0.00427395 0.00598492 0.00780917 0.0096363 0.0113525 0.0128514 0.0140449 0.0148711 0.0152976 0.0153198 0.014955 0.0142351 0.0131988 0.011884 0.0103165 0.00849582 0.0063876 0.00399297 0.00166211 0.000294045 1.23112e-05 1.25732e-07 1.7279e-09 4.65101e-10 5.63206e-09 3.86049e-07 1.17252e-05 6.55333e-05 0.000102884 8.36213e-05 5.00693e-05 2.51437e-05 1.06692e-05 3.50089e-06 6.35943e-07 0 
0 0.000120155 0.000493961 0.00112683 0.00200343 0.00308771 0.00432506 0.00564634 0.00697343 0.00822599 0.00932852 0.010217 0.0108443 0.0111827 0.0112244 0.0109795 0.0104714 0.00973188 0.00879283 0.00767567 0.0063754 0.00484728 0.00305518 0.00125294 0.000203478 6.82807e-06 4.84439e-08 4.65101e-10 1.12097e-10 1.68536e-09 1.65704e-07 6.70685e-06 4.35457e-05 7.24479e-05 5.9974e-05 3.60957e-05 1.81513e-05 7.70485e-06 2.52843e-06 4.59305e-07 0 
0 8.43267e-05 0.000346673 0.000790848 0.00140611 0.00216725 0.00303611 0.00396443 0.00489784 0.00578045 0.00655963 0.00719045 0.00763921 0.00788558 0.00792325 0.00775893 0.00740999 0.00690064 0.00625657 0.00549693 0.00462242 0.00360216 0.00239271 0.00110628 0.000237396 1.41936e-05 2.47776e-07 5.63206e-09 1.68536e-09 1.36037e-08 4.98776e-07 9.19017e-06 3.91942e-05 5.50533e-05 4.30782e-05 2.54967e-05 1.27613e-05 5.40997e-06 1.77472e-06 3.22359e-07 0 
0 5.73649e-05 0.000235832 0.000537994 0.000956555 0.00147438 0.00206555 0.00269733 0.00333282 0.00393412 0.00446552 0.00489647 0.00520395 0.00537398 0.00540216 0.00529319 0.00505944 0.00471856 0.00429016 0.00379104 0.00322825 0.00259063 0.00185148 0.00103347 0.000351676 5.47875e-05 4.18123e-06 3.86049e-07 1.65704e-07 4.98776e-07 3.75016e-06 1.91968e-05 4.08146e-05 4.30482e-05 3.05491e-05 1.7551e-05 8.7097e-06 3.68356e-06 1.20758e-06 2.19305e-07 0 
0 3.7699e-05 0.000154984 0.00035356 0.000628633 0.000968949 0.00135749 0.00177274 0.00219049 0.00258586 0.0029354 0.00321904 0.00342164 0.00353401 0.00355327 0.00348263 0.00333048 0.00310902 0.00283232 0.00251375 0.00216268 0.00178046 0.00135949 0.000899932 0.000459731 0.00016123 4.12159e-05 1.17252e-05 6.70685e-06 9.19017e-06 1.91968e-05 3.40007e-05 3.9743e-05 3.23858e-05 2.09463e-05 1.16806e-05 5.74473e-06 2.42326e-06 7.9383e-07 1.44134e-07 0 
0 2.38241e-05 9.79433e-05 0.000223435 0.00039727 0.000612339 0.000857883 0.00112032 0.00138435 0.00163425 0.00185521 0.00203456 0.00216271 0.00223388 0.00224626 0.00220192 0.0021063 0.00196735 0.00179448 0.00159726 0.00138388 0.00115965 0.000926339 0.000685541 0.000449979 0.000252876 0.000126141 6.55333e-05 4.35457e-05 3.91942e-05 4.08146e-05 3.9743e-05 3.25524e-05 2.2516e-05 1.36678e-05 7.45669e-06 3.64161e-06 1.53279e-06 5.018e-07 9.10937e-08 0 
0 1.43839e-05 5.91335e-05 0.000134899 0.000239853 0.000369702 0.000517951 0.0006764 0.000835813 0.000986701 0.00112012 0.00122842 0.00130582 0.00134883 0.00135636 0.00132968 0.00127212 0.00118857 0.0010849 0.000967304 0.000841562 0.000712469 0.000583529 0.000457585 0.00033888 0.000235145 0.000155378 0.000102884 7.24479e-05 5.50533e-05 4.30482e-05 3.23858e-05 2.2516e-05 1.43498e-05 8.41511e-06 4.53194e-06 2.20334e-06 9.26048e-07 3.03025e-07 5.50014e-08 0 
0 8.21723e-06 3.37818e-05 7.70654e-05 0.000137023 0.000211204 0.000295896 0.000386415 0.000477486 0.000563687 0.00063991 0.000701784 0.000746008 0.000770584 0.000774898 0.000759683 0.00072685 0.000679222 0.000620215 0.000553481 0.000482572 0.00041065 0.000340333 0.000273757 0.000212891 0.000159831 0.000116504 8.36213e-05 5.9974e-05 4.30782e-05 3.05491e-05 2.09463e-05 1.36678e-05 8.41511e-06 4.85689e-06 2.59868e-06 1.26035e-06 5.29258e-07 1.73136e-07 3.14226e-08 0 
0 4.37575e-06 1.79891e-05 4.10381e-05 7.29663e-05 0.000112468 0.000157567 0.00020577 0.000254266 0.000300169 0.00034076 0.000373708 0.00039726 0.000410348 0.000412649 0.000404553 0.000387081 0.000361746 0.00033038 0.00029496 0.000257431 0.000219567 0.000182877 0.000148571 0.000117588 9.06283e-05 6.81117e-05 5.00693e-05 3.60957e-05 2.54967e-05 1.7551e-05 1.16806e-05 7.45669e-06 4.53194e-06 2.59868e-06 1.3864e-06 6.71606e-07 2.81903e-07 9.22039e-08 1.67333e-08 0 
0 2.11793e-06 8.70702e-06 1.98631e-05 3.53168e-05 5.44362e-05 7.62651e-05 9.95959e-05 0.000123069 0.000145287 0.000164933 0.000180881 0.00019228 0.000198616 0.00019973 0.000195813 0.000187359 0.000175102 0.000159933 0.000142814 0.000124698 0.000106457 8.88376e-05 7.24302e-05 5.76629e-05 4.48061e-05 3.39764e-05 2.51437e-05 1.81513e-05 1.27613e-05 8.7097e-06 5.74473e-06 3.64161e-06 2.20334e-06 1.26035e-06 6.71606e-07 3.25175e-07 1.36462e-07 4.46301e-08 8.09927e-09 0 
0 8.88673e-07 3.65342e-06 8.33443e-06 1.48187e-05 2.28411e-05 3.20004e-05 4.17899e-05 5.1639e-05 6.09615e-05 6.9205e-05 7.58967e-05 8.06798e-05 8.33381e-05 8.38058e-05 8.21624e-05 7.86159e-05 7.34741e-05 6.71115e-05 5.99328e-05 5.23393e-05 4.46992e-05 3.73269e-05 3.04697e-05 2.43026e-05 1.89299e-05 1.4391e-05 1.06692e-05 7.70485e-06 5.40997e-06 3.68356e-06 2.42326e-06 1.53279e-06 9.26048e-07 5.29258e-07 2.81903e-07 1.36462e-07 5.72621e-08 1.87269e-08 3.39844e-09 0 
0 2.90623e-07 1.19478e-06 2.72561e-06 4.84619e-06 7.46975e-06 1.04651e-05 1.36666e-05 1.68875e-05 1.99363e-05 2.26322e-05 2.48206e-05 2.63848e-05 2.72541e-05 2.74071e-05 2.68697e-05 2.57099e-05 2.40286e-05 2.19481e-05 1.9601e-05 1.71187e-05 1.46217e-05 1.22131e-05 9.97332e-06 7.95924e-06 6.20405e-06 4.71979e-06 3.50089e-06 2.52843e-06 1.77472e-06 1.20758e-06 7.9383e-07 5.018e-07 3.03025e-07 1.73136e-07 9.22039e-08 4.46301e-08 1.87269e-08 6.12435e-09 1.1114e-09 0 
0 5.27398e-08 2.16818e-07 4.94621e-07 8.79444e-07 1.35555e-06 1.89912e-06 2.48009e-06 3.0646e-06 3.61786e-06 4.10709e-06 4.50422e-06 4.78808e-06 4.94585e-06 4.9736e-06 4.87609e-06 4.66563e-06 4.36052e-06 3.98299e-06 3.55711e-06 3.1067e-06 2.65367e-06 2.2167e-06 1.8104e-06 1.44504e-06 1.12661e-06 8.57245e-07 6.35943e-07 4.59305e-07 3.22359e-07 2.19305e-07 1.44134e-07 9.10937e-08 5.50014e-08 3.14226e-08 1.67333e-08 8.09927e-09 3.39844e-09 1.1114e-09 2.01687e-10 0 
0 0 0 0 0 0 0 0 0 0 0 0 0 0 0 0 0 0 0 0 0 0 0 0 0 0 0 0 0 0 0 0 0 0 0 0 0 0 0 0 0 
