0 0 0 0 0 0 0 0 0 0 0 0 0 0 0 0 0 0 0 0 0 0 0 0 0 0 0 0 0 0 0 0 0 0 0 0 0 0 0 0 0 
0 1.31914e-05 5.14102e-05 0.000106515 0.000162922 0.000204479 0.000223235 0.000221436 0.000206765 0.000187044 0.000167752 0.000151861 0.000140598 0.000134251 0.000132712 0.000135759 0.000143113 0.000154359 0.000168774 0.000185112 0.000201457 0.000215247 0.000223582 0.000223835 0.000214425 0.000195464 0.000168946 0.00013826 0.000107202 7.89295e-05 5.53341e-05 3.70089e-05 2.36124e-05 1.43252e-05 8.20262e-06 4.37251e-06 2.1173e-06 8.88571e-07 2.90611e-07 5.2739e-08 0 
0 5.14102e-05 0.000185772 0.00033317 0.000405508 0.000375271 0.000287323 0.000195813 0.000126203 8.08223e-05 5.35669e-05 3.79686e-05 2.94973e-05 2.55097e-05 2.47086e-05 2.67246e-05 3.19231e-05 4.13879e-05 5.69869e-05 8.13594e-05 0.00011756 0.00016802 0.00023264 0.000306408 0.000377895 0.000430754 0.000449434 0.000427039 0.000369734 0.000293486 0.00021566 0.00014818 9.5893e-05 5.85798e-05 3.36479e-05 1.79603e-05 8.70161e-06 3.65257e-06 1.19468e-06 2.16812e-07 0 
0 0.000106515 0.00033317 0.000455398 0.000370134 0.000208558 9.26556e-05 3.59703e-05 1.32839e-05 5.03494e-06 2.09758e-06 1.01826e-06 6.02269e-07 4.46398e-07 4.1897e-07 4.9455e-07 7.18132e-07 1.23966e-06 2.43832e-06 5.21725e-06 1.15954e-05 2.56527e-05 5.44694e-05 0.000107808 0.000194451 0.000313883 0.000446334 0.000551599 0.000587974 0.000542332 0.000439441 0.000319725 0.000213264 0.000132195 7.64266e-05 4.09044e-05 1.98387e-05 8.3307e-06 2.72518e-06 4.94594e-07 0 
0 0.000162922 0.000405508 0.000370134 0.000174134 5.18587e-05 1.14125e-05 2.10652e-06 3.67952e-07 6.84774e-08 1.51672e-08 4.39662e-09 1.79346e-09 1.07736e-09 9.68763e-10 1.28836e-09 2.44144e-09 6.22598e-09 1.99072e-08 7.38728e-08 2.94509e-07 1.17458e-06 4.40981e-06 1.48649e-05 4.35347e-05 0.000108567 0.000227725 0.000397343 0.000569306 0.000664013 0.000635227 0.000512365 0.00036157 0.000230369 0.000134814 7.25136e-05 3.52362e-05 1.48067e-05 4.84483e-06 8.7936e-07 0 
0 0.000204479 0.000375271 0.000208558 5.18587e-05 7.2625e-06 6.80578e-07 5.03383e-08 3.49232e-09 2.70397e-10 2.74978e-11 4.22385e-12 1.09032e-12 5.05597e-13 4.31275e-13 6.64331e-13 1.74749e-12 7.20595e-12 4.19182e-11 3.06566e-10 2.51218e-09 2.07327e-08 1.57245e-07 1.01996e-06 5.38263e-06 2.2472e-05 7.35087e-05 0.000188489 0.00037843 0.000589463 0.000707791 0.00066658 0.000514862 0.000343347 0.000205079 0.00011123 5.42198e-05 2.28095e-05 7.46626e-06 1.35534e-06 0 
0 0.000223235 0.000287323 9.26556e-05 1.14125e-05 6.80578e-07 2.40471e-08 6.25349e-10 1.5119e-11 4.30469e-13 1.80154e-14 1.3405e-15 2.05117e-16 7.07371e-17 5.68033e-17 1.03516e-16 3.9621e-16 2.82889e-15 3.25754e-14 5.16459e-13 9.62621e-12 1.82197e-10 3.0868e-09 4.23627e-08 4.389e-07 3.29638e-06 1.77175e-05 6.87341e-05 0.000195781 0.000412968 0.000641235 0.000733758 0.000641695 0.00045733 0.000281665 0.000154706 7.57715e-05 3.19295e-05 1.04574e-05 1.89866e-06 0 
0 0.000221436 0.000195813 3.59703e-05 2.10652e-06 5.03383e-08 6.25349e-10 5.31294e-12 4.16037e-14 4.0628e-16 6.58546e-18 2.53217e-19 4.6086e-20 2.77941e-20 2.52767e-20 3.06131e-20 7.07267e-20 6.17286e-19 1.42753e-17 5.17923e-16 2.3246e-14 1.06866e-12 4.27755e-11 1.31013e-09 2.80037e-08 3.95576e-07 3.62289e-06 2.17549e-05 8.83596e-05 0.00025061 0.000502364 0.000709154 0.000718875 0.000557872 0.000357986 0.000200039 9.8615e-05 4.16508e-05 1.36517e-05 2.47922e-06 0 
0 0.000206765 0.000126203 1.32839e-05 3.67952e-07 3.49232e-09 1.5119e-11 4.16037e-14 1.04571e-16 3.55158e-19 5.96069e-21 1.26354e-21 6.8489e-22 6.44857e-22 6.32688e-22 5.94379e-22 6.95433e-22 1.56009e-21 9.37901e-21 4.75783e-19 5.12409e-17 5.76114e-15 5.48278e-13 3.77134e-11 1.67419e-09 4.48061e-08 7.04502e-07 6.58195e-06 3.80221e-05 0.000142986 0.000363168 0.000627389 0.000742364 0.000634595 0.000427752 0.000244151 0.000121342 5.13962e-05 1.68618e-05 3.06312e-06 0 
0 0.000187044 8.08223e-05 5.03494e-06 6.84774e-08 2.70397e-10 4.30469e-13 4.0628e-16 3.55158e-19 1.38398e-21 1.12735e-22 6.68741e-23 5.59939e-23 5.95018e-23 5.95991e-23 5.26312e-23 4.91981e-23 5.72582e-23 9.85453e-23 1.17525e-21 1.5238e-19 3.94927e-17 8.54954e-15 1.26691e-12 1.12537e-10 5.5283e-09 1.45473e-07 2.07287e-06 1.67348e-05 8.17336e-05 0.000256345 0.000529976 0.000725521 0.000684285 0.000486339 0.000284227 0.000142563 6.05804e-05 1.98962e-05 3.61558e-06 0 
0 0.000167752 5.35669e-05 2.09758e-06 1.51672e-08 2.74978e-11 1.80154e-14 6.58546e-18 5.96069e-21 1.12735e-22 1.47712e-23 9.0795e-24 8.90076e-24 9.78867e-24 9.83808e-24 8.57033e-24 7.16979e-24 6.07793e-24 6.64475e-24 3.03033e-23 1.30567e-21 4.69024e-19 2.09737e-16 6.14076e-14 1.0093e-11 8.50112e-10 3.53626e-08 7.34104e-07 7.98856e-06 4.91326e-05 0.000184547 0.000443382 0.000688258 0.000710433 0.000531517 0.000318079 0.000161044 6.86623e-05 2.25754e-05 4.10387e-06 0 
0 0.000151861 3.79686e-05 1.01826e-06 4.39662e-09 4.22385e-12 1.3405e-15 2.53217e-19 1.26354e-21 6.68741e-23 9.0795e-24 2.8453e-24 2.05684e-24 2.09489e-24 2.06815e-24 1.78957e-24 1.41815e-24 1.0833e-24 1.21802e-24 5.27457e-24 9.74001e-23 1.39054e-20 1.00944e-17 5.15221e-15 1.39887e-12 1.82924e-10 1.10597e-08 3.12363e-07 4.34152e-06 3.22312e-05 0.000139858 0.00037782 0.000647593 0.000720166 0.000563282 0.000344305 0.000175816 7.51904e-05 2.47469e-05 4.50006e-06 0 
0 0.000140598 2.94973e-05 6.02269e-07 1.79346e-09 1.09032e-12 2.05117e-16 4.6086e-20 6.8489e-22 5.59939e-23 8.90077e-24 2.05685e-24 8.00519e-25 5.68804e-25 5.04626e-25 4.25717e-25 3.32203e-25 2.77054e-25 4.78714e-25 2.40948e-24 2.91475e-23 1.69583e-21 1.13069e-18 8.59604e-16 3.35103e-13 6.01629e-11 4.7631e-09 1.68001e-07 2.78687e-06 2.37013e-05 0.000114008 0.000334333 0.000614258 0.000720922 0.000583016 0.000362248 0.000186224 7.98348e-05 2.62968e-05 4.78313e-06 0 
0 0.000134251 2.55097e-05 4.46398e-07 1.07736e-09 5.05597e-13 7.07371e-17 2.77941e-20 6.44857e-22 5.95019e-23 9.78868e-24 2.09489e-24 5.68804e-25 2.32553e-25 1.48776e-25 1.13797e-25 9.29889e-26 1.11791e-25 3.23661e-25 1.7699e-24 1.83288e-23 7.01182e-22 3.28467e-19 3.10945e-16 1.48768e-13 3.19586e-11 2.94748e-09 1.17911e-07 2.1623e-06 1.98617e-05 0.000101245 0.000310777 0.000593512 0.000718364 0.0005925 0.000371802 0.000191926 8.2404e-05 2.71569e-05 4.94038e-06 0 
0 0.000132712 2.47086e-05 4.1897e-07 9.68763e-10 4.31275e-13 5.68033e-17 2.52767e-20 6.32688e-22 5.95992e-23 9.83808e-24 2.06815e-24 5.04626e-25 1.48776e-25 6.15259e-26 3.7894e-26 3.64021e-26 7.41617e-26 2.87916e-25 1.6347e-24 1.65588e-23 5.89538e-22 2.54141e-19 2.51357e-16 1.25427e-13 2.79572e-11 2.66071e-09 1.09231e-07 2.04474e-06 1.90785e-05 9.83958e-05 0.000304844 0.000587027 0.00071562 0.000593158 0.0003732 0.000192872 8.28471e-05 2.73072e-05 4.96798e-06 0 
0 0.000135759 2.67246e-05 4.9455e-07 1.28836e-09 6.64331e-13 1.03516e-16 3.06131e-20 5.9438e-22 5.26312e-23 8.57034e-24 1.78958e-24 4.25718e-25 1.13797e-25 3.7894e-26 2.02987e-26 2.47567e-26 6.88647e-26 2.95951e-25 1.77103e-24 1.97575e-23 8.99026e-22 5.05579e-19 4.42988e-16 1.96901e-13 3.96614e-11 3.46306e-09 1.3241e-07 2.34172e-06 2.09114e-05 0.000104332 0.000315047 0.000594246 0.000713274 0.000585694 0.000366858 0.000189258 8.12451e-05 2.6774e-05 4.87069e-06 0 
0 0.000143113 3.19231e-05 7.18132e-07 2.44144e-09 1.74749e-12 3.9621e-16 7.07267e-20 6.95433e-22 4.91981e-23 7.1698e-24 1.41815e-24 3.32203e-25 9.29889e-26 3.64021e-26 2.47567e-26 3.27347e-26 8.47788e-26 3.65154e-25 2.48159e-24 3.70565e-23 3.12965e-21 2.3928e-18 1.58134e-15 5.42547e-13 8.71083e-11 6.27114e-09 2.0448e-07 3.18474e-06 2.57872e-05 0.000119485 0.000340581 0.000612781 0.000709639 0.000570082 0.000353312 0.000181493 7.77935e-05 2.56239e-05 4.66076e-06 0 
0 0.000154359 4.13879e-05 1.23966e-06 6.22598e-09 7.20595e-12 2.82889e-15 6.17286e-19 1.56009e-21 5.72582e-23 6.07793e-24 1.0833e-24 2.77054e-25 1.11791e-25 7.41616e-26 6.88647e-26 8.47787e-26 1.64334e-25 6.29875e-25 5.30691e-24 1.54275e-22 3.58406e-20 2.35392e-17 1.02168e-14 2.39675e-12 2.75742e-10 1.49488e-08 3.85743e-07 4.98576e-06 3.49726e-05 0.000145342 0.000380311 0.000637952 0.000701116 0.000545824 0.000333239 0.000170155 7.27786e-05 2.39555e-05 4.35636e-06 0 
0 0.000168774 5.69869e-05 2.43832e-06 1.99072e-08 4.19182e-11 3.25754e-14 1.42753e-17 9.37901e-21 9.85453e-23 6.64475e-24 1.21802e-24 4.78714e-25 3.23661e-25 2.87916e-25 2.95951e-25 3.65154e-25 6.29875e-25 2.36613e-24 3.07954e-23 2.60531e-21 1.03937e-18 4.04898e-16 1.03934e-13 1.51635e-11 1.14978e-09 4.37039e-08 8.41548e-07 8.61737e-06 5.05402e-05 0.000183285 0.000430529 0.000661709 0.00068268 0.000512354 0.000307508 0.000155962 6.65506e-05 2.18888e-05 3.97959e-06 0 
0 0.000185112 8.13594e-05 5.21725e-06 7.38728e-08 3.06566e-10 5.16459e-13 5.17923e-16 4.75783e-19 1.17525e-21 3.03033e-23 5.27457e-24 2.40948e-24 1.7699e-24 1.6347e-24 1.77103e-24 2.48159e-24 5.30691e-24 3.07954e-23 1.07274e-21 1.97707e-19 4.91028e-17 1.01087e-14 1.42734e-12 1.21076e-10 5.69457e-09 1.43988e-07 1.98146e-06 1.55497e-05 7.44131e-05 0.000231196 0.000480746 0.000671404 0.000648639 0.000469479 0.00027722 0.000139723 5.94929e-05 1.9554e-05 3.55439e-06 0 
0 0.000201457 0.00011756 1.15954e-05 2.94509e-07 2.51218e-09 9.62621e-12 2.3246e-14 5.12409e-17 1.5238e-19 1.30567e-21 9.74001e-23 2.91475e-23 1.83288e-23 1.65588e-23 1.97575e-23 3.70565e-23 1.54275e-22 2.60531e-21 1.97707e-19 2.35727e-17 2.91734e-15 3.03782e-13 2.2589e-11 1.06582e-09 2.97494e-08 4.80047e-07 4.56281e-06 2.68252e-05 0.000103566 0.000274801 0.000507374 0.000649435 0.000593718 0.000417702 0.000243692 0.000122284 5.19921e-05 1.70812e-05 3.10451e-06 0 
0 0.000215247 0.00016802 2.56527e-05 1.17458e-06 2.07327e-08 1.82197e-10 1.06866e-12 5.76114e-15 3.94927e-17 4.69024e-19 1.39054e-20 1.69583e-21 7.01181e-22 5.89538e-22 8.99026e-22 3.12965e-21 3.58406e-20 1.03937e-18 4.91028e-17 2.91734e-15 1.77247e-13 9.19794e-12 3.51945e-10 8.91406e-09 1.40505e-07 1.36663e-06 8.55643e-06 3.6956e-05 0.000116654 0.0002741 0.000470213 0.000575928 0.000514454 0.000358385 0.000208385 0.000104472 4.44109e-05 1.45903e-05 2.65182e-06 0 
0 0.000223582 0.00023264 5.44694e-05 4.40981e-06 1.57245e-07 3.0868e-09 4.27755e-11 5.48278e-13 8.54954e-15 2.09737e-16 1.00944e-17 1.13069e-18 3.28467e-19 2.54141e-19 5.05579e-19 2.3928e-18 2.35392e-17 4.04898e-16 1.01087e-14 3.03782e-13 9.19794e-12 2.38654e-10 4.60335e-09 5.88364e-08 4.6674e-07 2.35043e-06 8.52003e-06 2.6158e-05 7.35168e-05 0.00017861 0.000332882 0.000438842 0.000411163 0.000293787 0.00017281 8.70424e-05 3.7066e-05 1.21847e-05 2.21503e-06 0 
0 0.000223835 0.000306408 0.000107808 1.48649e-05 1.01996e-06 4.23627e-08 1.31013e-09 3.77134e-11 1.26691e-12 6.14076e-14 5.15221e-15 8.59604e-16 3.10945e-16 2.51357e-16 4.42988e-16 1.58134e-15 1.02168e-14 1.03934e-13 1.42734e-12 2.2589e-11 3.51945e-10 4.60335e-09 4.26529e-08 2.34728e-07 6.80598e-07 1.13148e-06 1.59988e-06 3.19522e-06 1.07126e-05 4.37432e-05 0.000136857 0.000256851 0.000291427 0.000227301 0.000138482 7.06467e-05 3.02137e-05 9.94583e-06 1.80881e-06 0 
0 0.000214425 0.000377895 0.000194451 4.35347e-05 5.38263e-06 4.389e-07 2.80037e-08 1.67419e-09 1.12537e-10 1.0093e-11 1.39887e-12 3.35103e-13 1.48768e-13 1.25427e-13 1.96901e-13 5.42547e-13 2.39675e-12 1.51635e-11 1.21076e-10 1.06582e-09 8.91406e-09 5.88364e-08 2.34728e-07 3.90605e-07 1.95144e-07 3.49445e-08 6.88341e-09 6.97481e-09 5.93338e-08 1.38076e-06 2.02149e-05 9.74376e-05 0.000174322 0.000163937 0.000106934 5.58146e-05 2.40434e-05 7.93202e-06 1.44349e-06 0 
0 0.000195464 0.000430754 0.000313883 0.000108567 2.2472e-05 3.29638e-06 3.95576e-07 4.48061e-08 5.5283e-09 8.50112e-10 1.82924e-10 6.01629e-11 3.19586e-11 2.79572e-11 3.96614e-11 8.71083e-11 2.75742e-10 1.14978e-09 5.69457e-09 2.97494e-08 1.40505e-07 4.6674e-07 6.80598e-07 1.95144e-07 4.65786e-09 1.19227e-11 4.21391e-14 1.16208e-14 1.27347e-12 1.5551e-09 6.37778e-07 2.06814e-05 8.56257e-05 0.000110038 7.96525e-05 4.29394e-05 1.86749e-05 6.17791e-06 1.12515e-06 0 
0 0.000168946 0.000449434 0.000446334 0.000227725 7.35087e-05 1.77175e-05 3.62289e-06 7.04502e-07 1.45473e-07 3.53626e-08 1.10597e-08 4.7631e-09 2.94748e-09 2.66071e-09 3.46306e-09 6.27114e-09 1.49488e-08 4.37039e-08 1.43988e-07 4.80047e-07 1.36663e-06 2.35043e-06 1.13148e-06 3.49445e-08 1.19227e-11 3.11118e-16 2.35357e-15 1.41928e-15 8.20392e-15 8.07617e-14 5.33281e-09 2.82143e-06 3.70006e-05 7.06257e-05 5.7737e-05 3.22378e-05 1.41588e-05 4.69649e-06 8.55971e-07 0 
0 0.00013826 0.000427039 0.000551599 0.000397343 0.000188489 6.87341e-05 2.17549e-05 6.58195e-06 2.07287e-06 7.34104e-07 3.12363e-07 1.68001e-07 1.17911e-07 1.09231e-07 1.3241e-07 2.0448e-07 3.85743e-07 8.41548e-07 1.98146e-06 4.56281e-06 8.55643e-06 8.52003e-06 1.59988e-06 6.88341e-09 4.21391e-14 2.35357e-15 6.17526e-16 5.15391e-16 1.55674e-15 1.82673e-14 7.07383e-11 4.83748e-07 1.74324e-05 4.61148e-05 4.13962e-05 2.37041e-05 1.04798e-05 3.48216e-06 6.34931e-07 0 
0 0.000107202 0.000369734 0.000587974 0.000569306 0.00037843 0.000195781 8.83596e-05 3.80221e-05 1.67348e-05 7.98856e-06 4.34152e-06 2.78687e-06 2.1623e-06 2.04474e-06 2.34172e-06 3.18474e-06 4.98576e-06 8.61737e-06 1.55497e-05 2.68252e-05 3.6956e-05 2.6158e-05 3.19522e-06 6.97481e-09 1.16208e-14 1.41928e-15 5.15391e-16 1.31439e-15 6.25572e-15 1.14346e-13 1.92776e-11 2.52811e-07 1.15594e-05 3.27072e-05 2.98074e-05 1.71149e-05 7.56936e-06 2.51509e-06 4.58586e-07 0 
0 7.89295e-05 0.000293486 0.000542332 0.000664013 0.000589463 0.000412968 0.00025061 0.000142986 8.17336e-05 4.91326e-05 3.22312e-05 2.37013e-05 1.98617e-05 1.90785e-05 2.09114e-05 2.57872e-05 3.49726e-05 5.05402e-05 7.44131e-05 0.000103566 0.000116654 7.35168e-05 1.07126e-05 5.93338e-08 1.27347e-12 8.20392e-15 1.55674e-15 6.25572e-15 1.00919e-15 6.86273e-16 2.45556e-10 5.22934e-07 1.1567e-05 2.55774e-05 2.1593e-05 1.21211e-05 5.32594e-06 1.7664e-06 3.21908e-07 0 
0 5.53341e-05 0.00021566 0.000439441 0.000635227 0.000707791 0.000641235 0.000502364 0.000363168 0.000256345 0.000184547 0.000139858 0.000114008 0.000101245 9.83958e-05 0.000104332 0.000119485 0.000145342 0.000183285 0.000231196 0.000274801 0.0002741 0.00017861 4.37432e-05 1.38076e-06 1.5551e-09 8.07617e-14 1.82673e-14 1.14346e-13 6.86274e-16 5.02254e-12 2.01192e-08 2.20675e-06 1.44016e-05 2.09191e-05 1.54987e-05 8.37236e-06 3.63863e-06 1.20306e-06 2.19056e-07 0 
0 3.70089e-05 0.00014818 0.000319725 0.000512365 0.00066658 0.000733758 0.000709154 0.000627389 0.000529976 0.000443382 0.00037782 0.000334333 0.000310777 0.000304844 0.000315047 0.000340581 0.000380311 0.000430529 0.000480746 0.000507374 0.000470213 0.000332882 0.000136857 2.02149e-05 6.37778e-07 5.33281e-09 7.07383e-11 1.92776e-11 2.45556e-10 2.01192e-08 8.98084e-07 7.78809e-06 1.69672e-05 1.65532e-05 1.07731e-05 5.59333e-06 2.40257e-06 7.91691e-07 1.44014e-07 0 
0 2.36124e-05 9.5893e-05 0.000213264 0.00036157 0.000514862 0.000641695 0.000718875 0.000742364 0.000725521 0.000688258 0.000647593 0.000614258 0.000593512 0.000587027 0.000594246 0.000612781 0.000637952 0.000661709 0.000671404 0.000649435 0.000575928 0.000438842 0.000256851 9.74376e-05 2.06814e-05 2.82143e-06 4.83748e-07 2.52811e-07 5.22934e-07 2.20675e-06 7.78809e-06 1.49431e-05 1.61927e-05 1.20292e-05 7.11874e-06 3.58355e-06 1.52457e-06 5.0092e-07 9.10426e-08 0 
0 1.43252e-05 5.85798e-05 0.000132195 0.000230369 0.000343347 0.00045733 0.000557872 0.000634595 0.000684285 0.000710433 0.000720166 0.000720922 0.000718364 0.00071562 0.000713274 0.000709639 0.000701116 0.00068268 0.000648639 0.000593718 0.000514454 0.000411163 0.000291427 0.000174322 8.56257e-05 3.70006e-05 1.74324e-05 1.15594e-05 1.1567e-05 1.44016e-05 1.69672e-05 1.61927e-05 1.23577e-05 7.91054e-06 4.42512e-06 2.18421e-06 9.23218e-07 3.0271e-07 5.49824e-08 0 
0 8.20262e-06 3.36479e-05 7.64266e-05 0.000134814 0.000205079 0.000281665 0.000357986 0.000427752 0.000486339 0.000531517 0.000563282 0.000583016 0.0005925 0.000593158 0.000585694 0.000570082 0.000545824 0.000512354 0.000469479 0.000417702 0.000358385 0.000293787 0.000227301 0.000163937 0.000110038 7.06257e-05 4.61148e-05 3.27072e-05 2.55774e-05 2.09191e-05 1.65532e-05 1.20292e-05 7.91054e-06 4.72611e-06 2.56976e-06 1.25491e-06 5.28414e-07 1.73038e-07 3.14164e-08 0 
0 4.37251e-06 1.79603e-05 4.09044e-05 7.25136e-05 0.00011123 0.000154706 0.000200039 0.000244151 0.000284227 0.000318079 0.000344305 0.000362248 0.000371802 0.0003732 0.000366858 0.000353312 0.000333239 0.000307508 0.00027722 0.000243692 0.000208385 0.00017281 0.000138482 0.000106934 7.96525e-05 5.7737e-05 4.13962e-05 2.98074e-05 2.1593e-05 1.54987e-05 1.07731e-05 7.11874e-06 4.42512e-06 2.56976e-06 1.37967e-06 6.70273e-07 2.81685e-07 9.21774e-08 1.67315e-08 0 
0 2.1173e-06 8.70161e-06 1.98387e-05 3.52362e-05 5.42198e-05 7.57715e-05 9.8615e-05 0.000121342 0.000142563 0.000161044 0.000175816 0.000186224 0.000191926 0.000192872 0.000189258 0.000181493 0.000170155 0.000155962 0.000139723 0.000122284 0.000104472 8.70424e-05 7.06467e-05 5.58146e-05 4.29394e-05 3.22378e-05 2.37041e-05 1.71149e-05 1.21211e-05 8.37236e-06 5.59333e-06 3.58355e-06 2.18421e-06 1.25491e-06 6.70273e-07 3.24897e-07 1.36414e-07 4.4624e-08 8.09886e-09 0 
0 8.88571e-07 3.65257e-06 8.3307e-06 1.48067e-05 2.28095e-05 3.19295e-05 4.16508e-05 5.13962e-05 6.05804e-05 6.86623e-05 7.51904e-05 7.98348e-05 8.2404e-05 8.28471e-05 8.12451e-05 7.77935e-05 7.27786e-05 6.65506e-05 5.94929e-05 5.19921e-05 4.44109e-05 3.7066e-05 3.02137e-05 2.40434e-05 1.86749e-05 1.41588e-05 1.04798e-05 7.56936e-06 5.32594e-06 3.63863e-06 2.40257e-06 1.52457e-06 9.23218e-07 5.28414e-07 2.81685e-07 1.36414e-07 5.72535e-08 1.87258e-08 3.39836e-09 0 
0 2.90611e-07 1.19468e-06 2.72518e-06 4.84483e-06 7.46626e-06 1.04574e-05 1.36517e-05 1.68618e-05 1.98962e-05 2.25754e-05 2.47469e-05 2.62968e-05 2.71569e-05 2.73072e-05 2.6774e-05 2.56239e-05 2.39555e-05 2.18888e-05 1.9554e-05 1.70812e-05 1.45903e-05 1.21847e-05 9.94583e-06 7.93202e-06 6.17791e-06 4.69649e-06 3.48216e-06 2.51509e-06 1.7664e-06 1.20306e-06 7.91691e-07 5.0092e-07 3.0271e-07 1.73038e-07 9.21774e-08 4.4624e-08 1.87258e-08 6.12419e-09 1.11139e-09 0 
0 5.2739e-08 2.16812e-07 4.94594e-07 8.7936e-07 1.35534e-06 1.89866e-06 2.47922e-06 3.06312e-06 3.61558e-06 4.10387e-06 4.50006e-06 4.78313e-06 4.94038e-06 4.96798e-06 4.87069e-06 4.66076e-06 4.35636e-06 3.97959e-06 3.55439e-06 3.10451e-06 2.65182e-06 2.21503e-06 1.80881e-06 1.44349e-06 1.12515e-06 8.55971e-07 6.34931e-07 4.58586e-07 3.21908e-07 2.19056e-07 1.44014e-07 9.10426e-08 5.49824e-08 3.14164e-08 1.67315e-08 8.09886e-09 3.39836e-09 1.11139e-09 2.01686e-10 0 
0 0 0 0 0 0 0 0 0 0 0 0 0 0 0 0 0 0 0 0 0 0 0 0 0 0 0 0 0 0 0 0 0 0 0 0 0 0 0 0 0 
