0 0 0 0 0 0 0 0 0 0 0 0 0 0 0 0 0 0 0 0 0 0 0 0 0 0 0 0 0 0 0 0 0 0 0 0 0 0 0 0 0 
0 1.33294e-05 5.25812e-05 0.000111189 0.000175025 0.000227265 0.000256949 0.00026335 0.00025308 0.000234585 0.000214599 0.000197245 0.000184538 0.00017721 0.000175348 0.000178741 0.000186989 0.000199428 0.000214955 0.000231835 0.000247597 0.000259178 0.000263388 0.000257697 0.000241095 0.000214652 0.000181404 0.00014549 0.000110931 8.06342e-05 5.60256e-05 3.72585e-05 2.36927e-05 1.43483e-05 8.20856e-06 4.37386e-06 2.11757e-06 8.88615e-07 2.90616e-07 5.27393e-08 0 
0 5.25812e-05 0.000195582 0.000368709 0.000480541 0.000479768 0.000394765 0.00028656 0.000194956 0.000130751 9.00649e-05 6.58099e-05 5.22338e-05 4.57079e-05 4.43593e-05 4.76217e-05 5.59849e-05 7.0926e-05 9.48922e-05 0.000131095 0.000182752 0.000251401 0.000334261 0.000421614 0.000496458 0.000538918 0.000535095 0.000485038 0.000403065 0.000309768 0.000222476 0.000150654 9.66801e-05 5.88011e-05 3.37031e-05 1.79725e-05 8.70393e-06 3.65294e-06 1.19472e-06 2.16815e-07 0 
0 0.000111189 0.000368709 0.000555493 0.000509121 0.000322558 0.000159078 6.78991e-05 2.73967e-05 1.12677e-05 5.04339e-06 2.59503e-06 1.60012e-06 1.21374e-06 1.14374e-06 1.33076e-06 1.87353e-06 3.09292e-06 5.75831e-06 1.15854e-05 2.41373e-05 5.00496e-05 9.97609e-05 0.000185621 0.000314503 0.00047488 0.00062747 0.000717002 0.000707934 0.000611218 0.000471233 0.000331823 0.000217163 0.000133283 7.66921e-05 4.09613e-05 1.98492e-05 8.33234e-06 2.72537e-06 4.94606e-07 0 
0 0.000175025 0.000480541 0.000509121 0.000281418 9.74692e-05 2.48241e-05 5.30689e-06 1.07197e-06 2.28813e-07 5.72105e-08 1.82994e-08 8.0092e-09 5.00348e-09 4.53054e-09 5.88169e-09 1.05806e-08 2.50235e-08 7.29041e-08 2.43686e-07 8.7043e-07 3.11175e-06 1.05279e-05 3.22543e-05 8.66316e-05 0.000199227 0.000384618 0.000611683 0.000790379 0.000831278 0.000728415 0.000551931 0.000374991 0.000234164 0.000135734 7.27071e-05 3.52713e-05 1.4812e-05 4.84543e-06 8.79397e-07 0 
0 0.000227265 0.000479768 0.000322558 9.74692e-05 1.66289e-05 1.92107e-06 1.7687e-07 1.52709e-08 1.45332e-09 1.77317e-10 3.15752e-11 9.06006e-12 4.45652e-12 3.84185e-12 5.70812e-12 1.38871e-11 5.11407e-11 2.58685e-10 1.61619e-09 1.1215e-08 7.83492e-08 5.06632e-07 2.83932e-06 1.31732e-05 4.92276e-05 0.000146006 0.000339834 0.000611609 0.000841004 0.000892247 0.000760388 0.000549988 0.000353708 0.000207614 0.000111758 5.4314e-05 2.28235e-05 7.46781e-06 1.35543e-06 0 
0 0.000256949 0.000394765 0.000159078 2.48241e-05 1.92107e-06 9.04242e-08 3.18148e-09 1.04018e-10 3.93576e-12 2.11731e-13 1.93262e-14 3.42533e-15 1.28255e-15 1.0453e-15 1.81146e-15 6.21882e-15 3.79523e-14 3.60223e-13 4.59485e-12 6.80574e-11 1.02229e-09 1.3863e-08 1.54868e-07 1.33686e-06 8.59591e-06 4.06216e-05 0.000141135 0.000360413 0.000669894 0.000901217 0.000901647 0.000714475 0.000480433 0.000287474 0.000155921 7.59859e-05 3.19608e-05 1.04608e-05 1.89887e-06 0 
0 0.00026335 0.00028656 6.78991e-05 5.30689e-06 1.7687e-07 3.18148e-09 3.99369e-11 4.61701e-13 6.51143e-15 1.45866e-16 6.51956e-18 7.01764e-19 2.06041e-19 1.60837e-19 3.14301e-19 1.50846e-18 1.57086e-17 2.92268e-16 7.99901e-15 2.66633e-13 9.08821e-12 2.72489e-10 6.37987e-09 1.0724e-07 1.23248e-06 9.52496e-06 4.98874e-05 0.00018017 0.000452102 0.000783297 0.000945908 0.000841967 0.000601092 0.000369351 0.000202447 9.90386e-05 4.17118e-05 1.36583e-05 2.47961e-06 0 
0 0.00025308 0.000194956 2.73967e-05 1.07197e-06 1.52709e-08 1.04018e-10 4.61701e-13 1.87145e-15 9.76142e-18 9.3807e-20 3.63493e-21 8.36191e-22 4.3131e-22 3.71999e-22 5.14878e-22 1.20519e-21 7.66176e-21 2.16062e-19 1.26055e-17 9.51621e-16 7.40856e-14 4.94451e-12 2.44341e-10 8.05604e-09 1.66649e-07 2.11614e-06 1.66776e-05 8.41371e-05 0.000279681 0.000617236 0.000905026 0.000917999 0.000704052 0.000447112 0.000248342 0.000122082 5.15022e-05 1.68732e-05 3.06378e-06 0 
0 0.000234585 0.000130751 1.12677e-05 2.28813e-07 1.45332e-09 3.93576e-12 6.51143e-15 9.76142e-18 2.10763e-20 2.31117e-22 2.41591e-23 1.07107e-23 8.16969e-24 7.56031e-24 8.24588e-24 1.14655e-23 3.45585e-23 3.90732e-22 2.74852e-20 4.39151e-18 7.4867e-16 1.06795e-13 1.0728e-11 6.7112e-10 2.42951e-08 4.95224e-07 5.7529e-06 3.96407e-05 0.000169851 0.000465114 0.000817043 0.000944861 0.00078248 0.000515554 0.000290728 0.000143719 6.07456e-05 1.99138e-05 3.61659e-06 0 
0 0.000214599 9.00649e-05 5.04339e-06 5.72105e-08 1.77317e-10 2.11731e-13 1.45866e-16 9.3807e-20 2.31117e-22 4.78775e-24 7.97787e-25 4.99028e-25 4.65267e-25 4.47936e-25 4.29852e-25 4.48922e-25 7.94746e-25 4.56559e-24 1.74761e-22 3.69605e-20 1.24515e-17 3.48589e-15 6.57385e-13 7.2645e-11 4.32586e-09 1.34409e-07 2.20597e-06 2.00244e-05 0.000106837 0.000350902 0.000719505 0.000937018 0.0008355 0.00057122 0.000327175 0.000162678 6.88959e-05 2.26002e-05 4.10529e-06 0 
0 0.000197245 6.58099e-05 2.59503e-06 1.82994e-08 3.15752e-11 1.93262e-14 6.51956e-18 3.63493e-21 2.41592e-23 7.97789e-25 9.35873e-26 4.6999e-26 4.54155e-26 4.43707e-26 3.98456e-26 3.60629e-26 5.19841e-26 2.73691e-25 7.24995e-24 8.94967e-22 4.35767e-19 2.11104e-16 6.6575e-14 1.1708e-11 1.04709e-09 4.59323e-08 1.00049e-06 1.13753e-05 7.24238e-05 0.000274506 0.000635696 0.000912325 0.000866875 0.000612596 0.000355915 0.000177923 7.54922e-05 2.47788e-05 4.50188e-06 0 
0 0.000184538 5.22338e-05 1.60012e-06 8.0092e-09 9.06006e-12 3.42533e-15 7.01764e-19 8.36191e-22 1.07107e-23 4.9903e-25 4.69991e-26 9.73606e-27 6.14863e-27 5.62146e-27 4.86539e-27 4.4289e-27 8.801e-27 6.6903e-26 1.3928e-24 9.96393e-23 3.92503e-20 2.7739e-17 1.26768e-14 3.11727e-12 3.73928e-10 2.10446e-08 5.62514e-07 7.52603e-06 5.43954e-05 0.000228115 0.000575358 0.00088549 0.000882379 0.000639717 0.00037589 0.00018872 8.01935e-05 2.63347e-05 4.78528e-06 0 
0 0.00017721 4.57079e-05 1.21374e-06 5.00348e-09 4.45652e-12 1.28255e-15 2.06041e-19 4.3131e-22 8.16971e-24 4.65269e-25 4.54157e-26 6.14865e-27 1.50845e-27 8.80415e-28 7.28625e-28 9.61862e-28 4.10197e-27 3.85496e-26 6.93732e-25 3.67143e-23 1.02971e-20 8.72147e-18 4.91916e-15 1.46317e-12 2.07358e-10 1.34453e-08 4.03749e-07 5.92555e-06 4.60176e-05 0.000204261 0.000540468 0.000865753 0.000887361 0.000653449 0.000386669 0.000194663 8.27981e-05 2.71986e-05 4.94275e-06 0 
0 0.000175348 4.43593e-05 1.14374e-06 4.53054e-09 3.84185e-12 1.0453e-15 1.60837e-19 3.72e-22 7.56033e-24 4.47938e-25 4.43709e-26 5.62149e-27 8.80418e-28 2.36543e-28 1.80826e-28 5.20817e-28 3.43886e-27 3.3937e-26 5.95426e-25 2.97811e-23 7.76415e-21 6.79108e-18 4.00225e-15 1.23885e-12 1.81829e-10 1.21469e-08 3.73813e-07 5.59392e-06 4.41015e-05 0.000198133 0.000529924 0.00085723 0.000885259 0.000654824 0.000388312 0.000195661 8.32493e-05 2.73498e-05 4.9704e-06 0 
0 0.000178741 4.76217e-05 1.33076e-06 5.88169e-09 5.70812e-12 1.81146e-15 3.14301e-19 5.14878e-22 8.2459e-24 4.29853e-25 3.98458e-26 4.86542e-27 7.28627e-28 1.80825e-28 1.62137e-28 5.69596e-28 3.91301e-27 4.08452e-26 8.02495e-25 4.85249e-23 1.59214e-20 1.27413e-17 6.67553e-15 1.85827e-12 2.4857e-10 1.53483e-08 4.42724e-07 6.29222e-06 4.76633e-05 0.000207609 0.000541765 0.0008599 0.000877079 0.000644629 0.000381238 0.00019191 8.16276e-05 2.68145e-05 4.873e-06 0 
0 0.000186989 5.59849e-05 1.87353e-06 1.05806e-08 1.38871e-11 6.21882e-15 1.50846e-18 1.20519e-21 1.14655e-23 4.48924e-25 3.6063e-26 4.42892e-27 9.61861e-28 5.20814e-28 5.69594e-28 1.26269e-27 6.80579e-27 7.67963e-26 1.98936e-24 1.82377e-22 8.51138e-20 5.30478e-17 2.133e-14 4.67549e-12 5.07366e-10 2.62316e-08 6.53887e-07 8.27437e-06 5.72796e-05 0.000232574 0.000573359 0.000870193 0.000861531 0.000623326 0.000366148 0.00018385 7.81335e-05 2.566e-05 4.66282e-06 0 
0 0.000199428 7.0926e-05 3.09292e-06 2.50235e-08 5.11407e-11 3.79523e-14 1.57086e-17 7.66176e-21 3.45586e-23 7.94748e-25 5.19842e-26 8.80099e-27 4.10196e-27 3.43884e-27 3.913e-27 6.80577e-27 2.66811e-26 3.19225e-25 1.29904e-23 2.2362e-21 1.04257e-18 4.3194e-16 1.17659e-13 1.81397e-11 1.4463e-09 5.75581e-08 1.15708e-06 1.23398e-05 7.47981e-05 0.000273673 0.000619988 0.000881025 0.000835602 0.00059123 0.000344 0.00017212 7.30621e-05 2.39857e-05 4.35809e-06 0 
0 0.000214955 9.48922e-05 5.75831e-06 7.29041e-08 2.58685e-10 3.60223e-13 2.92268e-16 2.16062e-19 3.90732e-22 4.56559e-24 2.73691e-25 6.69028e-26 3.85494e-26 3.39368e-26 4.0845e-26 7.67961e-26 3.19224e-25 4.86901e-24 3.39985e-22 8.02514e-20 2.38882e-17 5.88228e-15 9.8456e-13 9.76881e-11 5.29167e-09 1.51631e-07 2.32698e-06 2.00235e-05 0.000102724 0.000329642 0.000671937 0.000881666 0.000795425 0.000548826 0.000315991 0.000157503 6.67731e-05 2.19125e-05 3.98096e-06 0 
0 0.000231835 0.000131095 1.15854e-05 2.43686e-07 1.61619e-09 4.59485e-12 7.99901e-15 1.26055e-17 2.74852e-20 1.74761e-22 7.24994e-24 1.3928e-24 6.9373e-25 5.95425e-25 8.02494e-25 1.98936e-24 1.29904e-23 3.39985e-22 3.29539e-20 5.10377e-18 8.29049e-16 1.12824e-13 1.08317e-11 6.48848e-10 2.25421e-08 4.42367e-07 4.97223e-06 3.34222e-05 0.000141604 0.000391497 0.000710457 0.000858113 0.000737328 0.000497049 0.000283533 0.000140866 5.96585e-05 1.95718e-05 3.55542e-06 0 
0 0.000247597 0.000182752 2.41373e-05 8.7043e-07 1.1215e-08 6.80574e-11 2.66633e-13 9.51621e-16 4.39151e-18 3.69605e-20 8.94966e-22 9.96392e-23 3.67143e-23 2.97811e-23 4.85249e-23 1.82377e-22 2.2362e-21 8.02514e-20 5.10377e-18 4.19244e-16 3.55031e-14 2.56136e-12 1.352e-10 4.6835e-09 9.99489e-08 1.28949e-06 1.02576e-05 5.25815e-05 0.000181693 0.000432171 0.00070441 0.000794646 0.000658808 0.000437412 0.000248172 0.000123096 5.21105e-05 1.7094e-05 3.10525e-06 0 
0 0.000259178 0.000251401 5.00496e-05 3.11175e-06 7.83492e-08 1.02229e-09 9.08821e-12 7.40856e-14 7.4867e-16 1.24515e-17 4.35767e-19 3.92503e-20 1.02971e-20 7.76415e-21 1.59214e-20 8.51138e-20 1.04257e-18 2.38882e-17 8.29049e-16 3.55031e-14 1.54973e-12 5.834e-11 1.65355e-09 3.19687e-08 3.9901e-07 3.19883e-06 1.71668e-05 6.56716e-05 0.000187268 0.000398335 0.000613644 0.000677355 0.000559259 0.000371949 0.000211486 0.000105039 4.44942e-05 1.45994e-05 2.65236e-06 0 
0 0.000263388 0.000334261 9.97609e-05 1.05279e-05 5.06632e-07 1.3863e-08 2.72489e-10 4.94451e-12 1.06795e-13 3.48589e-15 2.11104e-16 2.7739e-17 8.72147e-18 6.79108e-18 1.27413e-17 5.30478e-17 4.3194e-16 5.88228e-15 1.12824e-13 2.56136e-12 5.834e-11 1.14741e-09 1.7093e-08 1.73657e-07 1.13548e-06 4.89553e-06 1.56786e-05 4.33621e-05 0.000110715 0.000244804 0.00041522 0.000502052 0.000440874 0.00030313 0.000174991 8.74459e-05 3.71256e-05 1.21912e-05 2.21541e-06 0 
0 0.000257697 0.000421614 0.000185621 3.22543e-05 2.83932e-06 1.54868e-07 6.37987e-09 2.44341e-10 1.0728e-11 6.57385e-13 6.6575e-14 1.26768e-14 4.91916e-15 4.00225e-15 6.67553e-15 2.133e-14 1.17659e-13 9.8456e-13 1.08317e-11 1.352e-10 1.65355e-09 1.7093e-08 1.277e-07 5.86897e-07 1.49065e-06 2.27452e-06 3.01865e-06 5.58004e-06 1.67988e-05 6.07712e-05 0.000170174 0.000292101 0.000311285 0.00023409 0.000140118 7.09518e-05 3.02588e-05 9.95076e-06 1.8091e-06 0 
0 0.000241095 0.000496458 0.000314503 8.66316e-05 1.31732e-05 1.33686e-06 1.0724e-07 8.05604e-09 6.7112e-10 7.2645e-11 1.1708e-11 3.11727e-12 1.46317e-12 1.23885e-12 1.85827e-12 4.67549e-12 1.81397e-11 9.76881e-11 6.48848e-10 4.6835e-09 3.19687e-08 1.73657e-07 5.86897e-07 8.77849e-07 4.30753e-07 8.23108e-08 1.74714e-08 1.72339e-08 1.23394e-07 2.26967e-06 2.71029e-05 0.000113888 0.000187862 0.000169271 0.000108268 5.60633e-05 2.40797e-05 7.93593e-06 1.44372e-06 0 
0 0.000214652 0.000538918 0.00047488 0.000199227 4.92276e-05 8.59591e-06 1.23248e-06 1.66649e-07 2.42951e-08 4.32586e-09 1.04709e-09 3.73928e-10 2.07358e-10 1.81829e-10 2.4857e-10 5.07366e-10 1.4463e-09 5.29167e-09 2.25421e-08 9.99489e-08 3.9901e-07 1.13548e-06 1.49065e-06 4.30753e-07 1.2389e-08 4.50235e-11 2.47442e-13 7.78728e-14 5.198e-12 3.83726e-09 1.03396e-06 2.59428e-05 9.4408e-05 0.000114387 8.07943e-05 4.31506e-05 1.87052e-05 6.18111e-06 1.12533e-06 0 
0 0.000181404 0.000535095 0.00062747 0.000384618 0.000146006 4.06216e-05 9.52496e-06 2.11614e-06 4.95224e-07 1.34409e-07 4.59323e-08 2.10446e-08 1.34453e-08 1.21469e-08 1.53483e-08 2.62316e-08 5.75581e-08 1.51631e-07 4.42367e-07 1.28949e-06 3.19883e-06 4.89553e-06 2.27452e-06 8.23108e-08 4.50235e-11 4.92051e-16 2.31742e-15 2.445e-15 4.61259e-16 3.71931e-13 1.15535e-08 3.93248e-06 4.2126e-05 7.40691e-05 5.86975e-05 3.24142e-05 1.41834e-05 4.69905e-06 8.56114e-07 0 
0 0.00014549 0.000485038 0.000717002 0.000611683 0.000339834 0.000141135 4.98874e-05 1.66776e-05 5.7529e-06 2.20597e-06 1.00049e-06 5.62514e-07 4.03749e-07 3.73813e-07 4.42724e-07 6.53887e-07 1.15708e-06 2.32698e-06 4.97223e-06 1.02576e-05 1.71668e-05 1.56786e-05 3.01865e-06 1.74714e-08 2.47442e-13 2.31742e-15 2.65789e-16 2.11026e-16 4.11346e-17 1.45734e-16 2.01147e-10 7.40925e-07 2.03881e-05 4.86871e-05 4.21479e-05 2.3841e-05 1.04987e-05 3.48407e-06 6.35036e-07 0 
0 0.000110931 0.000403065 0.000707934 0.000790379 0.000611609 0.000360413 0.00018017 8.41371e-05 3.96407e-05 2.00244e-05 1.13753e-05 7.52603e-06 5.92555e-06 5.59392e-06 6.29222e-06 8.27437e-06 1.23398e-05 2.00235e-05 3.34222e-05 5.25815e-05 6.56716e-05 4.33621e-05 5.58004e-06 1.72339e-08 7.78728e-14 2.445e-15 2.11026e-16 5.88847e-17 1.2528e-16 4.55545e-15 5.90393e-11 3.95091e-07 1.35715e-05 3.45299e-05 3.03364e-05 1.721e-05 7.58229e-06 2.51639e-06 4.58658e-07 0 
0 8.06342e-05 0.000309768 0.000611218 0.000831278 0.000841004 0.000669894 0.000452102 0.000279681 0.000169851 0.000106837 7.24238e-05 5.43954e-05 4.60176e-05 4.41015e-05 4.76633e-05 5.72796e-05 7.47981e-05 0.000102724 0.000141604 0.000181693 0.000187268 0.000110715 1.67988e-05 1.23394e-07 5.198e-12 4.61259e-16 4.11346e-17 1.2528e-16 7.71415e-17 1.61055e-15 6.09666e-10 7.59146e-07 1.32497e-05 2.67868e-05 2.19201e-05 1.21788e-05 5.33377e-06 1.76719e-06 3.21951e-07 0 
0 5.60256e-05 0.000222476 0.000471233 0.000728415 0.000892247 0.000901217 0.000783297 0.000617236 0.000465114 0.000350902 0.000274506 0.000228115 0.000204261 0.000198133 0.000207609 0.000232574 0.000273673 0.000329642 0.000391497 0.000432171 0.000398335 0.000244804 6.07712e-05 2.26967e-06 3.83726e-09 3.71931e-13 1.45734e-16 4.55545e-15 1.61055e-15 1.59511e-11 3.62256e-08 2.83639e-06 1.58396e-05 2.163e-05 1.56726e-05 8.40255e-06 3.64275e-06 1.20348e-06 2.1908e-07 0 
0 3.72585e-05 0.000150654 0.000331823 0.000551931 0.000760388 0.000901647 0.000945908 0.000905026 0.000817043 0.000719505 0.000635696 0.000575358 0.000540468 0.000529924 0.000541765 0.000573359 0.000619988 0.000671937 0.000710457 0.00070441 0.000613644 0.00041522 0.000170174 2.71029e-05 1.03396e-06 1.15535e-08 2.01147e-10 5.90393e-11 6.09666e-10 3.62256e-08 1.22595e-06 8.9617e-06 1.79494e-05 1.69004e-05 1.08512e-05 5.60686e-06 2.40445e-06 7.91888e-07 1.44025e-07 0 
0 2.36927e-05 9.66801e-05 0.000217163 0.000374991 0.000549988 0.000714475 0.000841967 0.000917999 0.000944861 0.000937018 0.000912325 0.00088549 0.000865753 0.00085723 0.0008599 0.000870193 0.000881025 0.000881666 0.000858113 0.000794646 0.000677355 0.000502052 0.000292101 0.000113888 2.59428e-05 3.93248e-06 7.40925e-07 3.95091e-07 7.59146e-07 2.83639e-06 8.9617e-06 1.5986e-05 1.66662e-05 1.21657e-05 7.14827e-06 3.58874e-06 1.52532e-06 5.01001e-07 9.10473e-08 0 
0 1.43483e-05 5.88011e-05 0.000133283 0.000234164 0.000353708 0.000480433 0.000601092 0.000704052 0.00078248 0.0008355 0.000866875 0.000882379 0.000887361 0.000885259 0.000877079 0.000861531 0.000835602 0.000795425 0.000737328 0.000658808 0.000559259 0.000440874 0.000311285 0.000187862 9.4408e-05 4.2126e-05 2.03881e-05 1.35715e-05 1.32497e-05 1.58396e-05 1.79494e-05 1.66662e-05 1.25213e-05 7.95402e-06 4.43456e-06 2.18592e-06 9.23474e-07 3.02738e-07 5.49841e-08 0 
0 8.20856e-06 3.37031e-05 7.66921e-05 0.000135734 0.000207614 0.000287474 0.000369351 0.000447112 0.000515554 0.00057122 0.000612596 0.000639717 0.000653449 0.000654824 0.000644629 0.000623326 0.00059123 0.000548826 0.000497049 0.000437412 0.000371949 0.00030313 0.00023409 0.000169271 0.000114387 7.40691e-05 4.86871e-05 3.45299e-05 2.67868e-05 2.163e-05 1.69004e-05 1.21657e-05 7.95402e-06 4.73761e-06 2.57234e-06 1.25539e-06 5.2849e-07 1.73046e-07 3.1417e-08 0 
0 4.37386e-06 1.79725e-05 4.09613e-05 7.27071e-05 0.000111758 0.000155921 0.000202447 0.000248342 0.000290728 0.000327175 0.000355915 0.00037589 0.000386669 0.000388312 0.000381238 0.000366148 0.000344 0.000315991 0.000283533 0.000248172 0.000211486 0.000174991 0.000140118 0.000108268 8.07943e-05 5.86975e-05 4.21479e-05 3.03364e-05 2.19201e-05 1.56726e-05 1.08512e-05 7.14827e-06 4.43456e-06 2.57234e-06 1.38027e-06 6.70393e-07 2.81705e-07 9.21798e-08 1.67317e-08 0 
0 2.11757e-06 8.70393e-06 1.98492e-05 3.52713e-05 5.4314e-05 7.59859e-05 9.90386e-05 0.000122082 0.000143719 0.000162678 0.000177923 0.00018872 0.000194663 0.000195661 0.00019191 0.00018385 0.00017212 0.000157503 0.000140866 0.000123096 0.000105039 8.74459e-05 7.09518e-05 5.60633e-05 4.31506e-05 3.24142e-05 2.3841e-05 1.721e-05 1.21788e-05 8.40255e-06 5.60686e-06 3.58874e-06 2.18592e-06 1.25539e-06 6.70393e-07 3.24922e-07 1.36419e-07 4.46245e-08 8.0989e-09 0 
0 8.88615e-07 3.65294e-06 8.33234e-06 1.4812e-05 2.28235e-05 3.19608e-05 4.17118e-05 5.15022e-05 6.07456e-05 6.88959e-05 7.54922e-05 8.01935e-05 8.27981e-05 8.32493e-05 8.16276e-05 7.81335e-05 7.30621e-05 6.67731e-05 5.96585e-05 5.21105e-05 4.44942e-05 3.71256e-05 3.02588e-05 2.40797e-05 1.87052e-05 1.41834e-05 1.04987e-05 7.58229e-06 5.33377e-06 3.64275e-06 2.40445e-06 1.52532e-06 9.23474e-07 5.2849e-07 2.81705e-07 1.36419e-07 5.72543e-08 1.87259e-08 3.39836e-09 0 
0 2.90616e-07 1.19472e-06 2.72537e-06 4.84543e-06 7.46781e-06 1.04608e-05 1.36583e-05 1.68732e-05 1.99138e-05 2.26002e-05 2.47788e-05 2.63347e-05 2.71986e-05 2.73498e-05 2.68145e-05 2.566e-05 2.39857e-05 2.19125e-05 1.95718e-05 1.7094e-05 1.45994e-05 1.21912e-05 9.95076e-06 7.93593e-06 6.18111e-06 4.69905e-06 3.48407e-06 2.51639e-06 1.76719e-06 1.20348e-06 7.91888e-07 5.01001e-07 3.02738e-07 1.73046e-07 9.21798e-08 4.46245e-08 1.87259e-08 6.1242e-09 1.11139e-09 0 
0 5.27393e-08 2.16815e-07 4.94606e-07 8.79397e-07 1.35543e-06 1.89887e-06 2.47961e-06 3.06378e-06 3.61659e-06 4.10529e-06 4.50188e-06 4.78528e-06 4.94275e-06 4.9704e-06 4.873e-06 4.66282e-06 4.35809e-06 3.98096e-06 3.55542e-06 3.10525e-06 2.65236e-06 2.21541e-06 1.8091e-06 1.44372e-06 1.12533e-06 8.56114e-07 6.35036e-07 4.58658e-07 3.21951e-07 2.1908e-07 1.44025e-07 9.10473e-08 5.49841e-08 3.1417e-08 1.67317e-08 8.0989e-09 3.39836e-09 1.11139e-09 2.01686e-10 0 
0 0 0 0 0 0 0 0 0 0 0 0 0 0 0 0 0 0 0 0 0 0 0 0 0 0 0 0 0 0 0 0 0 0 0 0 0 0 0 0 0 
