0 0 0 0 0 0 0 0 0 0 0 0 0 0 0 0 0 0 0 0 0 0 0 0 0 0 0 0 0 0 0 0 0 0 0 0 0 0 0 0 0 
0 1.37911e-05 5.66964e-05 0.00012934 0.000229968 0.000354465 0.000496605 0.000648526 0.000801372 0.000946045 0.00107397 0.00117782 0.00125205 0.0012933 0.00130056 0.00127506 0.00122003 0.00114025 0.00104153 0.00093017 0.0008124 0.000693949 0.000579699 0.000473473 0.000377947 0.000294685 0.000224245 0.000166363 0.000120155 8.4327e-05 5.73649e-05 3.7699e-05 2.38242e-05 1.43839e-05 8.21723e-06 4.37575e-06 2.11793e-06 8.88673e-07 2.90623e-07 5.27398e-08 0 
0 5.66964e-05 0.000233084 0.000531728 0.00094542 0.00145724 0.00204159 0.00266615 0.00329451 0.00388928 0.0044152 0.00484212 0.00514728 0.00531687 0.00534671 0.00524188 0.00501564 0.00468765 0.00428182 0.00382401 0.00333985 0.00285289 0.0023832 0.00194649 0.00155378 0.00121148 0.000921892 0.000683935 0.00049397 0.000346676 0.000235833 0.000154984 9.79433e-05 5.91335e-05 3.37818e-05 1.79891e-05 8.70702e-06 3.65342e-06 1.19478e-06 2.16818e-07 0 
0 0.00012934 0.000531728 0.00121301 0.00215676 0.00332436 0.00465742 0.0060822 0.00751567 0.00887248 0.0100722 0.0110461 0.0117423 0.0121292 0.0121972 0.0119581 0.011442 0.0106937 0.00976795 0.00872357 0.00761908 0.0065082 0.00543671 0.00444047 0.00354458 0.0027637 0.00210308 0.00156024 0.00112688 0.000790862 0.000537998 0.000353561 0.000223435 0.000134899 7.70654e-05 4.10381e-05 1.98631e-05 8.33443e-06 2.72561e-06 4.94621e-07 0 
0 0.000229968 0.00094542 0.00215676 0.00383475 0.00591076 0.00828096 0.0108142 0.0133629 0.0157753 0.0179085 0.01964 0.0208777 0.0215655 0.0216865 0.0212612 0.0203436 0.0190133 0.0173673 0.0155105 0.0135467 0.0115716 0.00966653 0.0078952 0.00630232 0.00491391 0.00373931 0.00277413 0.00200361 0.00140616 0.000956569 0.000628636 0.000397271 0.000239853 0.000137024 7.29663e-05 3.53168e-05 1.48187e-05 4.84619e-06 8.79444e-07 0 
0 0.000354465 0.00145724 0.00332436 0.00591076 0.00911064 0.012764 0.0166687 0.0205971 0.0243153 0.0276031 0.0302718 0.0321791 0.033239 0.0334252 0.0327698 0.0313555 0.0293053 0.0267686 0.0239068 0.0208801 0.0178359 0.0148996 0.0121694 0.00971417 0.00757413 0.00576365 0.00427595 0.0030883 0.00216742 0.00147442 0.00096896 0.000612341 0.000369702 0.000211204 0.000112468 5.44362e-05 2.28411e-05 7.46975e-06 1.35555e-06 0 
0 0.000496605 0.00204159 0.00465742 0.00828096 0.012764 0.0178823 0.0233526 0.0288561 0.034065 0.0386704 0.0424082 0.0450792 0.0465629 0.0468231 0.0459046 0.0439237 0.0410524 0.0374995 0.0334912 0.0292518 0.0249874 0.0208739 0.0170491 0.0136095 0.0106113 0.00807486 0.0059906 0.0043267 0.00303655 0.00206567 0.00135751 0.000857889 0.000517952 0.000295896 0.000157567 7.62651e-05 3.20004e-05 1.04651e-05 1.89912e-06 0 
0 0.000648526 0.00266615 0.0060822 0.0108142 0.0166687 0.0233526 0.0304962 0.0376827 0.0444838 0.0504961 0.0553742 0.0588586 0.0607927 0.0611301 0.0599301 0.0573447 0.0535979 0.0489616 0.0437304 0.0381966 0.0326294 0.0272586 0.0222642 0.0177726 0.0138574 0.0105451 0.00782322 0.00565031 0.00396548 0.00269759 0.0017728 0.00112033 0.000676403 0.000386416 0.00020577 9.95959e-05 4.17899e-05 1.36666e-05 2.48009e-06 0 
0 0.000801372 0.00329451 0.00751567 0.0133629 0.0205971 0.0288561 0.0376827 0.0465615 0.0549625 0.0623864 0.0684065 0.0727026 0.0750831 0.0754933 0.0740087 0.0708176 0.0661953 0.0604756 0.0540201 0.0471889 0.0403141 0.0336802 0.0275103 0.0219608 0.0171232 0.0130303 0.00966698 0.00698198 0.00490007 0.00333336 0.00219061 0.00138437 0.000835819 0.000477487 0.000254266 0.000123069 5.1639e-05 1.68875e-05 3.0646e-06 0 
0 0.000946045 0.00388928 0.00887248 0.0157753 0.0243153 0.034065 0.0444838 0.0549625 0.0648739 0.0736268 0.0807167 0.0857668 0.0885555 0.0890241 0.0872668 0.083507 0.078067 0.0713355 0.0637342 0.0556851 0.0475796 0.0397543 0.0324739 0.0259242 0.0202139 0.0153825 0.0114121 0.00824242 0.00578468 0.00393514 0.00258609 0.0016343 0.000986711 0.000563689 0.00030017 0.000145287 6.09615e-05 1.99363e-05 3.61786e-06 0 
0 0.00107397 0.0044152 0.0100722 0.0179085 0.0276031 0.0386704 0.0504961 0.0623864 0.0736268 0.0835427 0.0915593 0.0972514 0.100375 0.100875 0.0988694 0.0946139 0.0884696 0.0808676 0.0722764 0.063169 0.0539882 0.0451172 0.0368591 0.0294271 0.0229462 0.0174621 0.0129551 0.00935694 0.00656689 0.00446726 0.00293579 0.0018553 0.00112014 0.000639914 0.00034076 0.000164933 6.9205e-05 2.26322e-05 4.10709e-06 0 
0 0.00117782 0.00484212 0.0110461 0.01964 0.0302718 0.0424082 0.0553742 0.0684065 0.0807167 0.0915593 0.100301 0.106477 0.109833 0.110327 0.108105 0.103454 0.0967646 0.0884917 0.0791328 0.0691958 0.0591629 0.0494561 0.0404117 0.0322673 0.0251628 0.0191497 0.0142075 0.0102616 0.00720182 0.0048992 0.00321966 0.00203469 0.00122845 0.000701789 0.000373709 0.000180881 7.58967e-05 2.48206e-05 4.50422e-06 0 
0 0.00125205 0.00514728 0.0117423 0.0208777 0.0321791 0.0450792 0.0588586 0.0727026 0.0857668 0.0972514 0.106477 0.112952 0.116423 0.116868 0.114468 0.10954 0.10249 0.0937815 0.0839206 0.0734308 0.0628184 0.0525337 0.0429388 0.0342915 0.0267443 0.0203547 0.0151021 0.010908 0.00765557 0.00520791 0.00342255 0.00216291 0.00130587 0.000746016 0.000397261 0.00019228 8.06798e-05 2.63848e-05 4.78808e-06 0 
0 0.0012933 0.00531687 0.0121292 0.0215655 0.033239 0.0465629 0.0607927 0.0750831 0.0885555 0.100375 0.109833 0.116423 0.119895 0.120258 0.117724 0.112637 0.105413 0.0965103 0.0864252 0.0756786 0.064784 0.0542057 0.0443222 0.0354056 0.027618 0.0210219 0.0155982 0.0112667 0.00790756 0.00537941 0.00353529 0.00223417 0.00134889 0.000770596 0.00041035 0.000198616 8.33382e-05 2.72542e-05 4.94585e-06 0 
0 0.00130056 0.00534671 0.0121972 0.0216865 0.0334252 0.0468231 0.0611301 0.0754933 0.0890241 0.100875 0.110327 0.116868 0.120258 0.120525 0.117909 0.112777 0.105546 0.0966667 0.0866155 0.0758963 0.0650128 0.0544279 0.044524 0.0355787 0.0277597 0.0211333 0.0156826 0.0113286 0.00795135 0.00540937 0.00355504 0.00224668 0.00135645 0.000774918 0.000412653 0.000199731 8.38059e-05 2.74071e-05 4.9736e-06 0 
0 0.00127506 0.00524188 0.0119581 0.0212612 0.0327698 0.0459046 0.0599301 0.0740087 0.0872668 0.0988694 0.108105 0.114468 0.117724 0.117909 0.115277 0.110202 0.103106 0.0944291 0.0846294 0.0741856 0.0635785 0.0532537 0.0435835 0.0348408 0.0271926 0.0207067 0.0153689 0.0111035 0.00779413 0.00530276 0.00348513 0.00220255 0.00132983 0.000759718 0.00040456 0.000195814 8.21627e-05 2.68697e-05 4.87609e-06 0 
0 0.00122003 0.00501564 0.011442 0.0203436 0.0313555 0.0439237 0.0573447 0.0708176 0.083507 0.0946139 0.103454 0.10954 0.112637 0.112777 0.110202 0.105283 0.0984413 0.090111 0.0807351 0.070767 0.060657 0.0508209 0.0416074 0.0332741 0.0259797 0.01979 0.014693 0.0106179 0.00745472 0.00507259 0.0033342 0.00210731 0.00127238 0.000726911 0.000387095 0.000187362 7.86163e-05 2.571e-05 4.66563e-06 0 
0 0.00114025 0.00468765 0.0106937 0.0190133 0.0293053 0.0410524 0.0535979 0.0661953 0.078067 0.0884696 0.0967646 0.10249 0.105413 0.105546 0.103106 0.0984413 0.0919631 0.0840994 0.0752825 0.0659435 0.0564999 0.0473314 0.0387538 0.031 0.0242131 0.0184526 0.0137066 0.00990965 0.00696038 0.00473781 0.00311493 0.00196906 0.00118903 0.000679335 0.000361771 0.000175107 7.34749e-05 2.40287e-05 4.36053e-06 0 
0 0.00104153 0.00428182 0.00976795 0.0173673 0.0267686 0.0374995 0.0489616 0.0604756 0.0713355 0.0808676 0.0884917 0.0937815 0.0965103 0.0966667 0.0944291 0.090111 0.0840994 0.0768094 0.0686608 0.0600639 0.0514053 0.043028 0.0352123 0.0281617 0.0219992 0.0167727 0.0124674 0.00902137 0.0063421 0.00432043 0.00284232 0.00179753 0.00108576 0.000620429 0.000330428 0.000159943 6.7113e-05 2.19483e-05 3.98301e-06 0 
0 0.00093017 0.00382401 0.00872357 0.0155105 0.0239068 0.0334912 0.0437304 0.0540201 0.0637342 0.0722764 0.0791328 0.0839206 0.0864252 0.0866155 0.0846294 0.0807351 0.0752825 0.0686608 0.0612685 0.0534924 0.0456896 0.0381707 0.0311841 0.0249065 0.0194407 0.014821 0.0110251 0.0079898 0.0056279 0.00384152 0.00253149 0.00160288 0.000968904 0.000553887 0.000295051 0.000142832 5.99357e-05 1.96014e-05 3.55713e-06 0 
0 0.0008124 0.00333985 0.00761908 0.0135467 0.0208801 0.0292518 0.0381966 0.0471889 0.0556851 0.063169 0.0691958 0.0734308 0.0756786 0.0758963 0.0741856 0.070767 0.0659435 0.0600639 0.0534924 0.0465838 0.0396646 0.0330166 0.0268643 0.0213673 0.016617 0.012639 0.00940114 0.00682993 0.00483248 0.00331565 0.00219494 0.00139437 0.000844564 0.000483328 0.000257597 0.000124729 5.23443e-05 1.71193e-05 3.10674e-06 0 
0 0.000693949 0.00285289 0.0065082 0.0115716 0.0178359 0.0249874 0.0326294 0.0403141 0.0475796 0.0539882 0.0591629 0.0628184 0.064784 0.0650128 0.0635785 0.060657 0.0564999 0.0514053 0.0456896 0.0396646 0.0336189 0.0278048 0.0224295 0.0176494 0.0135655 0.0102143 0.00756175 0.00551201 0.00394199 0.00274289 0.00183916 0.00117905 0.000717986 0.000412011 0.000219859 0.000106511 4.47074e-05 1.46227e-05 2.65373e-06 0 
0 0.000579699 0.0023832 0.00543671 0.00966653 0.0148996 0.0208739 0.0272586 0.0336802 0.0397543 0.0451172 0.0494561 0.0525337 0.0542057 0.0544279 0.0532537 0.0508209 0.0473314 0.043028 0.0381707 0.0330166 0.0278048 0.022749 0.0180367 0.0138348 0.010287 0.00748492 0.00541792 0.00395609 0.00290627 0.00210328 0.0014621 0.000960844 0.000593237 0.000342662 0.000183359 8.89232e-05 3.73395e-05 1.22145e-05 2.21678e-06 0 
0 0.000473473 0.00194649 0.00444047 0.0078952 0.0121694 0.0170491 0.0222642 0.0275103 0.0324739 0.0368591 0.0404117 0.0429388 0.0443222 0.044524 0.0435835 0.0416074 0.0387538 0.0352123 0.0311841 0.0268643 0.0224295 0.0180367 0.0138408 0.010031 0.00684803 0.00450167 0.00301183 0.0021772 0.0017131 0.00138163 0.00105917 0.000741883 0.000473427 0.00027745 0.000149305 7.25552e-05 3.04874e-05 9.97522e-06 1.81051e-06 0 
0 0.000377947 0.00155378 0.00354458 0.00630232 0.00971417 0.0136095 0.0177726 0.0219608 0.0259242 0.0294271 0.0322673 0.0342915 0.0354056 0.0355787 0.0348408 0.0332741 0.031 0.0281617 0.0249065 0.0213673 0.0176494 0.0138348 0.010031 0.00648532 0.00363996 0.00184559 0.000988171 0.000680906 0.000632805 0.000670122 0.000652052 0.000528672 0.00036187 0.000218157 0.000118597 5.78278e-05 2.4325e-05 7.96157e-06 1.44517e-06 0 
0 0.000294685 0.00121148 0.0027637 0.00491391 0.00757413 0.0106113 0.0138574 0.0171232 0.0202139 0.0229462 0.0251628 0.0267443 0.027618 0.0277597 0.0271926 0.0259797 0.0242131 0.0219992 0.0194407 0.016617 0.0135655 0.010287 0.00684803 0.00363996 0.00140554 0.000415859 0.000136093 8.28089e-05 0.000108587 0.000202576 0.0003181 0.000340315 0.000263581 0.000166389 9.18487e-05 4.49985e-05 1.89553e-05 6.2066e-06 1.12675e-06 0 
0 0.000224245 0.000921892 0.00210308 0.00373931 0.00576365 0.00807486 0.0105451 0.0130303 0.0153825 0.0174621 0.0191497 0.0203547 0.0210219 0.0211333 0.0207067 0.01979 0.0184526 0.0167727 0.014821 0.012639 0.0102143 0.00748492 0.00450167 0.00184559 0.000415859 5.40862e-05 8.12249e-06 4.01421e-06 8.96049e-06 3.98279e-05 0.000127409 0.00020204 0.000184621 0.000123461 6.93853e-05 3.41719e-05 1.44161e-05 4.72226e-06 8.57378e-07 0 
0 0.000166363 0.000683935 0.00156024 0.00277413 0.00427595 0.0059906 0.00782322 0.00966698 0.0114121 0.0129551 0.0142075 0.0151021 0.0155982 0.0156826 0.0153689 0.014693 0.0137066 0.0124674 0.0110251 0.00940114 0.00756175 0.00541792 0.00301183 0.000988171 0.000136093 8.12249e-06 5.74728e-07 2.31099e-07 8.56893e-07 8.67454e-06 5.37523e-05 0.000121493 0.000128079 8.98211e-05 5.11971e-05 2.53141e-05 1.06907e-05 3.50298e-06 6.36055e-07 0 
0 0.000120155 0.00049397 0.00112688 0.00200361 0.0030883 0.0043267 0.00565031 0.00698198 0.00824242 0.00935694 0.0102616 0.010908 0.0112667 0.0113286 0.0111035 0.0106179 0.00990965 0.00902137 0.0079898 0.00682993 0.00551201 0.00395609 0.0021772 0.000680906 8.28089e-05 4.01421e-06 2.31099e-07 8.73049e-08 3.67963e-07 4.60538e-06 3.3791e-05 8.34568e-05 9.10855e-05 6.45923e-05 3.6934e-05 1.82775e-05 7.72074e-06 2.52997e-06 4.59386e-07 0 
0 8.4327e-05 0.000346676 0.000790862 0.00140616 0.00216742 0.00303655 0.00396548 0.00490007 0.00578468 0.00656689 0.00720182 0.00765557 0.00790756 0.00795135 0.00779413 0.00745472 0.00696038 0.0063421 0.0056279 0.00483248 0.00394199 0.00290627 0.0017131 0.000632805 0.000108587 8.96049e-06 8.56893e-07 3.67963e-07 1.07795e-06 7.57222e-06 3.50445e-05 6.7688e-05 6.69343e-05 4.59407e-05 2.60168e-05 1.28403e-05 5.42001e-06 1.7757e-06 3.22411e-07 0 
0 5.73649e-05 0.000235833 0.000537998 0.000956569 0.00147442 0.00206567 0.00269759 0.00333336 0.00393514 0.00446726 0.0048992 0.00520791 0.00537941 0.00540937 0.00530276 0.00507259 0.00473781 0.00432043 0.00384152 0.00331565 0.00274289 0.00210328 0.00138163 0.000670122 0.000202576 3.98279e-05 8.67454e-06 4.60538e-06 7.57222e-06 2.10252e-05 4.59463e-05 5.90387e-05 4.93803e-05 3.20159e-05 1.78201e-05 8.75144e-06 3.68898e-06 1.20812e-06 2.19334e-07 0 
0 3.7699e-05 0.000154984 0.000353561 0.000628636 0.00096896 0.00135751 0.0017728 0.00219061 0.00258609 0.00293579 0.00321966 0.00342255 0.00353529 0.00355504 0.00348513 0.0033342 0.00311493 0.00284232 0.00253149 0.00219494 0.00183916 0.0014621 0.00105917 0.000652052 0.0003181 0.000127409 5.37523e-05 3.3791e-05 3.50445e-05 4.59463e-05 5.39206e-05 4.88154e-05 3.51136e-05 2.15662e-05 1.17972e-05 5.76343e-06 2.42577e-06 7.94086e-07 1.44149e-07 0 
0 2.38242e-05 9.79433e-05 0.000223435 0.000397271 0.000612341 0.000857889 0.00112033 0.00138437 0.0016343 0.0018553 0.00203469 0.00216291 0.00223417 0.00224668 0.00220255 0.00210731 0.00196906 0.00179753 0.00160288 0.00139437 0.00117905 0.000960844 0.000741883 0.000528672 0.000340315 0.00020204 0.000121493 8.34568e-05 6.7688e-05 5.90387e-05 4.88154e-05 3.58936e-05 2.34606e-05 1.38855e-05 7.49932e-06 3.64876e-06 1.5338e-06 5.01906e-07 9.10998e-08 0 
0 1.43839e-05 5.91335e-05 0.000134899 0.000239853 0.000369702 0.000517952 0.000676403 0.000835819 0.000986711 0.00112014 0.00122845 0.00130587 0.00134889 0.00135645 0.00132983 0.00127238 0.00118903 0.00108576 0.000968904 0.000844564 0.000717986 0.000593237 0.000473427 0.00036187 0.000263581 0.000184621 0.000128079 9.10855e-05 6.69343e-05 4.93803e-05 3.51136e-05 2.34606e-05 1.46184e-05 8.47961e-06 4.54524e-06 2.20569e-06 9.26393e-07 3.03063e-07 5.50036e-08 0 
0 8.21723e-06 3.37818e-05 7.70654e-05 0.000137024 0.000211204 0.000295896 0.000386416 0.000477487 0.000563689 0.000639914 0.000701789 0.000746016 0.000770596 0.000774918 0.000759718 0.000726911 0.000679335 0.000620429 0.000553887 0.000483328 0.000412011 0.000342662 0.00027745 0.000218157 0.000166389 0.000123461 8.98211e-05 6.45923e-05 4.59407e-05 3.20159e-05 2.15662e-05 1.38855e-05 8.47961e-06 4.87324e-06 2.60225e-06 1.26101e-06 5.29361e-07 1.73148e-07 3.14233e-08 0 
0 4.37575e-06 1.79891e-05 4.10381e-05 7.29663e-05 0.000112468 0.000157567 0.00020577 0.000254266 0.00030017 0.00034076 0.000373709 0.000397261 0.00041035 0.000412653 0.00040456 0.000387095 0.000361771 0.000330428 0.000295051 0.000257597 0.000219859 0.000183359 0.000149305 0.000118597 9.18487e-05 6.93853e-05 5.11971e-05 3.6934e-05 2.60168e-05 1.78201e-05 1.17972e-05 7.49932e-06 4.54524e-06 2.60225e-06 1.38723e-06 6.7177e-07 2.81929e-07 9.22071e-08 1.67335e-08 0 
0 2.11793e-06 8.70702e-06 1.98631e-05 3.53168e-05 5.44362e-05 7.62651e-05 9.95959e-05 0.000123069 0.000145287 0.000164933 0.000180881 0.00019228 0.000198616 0.000199731 0.000195814 0.000187362 0.000175107 0.000159943 0.000142832 0.000124729 0.000106511 8.89232e-05 7.25552e-05 5.78278e-05 4.49985e-05 3.41719e-05 2.53141e-05 1.82775e-05 1.28403e-05 8.75144e-06 5.76343e-06 3.64876e-06 2.20569e-06 1.26101e-06 6.7177e-07 3.25209e-07 1.36468e-07 4.46308e-08 8.09932e-09 0 
0 8.88673e-07 3.65342e-06 8.33443e-06 1.48187e-05 2.28411e-05 3.20004e-05 4.17899e-05 5.1639e-05 6.09615e-05 6.9205e-05 7.58967e-05 8.06798e-05 8.33382e-05 8.38059e-05 8.21627e-05 7.86163e-05 7.34749e-05 6.7113e-05 5.99357e-05 5.23443e-05 4.47074e-05 3.73395e-05 3.04874e-05 2.4325e-05 1.89553e-05 1.44161e-05 1.06907e-05 7.72074e-06 5.42001e-06 3.68898e-06 2.42577e-06 1.5338e-06 9.26393e-07 5.29361e-07 2.81929e-07 1.36468e-07 5.72631e-08 1.87271e-08 3.39845e-09 0 
0 2.90623e-07 1.19478e-06 2.72561e-06 4.84619e-06 7.46975e-06 1.04651e-05 1.36666e-05 1.68875e-05 1.99363e-05 2.26322e-05 2.48206e-05 2.63848e-05 2.72542e-05 2.74071e-05 2.68697e-05 2.571e-05 2.40287e-05 2.19483e-05 1.96014e-05 1.71193e-05 1.46227e-05 1.22145e-05 9.97522e-06 7.96157e-06 6.2066e-06 4.72226e-06 3.50298e-06 2.52997e-06 1.7757e-06 1.20812e-06 7.94086e-07 5.01906e-07 3.03063e-07 1.73148e-07 9.22071e-08 4.46308e-08 1.87271e-08 6.12436e-09 1.1114e-09 0 
0 5.27398e-08 2.16818e-07 4.94621e-07 8.79444e-07 1.35555e-06 1.89912e-06 2.48009e-06 3.0646e-06 3.61786e-06 4.10709e-06 4.50422e-06 4.78808e-06 4.94585e-06 4.9736e-06 4.87609e-06 4.66563e-06 4.36053e-06 3.98301e-06 3.55713e-06 3.10674e-06 2.65373e-06 2.21678e-06 1.81051e-06 1.44517e-06 1.12675e-06 8.57378e-07 6.36055e-07 4.59386e-07 3.22411e-07 2.19334e-07 1.44149e-07 9.10998e-08 5.50036e-08 3.14233e-08 1.67335e-08 8.09932e-09 3.39845e-09 1.1114e-09 2.01687e-10 0 
0 0 0 0 0 0 0 0 0 0 0 0 0 0 0 0 0 0 0 0 0 0 0 0 0 0 0 0 0 0 0 0 0 0 0 0 0 0 0 0 0 
