0 0 0 0 0 0 0 0 0 0 0 0 0 0 0 0 0 0 0 0 0 0 0 0 0 0 0 0 0 0 0 0 0 0 0 0 0 0 0 0 0 
0 1.35053e-05 5.41112e-05 0.000117604 0.000192894 0.000264052 0.000316762 0.000344623 0.00035011 0.000340724 0.000324538 0.00030775 0.00029421 0.000285884 0.000283493 0.000286957 0.000295595 0.000308117 0.000322531 0.000336075 0.000345361 0.000346828 0.000337539 0.000316119 0.000283423 0.000242538 0.000197958 0.000154293 0.000115113 8.24097e-05 5.67008e-05 3.74891e-05 2.37636e-05 1.4368e-05 8.21344e-06 4.37494e-06 2.11778e-06 8.88649e-07 2.9062e-07 5.27396e-08 0 
0 5.41112e-05 0.000208959 0.000421665 0.000608451 0.000689179 0.000648314 0.000534636 0.000407666 0.000301555 0.000225222 0.00017524 0.000145306 0.000130233 0.000126918 0.000134261 0.000152881 0.000184814 0.000233034 0.000300405 0.000387688 0.000490607 0.000597028 0.000686751 0.00073657 0.000730164 0.000667047 0.000563268 0.000442904 0.000327302 0.000229211 0.000152936 9.73682e-05 5.89867e-05 3.37479e-05 1.79821e-05 8.70573e-06 3.65322e-06 1.19476e-06 2.16817e-07 0 
0 0.000117604 0.000421665 0.00073131 0.000817073 0.000646806 0.000396253 0.000206539 9.9949e-05 4.83654e-05 2.48926e-05 1.43216e-05 9.55869e-06 7.57544e-06 7.19362e-06 8.14661e-06 1.0819e-05 1.64085e-05 2.74942e-05 4.90701e-05 8.98792e-05 0.000163051 0.000283519 0.000458746 0.000672846 0.000875661 0.000997822 0.000993832 0.000874373 0.000692556 0.000504243 0.000343226 0.000220589 0.000134191 7.6906e-05 4.10059e-05 1.98574e-05 8.33358e-06 2.72552e-06 4.94615e-07 0 
0 0.000192894 0.000608451 0.000817073 0.000609616 0.000287714 9.88977e-05 2.82824e-05 7.55582e-06 2.08989e-06 6.5557e-07 2.51824e-07 1.25578e-07 8.43452e-08 7.73625e-08 9.60688e-08 1.56978e-07 3.22897e-07 7.91342e-07 2.17551e-06 6.31602e-06 1.83086e-05 5.04582e-05 0.000126913 0.000281553 0.000534836 0.000848048 0.00110432 0.00118268 0.00106514 0.000835595 0.000591306 0.000387074 0.000237359 0.000136475 7.28584e-05 3.52981e-05 1.4816e-05 4.84588e-06 8.79425e-07 0 
0 0.000264052 0.000689179 0.000646806 0.000287714 7.30537e-05 1.26876e-05 1.76951e-06 2.29969e-07 3.20932e-08 5.48048e-09 1.28066e-09 4.46034e-10 2.44339e-10 2.14733e-10 2.98712e-10 6.30111e-10 1.88609e-09 7.3782e-09 3.44708e-08 1.75772e-07 9.00079e-07 4.30964e-06 1.82305e-05 6.53195e-05 0.000192141 0.00045202 0.000830109 0.00117254 0.00128661 0.00114095 0.000862844 0.000583175 0.000362629 0.000209673 0.000112173 5.43862e-05 2.2834e-05 7.46897e-06 1.3555e-06 0 
0 0.000316762 0.000648314 0.000396253 9.88977e-05 1.26876e-05 1.02665e-06 6.34377e-08 3.62491e-09 2.31517e-10 1.97287e-11 2.61178e-12 6.03477e-13 2.61852e-13 2.19116e-13 3.46969e-13 9.79764e-13 4.50192e-12 3.00506e-11 2.57362e-10 2.49752e-09 2.44805e-08 2.1964e-07 1.66945e-06 1.01765e-05 4.80592e-05 0.000172133 0.000459158 0.000894538 0.00126343 0.00132975 0.00111024 0.000788384 0.000501066 0.000292278 0.00015688 7.61507e-05 3.19844e-05 1.04634e-05 1.89902e-06 0 
0 0.000344623 0.000534636 0.000206539 2.82824e-05 1.76951e-06 6.34377e-08 1.63891e-09 3.8798e-11 1.07172e-12 4.33452e-14 3.12057e-15 4.64406e-16 1.5693e-16 1.2456e-16 2.26538e-16 8.74105e-16 6.35589e-15 7.52053e-14 1.23312e-12 2.38563e-11 4.69192e-10 8.2553e-09 1.17508e-07 1.26087e-06 9.78099e-06 5.38359e-05 0.000208711 0.000564284 0.00105 0.00135701 0.00128843 0.000978959 0.000641641 0.000378989 0.000204374 9.93668e-05 4.17582e-05 1.36632e-05 2.4799e-06 0 
0 0.00035011 0.000407666 9.9949e-05 7.55582e-06 2.29969e-07 3.62491e-09 3.8798e-11 3.77063e-13 4.46705e-15 8.51172e-17 3.3141e-18 3.18245e-19 8.49189e-20 6.42488e-20 1.32355e-19 6.91325e-19 7.9664e-18 1.67943e-16 5.3046e-15 2.05987e-13 8.18769e-12 2.84602e-10 7.64064e-09 1.45161e-07 1.85431e-06 1.56179e-05 8.68435e-05 0.000320382 0.00077999 0.00125062 0.00137516 0.00113452 0.000773096 0.000464042 0.000251754 0.000122661 5.15833e-05 1.68817e-05 3.06427e-06 0 
0 0.000340724 0.000301555 4.83654e-05 2.08989e-06 3.20932e-08 2.31517e-10 1.07172e-12 4.46705e-15 2.36629e-17 2.21151e-19 5.08704e-21 4.17558e-22 1.24076e-22 9.72157e-23 1.79148e-22 8.98294e-22 1.37527e-20 4.90162e-19 2.88368e-17 2.1716e-15 1.68539e-13 1.11979e-11 5.50052e-10 1.80089e-08 3.69805e-07 4.6577e-06 3.62204e-05 0.000177136 0.00054975 0.00108049 0.00137928 0.00124436 0.000886212 0.000541972 0.000296119 0.000144633 6.08731e-05 1.99272e-05 3.61735e-06 0 
0 0.000324538 0.000225222 2.48926e-05 6.5557e-07 5.48048e-09 1.97287e-11 4.33452e-14 8.51172e-17 2.21151e-19 1.1778e-21 2.32847e-23 2.35977e-24 8.4776e-25 6.89175e-25 1.11507e-24 4.37824e-24 5.85361e-23 2.7497e-21 2.73755e-19 3.71071e-17 5.22136e-15 6.17333e-13 5.19199e-11 2.76032e-09 8.65261e-08 1.55881e-06 1.62942e-05 0.000101682 0.000387905 0.00090929 0.00133058 0.00130954 0.000975472 0.000608316 0.000334862 0.000163985 6.90776e-05 2.26191e-05 4.10636e-06 0 
0 0.00030775 0.00017524 1.43216e-05 2.51824e-07 1.28066e-09 2.61178e-12 3.12057e-15 3.3141e-18 5.08704e-21 2.32847e-23 4.39509e-25 4.14854e-26 1.58644e-26 1.31423e-26 1.95434e-26 6.91099e-26 9.09191e-25 4.5009e-23 6.07632e-21 1.31258e-18 3.00361e-16 5.69029e-14 7.43193e-12 5.87714e-10 2.60561e-08 6.29411e-07 8.37615e-06 6.36245e-05 0.000285843 0.000770694 0.00126222 0.00133976 0.00103938 0.000660026 0.000365894 0.000179628 7.57289e-05 2.48035e-05 4.50327e-06 0 
0 0.00029421 0.000145306 9.55869e-06 1.25578e-07 4.46034e-10 6.03477e-13 4.64406e-16 3.18245e-19 4.17559e-22 2.35978e-24 4.14858e-26 2.20703e-27 5.75097e-28 4.54169e-28 6.94057e-28 3.22387e-27 5.83075e-26 2.97962e-24 4.07585e-22 1.16151e-19 3.76906e-17 1.00417e-14 1.80346e-12 1.90132e-10 1.08372e-08 3.23819e-07 5.13276e-06 4.49095e-05 0.00022662 0.000674705 0.00119921 0.00134773 0.00107941 0.000695497 0.000387778 0.00019076 8.04767e-05 2.63641e-05 4.78694e-06 0 
0 0.000285884 0.000130233 7.57544e-06 8.43452e-08 2.44339e-10 2.61852e-13 1.5693e-16 8.49189e-20 1.24077e-22 8.47768e-25 1.58647e-26 5.75109e-28 4.94235e-29 2.45659e-29 5.79092e-29 6.0798e-28 1.50549e-26 7.55406e-25 9.33392e-23 2.89739e-20 1.14186e-17 3.69457e-15 7.95811e-13 9.88818e-11 6.5074e-09 2.1963e-07 3.848e-06 3.65018e-05 0.000196775 0.00061992 0.00115565 0.00134435 0.00109832 0.000714299 0.000399752 0.000196916 8.3111e-05 2.72311e-05 4.94457e-06 0 
0 0.000283493 0.000126918 7.19362e-06 7.73625e-08 2.14733e-10 2.19116e-13 1.2456e-16 6.42488e-20 9.7216e-23 6.89182e-25 1.31426e-26 4.5418e-28 2.45665e-29 5.70786e-30 2.71423e-29 4.259e-28 1.12666e-26 5.61123e-25 6.75042e-23 2.1121e-20 8.66642e-18 2.92355e-15 6.55074e-13 8.43786e-11 5.73211e-09 1.98777e-07 3.56166e-06 3.44098e-05 0.000188382 0.000601913 0.00113681 0.00133615 0.00109862 0.000716778 0.000401682 0.000197968 8.35701e-05 2.73831e-05 4.97228e-06 0 
0 0.000286957 0.000134261 8.14661e-06 9.60688e-08 2.98712e-10 3.46969e-13 2.26538e-16 1.32355e-19 1.79149e-22 1.11508e-24 1.95437e-26 6.94069e-28 5.79093e-29 2.71418e-29 7.57735e-29 8.32831e-28 2.0847e-26 1.09287e-24 1.42691e-22 4.34928e-20 1.60527e-17 4.86715e-15 9.87697e-13 1.16396e-10 7.31871e-09 2.37787e-07 4.03981e-06 3.74121e-05 0.000198116 0.000616603 0.0011416 0.00132451 0.00108172 0.000703747 0.000393979 0.000194109 8.19339e-05 2.68464e-05 4.87479e-06 0 
0 0.000295595 0.000152881 1.0819e-05 1.56978e-07 6.30111e-10 9.79764e-13 8.74105e-16 6.91325e-19 8.98295e-22 4.37826e-24 6.91104e-26 3.22387e-27 6.07971e-28 4.25892e-28 8.32822e-28 5.36435e-27 1.10979e-25 6.15775e-24 8.81328e-22 2.31588e-19 6.68254e-17 1.59039e-14 2.57566e-12 2.47739e-10 1.30495e-08 3.65109e-07 5.48852e-06 4.60973e-05 0.000225855 0.000660124 0.00116355 0.00130607 0.00104779 0.000676331 0.000377511 0.000185811 7.84071e-05 2.56885e-05 4.66443e-06 0 
0 0.000308117 0.000184814 1.64085e-05 3.22897e-07 1.88609e-09 4.50192e-12 6.35589e-15 7.9664e-18 1.37527e-20 5.85362e-23 9.09192e-25 5.83072e-26 1.50547e-26 1.12665e-26 2.08468e-26 1.10979e-25 2.00087e-24 1.12423e-22 1.45167e-20 2.75638e-18 5.50364e-16 9.16099e-14 1.06284e-11 7.56739e-10 3.06571e-08 6.87067e-07 8.61196e-06 6.25457e-05 0.000272876 0.000726132 0.00119033 0.00127372 0.000996218 0.000635971 0.000353519 0.000173762 7.32919e-05 2.40097e-05 4.35945e-06 0 
0 0.000322531 0.000233034 2.74942e-05 7.91342e-07 7.3782e-09 3.00506e-11 7.52053e-14 1.67943e-16 4.90162e-19 2.7497e-21 4.5009e-23 2.97961e-24 7.55401e-25 5.6112e-25 1.09287e-24 6.15774e-24 1.12423e-22 5.54346e-21 5.02956e-19 6.08518e-17 7.65396e-15 8.13835e-13 6.2106e-11 3.02846e-09 8.81104e-08 1.49199e-06 1.48602e-05 8.97783e-05 0.00033822 0.000800615 0.00120266 0.00121804 0.000926386 0.000584487 0.000323526 0.000158804 6.6956e-05 2.19318e-05 3.98206e-06 0 
0 0.000336075 0.000300405 4.90701e-05 2.17551e-06 3.44708e-08 2.57362e-10 1.23312e-12 5.3046e-15 2.88368e-17 2.73755e-19 6.07632e-21 4.07585e-22 9.33391e-23 6.75041e-23 1.4269e-22 8.81328e-22 1.45167e-20 5.02956e-19 2.82696e-17 2.03375e-15 1.51033e-13 9.62236e-12 4.54245e-10 1.43253e-08 2.84153e-07 3.47369e-06 2.64647e-05 0.000129053 0.000410808 0.000854835 0.00117416 0.00112921 0.00083836 0.000524088 0.000289231 0.000141854 5.97982e-05 1.95867e-05 3.55627e-06 0 
0 0.000345361 0.000387688 8.98792e-05 6.31602e-06 1.75772e-07 2.49752e-09 2.38563e-11 2.05987e-13 2.1716e-15 3.71071e-17 1.31258e-18 1.16151e-19 2.89739e-20 2.1121e-20 4.34928e-20 2.31588e-19 2.75638e-18 6.08518e-17 2.03375e-15 8.39942e-14 3.54955e-12 1.30417e-10 3.6613e-09 7.17044e-08 9.30603e-07 7.89513e-06 4.4481e-05 0.000171029 0.000455962 0.000839956 0.00107381 0.00099884 0.000733188 0.000457248 0.000252375 0.000123831 5.22155e-05 1.71053e-05 3.10591e-06 0 
0 0.000346828 0.000490607 0.000163051 1.83086e-05 9.00079e-07 2.44805e-08 4.69192e-10 8.18769e-12 1.68539e-13 5.22136e-15 3.00361e-16 3.76906e-17 1.14186e-17 8.66642e-18 1.60527e-17 6.68254e-17 5.50364e-16 7.65396e-15 1.51033e-13 3.54955e-12 8.43636e-11 1.75843e-09 2.86573e-08 3.36427e-07 2.7235e-06 1.51852e-05 6.04038e-05 0.000179507 0.000407318 0.000695176 0.000873595 0.000821603 0.000612779 0.000386505 0.000214621 0.000105594 4.45744e-05 1.46081e-05 2.65286e-06 0 
0 0.000337539 0.000597028 0.000283519 5.04582e-05 4.30964e-06 2.1964e-07 8.2553e-09 2.84602e-10 1.11979e-11 6.17333e-13 5.69029e-14 1.00417e-14 3.69457e-15 2.92355e-15 4.86715e-15 1.59039e-14 9.16099e-14 8.13835e-13 9.62236e-12 1.30417e-10 1.75843e-09 2.07515e-08 1.9191e-07 1.27536e-06 5.82276e-06 1.87413e-05 4.72409e-05 0.000105864 0.000221171 0.000402301 0.000570786 0.000599242 0.000480117 0.000314345 0.000177469 8.78907e-05 3.71903e-05 1.21982e-05 2.21582e-06 0 
0 0.000316119 0.000686751 0.000458746 0.000126913 1.82305e-05 1.66945e-06 1.17508e-07 7.64064e-09 5.50052e-10 5.19199e-11 7.43193e-12 1.80346e-12 7.95811e-13 6.55074e-13 9.87697e-13 2.57566e-12 1.06284e-11 6.2106e-11 4.54245e-10 3.6613e-09 2.86573e-08 1.9191e-07 9.63277e-07 3.17061e-06 6.28774e-06 8.14332e-06 9.53391e-06 1.51445e-05 3.70922e-05 0.000106468 0.000241932 0.000354506 0.000341593 0.000243502 0.000142259 7.13382e-05 3.03148e-05 9.95679e-06 1.80945e-06 0 
0 0.000283423 0.00073657 0.000672846 0.000281553 6.53195e-05 1.01765e-05 1.26087e-06 1.45161e-07 1.80089e-08 2.76032e-09 5.87714e-10 1.90132e-10 9.88818e-11 8.43786e-11 1.16396e-10 2.47739e-10 7.56739e-10 3.02846e-09 1.43253e-08 7.17044e-08 3.36427e-07 1.27536e-06 3.17061e-06 3.88604e-06 1.83503e-06 3.91207e-07 9.37751e-08 8.71686e-08 4.5852e-07 5.50884e-06 4.52826e-05 0.000148048 0.000211679 0.00017772 0.000110254 5.642e-05 2.41306e-05 7.94133e-06 1.44403e-06 0 
0 0.000242538 0.000730164 0.000875661 0.000534836 0.000192141 4.80592e-05 9.78099e-06 1.85431e-06 3.69805e-07 8.65261e-08 2.60561e-08 1.08372e-08 6.5074e-09 5.73211e-09 7.31871e-09 1.30495e-08 3.06571e-08 8.81104e-08 2.84153e-07 9.30603e-07 2.7235e-06 5.82276e-06 6.28774e-06 1.83503e-06 7.36859e-08 5.02554e-10 5.12983e-12 1.86419e-12 6.47752e-11 1.95812e-08 2.46287e-06 3.87425e-05 0.000111612 0.000121951 8.26544e-05 4.34822e-05 1.87515e-05 6.18591e-06 1.1256e-06 0 
0 0.000197958 0.000667047 0.000997822 0.000848048 0.00045202 0.000172133 5.38359e-05 1.56179e-05 4.6577e-06 1.55881e-06 6.29411e-07 3.23819e-07 2.1963e-07 1.98777e-07 2.37787e-07 3.65109e-07 6.87067e-07 1.49199e-06 3.47369e-06 7.89513e-06 1.51852e-05 1.87413e-05 8.14332e-06 3.91207e-07 5.02554e-10 2.09065e-14 2.44641e-16 1.53121e-15 1.21323e-16 5.81178e-12 4.64387e-08 7.13063e-06 5.29757e-05 8.04021e-05 6.03484e-05 3.27066e-05 1.42235e-05 4.70312e-06 8.56339e-07 0 
0 0.000154293 0.000563268 0.000993832 0.00110432 0.000830109 0.000459158 0.000208711 8.68435e-05 3.62204e-05 1.62942e-05 8.37615e-06 5.13276e-06 3.848e-06 3.56166e-06 4.03981e-06 5.48852e-06 8.61196e-06 1.48602e-05 2.64647e-05 4.4481e-05 6.04038e-05 4.72409e-05 9.53391e-06 9.37751e-08 5.12983e-12 2.44641e-16 1.12196e-17 4.05136e-17 3.51211e-17 3.27666e-15 1.30466e-09 1.59187e-06 2.69609e-05 5.35593e-05 4.34772e-05 2.40752e-05 1.05303e-05 3.48724e-06 6.35209e-07 0 
0 0.000115113 0.000442904 0.000874373 0.00118268 0.00117254 0.000894538 0.000564284 0.000320382 0.000177136 0.000101682 6.36245e-05 4.49095e-05 3.65018e-05 3.44098e-05 3.74121e-05 4.60973e-05 6.25457e-05 8.97783e-05 0.000129053 0.000171029 0.000179507 0.000105864 1.51445e-05 8.71686e-08 1.86419e-12 1.53121e-15 4.05137e-17 5.54741e-18 1.24388e-17 3.78554e-16 4.30478e-10 8.80276e-07 1.80884e-05 3.80136e-05 3.12845e-05 1.73755e-05 7.60445e-06 2.5186e-06 4.58778e-07 0 
0 8.24097e-05 0.000327302 0.000692556 0.00106514 0.00128661 0.00126343 0.00105 0.00077999 0.00054975 0.000387905 0.000285843 0.00022662 0.000196775 0.000188382 0.000198116 0.000225855 0.000272876 0.00033822 0.000410808 0.000455962 0.000407318 0.000221171 3.70922e-05 4.5852e-07 6.47752e-11 1.21323e-16 3.51211e-17 1.24388e-17 2.78639e-17 4.54188e-14 3.12274e-09 1.48407e-06 1.69049e-05 2.90821e-05 2.25086e-05 1.22801e-05 5.34734e-06 1.76855e-06 3.22025e-07 0 
0 5.67008e-05 0.000229211 0.000504243 0.000835595 0.00114095 0.00132975 0.00135701 0.00125062 0.00108049 0.00090929 0.000770694 0.000674705 0.00061992 0.000601913 0.000616603 0.000660124 0.000726132 0.000800615 0.000854835 0.000839956 0.000695176 0.000402301 0.000106468 5.50884e-06 1.95812e-08 5.81178e-12 3.27666e-15 3.78554e-16 4.54188e-14 1.29048e-10 1.04702e-07 4.45956e-06 1.87911e-05 2.2958e-05 1.5985e-05 8.45581e-06 3.64996e-06 1.20421e-06 2.1912e-07 0 
0 3.74891e-05 0.000152936 0.000343226 0.000591306 0.000862844 0.00111024 0.00128843 0.00137516 0.00137928 0.00133058 0.00126222 0.00119921 0.00115565 0.00113681 0.0011416 0.00116355 0.00119033 0.00120266 0.00117416 0.00107381 0.000873595 0.000570786 0.000241932 4.52826e-05 2.46287e-06 4.64387e-08 1.30466e-09 4.30478e-10 3.12274e-09 1.04702e-07 2.15134e-06 1.15429e-05 1.98566e-05 1.75378e-05 1.09911e-05 5.63077e-06 2.40776e-06 7.92232e-07 1.44045e-07 0 
0 2.37636e-05 9.73682e-05 0.000220589 0.000387074 0.000583175 0.000788384 0.000978959 0.00113452 0.00124436 0.00130954 0.00133976 0.00134773 0.00134435 0.00133615 0.00132451 0.00130607 0.00127372 0.00121804 0.00112921 0.00099884 0.000821603 0.000599242 0.000354506 0.000148048 3.87425e-05 7.13063e-06 1.59187e-06 8.80276e-07 1.48407e-06 4.45956e-06 1.15429e-05 1.80483e-05 1.75492e-05 1.24127e-05 7.20092e-06 3.59792e-06 1.52663e-06 5.01142e-07 9.10555e-08 0 
0 1.4368e-05 5.89867e-05 0.000134191 0.000237359 0.000362629 0.000501066 0.000641641 0.000773096 0.000886212 0.000975472 0.00103938 0.00107941 0.00109832 0.00109862 0.00108172 0.00104779 0.000996218 0.000926386 0.00083836 0.000733188 0.000612779 0.000480117 0.000341593 0.000211679 0.000111612 5.29757e-05 2.69609e-05 1.80884e-05 1.69049e-05 1.87911e-05 1.98566e-05 1.75492e-05 1.28188e-05 8.03196e-06 4.45133e-06 2.18896e-06 9.23924e-07 3.02789e-07 5.49872e-08 0 
0 8.21344e-06 3.37479e-05 7.6906e-05 0.000136475 0.000209673 0.000292278 0.000378989 0.000464042 0.000541972 0.000608316 0.000660026 0.000695497 0.000714299 0.000716778 0.000703747 0.000676331 0.000635971 0.000584487 0.000524088 0.000457248 0.000386505 0.000314345 0.000243502 0.00017772 0.000121951 8.04021e-05 5.35593e-05 3.80136e-05 2.90821e-05 2.2958e-05 1.75378e-05 1.24127e-05 8.03196e-06 4.75809e-06 2.5769e-06 1.25626e-06 5.28625e-07 1.73062e-07 3.1418e-08 0 
0 4.37494e-06 1.79821e-05 4.10059e-05 7.28584e-05 0.000112173 0.00015688 0.000204374 0.000251754 0.000296119 0.000334862 0.000365894 0.000387778 0.000399752 0.000401682 0.000393979 0.000377511 0.000353519 0.000323526 0.000289231 0.000252375 0.000214621 0.000177469 0.000142259 0.000110254 8.26544e-05 6.03484e-05 4.34772e-05 3.12845e-05 2.25086e-05 1.5985e-05 1.09911e-05 7.20092e-06 4.45133e-06 2.5769e-06 1.38134e-06 6.70605e-07 2.8174e-07 9.2184e-08 1.6732e-08 0 
0 2.11778e-06 8.70573e-06 1.98574e-05 3.52981e-05 5.43862e-05 7.61507e-05 9.93668e-05 0.000122661 0.000144633 0.000163985 0.000179628 0.00019076 0.000196916 0.000197968 0.000194109 0.000185811 0.000173762 0.000158804 0.000141854 0.000123831 0.000105594 8.78907e-05 7.13382e-05 5.642e-05 4.34822e-05 3.27066e-05 2.40752e-05 1.73755e-05 1.22801e-05 8.45581e-06 5.63077e-06 3.59792e-06 2.18896e-06 1.25626e-06 6.70605e-07 3.24967e-07 1.36426e-07 4.46255e-08 8.09896e-09 0 
0 8.88649e-07 3.65322e-06 8.33358e-06 1.4816e-05 2.2834e-05 3.19844e-05 4.17582e-05 5.15833e-05 6.08731e-05 6.90776e-05 7.57289e-05 8.04767e-05 8.3111e-05 8.35701e-05 8.19339e-05 7.84071e-05 7.32919e-05 6.6956e-05 5.97982e-05 5.22155e-05 4.45744e-05 3.71903e-05 3.03148e-05 2.41306e-05 1.87515e-05 1.42235e-05 1.05303e-05 7.60445e-06 5.34734e-06 3.64996e-06 2.40776e-06 1.52663e-06 9.23924e-07 5.28625e-07 2.8174e-07 1.36426e-07 5.72556e-08 1.87261e-08 3.39838e-09 0 
0 2.9062e-07 1.19476e-06 2.72552e-06 4.84588e-06 7.46897e-06 1.04634e-05 1.36632e-05 1.68817e-05 1.99272e-05 2.26191e-05 2.48035e-05 2.63641e-05 2.72311e-05 2.73831e-05 2.68464e-05 2.56885e-05 2.40097e-05 2.19318e-05 1.95867e-05 1.71053e-05 1.46081e-05 1.21982e-05 9.95679e-06 7.94133e-06 6.18591e-06 4.70312e-06 3.48724e-06 2.5186e-06 1.76855e-06 1.20421e-06 7.92232e-07 5.01142e-07 3.02789e-07 1.73062e-07 9.2184e-08 4.46255e-08 1.87261e-08 6.12423e-09 1.11139e-09 0 
0 5.27396e-08 2.16817e-07 4.94615e-07 8.79425e-07 1.3555e-06 1.89902e-06 2.4799e-06 3.06427e-06 3.61735e-06 4.10636e-06 4.50327e-06 4.78694e-06 4.94457e-06 4.97228e-06 4.87479e-06 4.66443e-06 4.35945e-06 3.98206e-06 3.55627e-06 3.10591e-06 2.65286e-06 2.21582e-06 1.80945e-06 1.44403e-06 1.1256e-06 8.56339e-07 6.35209e-07 4.58778e-07 3.22025e-07 2.1912e-07 1.44045e-07 9.10555e-08 5.49872e-08 3.1418e-08 1.6732e-08 8.09896e-09 3.39838e-09 1.11139e-09 2.01686e-10 0 
0 0 0 0 0 0 0 0 0 0 0 0 0 0 0 0 0 0 0 0 0 0 0 0 0 0 0 0 0 0 0 0 0 0 0 0 0 0 0 0 0 
