0 0 0 0 0 0 0 0 0 0 0 0 0 0 0 0 0 0 0 0 0 0 0 0 0 0 0 0 0 0 0 0 0 0 0 0 0 0 0 0 0 
0 1.36586e-05 5.548e-05 0.000123647 0.000211115 0.000305584 0.000392412 0.000459787 0.00050274 0.000523366 0.000527984 0.000523811 0.00051684 0.00051107 0.00050855 0.000509671 0.000513457 0.000517774 0.000519567 0.000515251 0.000501349 0.000475357 0.000436607 0.000386751 0.000329543 0.000269899 0.000212629 0.000161384 0.000118203 8.36253e-05 5.71337e-05 3.7629e-05 2.38047e-05 1.43789e-05 8.21608e-06 4.37551e-06 2.11789e-06 8.88666e-07 2.90622e-07 5.27397e-08 0 
0 5.548e-05 0.000221475 0.000476095 0.000761127 0.000992463 0.00110261 0.00108176 0.000973044 0.000833353 0.000703289 0.000601614 0.000532733 0.000494976 0.000485598 0.000502852 0.000546271 0.000615846 0.000710243 0.000824199 0.000945749 0.00105501 0.00112689 0.00113884 0.00108081 0.000960938 0.000802244 0.000632409 0.000473905 0.000339582 0.000233546 0.00015431 9.77613e-05 5.90885e-05 3.37717e-05 1.79871e-05 8.70665e-06 3.65336e-06 1.19477e-06 2.16818e-07 0 
0 0.000123647 0.000476095 0.00094753 0.00131589 0.00137973 0.00114879 0.000807526 0.000513728 0.00031611 0.000199115 0.000134289 0.000100205 8.44501e-05 8.1082e-05 8.84601e-05 0.00010831 0.000145828 0.00021034 0.000315541 0.000477239 0.00070552 0.000989977 0.00128477 0.00151178 0.00159562 0.00151069 0.00129564 0.00102227 0.000753936 0.000526254 0.00035017 0.000222542 0.000134685 7.70184e-05 4.10288e-05 1.98614e-05 8.33419e-06 2.72559e-06 4.94619e-07 0 
0 0.000211115 0.000761127 0.00131589 0.00142495 0.00104216 0.000559539 0.000245275 9.76216e-05 3.87431e-05 1.65943e-05 8.1794e-06 4.868e-06 3.60632e-06 3.36625e-06 3.93752e-06 5.65108e-06 9.62259e-06 1.86369e-05 3.91783e-05 8.52246e-05 0.000183212 0.000372935 0.000691253 0.0011271 0.0015739 0.0018579 0.00186427 0.00162588 0.00126992 0.000913169 0.000616248 0.00039407 0.000239101 0.000136863 7.29354e-05 3.53116e-05 1.4818e-05 4.8461e-06 8.79438e-07 0 
0 0.000305584 0.000992463 0.00137973 0.00104216 0.000473181 0.000147925 3.68808e-05 8.39267e-06 1.96679e-06 5.28061e-07 1.77666e-07 8.02051e-08 5.07419e-08 4.57584e-08 5.82961e-08 1.01624e-07 2.30511e-07 6.38885e-07 2.01913e-06 6.78768e-06 2.27421e-05 7.16917e-05 0.000202372 0.000490107 0.000980738 0.00157467 0.00200617 0.00206145 0.00177759 0.00134755 0.000932703 0.000603075 0.000367562 0.000210756 0.000112384 5.44221e-05 2.28391e-05 7.46954e-06 1.35553e-06 0 
0 0.000392412 0.00110261 0.00114879 0.000559539 0.000147925 2.54161e-05 3.38079e-06 4.09858e-07 5.28045e-08 8.32149e-09 1.80913e-09 5.95127e-10 3.1418e-10 2.7228e-10 3.82432e-10 8.32711e-10 2.62169e-09 1.09419e-08 5.50328e-08 3.03166e-07 1.67417e-06 8.5849e-06 3.84137e-05 0.000142828 0.000423983 0.000970006 0.00166562 0.00214268 0.00213882 0.00176041 0.00126888 0.000835277 0.000512789 0.000294833 0.000157371 7.62329e-05 3.19959e-05 1.04646e-05 1.89909e-06 0 
0 0.000459787 0.00108176 0.000807526 0.000245275 3.68808e-05 3.38079e-06 2.30701e-07 1.42559e-08 9.6617e-10 8.58523e-11 1.16657e-11 2.72902e-12 1.18526e-12 9.83678e-13 1.53375e-12 4.24033e-12 1.89886e-11 1.2305e-10 1.0196e-09 9.54425e-09 8.99952e-08 7.74699e-07 5.63097e-06 3.26324e-05 0.000144739 0.000475681 0.00112449 0.00187848 0.00225831 0.00207917 0.00158767 0.00107272 0.000665585 0.000384214 0.000205369 9.95313e-05 4.17811e-05 1.36657e-05 2.48004e-06 0 
0 0.00050274 0.000973044 0.000513728 9.76216e-05 8.39267e-06 4.09858e-07 1.42559e-08 4.45225e-10 1.57336e-11 7.81884e-13 6.59445e-14 1.09125e-14 3.88592e-15 3.08427e-15 5.34227e-15 1.88027e-14 1.20283e-13 1.21716e-12 1.67272e-11 2.67981e-10 4.34508e-09 6.31664e-08 7.48371e-07 6.75013e-06 4.43666e-05 0.000206636 0.000665928 0.00145227 0.00214481 0.00225799 0.00185474 0.00129654 0.00081584 0.00047345 0.000253538 0.000122953 5.16234e-05 1.68859e-05 3.06451e-06 0 
0 0.000523366 0.000833353 0.00031611 3.87431e-05 1.96679e-06 5.28045e-08 9.6617e-10 1.57336e-11 2.98589e-13 8.51795e-15 4.55435e-16 5.41173e-17 1.59296e-17 1.21042e-17 2.31565e-17 1.02533e-16 9.21267e-16 1.42582e-14 3.17513e-13 8.4956e-12 2.31135e-10 5.54147e-09 1.0461e-07 1.43608e-06 1.36577e-05 8.77455e-05 0.000374944 0.00104699 0.00189338 0.00229773 0.00204911 0.00149062 0.000953832 0.000557065 0.000298984 0.0001451 6.09367e-05 1.99338e-05 3.61772e-06 0 
0 0.000527984 0.000703289 0.000199115 1.65943e-05 5.28061e-07 8.32149e-09 8.58523e-11 7.81884e-13 8.51795e-15 1.48002e-16 5.26497e-18 4.65203e-19 1.15482e-19 8.432e-20 1.7595e-19 9.5464e-19 1.16035e-17 2.62236e-16 8.98131e-15 3.79814e-13 1.64048e-11 6.14954e-10 1.76012e-08 3.5147e-07 4.63997e-06 3.95252e-05 0.000215419 0.000744174 0.00161203 0.00223855 0.00216841 0.00164462 0.00107149 0.000630113 0.000339015 0.00016466 6.9169e-05 2.26285e-05 4.10689e-06 0 
0 0.000523811 0.000601614 0.000134289 8.1794e-06 1.77666e-07 1.80913e-09 1.16657e-11 6.59445e-14 4.55435e-16 5.26497e-18 1.33995e-19 9.28737e-21 2.00602e-21 1.41625e-21 3.16369e-21 2.02112e-20 3.14148e-19 9.67753e-18 4.71689e-16 2.90417e-14 1.83353e-12 9.92465e-11 4.00015e-09 1.08707e-07 1.8784e-06 2.0139e-05 0.000133506 0.000546513 0.00137056 0.00213404 0.00222584 0.00175502 0.00116319 0.000688619 0.000371369 0.000180517 7.58488e-05 2.48157e-05 4.50395e-06 0 
0 0.00051684 0.000532733 0.000100205 4.868e-06 8.02051e-08 5.95127e-10 2.72902e-12 1.09125e-14 5.41173e-17 4.65203e-19 9.28737e-21 5.39336e-22 1.04936e-22 7.20929e-23 1.69111e-22 1.2147e-21 2.25113e-20 8.66828e-19 5.45445e-17 4.41014e-15 3.66859e-13 2.59423e-11 1.3417e-09 4.56467e-08 9.59729e-07 1.21619e-05 9.28593e-05 0.000429224 0.0011964 0.0020289 0.0022416 0.00182368 0.00122595 0.000729841 0.000394388 0.000191834 8.06213e-05 2.63789e-05 4.78776e-06 0 
0 0.00051107 0.000494976 8.44501e-05 3.60632e-06 5.07419e-08 3.1418e-10 1.18526e-12 3.88592e-15 1.59296e-17 1.15482e-19 2.00602e-21 1.04936e-22 1.90992e-23 1.28621e-23 3.10389e-23 2.38515e-22 4.87785e-21 2.12947e-19 1.54941e-17 1.46395e-15 1.42664e-13 1.17669e-11 7.02812e-10 2.72325e-08 6.416e-07 8.95945e-06 7.42511e-05 0.000368273 0.00109219 0.00195034 0.0022342 0.00185507 0.00125892 0.000752327 0.000407102 0.000198112 8.32721e-05 2.72475e-05 4.94548e-06 0 
0 0.00050855 0.000485598 8.1082e-05 3.36625e-06 4.57584e-08 2.7228e-10 9.83678e-13 3.08427e-15 1.21042e-17 8.432e-20 1.41625e-21 7.20929e-23 1.28621e-23 8.58135e-24 2.07581e-23 1.61362e-22 3.36137e-21 1.50457e-19 1.12855e-17 1.10296e-15 1.11348e-13 9.51281e-12 5.87618e-10 2.34857e-08 5.68843e-07 8.13727e-06 6.8869e-05 0.000348155 0.00105151 0.00190925 0.00221519 0.00185355 0.00126271 0.000755822 0.000409249 0.000199201 8.37363e-05 2.74001e-05 4.97322e-06 0 
0 0.000509671 0.000502852 8.84601e-05 3.93752e-06 5.82961e-08 3.82432e-10 1.53375e-12 5.34227e-15 2.31565e-17 1.7595e-19 3.16369e-21 1.69111e-22 3.10389e-23 2.07581e-23 4.90181e-23 3.64501e-22 7.1553e-21 2.97922e-19 2.05988e-17 1.84853e-15 1.71427e-13 1.35059e-11 7.74419e-10 2.8972e-08 6.62998e-07 9.04661e-06 7.36934e-05 0.000361412 0.00106623 0.00190394 0.00218723 0.00182163 0.00123877 0.000741102 0.000401228 0.000195293 8.20939e-05 2.68628e-05 4.8757e-06 0 
0 0.000513457 0.000546271 0.00010831 5.65108e-06 1.01624e-07 8.32711e-10 4.24033e-12 1.88027e-14 1.02533e-16 9.5464e-19 2.02112e-20 1.2147e-21 2.38515e-22 1.61362e-22 3.64501e-22 2.47296e-21 4.26125e-20 1.50872e-18 8.68043e-17 6.41442e-15 4.89437e-13 3.19623e-11 1.54023e-09 4.93228e-08 9.86586e-07 1.20239e-05 8.92742e-05 0.00040599 0.00112692 0.00192207 0.00214459 0.00175962 0.00118911 0.000709796 0.000384008 0.000186875 7.85514e-05 2.57034e-05 4.66526e-06 0 
0 0.000517774 0.000615846 0.000145828 9.62259e-06 2.30511e-07 2.62169e-09 1.89886e-11 1.20283e-13 9.21267e-16 1.16035e-17 3.14148e-19 2.25113e-20 4.87785e-21 3.36137e-21 7.1553e-21 4.26125e-20 6.0645e-19 1.69085e-17 7.42015e-16 4.11446e-14 2.35071e-12 1.16103e-10 4.3157e-09 1.09483e-07 1.78903e-06 1.83898e-05 0.000118671 0.000481265 0.00121822 0.0019405 0.00207492 0.00166641 0.00111622 0.000664217 0.000359009 0.000174665 7.3415e-05 2.40225e-05 4.36017e-06 0 
0 0.000519567 0.000710243 0.00021034 1.86369e-05 6.38885e-07 1.09419e-08 1.2305e-10 1.21716e-12 1.42582e-14 2.62236e-16 9.67753e-18 8.66828e-19 2.12947e-19 1.50457e-19 2.97922e-19 1.50872e-18 1.69085e-17 3.49819e-16 1.09413e-14 4.23263e-13 1.68078e-11 5.83662e-10 1.56199e-08 2.94741e-07 3.72132e-06 3.07587e-05 0.000165796 0.000580897 0.00131077 0.00192474 0.00196205 0.00154068 0.00102314 0.000607178 0.000327954 0.000159537 6.70569e-05 2.19423e-05 3.98266e-06 0 
0 0.000515251 0.000824199 0.000315541 3.91783e-05 2.01913e-06 5.50328e-08 1.0196e-09 1.67272e-11 3.17513e-13 8.98131e-15 4.71689e-16 5.45445e-17 1.54941e-17 1.12855e-17 2.05988e-17 8.68043e-17 7.42015e-16 1.09413e-14 2.32772e-13 5.97101e-12 1.5633e-10 3.62032e-09 6.62639e-08 8.85984e-07 8.26613e-06 5.28134e-05 0.000230114 0.000680312 0.00135266 0.00183063 0.00178915 0.00138181 0.000913412 0.000541758 0.000292712 0.000142437 5.98795e-05 1.95953e-05 3.55677e-06 0 
0 0.000501349 0.000945749 0.000477239 8.52246e-05 6.78768e-06 3.03166e-07 9.54425e-09 2.67981e-10 8.4956e-12 3.79814e-13 2.90417e-14 4.41014e-15 1.46395e-15 1.10296e-15 1.84853e-15 6.41442e-15 4.11446e-14 4.23263e-13 5.97101e-12 9.86872e-11 1.65104e-09 2.46602e-08 2.97954e-07 2.7195e-06 1.80445e-05 8.5905e-05 0.000293703 0.000721491 0.00126838 0.00161038 0.00154109 0.00118994 0.000790681 0.000471029 0.000255139 0.000124302 5.2282e-05 1.71124e-05 3.10632e-06 0 
0 0.000475357 0.00105501 0.00070552 0.000183212 2.27421e-05 1.67417e-06 8.99952e-08 4.34508e-09 2.31135e-10 1.64048e-11 1.83353e-12 3.66859e-13 1.42664e-13 1.11348e-13 1.71427e-13 4.89437e-13 2.35071e-12 1.68078e-11 1.5633e-10 1.65104e-09 1.74426e-08 1.65185e-07 1.28529e-06 7.73278e-06 3.48685e-05 0.000117722 0.00030402 0.000615102 0.000981573 0.00122678 0.00120678 0.000965243 0.000658152 0.000397789 0.000216944 0.000105997 4.46321e-05 1.46143e-05 2.65323e-06 0 
0 0.000436607 0.00112689 0.000989977 0.000372935 7.16917e-05 8.5849e-06 7.74699e-07 6.31664e-08 5.54147e-09 6.14954e-10 9.92465e-11 2.59423e-11 1.17669e-11 9.51281e-12 1.35059e-11 3.19623e-11 1.16103e-10 5.83662e-10 3.62032e-09 2.46602e-08 1.65185e-07 9.85739e-07 4.81995e-06 1.81275e-05 5.09186e-05 0.000109593 0.000196735 0.00032426 0.000505038 0.000699438 0.000791826 0.000709793 0.000518662 0.000324474 0.000179612 8.82671e-05 3.72444e-05 1.22041e-05 2.21617e-06 0 
0 0.000386751 0.00113884 0.00128477 0.000691253 0.000202372 3.84137e-05 5.63097e-06 7.48371e-07 1.0461e-07 1.76012e-08 4.00015e-09 1.3417e-09 7.02812e-10 5.87618e-10 7.74419e-10 1.54023e-09 4.3157e-09 1.56199e-08 6.62639e-08 2.97954e-07 1.28529e-06 4.81995e-06 1.42131e-05 2.98912e-05 4.24218e-05 4.3834e-05 4.2982e-05 5.51405e-05 0.000101485 0.000212431 0.000365801 0.000439626 0.000376849 0.000253474 0.000144417 7.17172e-05 3.03688e-05 9.96257e-06 1.80978e-06 0 
0 0.000329543 0.00108081 0.00151178 0.0011271 0.000490107 0.000142828 3.26324e-05 6.75013e-06 1.43608e-06 3.5147e-07 1.08707e-07 4.56467e-08 2.72325e-08 2.34857e-08 2.8972e-08 4.93228e-08 1.09483e-07 2.94741e-07 8.85984e-07 2.7195e-06 7.73278e-06 1.81275e-05 2.98912e-05 2.8044e-05 1.25355e-05 3.06851e-06 8.55559e-07 7.29366e-07 2.54932e-06 1.74179e-05 8.71495e-05 0.000204626 0.000243828 0.000187892 0.000112505 5.68118e-05 2.41855e-05 7.94708e-06 1.44436e-06 0 
0 0.000269899 0.000960938 0.00159562 0.0015739 0.000980738 0.000423983 0.000144739 4.43666e-05 1.36577e-05 4.63997e-06 1.8784e-06 9.59729e-07 6.416e-07 5.68843e-07 6.62998e-07 9.86586e-07 1.78903e-06 3.72132e-06 8.26613e-06 1.80445e-05 3.48685e-05 5.09186e-05 4.24218e-05 1.25355e-05 7.80249e-07 1.21285e-08 2.70094e-10 1.09924e-10 1.78105e-09 1.66773e-07 7.66948e-06 6.50254e-05 0.000137789 0.000131885 8.49307e-05 4.38738e-05 1.88051e-05 6.19142e-06 1.12591e-06 0 
0 0.000212629 0.000802244 0.00151069 0.0018579 0.00157467 0.000970006 0.000475681 0.000206636 8.77455e-05 3.95252e-05 2.0139e-05 1.21619e-05 8.95945e-06 8.13727e-06 9.04661e-06 1.20239e-05 1.83898e-05 3.07587e-05 5.28134e-05 8.5905e-05 0.000117722 0.000109593 4.3834e-05 3.06851e-06 1.21285e-08 3.10662e-12 1.44195e-15 2.16815e-16 3.81904e-14 2.17217e-10 2.88418e-07 1.55253e-05 7.1208e-05 8.91985e-05 6.24625e-05 3.30676e-05 1.4272e-05 4.708e-06 8.56606e-07 0 
0 0.000161384 0.000632409 0.00129564 0.00186427 0.00200617 0.00166562 0.00112449 0.000665928 0.000374944 0.000215419 0.000133506 9.28593e-05 7.42511e-05 6.8869e-05 7.36934e-05 8.92742e-05 0.000118671 0.000165796 0.000230114 0.000293703 0.00030402 0.000196735 4.2982e-05 8.55559e-07 2.70094e-10 1.44194e-15 7.46576e-18 2.26253e-18 3.05711e-17 4.86972e-13 1.50424e-08 4.33187e-06 3.87912e-05 6.05464e-05 4.52227e-05 2.43717e-05 1.05696e-05 3.49114e-06 6.3542e-07 0 
0 0.000118203 0.000473905 0.00102227 0.00162588 0.00206145 0.00214268 0.00187848 0.00145227 0.00104699 0.000744174 0.000546513 0.000429224 0.000368273 0.000348155 0.000361412 0.00040599 0.000481265 0.000580897 0.000680312 0.000721491 0.000615102 0.00032426 5.51405e-05 7.29366e-07 1.09924e-10 2.16815e-16 2.26254e-18 1.16894e-18 4.69236e-17 8.33551e-14 5.75297e-09 2.51274e-06 2.63246e-05 4.30527e-05 3.25432e-05 1.75879e-05 7.63245e-06 2.52137e-06 4.58927e-07 0 
0 8.36253e-05 0.000339582 0.000753936 0.00126992 0.00177759 0.00213882 0.00225831 0.00214481 0.00189338 0.00161203 0.00137056 0.0011964 0.00109219 0.00105151 0.00106623 0.00112692 0.00121822 0.00131077 0.00135266 0.00126838 0.000981573 0.000505038 0.000101485 2.54932e-06 1.78105e-09 3.81904e-14 3.05711e-17 4.69236e-17 7.27446e-17 3.51534e-12 2.66328e-08 3.57705e-06 2.32525e-05 3.23621e-05 2.32909e-05 1.24111e-05 5.36466e-06 1.77027e-06 3.22119e-07 0 
0 5.71337e-05 0.000233546 0.000526254 0.000913169 0.00134755 0.00176041 0.00207917 0.00225799 0.00229773 0.00223855 0.00213404 0.0020289 0.00195034 0.00190925 0.00190394 0.00192207 0.0019405 0.00192474 0.00183063 0.00161038 0.00122678 0.000699438 0.000212431 1.74179e-05 1.66773e-07 2.17217e-10 4.86972e-13 8.33551e-14 3.51534e-12 2.03071e-09 4.23789e-07 8.08686e-06 2.35054e-05 2.48104e-05 1.63985e-05 8.52482e-06 3.6592e-06 1.20515e-06 2.19172e-07 0 
0 3.7629e-05 0.00015431 0.00035017 0.000616248 0.000932703 0.00126888 0.00158767 0.00185474 0.00204911 0.00216841 0.00222584 0.0022416 0.0022342 0.00221519 0.00218723 0.00214459 0.00207492 0.00196205 0.00178915 0.00154109 0.00120678 0.000791826 0.000365801 8.71495e-05 7.66948e-06 2.88418e-07 1.50424e-08 5.75297e-09 2.66328e-08 4.23789e-07 4.51464e-06 1.61024e-05 2.26643e-05 1.84046e-05 1.11751e-05 5.66177e-06 2.41201e-06 7.92673e-07 1.44069e-07 0 
0 2.38047e-05 9.77613e-05 0.000222542 0.00039407 0.000603075 0.000835277 0.00107272 0.00129654 0.00149062 0.00164462 0.00175502 0.00182368 0.00185507 0.00185355 0.00182163 0.00175962 0.00166641 0.00154068 0.00138181 0.00118994 0.000965243 0.000709793 0.000439626 0.000204626 6.50254e-05 1.55253e-05 4.33187e-06 2.51274e-06 3.57705e-06 8.08686e-06 1.61024e-05 2.11636e-05 1.87748e-05 1.2742e-05 7.26981e-06 3.60982e-06 1.52832e-06 5.01323e-07 9.10661e-08 0 
0 1.43789e-05 5.90885e-05 0.000134685 0.000239101 0.000367562 0.000512789 0.000665585 0.00081584 0.000953832 0.00107149 0.00116319 0.00122595 0.00125892 0.00126271 0.00123877 0.00118911 0.00111622 0.00102314 0.000913412 0.000790681 0.000658152 0.000518662 0.000376849 0.000243828 0.000137789 7.1208e-05 3.87912e-05 2.63246e-05 2.32525e-05 2.35054e-05 2.26643e-05 1.87748e-05 1.32176e-05 8.13449e-06 4.47319e-06 2.19288e-06 9.24506e-07 3.02853e-07 5.49911e-08 0 
0 8.21608e-06 3.37717e-05 7.70184e-05 0.000136863 0.000210756 0.000294833 0.000384214 0.00047345 0.000557065 0.000630113 0.000688619 0.000729841 0.000752327 0.000755822 0.000741102 0.000709796 0.000664217 0.000607178 0.000541758 0.000471029 0.000397789 0.000324474 0.000253474 0.000187892 0.000131885 8.91985e-05 6.05464e-05 4.30527e-05 3.23621e-05 2.48104e-05 1.84046e-05 1.2742e-05 8.13449e-06 4.78483e-06 2.58283e-06 1.25737e-06 5.28798e-07 1.73082e-07 3.14192e-08 0 
0 4.37551e-06 1.79871e-05 4.10288e-05 7.29354e-05 0.000112384 0.000157371 0.000205369 0.000253538 0.000298984 0.000339015 0.000371369 0.000394388 0.000407102 0.000409249 0.000401228 0.000384008 0.000359009 0.000327954 0.000292712 0.000255139 0.000216944 0.000179612 0.000144417 0.000112505 8.49307e-05 6.24625e-05 4.52227e-05 3.25432e-05 2.32909e-05 1.63985e-05 1.11751e-05 7.26981e-06 4.47319e-06 2.58283e-06 1.38272e-06 6.70879e-07 2.81784e-07 9.21895e-08 1.67323e-08 0 
0 2.11789e-06 8.70665e-06 1.98614e-05 3.53116e-05 5.44221e-05 7.62329e-05 9.95313e-05 0.000122953 0.0001451 0.00016466 0.000180517 0.000191834 0.000198112 0.000199201 0.000195293 0.000186875 0.000174665 0.000159537 0.000142437 0.000124302 0.000105997 8.82671e-05 7.17172e-05 5.68118e-05 4.38738e-05 3.30676e-05 2.43717e-05 1.75879e-05 1.24111e-05 8.52482e-06 5.66177e-06 3.60982e-06 2.19288e-06 1.25737e-06 6.70879e-07 3.25024e-07 1.36436e-07 4.46268e-08 8.09905e-09 0 
0 8.88666e-07 3.65336e-06 8.33419e-06 1.4818e-05 2.28391e-05 3.19959e-05 4.17811e-05 5.16234e-05 6.09367e-05 6.9169e-05 7.58488e-05 8.06213e-05 8.32721e-05 8.37363e-05 8.20939e-05 7.85514e-05 7.3415e-05 6.70569e-05 5.98795e-05 5.2282e-05 4.46321e-05 3.72444e-05 3.03688e-05 2.41855e-05 1.88051e-05 1.4272e-05 1.05696e-05 7.63245e-06 5.36466e-06 3.6592e-06 2.41201e-06 1.52832e-06 9.24506e-07 5.28798e-07 2.81784e-07 1.36436e-07 5.72574e-08 1.87263e-08 3.39839e-09 0 
0 2.90622e-07 1.19477e-06 2.72559e-06 4.8461e-06 7.46954e-06 1.04646e-05 1.36657e-05 1.68859e-05 1.99338e-05 2.26285e-05 2.48157e-05 2.63789e-05 2.72475e-05 2.74001e-05 2.68628e-05 2.57034e-05 2.40225e-05 2.19423e-05 1.95953e-05 1.71124e-05 1.46143e-05 1.22041e-05 9.96257e-06 7.94708e-06 6.19142e-06 4.708e-06 3.49114e-06 2.52137e-06 1.77027e-06 1.20515e-06 7.92673e-07 5.01323e-07 3.02853e-07 1.73082e-07 9.21895e-08 4.46268e-08 1.87263e-08 6.12426e-09 1.11139e-09 0 
0 5.27397e-08 2.16818e-07 4.94619e-07 8.79438e-07 1.35553e-06 1.89909e-06 2.48004e-06 3.06451e-06 3.61772e-06 4.10689e-06 4.50395e-06 4.78776e-06 4.94548e-06 4.97322e-06 4.8757e-06 4.66526e-06 4.36017e-06 3.98266e-06 3.55677e-06 3.10632e-06 2.65323e-06 2.21617e-06 1.80978e-06 1.44436e-06 1.12591e-06 8.56606e-07 6.3542e-07 4.58927e-07 3.22119e-07 2.19172e-07 1.44069e-07 9.10661e-08 5.49911e-08 3.14192e-08 1.67323e-08 8.09905e-09 3.39839e-09 1.11139e-09 2.01687e-10 0 
0 0 0 0 0 0 0 0 0 0 0 0 0 0 0 0 0 0 0 0 0 0 0 0 0 0 0 0 0 0 0 0 0 0 0 0 0 0 0 0 0 
