0 0 0 0 0 0 0 0 0 0 0 0 0 0 0 0 0 0 0 0 0 0 0 0 0 0 0 0 0 0 0 0 0 0 0 0 0 0 0 0 0 
0 1.37459e-05 5.62765e-05 0.000127324 0.000223012 0.000335396 0.000453146 0.00056389 0.000657525 0.000728745 0.000777425 0.000807074 0.000822599 0.00082846 0.000827634 0.000821284 0.000808905 0.000788774 0.000758631 0.000716518 0.000661637 0.000594994 0.000519543 0.000439724 0.000360519 0.000286411 0.000220635 0.000164915 0.00011962 8.41447e-05 5.73076e-05 3.76823e-05 2.38197e-05 1.43828e-05 8.21698e-06 4.3757e-06 2.11792e-06 8.88671e-07 2.90623e-07 5.27398e-08 0 
0 5.62765e-05 0.000229014 0.000511492 0.000874001 0.00126024 0.00159804 0.00182705 0.0019258 0.00191554 0.00184066 0.00174546 0.00166173 0.00160734 0.00158972 0.00160936 0.00166152 0.00173628 0.00181781 0.00188447 0.00191147 0.00187688 0.00176929 0.00159331 0.0013687 0.00112327 0.000883629 0.000668792 0.000488486 0.000344852 0.000235274 0.000154826 9.79022e-05 5.91236e-05 3.37796e-05 1.79887e-05 8.70694e-06 3.65341e-06 1.19478e-06 2.16818e-07 0 
0 0.000127324 0.000511492 0.00111016 0.00179361 0.0023505 0.00258705 0.00246297 0.00210604 0.00169065 0.00133156 0.00106892 0.000900385 0.000811126 0.00078864 0.000827453 0.000929198 0.00110029 0.00134677 0.0016651 0.00202935 0.00238167 0.00263852 0.00272118 0.00259673 0.00229683 0.00189738 0.00147877 0.00109768 0.000781324 0.000535144 0.000352775 0.000223236 0.000134853 7.70555e-05 4.10362e-05 1.98627e-05 8.33438e-06 2.72561e-06 4.94621e-07 0 
0 0.000223012 0.000874001 0.00179361 0.00259721 0.00283783 0.00241926 0.0016919 0.00104127 0.000608204 0.000360944 0.000230015 0.000163959 0.000134184 0.000127548 0.000140525 0.000176942 0.000248617 0.000377878 0.000599489 0.000955677 0.00147355 0.00212012 0.00276216 0.00319569 0.00326649 0.00297707 0.00246459 0.00189201 0.00137 0.000945925 0.000625769 0.000396562 0.000239692 0.00013699 7.296e-05 3.53158e-05 1.48186e-05 4.84617e-06 8.79443e-07 0 
0 0.000335396 0.00126024 0.0023505 0.00283783 0.00233435 0.00137849 0.000640405 0.00026111 0.000103646 4.37832e-05 2.11555e-05 1.23417e-05 8.99999e-06 8.32655e-06 9.7311e-06 1.40618e-05 2.42569e-05 4.77605e-05 0.00010206 0.000224646 0.00048376 0.000970254 0.0017322 0.00265129 0.0034019 0.0036589 0.00337157 0.00275294 0.002058 0.00144245 0.000960478 0.000610283 0.000369244 0.00021111 0.000112451 5.44334e-05 2.28407e-05 7.46971e-06 1.35554e-06 0 
0 0.000453146 0.00159804 0.00258705 0.00241926 0.00137849 0.000525726 0.000153761 3.96554e-05 1.0235e-05 2.95221e-06 1.04345e-06 4.84879e-07 3.1005e-07 2.78083e-07 3.47469e-07 5.8701e-07 1.27722e-06 3.36586e-06 1.00351e-05 3.15832e-05 9.82214e-05 0.000284089 0.000723324 0.00154297 0.00264946 0.00359159 0.00389018 0.00350488 0.00276176 0.00198502 0.00133629 0.000852815 0.000516843 0.000295674 0.000157527 7.62586e-05 3.19995e-05 1.0465e-05 1.89911e-06 0 
0 0.00056389 0.00182705 0.00246297 0.0016919 0.000640405 0.000153761 2.77179e-05 4.4127e-06 7.20577e-07 1.38126e-07 3.48729e-08 1.26768e-08 7.03073e-09 6.09425e-09 8.17959e-09 1.63448e-08 4.56423e-08 1.64443e-07 6.9986e-07 3.21939e-06 1.47297e-05 6.22802e-05 0.000228488 0.000688549 0.00162367 0.00288901 0.00384995 0.00397389 0.00338056 0.00252306 0.00172687 0.00110945 0.000674056 0.000385954 0.000205688 9.95829e-05 4.17881e-05 1.36664e-05 2.48008e-06 0 
0 0.000657525 0.0019258 0.00210604 0.00104127 0.00026111 3.96554e-05 4.4127e-06 4.32211e-07 4.43766e-08 5.6125e-09 1.0053e-09 2.84294e-10 1.36244e-10 1.13943e-10 1.64352e-10 3.89419e-10 1.4014e-09 6.93924e-09 4.23958e-08 2.86456e-07 1.93361e-06 1.19392e-05 6.2728e-05 0.000264478 0.000851221 0.00200215 0.0033566 0.00407956 0.00382828 0.00300458 0.00210343 0.00136379 0.000831423 0.000476633 0.000254116 0.000123045 5.16359e-05 1.68872e-05 3.06459e-06 0 
0 0.000728745 0.00191554 0.00169065 0.000608204 0.000103646 1.0235e-05 7.20577e-07 4.43766e-08 2.92007e-09 2.47656e-10 3.18761e-11 7.07452e-12 2.94265e-12 2.37459e-12 3.66579e-12 1.02192e-11 4.68818e-11 3.14863e-10 2.72082e-09 2.65753e-08 2.60216e-07 2.30388e-06 1.69801e-05 9.7806e-05 0.000419019 0.00127853 0.00268527 0.00387887 0.00406787 0.00338941 0.00243934 0.00159962 0.000979348 0.000562272 0.000299923 0.000145249 6.09565e-05 1.99358e-05 3.61784e-06 0 
0 0.000777425 0.00184066 0.00133156 0.000360944 4.37832e-05 2.95221e-06 1.38126e-07 5.6125e-09 2.47656e-10 1.46607e-11 1.40082e-12 2.49724e-13 9.13143e-14 7.12369e-14 1.167e-13 3.75945e-13 2.14263e-12 1.89076e-11 2.22987e-10 3.03198e-09 4.14557e-08 5.06928e-07 5.05224e-06 3.83263e-05 0.000210635 0.000805502 0.00206777 0.00351516 0.00412263 0.00365969 0.00271472 0.00180282 0.00110903 0.000637788 0.000340393 0.000164877 6.91977e-05 2.26314e-05 4.10705e-06 0 
0 0.000807074 0.00174546 0.00106892 0.000230015 2.11555e-05 1.04345e-06 3.48729e-08 1.0053e-09 3.18761e-11 1.40082e-12 1.045e-13 1.55172e-14 5.09073e-15 3.85382e-15 6.6171e-15 2.39785e-14 1.63254e-13 1.80335e-12 2.74842e-11 4.91125e-10 8.85005e-09 1.41348e-07 1.80729e-06 1.71891e-05 0.000115672 0.00053063 0.00160381 0.00312933 0.00405605 0.00382121 0.00291899 0.00196285 0.00121323 0.000698888 0.000373211 0.000180805 7.58868e-05 2.48196e-05 4.50416e-06 0 
0 0.000822599 0.00166173 0.000900385 0.000163959 1.23417e-05 4.84879e-07 1.26768e-08 2.84294e-10 7.07452e-12 2.49724e-13 1.55172e-14 2.01138e-15 6.07987e-16 4.49041e-16 7.95871e-16 3.13566e-15 2.42659e-14 3.15449e-13 5.79482e-12 1.26434e-10 2.78918e-09 5.41972e-08 8.32208e-07 9.34389e-06 7.29001e-05 0.000381625 0.00129915 0.00281021 0.00393864 0.00389528 0.0030502 0.0020733 0.00128685 0.000742395 0.000396641 0.000192186 8.06676e-05 2.63836e-05 4.78801e-06 0 
0 0.00082846 0.00160734 0.000811126 0.000134184 8.99999e-06 3.1005e-07 7.03073e-09 1.36244e-10 2.94265e-12 9.13143e-14 5.09073e-15 6.07987e-16 1.74641e-16 1.26681e-16 2.27864e-16 9.39258e-16 7.80726e-15 1.11313e-13 2.27595e-12 5.57342e-11 1.38317e-09 3.01471e-08 5.15588e-07 6.38541e-06 5.43794e-05 0.000307895 0.00112568 0.00259466 0.00382365 0.00390653 0.003112 0.0021316 0.00132706 0.000766433 0.000409637 0.000198507 8.33241e-05 2.72528e-05 4.94577e-06 0 
0 0.000827634 0.00158972 0.00078864 0.000127548 8.32655e-06 2.78083e-07 6.09425e-09 1.13943e-10 2.37459e-12 7.12369e-14 3.85382e-15 4.49041e-16 1.26681e-16 9.09317e-17 1.63129e-16 6.75841e-16 5.68657e-15 8.25746e-14 1.72787e-12 4.34499e-11 1.1094e-09 2.48893e-08 4.37843e-07 5.56909e-06 4.86226e-05 0.000281876 0.00105479 0.00248721 0.00373841 0.00387299 0.00310978 0.00213814 0.00133325 0.000770475 0.000411888 0.000199614 8.37907e-05 2.74056e-05 4.97352e-06 0 
0 0.000821284 0.00160936 0.000827453 0.000140525 9.7311e-06 3.47469e-07 8.17959e-09 1.64352e-10 3.66579e-12 1.167e-13 6.6171e-15 7.95871e-16 2.27864e-16 1.63129e-16 2.87083e-16 1.14983e-15 9.24285e-15 1.27132e-13 2.5071e-12 5.93149e-11 1.42671e-09 3.02654e-08 5.06204e-07 6.16221e-06 5.18572e-05 0.000291808 0.00106709 0.00247551 0.0036849 0.0038009 0.00304788 0.00209532 0.00130674 0.000755261 0.000403786 0.000195695 8.21469e-05 2.68681e-05 4.876e-06 0 
0 0.000808905 0.00166152 0.000929198 0.000176942 1.40618e-05 5.8701e-07 1.63448e-08 3.89419e-10 1.02192e-11 3.75945e-13 2.39785e-14 3.13566e-15 9.39258e-16 6.75841e-16 1.14983e-15 4.29845e-15 3.13175e-14 3.81854e-13 6.57985e-12 1.35118e-10 2.82211e-09 5.23199e-08 7.73247e-07 8.4353e-06 6.45958e-05 0.000335763 0.00115009 0.00253491 0.00364297 0.00368437 0.00292856 0.00200694 0.0012505 0.000722627 0.000386338 0.000187243 7.86004e-05 2.57083e-05 4.66554e-06 0 
0 0.000788774 0.00173628 0.00110029 0.000248617 2.42569e-05 1.27722e-06 4.56423e-08 1.4014e-09 4.68818e-11 2.14263e-12 1.63254e-13 2.42659e-14 7.80726e-15 5.68657e-15 9.24285e-15 3.13175e-14 1.97826e-13 2.02121e-12 2.85283e-11 4.74455e-10 8.01944e-09 1.21318e-07 1.48574e-06 1.37037e-05 9.07304e-05 0.000416878 0.00128926 0.00262424 0.00357331 0.00350825 0.00275261 0.0018779 0.00116872 0.000675256 0.000361031 0.000174988 7.34584e-05 2.40269e-05 4.36042e-06 0 
0 0.000758631 0.00181781 0.00134677 0.000377878 4.77605e-05 3.36586e-06 1.64443e-07 6.93924e-09 3.14863e-10 1.89076e-11 1.80335e-12 3.15449e-13 1.11313e-13 8.25746e-14 1.27132e-13 3.81854e-13 2.02121e-12 1.65652e-11 1.82066e-10 2.32138e-09 3.00082e-08 3.50315e-07 3.3708e-06 2.50279e-05 0.000137119 0.000536308 0.0014535 0.00267834 0.00342193 0.00325267 0.00252044 0.00171385 0.00106639 0.000616379 0.000329663 0.000159814 6.70946e-05 2.19463e-05 3.98289e-06 0 
0 0.000716518 0.00188447 0.0016651 0.000599489 0.00010206 1.00351e-05 6.9986e-07 4.23958e-08 2.72082e-09 2.22987e-10 2.74842e-11 5.79482e-12 2.27595e-12 1.72787e-12 2.5071e-12 6.57985e-12 2.85283e-11 1.82066e-10 1.5045e-09 1.41456e-08 1.34208e-07 1.15922e-06 8.40551e-06 4.82568e-05 0.000210744 0.000679595 0.00157804 0.0026063 0.00312781 0.00289718 0.00223239 0.00152058 0.000948745 0.000549445 0.000294172 0.000142679 5.99131e-05 1.95988e-05 3.55697e-06 0 
0 0.000661637 0.00191147 0.00202935 0.000955677 0.000224646 3.15832e-05 3.21939e-06 2.86456e-07 2.65753e-08 3.03198e-09 4.91125e-10 1.26434e-10 5.57342e-11 4.34499e-11 5.93149e-11 1.35118e-10 4.74455e-10 2.32138e-09 1.41456e-08 9.58639e-08 6.50454e-07 4.03854e-06 2.13784e-05 9.17298e-05 0.000308585 0.000796675 0.00155792 0.00230543 0.00263373 0.00242208 0.00188722 0.00130278 0.000820624 0.000477785 0.000256462 0.000124527 5.23139e-05 1.71158e-05 3.10652e-06 0 
0 0.000594994 0.00187688 0.00238167 0.00147355 0.00048376 9.82214e-05 1.47297e-05 1.93361e-06 2.60216e-07 4.14557e-08 8.85005e-09 2.78918e-09 1.38317e-09 1.1094e-09 1.42671e-09 2.82211e-09 8.01944e-09 3.00082e-08 1.34208e-07 6.50454e-07 3.11838e-06 1.36711e-05 5.15117e-05 0.000159706 0.000397726 0.000792132 0.00127756 0.0017024 0.00190538 0.00181056 0.00148 0.00106259 0.000685815 0.000404334 0.000218267 0.000106226 4.4665e-05 1.46179e-05 2.65344e-06 0 
0 0.000519543 0.00176929 0.00263852 0.00212012 0.000970254 0.000284089 6.22802e-05 1.19392e-05 2.30388e-06 5.06928e-07 1.41348e-07 5.41972e-08 3.01471e-08 2.48893e-08 3.02654e-08 5.23199e-08 1.21318e-07 3.50315e-07 1.15922e-06 4.03854e-06 1.36711e-05 4.1882e-05 0.000109481 0.000234074 0.000402941 0.000573091 0.000721045 0.000863367 0.00100348 0.00107977 0.00100981 0.000800584 0.000547061 0.000331535 0.000181071 8.85211e-05 3.72809e-05 1.2208e-05 2.2164e-06 0 
0 0.000439724 0.00159331 0.00272118 0.00276216 0.0017322 0.000723324 0.000228488 6.2728e-05 1.69801e-05 5.05224e-06 1.80729e-06 8.32208e-07 5.15588e-07 4.37843e-07 5.06204e-07 7.73247e-07 1.48574e-06 3.3708e-06 8.40551e-06 2.13784e-05 5.15117e-05 0.000109481 0.000191488 0.000258995 0.000263838 0.000217344 0.000177937 0.000184041 0.000255402 0.000393746 0.000522463 0.000525621 0.000407826 0.000261602 0.000146112 7.201e-05 3.04103e-05 9.96698e-06 1.81004e-06 0 
0 0.000360519 0.0013687 0.00259673 0.00319569 0.00265129 0.00154297 0.000688549 0.000264478 9.7806e-05 3.83263e-05 1.71891e-05 9.34389e-06 6.38541e-06 5.56909e-06 6.16221e-06 8.4353e-06 1.37037e-05 2.50279e-05 4.82568e-05 9.17298e-05 0.000159706 0.000234074 0.000258995 0.000187905 7.98279e-05 2.23377e-05 7.18971e-06 5.6176e-06 1.31896e-05 5.20728e-05 0.000160904 0.000274939 0.000276397 0.000197164 0.000114455 5.7143e-05 2.42313e-05 7.95185e-06 1.44463e-06 0 
0 0.000286411 0.00112327 0.00229683 0.00326649 0.0034019 0.00264946 0.00162367 0.000851221 0.000419019 0.000210635 0.000115672 7.29001e-05 5.43794e-05 4.86226e-05 5.18572e-05 6.45958e-05 9.07304e-05 0.000137119 0.000210744 0.000308585 0.000397726 0.000402941 0.000263838 7.98279e-05 7.64982e-06 2.64603e-07 1.24921e-08 5.6411e-09 4.39138e-08 1.32221e-06 2.28862e-05 0.000106407 0.000167697 0.000141662 8.7028e-05 4.42241e-05 1.88524e-05 6.19623e-06 1.12618e-06 0 
0 0.000220635 0.000883629 0.00189738 0.00297707 0.0036589 0.00359159 0.00288901 0.00200215 0.00127853 0.000805502 0.00053063 0.000381625 0.000307895 0.000281876 0.000291808 0.000335763 0.000416878 0.000536308 0.000679595 0.000796675 0.000792132 0.000573091 0.000217344 2.23377e-05 2.64603e-07 3.96953e-10 9.67324e-13 1.90253e-13 1.01126e-11 7.26763e-09 1.69041e-06 3.28704e-05 9.43965e-05 9.83302e-05 6.44855e-05 3.34015e-05 1.43162e-05 4.7124e-06 8.56845e-07 0 
0 0.000164915 0.000668792 0.00147877 0.00246459 0.00337157 0.00389018 0.00384995 0.0033566 0.00268527 0.00206777 0.00160381 0.00129915 0.00112568 0.00105479 0.00106709 0.00115009 0.00128926 0.0014535 0.00157804 0.00155792 0.00127756 0.000721045 0.000177937 7.18971e-06 1.24921e-08 9.67324e-13 1.50267e-16 2.69727e-17 4.11884e-15 6.09366e-11 1.607e-07 1.14108e-05 5.50346e-05 6.80382e-05 4.69294e-05 2.46515e-05 1.06061e-05 3.49474e-06 6.35614e-07 0 
0 0.00011962 0.000488486 0.00109768 0.00189201 0.00275294 0.00350488 0.00397389 0.00407956 0.00387887 0.00351516 0.00312933 0.00281021 0.00259466 0.00248721 0.00247551 0.00253491 0.00262424 0.00267834 0.0026063 0.00230543 0.0017024 0.000863367 0.000184041 5.6176e-06 5.6411e-09 1.90253e-13 2.69727e-17 1.45777e-18 4.54671e-16 1.44624e-11 7.08458e-08 6.93829e-06 3.78041e-05 4.85014e-05 3.37852e-05 1.77905e-05 7.65877e-06 2.52395e-06 4.59065e-07 0 
0 8.41447e-05 0.000344852 0.000781324 0.00137 0.002058 0.00276176 0.00338056 0.00382828 0.00406787 0.00412263 0.00405605 0.00393864 0.00382365 0.00373841 0.0036849 0.00364297 0.00357331 0.00342193 0.00312781 0.00263373 0.00190538 0.00100348 0.000255402 1.31896e-05 4.39138e-08 1.01126e-11 4.11884e-15 4.54671e-16 6.26486e-14 2.3838e-10 2.12703e-07 8.38802e-06 3.16337e-05 3.58584e-05 2.40626e-05 1.25366e-05 5.38105e-06 1.77189e-06 3.22206e-07 0 
0 5.73076e-05 0.000235274 0.000535144 0.000945925 0.00144245 0.00198502 0.00252306 0.00300458 0.00338941 0.00365969 0.00382121 0.00389528 0.00390653 0.00387299 0.0038009 0.00368437 0.00350825 0.00325267 0.00289718 0.00242208 0.00181056 0.00107977 0.000393746 5.20728e-05 1.32221e-06 7.26763e-09 6.09366e-11 1.44624e-11 2.3838e-10 2.94294e-08 1.64478e-06 1.43939e-05 2.91758e-05 2.6731e-05 1.68039e-05 8.59104e-06 3.66799e-06 1.20603e-06 2.1922e-07 0 
0 3.76823e-05 0.000154826 0.000352775 0.000625769 0.000960478 0.00133629 0.00172687 0.00210343 0.00243934 0.00271472 0.00291899 0.0030502 0.003112 0.00310978 0.00304788 0.00292856 0.00275261 0.00252044 0.00223239 0.00188722 0.00148 0.00100981 0.000522463 0.000160904 2.28862e-05 1.69041e-06 1.607e-07 7.08458e-08 2.12703e-07 1.64478e-06 9.26249e-06 2.22223e-05 2.5748e-05 1.92778e-05 1.13541e-05 5.6915e-06 2.41606e-06 7.93091e-07 1.44093e-07 0 
0 2.38197e-05 9.79022e-05 0.000223236 0.000396562 0.000610283 0.000852815 0.00110945 0.00136379 0.00159962 0.00180282 0.00196285 0.0020733 0.0021316 0.00213814 0.00209532 0.00200694 0.0018779 0.00171385 0.00152058 0.00130278 0.00106259 0.000800584 0.000525621 0.000274939 0.000106407 3.28704e-05 1.14108e-05 6.93829e-06 8.38802e-06 1.43939e-05 2.22223e-05 2.46812e-05 2.0036e-05 1.30664e-05 7.33639e-06 3.62123e-06 1.52993e-06 5.01495e-07 9.1076e-08 0 
0 1.43828e-05 5.91236e-05 0.000134853 0.000239692 0.000369244 0.000516843 0.000674056 0.000831423 0.000979348 0.00110903 0.00121323 0.00128685 0.00132706 0.00133325 0.00130674 0.0012505 0.00116872 0.00106639 0.000948745 0.000820624 0.000685815 0.000547061 0.000407826 0.000276397 0.000167697 9.43965e-05 5.50346e-05 3.78041e-05 3.16337e-05 2.91758e-05 2.5748e-05 2.0036e-05 1.36125e-05 8.23407e-06 4.4942e-06 2.19664e-06 9.25061e-07 3.02915e-07 5.49948e-08 0 
0 8.21698e-06 3.37796e-05 7.70555e-05 0.00013699 0.00021111 0.000295674 0.000385954 0.000476633 0.000562272 0.000637788 0.000698888 0.000742395 0.000766433 0.000770475 0.000755261 0.000722627 0.000675256 0.000616379 0.000549445 0.000477785 0.000404334 0.000331535 0.000261602 0.000197164 0.000141662 9.83302e-05 6.80382e-05 4.85014e-05 3.58584e-05 2.6731e-05 1.92778e-05 1.30664e-05 8.23407e-06 4.81058e-06 2.58852e-06 1.25844e-06 5.28964e-07 1.73102e-07 3.14204e-08 0 
0 4.3757e-06 1.79887e-05 4.10362e-05 7.296e-05 0.000112451 0.000157527 0.000205688 0.000254116 0.000299923 0.000340393 0.000373211 0.000396641 0.000409637 0.000411888 0.000403786 0.000386338 0.000361031 0.000329663 0.000294172 0.000256462 0.000218267 0.000181071 0.000146112 0.000114455 8.7028e-05 6.44855e-05 4.69294e-05 3.37852e-05 2.40626e-05 1.68039e-05 1.13541e-05 7.33639e-06 4.4942e-06 2.58852e-06 1.38404e-06 6.7114e-07 2.81827e-07 9.21947e-08 1.67327e-08 0 
0 2.11792e-06 8.70694e-06 1.98627e-05 3.53158e-05 5.44334e-05 7.62586e-05 9.95829e-05 0.000123045 0.000145249 0.000164877 0.000180805 0.000192186 0.000198507 0.000199614 0.000195695 0.000187243 0.000174988 0.000159814 0.000142679 0.000124527 0.000106226 8.85211e-05 7.201e-05 5.7143e-05 4.42241e-05 3.34015e-05 2.46515e-05 1.77905e-05 1.25366e-05 8.59104e-06 5.6915e-06 3.62123e-06 2.19664e-06 1.25844e-06 6.7114e-07 3.25078e-07 1.36445e-07 4.46279e-08 8.09913e-09 0 
0 8.88671e-07 3.65341e-06 8.33438e-06 1.48186e-05 2.28407e-05 3.19995e-05 4.17881e-05 5.16359e-05 6.09565e-05 6.91977e-05 7.58868e-05 8.06676e-05 8.33241e-05 8.37907e-05 8.21469e-05 7.86004e-05 7.34584e-05 6.70946e-05 5.99131e-05 5.23139e-05 4.4665e-05 3.72809e-05 3.04103e-05 2.42313e-05 1.88524e-05 1.43162e-05 1.06061e-05 7.65877e-06 5.38105e-06 3.66799e-06 2.41606e-06 1.52993e-06 9.25061e-07 5.28964e-07 2.81827e-07 1.36445e-07 5.72591e-08 1.87265e-08 3.39841e-09 0 
0 2.90623e-07 1.19478e-06 2.72561e-06 4.84617e-06 7.46971e-06 1.0465e-05 1.36664e-05 1.68872e-05 1.99358e-05 2.26314e-05 2.48196e-05 2.63836e-05 2.72528e-05 2.74056e-05 2.68681e-05 2.57083e-05 2.40269e-05 2.19463e-05 1.95988e-05 1.71158e-05 1.46179e-05 1.2208e-05 9.96698e-06 7.95185e-06 6.19623e-06 4.7124e-06 3.49474e-06 2.52395e-06 1.77189e-06 1.20603e-06 7.93091e-07 5.01495e-07 3.02915e-07 1.73102e-07 9.21947e-08 4.46279e-08 1.87265e-08 6.12429e-09 1.11139e-09 0 
0 5.27398e-08 2.16818e-07 4.94621e-07 8.79443e-07 1.35554e-06 1.89911e-06 2.48008e-06 3.06459e-06 3.61784e-06 4.10705e-06 4.50416e-06 4.78801e-06 4.94577e-06 4.97352e-06 4.876e-06 4.66554e-06 4.36042e-06 3.98289e-06 3.55697e-06 3.10652e-06 2.65344e-06 2.2164e-06 1.81004e-06 1.44463e-06 1.12618e-06 8.56845e-07 6.35614e-07 4.59065e-07 3.22206e-07 2.1922e-07 1.44093e-07 9.1076e-08 5.49948e-08 3.14204e-08 1.67327e-08 8.09913e-09 3.39841e-09 1.11139e-09 2.01687e-10 0 
0 0 0 0 0 0 0 0 0 0 0 0 0 0 0 0 0 0 0 0 0 0 0 0 0 0 0 0 0 0 0 0 0 0 0 0 0 0 0 0 0 
