0 0 0 0 0 0 0 0 0 0 0 0 0 0 0 0 0 0 0 0 0 0 0 0 0 0 0 0 0 0 0 0 0 0 0 0 0 0 0 0 0 
0 1.33389e-05 5.26622e-05 0.00011152 0.000175912 0.000229003 0.000259629 0.000266809 0.000257024 0.000238736 0.000218769 0.00020134 0.00018854 0.000181142 0.000179254 0.000182668 0.000190973 0.00020348 0.000219054 0.000235914 0.000251545 0.000262847 0.00026662 0.000260358 0.000243115 0.000216049 0.000182274 0.000145974 0.00011117 8.07396e-05 5.6067e-05 3.7273e-05 2.36973e-05 1.43496e-05 8.20888e-06 4.37393e-06 2.11758e-06 8.88617e-07 2.90617e-07 5.27393e-08 0 
0 5.26622e-05 0.000196274 0.000371321 0.0004864 0.00048851 0.000404358 0.00029512 0.000201732 0.000135843 9.38856e-05 6.87812e-05 5.4692e-05 4.7907e-05 4.65014e-05 4.98901e-05 5.85727e-05 7.40586e-05 9.88391e-05 0.000136158 0.000189213 0.000259406 0.000343659 0.000431812 0.000506435 0.000547519 0.000541506 0.00048912 0.000405278 0.000310793 0.000222887 0.000150798 9.67245e-05 5.88133e-05 3.37061e-05 1.79731e-05 8.70405e-06 3.65296e-06 1.19473e-06 2.16815e-07 0 
0 0.00011152 0.000371321 0.000563413 0.000521239 0.000333486 0.000165967 7.14262e-05 2.90392e-05 1.20258e-05 5.41501e-06 2.79972e-06 1.73227e-06 1.31649e-06 1.24098e-06 1.44219e-06 2.02525e-06 3.3311e-06 6.17357e-06 1.23573e-05 2.56055e-05 5.28e-05 0.00010466 0.000193655 0.000326237 0.000489618 0.000642826 0.000729885 0.000716511 0.000615772 0.000473202 0.000332534 0.000217384 0.000133343 7.67065e-05 4.09643e-05 1.98498e-05 8.33242e-06 2.72538e-06 4.94606e-07 0 
0 0.000175912 0.0004864 0.000521239 0.000291979 0.000102451 2.64216e-05 5.71865e-06 1.16916e-06 2.52391e-07 6.37357e-08 2.05512e-08 9.04656e-09 5.6696e-09 5.13661e-09 6.65544e-09 1.19219e-08 2.80229e-08 8.10247e-08 2.6852e-07 9.50509e-07 3.36738e-06 1.12938e-05 3.43186e-05 9.14709e-05 0.000208789 0.000399959 0.000630787 0.000808098 0.000843311 0.000734506 0.00055433 0.000375762 0.000234374 0.000135784 7.27174e-05 3.52731e-05 1.48123e-05 4.84546e-06 8.79399e-07 0 
0 0.000229003 0.00048851 0.000333486 0.000102451 1.77744e-05 2.0896e-06 1.95891e-07 1.7219e-08 1.66656e-09 2.06372e-10 3.7193e-11 1.07639e-11 5.3199e-12 4.59006e-12 6.79992e-12 1.64392e-11 5.99865e-11 3.00003e-10 1.85045e-09 1.26676e-08 8.72983e-08 5.57148e-07 3.08479e-06 1.41572e-05 5.23936e-05 0.000154001 0.00035516 0.000632824 0.0008612 0.000905313 0.000766368 0.000552062 0.000354289 0.000207751 0.000111787 5.4319e-05 2.28242e-05 7.46789e-06 1.35543e-06 0 
0 0.000259629 0.000404358 0.000165967 2.64216e-05 2.0896e-06 1.00706e-07 3.63197e-09 1.21705e-10 4.71274e-12 2.58743e-13 2.40099e-14 4.30589e-15 1.62288e-15 1.32423e-15 2.28564e-15 7.77876e-15 4.68777e-14 4.3805e-13 5.48994e-12 7.98099e-11 1.17646e-09 1.56662e-08 1.72085e-07 1.46325e-06 9.28647e-06 4.33942e-05 0.000149235 0.000377131 0.000692954 0.00092147 0.000913087 0.000718945 0.000481756 0.000287793 0.000155986 7.59972e-05 3.19624e-05 1.0461e-05 1.89888e-06 0 
0 0.000266809 0.00029512 7.14262e-05 5.71865e-06 1.95891e-07 3.63197e-09 4.70663e-11 5.61632e-13 8.16005e-15 1.87655e-16 8.5644e-18 9.31315e-19 2.721e-19 2.11779e-19 4.166e-19 1.99585e-18 2.04868e-17 3.73594e-16 9.99494e-15 3.25234e-13 1.08194e-11 3.16849e-10 7.25761e-09 1.19616e-07 1.3515e-06 1.02963e-05 5.32804e-05 0.000190304 0.000471971 0.000807323 0.000963292 0.000849904 0.000603637 0.000369984 0.000202577 9.90611e-05 4.1715e-05 1.36586e-05 2.47963e-06 0 
0 0.000257024 0.000201732 2.90392e-05 1.16916e-06 1.7219e-08 1.21705e-10 5.61632e-13 2.36637e-15 1.27998e-17 1.25776e-19 4.48097e-21 9.44464e-22 4.78274e-22 4.11409e-22 5.74443e-22 1.39646e-21 9.90953e-21 2.89214e-19 1.64674e-17 1.20705e-15 9.1215e-14 5.91466e-12 2.84513e-10 9.15551e-09 1.85437e-07 2.31338e-06 1.79695e-05 8.9549e-05 0.00029416 0.000640764 0.000926951 0.000929934 0.000708273 0.000448209 0.00024857 0.000122121 5.15078e-05 1.68738e-05 3.06382e-06 0 
0 0.000238736 0.000135843 1.20258e-05 2.52391e-07 1.66656e-09 4.71274e-12 8.16005e-15 1.27998e-17 2.84007e-20 2.79979e-22 2.63034e-23 1.05402e-23 7.84184e-24 7.23953e-24 7.96603e-24 1.16916e-23 3.92549e-23 4.9492e-22 3.71876e-20 5.77782e-18 9.51254e-16 1.3118e-13 1.27674e-11 7.76201e-10 2.74069e-08 5.47047e-07 6.24725e-06 4.24544e-05 0.00017968 0.000485675 0.00084119 0.000960537 0.000788644 0.000517241 0.000291086 0.000143781 6.07544e-05 1.99147e-05 3.61664e-06 0 
0 0.000218769 9.38856e-05 5.41501e-06 6.37357e-08 2.06372e-10 2.58743e-13 1.87655e-16 1.25776e-19 2.79979e-22 5.16199e-24 7.73596e-25 4.45801e-25 4.05332e-25 3.89192e-25 3.76739e-25 4.13444e-25 8.0031e-25 5.24933e-24 2.2734e-22 5.00244e-20 1.6263e-17 4.38228e-15 7.97431e-13 8.53183e-11 4.93882e-09 1.4983e-07 2.41168e-06 2.15546e-05 0.000113513 0.000368035 0.000743924 0.000955593 0.000843591 0.000573553 0.000327681 0.000162766 6.89083e-05 2.26015e-05 4.10536e-06 0 
0 0.00020134 6.87812e-05 2.79972e-06 2.05512e-08 3.7193e-11 2.40099e-14 8.5644e-18 4.48097e-21 2.63035e-23 7.73598e-25 8.2999e-26 3.91349e-26 3.69694e-26 3.60207e-26 3.26209e-26 3.07961e-26 4.81663e-26 2.88206e-25 8.62401e-24 1.19165e-21 5.81551e-19 2.70374e-16 8.20028e-14 1.39205e-11 1.207e-09 5.15766e-08 1.09964e-06 1.22923e-05 7.7191e-05 0.000288803 0.000659346 0.000932787 0.000876608 0.00061554 0.000356567 0.000178037 7.55083e-05 2.47805e-05 4.50198e-06 0 
0 0.00018854 5.4692e-05 1.73227e-06 9.04656e-09 1.07639e-11 4.30589e-15 9.31315e-19 9.44465e-22 1.05402e-23 4.45802e-25 3.9135e-26 7.68069e-27 4.74069e-27 4.32824e-27 3.78193e-27 3.59748e-27 7.88988e-27 6.6698e-26 1.54178e-24 1.23566e-22 5.29395e-20 3.59947e-17 1.57829e-14 3.7384e-12 4.33941e-10 2.37509e-08 6.20545e-07 8.15412e-06 5.80932e-05 0.000240462 0.000597993 0.000906963 0.000893291 0.000643142 0.000376661 0.000188857 8.02127e-05 2.63368e-05 4.7854e-06 0 
0 0.000181142 4.7907e-05 1.31649e-06 5.6696e-09 5.3199e-12 1.62288e-15 2.721e-19 4.78275e-22 7.84186e-24 4.05334e-25 3.69696e-26 4.74071e-27 1.11475e-27 6.45967e-28 5.44671e-28 7.77503e-28 3.6649e-27 3.7228e-26 7.35269e-25 4.37785e-23 1.38589e-20 1.13962e-17 6.1594e-15 1.76268e-12 2.41483e-10 1.52141e-08 4.46232e-07 6.42828e-06 4.9192e-05 0.000215511 0.000562307 0.000887597 0.000898909 0.000657159 0.000387514 0.000194813 8.28193e-05 2.72008e-05 4.94287e-06 0 
0 0.000179254 4.65014e-05 1.24098e-06 5.13661e-09 4.59006e-12 1.32423e-15 2.11779e-19 4.11409e-22 7.23955e-24 3.89193e-25 3.60209e-26 4.32827e-27 6.4597e-28 1.68418e-28 1.3554e-28 4.34867e-28 3.08017e-27 3.25756e-26 6.26269e-25 3.52791e-23 1.04254e-20 8.88011e-18 5.01392e-15 1.49296e-12 2.11795e-10 1.37458e-08 4.13132e-07 6.06786e-06 4.71377e-05 0.000209032 0.000551368 0.000878981 0.000896891 0.000658589 0.000389173 0.000195814 8.32709e-05 2.73521e-05 4.97053e-06 0 
0 0.000182668 4.98901e-05 1.44219e-06 6.65544e-09 6.79992e-12 2.28564e-15 4.166e-19 5.74444e-22 7.96605e-24 3.7674e-25 3.2621e-26 3.78195e-27 5.44673e-28 1.3554e-28 1.2993e-28 4.88091e-28 3.56202e-27 3.99757e-26 8.63915e-25 5.86089e-23 2.14317e-20 1.65729e-17 8.32564e-15 2.23115e-12 2.88662e-10 1.73267e-08 4.88362e-07 6.81523e-06 5.08847e-05 0.000218812 0.000563204 0.000881149 0.000888268 0.000648223 0.000382057 0.000192056 8.16482e-05 2.68167e-05 4.87312e-06 0 
0 0.000190973 5.85727e-05 2.02525e-06 1.19219e-08 1.64392e-11 7.77876e-15 1.99585e-18 1.39646e-21 1.16917e-23 4.13445e-25 3.07963e-26 3.59749e-27 7.77503e-28 4.34865e-28 4.88089e-28 1.12212e-27 6.42806e-27 7.87621e-26 2.2701e-24 2.32804e-22 1.14074e-19 6.82636e-17 2.63644e-14 5.57232e-12 5.85691e-10 2.94734e-08 7.18661e-07 8.93706e-06 6.10159e-05 0.000244653 0.00059501 0.000890478 0.000871804 0.000626557 0.000366879 0.00018398 7.81518e-05 2.56619e-05 4.66293e-06 0 
0 0.00020348 7.40586e-05 3.3311e-06 2.80229e-08 5.99865e-11 4.68777e-14 2.04868e-17 9.90953e-21 3.92549e-23 8.00312e-25 4.81664e-26 7.88987e-27 3.66489e-27 3.08016e-27 3.562e-27 6.42804e-27 2.69489e-26 3.53663e-25 1.59649e-23 3.01173e-21 1.37551e-18 5.4737e-16 1.43574e-13 2.13919e-11 1.65538e-09 6.42353e-08 1.26504e-06 1.32742e-05 7.94183e-05 0.00028706 0.000641726 0.000899762 0.000844568 0.000593968 0.000344611 0.000172229 7.30775e-05 2.39873e-05 4.35818e-06 0 
0 0.000219054 9.88391e-05 6.17357e-06 8.10247e-08 3.00003e-10 4.3805e-13 3.73594e-16 2.89214e-19 4.9492e-22 5.24933e-24 2.88206e-25 6.66978e-26 3.72278e-26 3.25754e-26 3.99755e-26 7.87619e-26 3.53662e-25 5.96334e-24 4.55136e-22 1.07491e-19 3.08307e-17 7.31455e-15 1.18248e-12 1.137e-10 5.99243e-09 1.67788e-07 2.52712e-06 2.14266e-05 0.000108596 0.000344427 0.000693128 0.000898176 0.000802825 0.000551013 0.000316474 0.000157588 6.67853e-05 2.19138e-05 3.98104e-06 0 
0 0.000235914 0.000136158 1.23573e-05 2.6852e-07 1.85045e-09 5.48994e-12 9.99494e-15 1.64674e-17 3.71876e-20 2.2734e-22 8.624e-24 1.54178e-24 7.35267e-25 6.26268e-25 8.63913e-25 2.27009e-24 1.59648e-23 4.55136e-22 4.43521e-20 6.65102e-18 1.04355e-15 1.37323e-13 1.27765e-11 7.43959e-10 2.52155e-08 4.84664e-07 5.35703e-06 3.55334e-05 0.000148877 0.000407061 0.000729887 0.000871759 0.000743077 0.0004987 0.000283894 0.00014093 5.96676e-05 1.95728e-05 3.55547e-06 0 
0 0.000251545 0.000189213 2.56055e-05 9.50509e-07 1.26676e-08 7.98099e-11 3.25234e-13 1.20705e-15 5.77782e-18 5.00244e-20 1.19165e-21 1.23566e-22 4.37784e-23 3.5279e-23 5.86089e-23 2.32804e-22 3.01173e-21 1.07491e-19 6.65102e-18 5.29941e-16 4.35175e-14 3.04725e-12 1.56422e-10 5.28388e-09 1.10317e-07 1.39738e-06 1.09524e-05 5.5482e-05 0.000189772 0.000446805 0.00072051 0.00080506 0.000663018 0.000438604 0.000248433 0.000123143 5.21172e-05 1.70947e-05 3.10529e-06 0 
0 0.000262847 0.000259406 5.28e-05 3.36738e-06 8.72983e-08 1.17646e-09 1.08194e-11 9.1215e-14 9.51254e-16 1.6263e-17 5.81551e-19 5.29395e-20 1.38589e-20 1.04254e-20 2.14317e-20 1.14074e-19 1.37551e-18 3.08307e-17 1.04355e-15 4.35175e-14 1.84917e-12 6.78172e-11 1.87573e-09 3.54743e-08 4.34404e-07 3.42773e-06 1.81604e-05 6.87497e-05 0.000194256 0.000409492 0.00062514 0.00068463 0.000562206 0.000372792 0.000211673 0.000105072 4.44991e-05 1.46e-05 2.65239e-06 0 
0 0.00026662 0.000343659 0.00010466 1.12938e-05 5.57148e-07 1.56662e-08 3.16849e-10 5.91466e-12 1.3118e-13 4.38228e-15 2.70374e-16 3.59947e-17 1.13962e-17 8.88011e-18 1.65729e-17 6.82636e-17 5.4737e-16 7.31455e-15 1.37323e-13 3.04725e-12 6.78172e-11 1.30403e-09 1.90214e-08 1.89663e-07 1.22069e-06 5.19612e-06 1.64705e-05 4.51499e-05 0.000114322 0.000250717 0.000421909 0.000506731 0.000442917 0.000303741 0.000175129 8.74712e-05 3.71293e-05 1.21916e-05 2.21544e-06 0 
0 0.000260358 0.000431812 0.000193655 3.43186e-05 3.08479e-06 1.72085e-07 7.25761e-09 2.84513e-10 1.27674e-11 7.97431e-13 8.20028e-14 1.57829e-14 6.1594e-15 5.01392e-15 8.32564e-15 2.63644e-14 1.43574e-13 1.18248e-12 1.27765e-11 1.56422e-10 1.87573e-09 1.90214e-08 1.39633e-07 6.32364e-07 1.58877e-06 2.40704e-06 3.17746e-06 5.83563e-06 1.74121e-05 6.23597e-05 0.000173028 0.000294879 0.000312747 0.000234567 0.000140229 7.09722e-05 3.02618e-05 9.95108e-06 1.80911e-06 0 
0 0.000243115 0.000506435 0.000326237 9.14709e-05 1.41572e-05 1.46325e-06 1.19616e-07 9.15551e-09 7.76201e-10 8.53183e-11 1.39205e-11 3.7384e-12 1.76268e-12 1.49296e-12 2.23115e-12 5.57232e-12 2.13919e-11 1.137e-10 7.43959e-10 5.28388e-09 3.54743e-08 1.89663e-07 6.32364e-07 9.37611e-07 4.59342e-07 8.82165e-08 1.88316e-08 1.85314e-08 1.3087e-07 2.36195e-06 2.77416e-05 0.000115279 0.000188929 0.000169671 0.000108365 5.6081e-05 2.40823e-05 7.93621e-06 1.44374e-06 0 
0 0.000216049 0.000547519 0.000489618 0.000208789 5.23936e-05 9.28647e-06 1.3515e-06 1.85437e-07 2.74069e-08 4.93882e-09 1.207e-09 4.33941e-10 2.41483e-10 2.11795e-10 2.88662e-10 5.85691e-10 1.65538e-09 5.99243e-09 2.52155e-08 1.10317e-07 4.34404e-07 1.22069e-06 1.58877e-06 4.59342e-07 1.341e-08 5.01262e-11 2.83867e-13 9.02068e-14 5.81863e-12 4.12725e-09 1.07496e-06 2.64167e-05 9.5135e-05 0.00011473 8.08814e-05 4.31665e-05 1.87074e-05 6.18134e-06 1.12535e-06 0 
0 0.000182274 0.000541506 0.000642826 0.000399959 0.000154001 4.33942e-05 1.02963e-05 2.31338e-06 5.47047e-07 1.4983e-07 5.15766e-08 2.37509e-08 1.52141e-08 1.37458e-08 1.73267e-08 2.94734e-08 6.42353e-08 1.67788e-07 4.84664e-07 1.39738e-06 3.42773e-06 5.19612e-06 2.40704e-06 8.82165e-08 5.01262e-11 5.72528e-16 2.2069e-15 2.54985e-15 3.6327e-16 4.2051e-13 1.22961e-08 4.03889e-06 4.25644e-05 7.43474e-05 5.87729e-05 3.24278e-05 1.41853e-05 4.69924e-06 8.56124e-07 0 
0 0.000145974 0.00048912 0.000729885 0.000630787 0.00035516 0.000149235 5.32804e-05 1.79695e-05 6.24725e-06 2.41168e-06 1.09964e-06 6.20545e-07 4.46232e-07 4.13132e-07 4.88362e-07 7.18661e-07 1.26504e-06 2.52712e-06 5.35703e-06 1.09524e-05 1.81604e-05 1.64705e-05 3.17746e-06 1.88316e-08 2.83867e-13 2.2069e-15 2.40859e-16 2.06067e-16 3.57738e-17 1.26686e-16 2.18772e-10 7.66782e-07 2.06459e-05 4.88978e-05 4.22077e-05 2.38517e-05 1.05001e-05 3.48422e-06 6.35044e-07 0 
0 0.00011117 0.000405278 0.000716511 0.000808098 0.000632824 0.000377131 0.000190304 8.9549e-05 4.24544e-05 2.15546e-05 1.22923e-05 8.15412e-06 6.42828e-06 6.06786e-06 6.81523e-06 8.93706e-06 1.32742e-05 2.14266e-05 3.55334e-05 5.5482e-05 6.87497e-05 4.51499e-05 5.83563e-06 1.85314e-08 9.02069e-14 2.54985e-15 2.06067e-16 5.21955e-17 9.03079e-17 3.35997e-15 6.45543e-11 4.0954e-07 1.37476e-05 3.46799e-05 3.03788e-05 1.72175e-05 7.58331e-06 2.51649e-06 4.58663e-07 0 
0 8.07396e-05 0.000310793 0.000615772 0.000843311 0.0008612 0.000692954 0.000471971 0.00029416 0.00017968 0.000113513 7.7191e-05 5.80932e-05 4.9192e-05 4.71377e-05 5.08847e-05 6.10159e-05 7.94183e-05 0.000108596 0.000148877 0.000189772 0.000194256 0.000114322 1.74121e-05 1.3087e-07 5.81863e-12 3.6327e-16 3.57739e-17 9.03077e-17 7.58979e-17 1.87611e-15 6.55933e-10 7.82269e-07 1.33952e-05 2.68861e-05 2.19464e-05 1.21833e-05 5.33439e-06 1.76725e-06 3.21955e-07 0 
0 5.6067e-05 0.000222887 0.000473202 0.000734506 0.000905313 0.00092147 0.000807323 0.000640764 0.000485675 0.000368035 0.000288803 0.000240462 0.000215511 0.000209032 0.000218812 0.000244653 0.00028706 0.000344427 0.000407061 0.000446805 0.000409492 0.000250717 6.23597e-05 2.36195e-06 4.12725e-09 4.2051e-13 1.26686e-16 3.35997e-15 1.87611e-15 1.75101e-11 3.79836e-08 2.89433e-06 1.59613e-05 2.1688e-05 1.56866e-05 8.40495e-06 3.64308e-06 1.20352e-06 2.19082e-07 0 
0 3.7273e-05 0.000150798 0.000332534 0.00055433 0.000766368 0.000913087 0.000963292 0.000926951 0.00084119 0.000743924 0.000659346 0.000597993 0.000562307 0.000551368 0.000563204 0.00059501 0.000641726 0.000693128 0.000729887 0.00072051 0.00062514 0.000421909 0.000173028 2.77416e-05 1.07496e-06 1.22961e-08 2.18772e-10 6.45543e-11 6.55933e-10 3.79836e-08 1.25711e-06 9.06361e-06 1.80307e-05 1.69285e-05 1.08575e-05 5.60794e-06 2.4046e-06 7.91904e-07 1.44026e-07 0 
0 2.36973e-05 9.67245e-05 0.000217384 0.000375762 0.000552062 0.000718945 0.000849904 0.000929934 0.000960537 0.000955593 0.000932787 0.000906963 0.000887597 0.000878981 0.000881149 0.000890478 0.000899762 0.000898176 0.000871759 0.00080506 0.00068463 0.000506731 0.000294879 0.000115279 2.64167e-05 4.03889e-06 7.66782e-07 4.0954e-07 7.82269e-07 2.89433e-06 9.06361e-06 1.6073e-05 1.67048e-05 1.21767e-05 7.15063e-06 3.58915e-06 1.52538e-06 5.01007e-07 9.10477e-08 0 
0 1.43496e-05 5.88133e-05 0.000133343 0.000234374 0.000354289 0.000481756 0.000603637 0.000708273 0.000788644 0.000843591 0.000876608 0.000893291 0.000898909 0.000896891 0.000888268 0.000871804 0.000844568 0.000802825 0.000743077 0.000663018 0.000562206 0.000442917 0.000312747 0.000188929 9.5135e-05 4.25644e-05 2.06459e-05 1.37476e-05 1.33952e-05 1.59613e-05 1.80307e-05 1.67048e-05 1.25345e-05 7.9575e-06 4.43531e-06 2.18606e-06 9.23494e-07 3.02741e-07 5.49843e-08 0 
0 8.20888e-06 3.37061e-05 7.67065e-05 0.000135784 0.000207751 0.000287793 0.000369984 0.000448209 0.000517241 0.000573553 0.00061554 0.000643142 0.000657159 0.000658589 0.000648223 0.000626557 0.000593968 0.000551013 0.0004987 0.000438604 0.000372792 0.000303741 0.000234567 0.000169671 0.00011473 7.43474e-05 4.88978e-05 3.46799e-05 2.68861e-05 2.1688e-05 1.69285e-05 1.21767e-05 7.9575e-06 4.73853e-06 2.57254e-06 1.25543e-06 5.28496e-07 1.73047e-07 3.1417e-08 0 
0 4.37393e-06 1.79731e-05 4.09643e-05 7.27174e-05 0.000111787 0.000155986 0.000202577 0.00024857 0.000291086 0.000327681 0.000356567 0.000376661 0.000387514 0.000389173 0.000382057 0.000366879 0.000344611 0.000316474 0.000283894 0.000248433 0.000211673 0.000175129 0.000140229 0.000108365 8.08814e-05 5.87729e-05 4.22077e-05 3.03788e-05 2.19464e-05 1.56866e-05 1.08575e-05 7.15063e-06 4.43531e-06 2.57254e-06 1.38032e-06 6.70402e-07 2.81707e-07 9.218e-08 1.67317e-08 0 
0 2.11758e-06 8.70405e-06 1.98498e-05 3.52731e-05 5.4319e-05 7.59972e-05 9.90611e-05 0.000122121 0.000143781 0.000162766 0.000178037 0.000188857 0.000194813 0.000195814 0.000192056 0.00018398 0.000172229 0.000157588 0.00014093 0.000123143 0.000105072 8.74712e-05 7.09722e-05 5.6081e-05 4.31665e-05 3.24278e-05 2.38517e-05 1.72175e-05 1.21833e-05 8.40495e-06 5.60794e-06 3.58915e-06 2.18606e-06 1.25543e-06 6.70402e-07 3.24924e-07 1.36419e-07 4.46246e-08 8.0989e-09 0 
0 8.88617e-07 3.65296e-06 8.33242e-06 1.48123e-05 2.28242e-05 3.19624e-05 4.1715e-05 5.15078e-05 6.07544e-05 6.89083e-05 7.55083e-05 8.02127e-05 8.28193e-05 8.32709e-05 8.16482e-05 7.81518e-05 7.30775e-05 6.67853e-05 5.96676e-05 5.21172e-05 4.44991e-05 3.71293e-05 3.02618e-05 2.40823e-05 1.87074e-05 1.41853e-05 1.05001e-05 7.58331e-06 5.33439e-06 3.64308e-06 2.4046e-06 1.52538e-06 9.23494e-07 5.28496e-07 2.81707e-07 1.36419e-07 5.72543e-08 1.87259e-08 3.39836e-09 0 
0 2.90617e-07 1.19473e-06 2.72538e-06 4.84546e-06 7.46789e-06 1.0461e-05 1.36586e-05 1.68738e-05 1.99147e-05 2.26015e-05 2.47805e-05 2.63368e-05 2.72008e-05 2.73521e-05 2.68167e-05 2.56619e-05 2.39873e-05 2.19138e-05 1.95728e-05 1.70947e-05 1.46e-05 1.21916e-05 9.95108e-06 7.93621e-06 6.18134e-06 4.69924e-06 3.48422e-06 2.51649e-06 1.76725e-06 1.20352e-06 7.91904e-07 5.01007e-07 3.02741e-07 1.73047e-07 9.218e-08 4.46246e-08 1.87259e-08 6.1242e-09 1.11139e-09 0 
0 5.27393e-08 2.16815e-07 4.94606e-07 8.79399e-07 1.35543e-06 1.89888e-06 2.47963e-06 3.06382e-06 3.61664e-06 4.10536e-06 4.50198e-06 4.7854e-06 4.94287e-06 4.97053e-06 4.87312e-06 4.66293e-06 4.35818e-06 3.98104e-06 3.55547e-06 3.10529e-06 2.65239e-06 2.21544e-06 1.80911e-06 1.44374e-06 1.12535e-06 8.56124e-07 6.35044e-07 4.58663e-07 3.21955e-07 2.19082e-07 1.44026e-07 9.10477e-08 5.49843e-08 3.1417e-08 1.67317e-08 8.0989e-09 3.39836e-09 1.11139e-09 2.01686e-10 0 
0 0 0 0 0 0 0 0 0 0 0 0 0 0 0 0 0 0 0 0 0 0 0 0 0 0 0 0 0 0 0 0 0 0 0 0 0 0 0 0 0 
