0 0 0 0 0 0 0 0 0 0 0 0 0 0 0 0 0 0 0 0 0 0 0 0 0 0 0 0 0 0 0 0 0 0 0 0 0 0 0 0 0 
0 1.37911e-05 5.66964e-05 0.00012934 0.000229968 0.000354465 0.000496605 0.000648526 0.000801372 0.000946045 0.00107397 0.00117782 0.00125205 0.0012933 0.00130056 0.00127506 0.00122003 0.00114025 0.00104153 0.00093017 0.0008124 0.000693949 0.000579699 0.000473473 0.000377947 0.000294685 0.000224245 0.000166363 0.000120155 8.4327e-05 5.73649e-05 3.7699e-05 2.38242e-05 1.43839e-05 8.21723e-06 4.37575e-06 2.11793e-06 8.88673e-07 2.90623e-07 5.27398e-08 0 
0 5.66964e-05 0.000233084 0.000531728 0.00094542 0.00145724 0.00204159 0.00266615 0.00329451 0.00388928 0.00441521 0.00484213 0.00514729 0.00531689 0.00534673 0.0052419 0.00501565 0.00468766 0.00428183 0.00382402 0.00333985 0.00285289 0.0023832 0.00194649 0.00155378 0.00121148 0.000921892 0.000683935 0.00049397 0.000346676 0.000235833 0.000154984 9.79433e-05 5.91335e-05 3.37818e-05 1.79891e-05 8.70702e-06 3.65342e-06 1.19478e-06 2.16818e-07 0 
0 0.00012934 0.000531728 0.00121301 0.00215676 0.00332436 0.00465742 0.00608221 0.00751568 0.0088725 0.0100723 0.0110462 0.0117424 0.0121293 0.0121973 0.0119582 0.0114421 0.0106938 0.00976801 0.00872361 0.00761911 0.00650821 0.00543672 0.00444047 0.00354459 0.00276371 0.00210308 0.00156024 0.00112688 0.000790862 0.000537998 0.000353561 0.000223435 0.000134899 7.70654e-05 4.10381e-05 1.98631e-05 8.33443e-06 2.72561e-06 4.94621e-07 0 
0 0.000229968 0.00094542 0.00215676 0.00383475 0.00591076 0.00828097 0.0108143 0.013363 0.0157754 0.0179087 0.0196403 0.0208781 0.021566 0.021687 0.0212618 0.0203442 0.0190138 0.0173677 0.0155107 0.0135469 0.0115717 0.00966657 0.00789522 0.00630233 0.00491391 0.00373932 0.00277413 0.00200361 0.00140616 0.000956569 0.000628636 0.000397271 0.000239853 0.000137024 7.29663e-05 3.53168e-05 1.48187e-05 4.84619e-06 8.79444e-07 0 
0 0.000354465 0.00145724 0.00332436 0.00591076 0.00911065 0.012764 0.0166688 0.0205973 0.0243157 0.0276038 0.0302729 0.0321808 0.0332411 0.0334277 0.0327723 0.0313578 0.0293072 0.02677 0.0239077 0.0208807 0.0178362 0.0148997 0.0121694 0.0097142 0.00757414 0.00576366 0.00427595 0.0030883 0.00216742 0.00147442 0.00096896 0.000612341 0.000369702 0.000211204 0.000112468 5.44362e-05 2.28411e-05 7.46975e-06 1.35555e-06 0 
0 0.000496605 0.00204159 0.00465742 0.00828097 0.012764 0.0178824 0.0233529 0.0288568 0.0340663 0.038673 0.0424124 0.0450853 0.0465708 0.0468322 0.045914 0.0439323 0.0410594 0.0375047 0.0334947 0.0292539 0.0249886 0.0208745 0.0170494 0.0136096 0.0106114 0.00807488 0.00599061 0.0043267 0.00303655 0.00206567 0.00135751 0.000857889 0.000517952 0.000295896 0.000157567 7.62651e-05 3.20004e-05 1.04651e-05 1.89912e-06 0 
0 0.000648526 0.00266615 0.00608221 0.0108143 0.0166688 0.0233529 0.030497 0.0376846 0.0444878 0.0505037 0.0553871 0.0588776 0.0608176 0.0611589 0.0599598 0.0573719 0.0536202 0.048978 0.0437413 0.0382031 0.032633 0.0272604 0.0222651 0.017773 0.0138576 0.0105451 0.00782324 0.00565032 0.00396548 0.00269759 0.0017728 0.00112033 0.000676403 0.000386416 0.00020577 9.95959e-05 4.17899e-05 1.36666e-05 2.48009e-06 0 
0 0.000801372 0.00329451 0.00751568 0.013363 0.0205973 0.0288568 0.0376846 0.0465661 0.0549728 0.0624065 0.0684408 0.072754 0.0751512 0.0755729 0.0740912 0.0708934 0.0662574 0.0605212 0.0540503 0.0472069 0.040324 0.0336851 0.0275125 0.0219618 0.0171235 0.0130304 0.00966704 0.00698199 0.00490007 0.00333336 0.00219061 0.00138437 0.000835819 0.000477487 0.000254266 0.000123069 5.1639e-05 1.68875e-05 3.0646e-06 0 
0 0.000946045 0.00388928 0.0088725 0.0157754 0.0243157 0.0340663 0.0444878 0.0549728 0.0648971 0.0736728 0.0807965 0.0858883 0.0887183 0.0892161 0.0874668 0.0836917 0.0782188 0.071447 0.0638079 0.0557291 0.0476036 0.0397663 0.0324794 0.0259266 0.0202149 0.0153828 0.0114122 0.00824247 0.00578469 0.00393514 0.00258609 0.0016343 0.000986711 0.000563689 0.00030017 0.000145287 6.09615e-05 1.99363e-05 3.61786e-06 0 
0 0.00107397 0.00441521 0.0100723 0.0179087 0.0276038 0.038673 0.0505037 0.0624065 0.0736728 0.0836352 0.0917221 0.0975024 0.100715 0.10128 0.0992941 0.0950084 0.0887954 0.081108 0.072436 0.0632648 0.0540406 0.0451436 0.0368713 0.0294324 0.0229484 0.017463 0.0129555 0.00935705 0.00656693 0.00446727 0.00293579 0.0018553 0.00112014 0.000639914 0.00034076 0.000164933 6.9205e-05 2.26322e-05 4.10709e-06 0 
0 0.00117782 0.00484213 0.0110462 0.0196403 0.0302729 0.0424124 0.0553871 0.0684408 0.0807965 0.0917221 0.100591 0.10693 0.110453 0.111073 0.108894 0.104194 0.0973804 0.0889497 0.0794393 0.0693815 0.0592655 0.0495084 0.0404363 0.0322782 0.0251673 0.0191515 0.0142081 0.0102618 0.0072019 0.00489922 0.00321967 0.00203469 0.00122845 0.000701789 0.000373709 0.000180881 7.58967e-05 2.48206e-05 4.50422e-06 0 
0 0.00125205 0.00514729 0.0117424 0.0208781 0.0321808 0.0450853 0.0588776 0.072754 0.0858883 0.0975024 0.10693 0.113668 0.117413 0.118071 0.115756 0.110759 0.103516 0.0945538 0.0844441 0.0737527 0.0629996 0.0526277 0.0429842 0.0343121 0.0267532 0.0203583 0.0151035 0.0109085 0.00765576 0.00520797 0.00342257 0.00216292 0.00130587 0.000746017 0.000397261 0.000192281 8.06798e-05 2.63848e-05 4.78808e-06 0 
0 0.0012933 0.00531689 0.0121293 0.021566 0.0332411 0.0465708 0.0608176 0.0751512 0.0887183 0.100715 0.110453 0.117413 0.121281 0.12196 0.119568 0.114406 0.106924 0.0976664 0.0872238 0.0761804 0.0650734 0.0543603 0.0443994 0.0354419 0.0276342 0.0210288 0.015601 0.0112678 0.00790797 0.00537956 0.00353534 0.00223418 0.00134889 0.000770598 0.000410351 0.000198616 8.33382e-05 2.72542e-05 4.94585e-06 0 
0 0.00130056 0.00534673 0.0121973 0.021687 0.0334277 0.0468322 0.0611589 0.0755729 0.0892161 0.10128 0.111073 0.118071 0.12196 0.122643 0.120236 0.115045 0.10752 0.0982101 0.0877088 0.0766038 0.0654349 0.0546624 0.0446463 0.0356392 0.0277882 0.0211461 0.0156881 0.0113308 0.00795224 0.00540969 0.00355515 0.00224671 0.00135646 0.000774921 0.000412653 0.000199731 8.38059e-05 2.74071e-05 4.9736e-06 0 
0 0.00127506 0.0052419 0.0119582 0.0212618 0.0327723 0.045914 0.0599598 0.0740912 0.0874668 0.0992941 0.108894 0.115756 0.119568 0.120236 0.117876 0.112785 0.105406 0.0962781 0.0859823 0.075095 0.0641456 0.053585 0.0437663 0.0349369 0.0272408 0.0207298 0.0153795 0.0111081 0.00779601 0.00530348 0.00348539 0.00220264 0.00132986 0.000759725 0.000404562 0.000195814 8.21627e-05 2.68697e-05 4.87609e-06 0 
0 0.00122003 0.00501565 0.0114421 0.0203442 0.0313578 0.0439323 0.0573719 0.0708934 0.0836917 0.0950084 0.104194 0.110759 0.114406 0.115045 0.112785 0.107912 0.10085 0.0921143 0.0822615 0.0718433 0.0613664 0.0512622 0.0418684 0.0334216 0.0260594 0.0198311 0.0147131 0.0106271 0.0074587 0.00507418 0.00333478 0.0021075 0.00127244 0.000726928 0.000387099 0.000187363 7.86165e-05 2.571e-05 4.66563e-06 0 
0 0.00114025 0.00468766 0.0106938 0.0190138 0.0293072 0.0410594 0.0536202 0.0662574 0.0782188 0.0887954 0.0973804 0.103516 0.106924 0.10752 0.105406 0.10085 0.0942476 0.0860803 0.0768691 0.0671298 0.0573364 0.0478924 0.0391136 0.031221 0.0243428 0.0185249 0.0137445 0.0099282 0.00696877 0.00474129 0.00311625 0.00196951 0.00118917 0.000679374 0.000361781 0.000175109 7.34753e-05 2.40287e-05 4.36053e-06 0 
0 0.00104153 0.00428183 0.00976801 0.0173677 0.02677 0.0375047 0.048978 0.0605212 0.071447 0.081108 0.0889497 0.0945538 0.0976664 0.0982101 0.0962781 0.0921143 0.0860803 0.0786161 0.0701975 0.0612964 0.0523462 0.0437163 0.0356961 0.0284876 0.0222084 0.0168993 0.0125389 0.00905858 0.00635976 0.00432801 0.00284525 0.00179855 0.00108607 0.000620514 0.000330449 0.000159947 6.71138e-05 2.19484e-05 3.98301e-06 0 
0 0.00093017 0.00382402 0.00872361 0.0155107 0.0239077 0.0334947 0.0437413 0.0540503 0.0638079 0.072436 0.0794393 0.0844441 0.0872238 0.0877088 0.0859823 0.0822615 0.0768691 0.0701975 0.0626717 0.0547132 0.0467099 0.0389931 0.0318227 0.0253814 0.0197756 0.0150421 0.0111598 0.00806447 0.00566507 0.00385798 0.00253794 0.00160511 0.000969583 0.000554069 0.000295094 0.000142841 5.99372e-05 1.96016e-05 3.55714e-06 0 
0 0.0008124 0.00333985 0.00761911 0.0135469 0.0208807 0.0292539 0.0382031 0.0472069 0.0557291 0.0632648 0.0693815 0.0737527 0.0761804 0.0766038 0.075095 0.0718433 0.0671298 0.0612964 0.0547132 0.0477479 0.0407392 0.0339774 0.0276929 0.0220502 0.0171481 0.0130226 0.00965397 0.00697935 0.0049104 0.00335111 0.00220895 0.00139917 0.000845999 0.000483702 0.000257682 0.000124746 5.23469e-05 1.71196e-05 3.10676e-06 0 
0 0.000693949 0.00285289 0.00650821 0.0115717 0.0178362 0.0249886 0.032633 0.040324 0.0476036 0.0540406 0.0592655 0.0629996 0.0650734 0.0654349 0.0641456 0.0613664 0.0573364 0.0523462 0.0467099 0.0407392 0.0347208 0.028902 0.0234825 0.018612 0.014391 0.0108666 0.00802714 0.00580543 0.00410228 0.00281768 0.00186879 0.00118905 0.000720889 0.000412741 0.000220018 0.000106541 4.4712e-05 1.46232e-05 2.65376e-06 0 
0 0.000579699 0.0023832 0.00543672 0.00966657 0.0148997 0.0208745 0.0272604 0.0336851 0.0397663 0.0451436 0.0495084 0.0526277 0.0543603 0.0546624 0.053585 0.0512622 0.0478924 0.0437163 0.0389931 0.0339774 0.028902 0.0239662 0.0193343 0.0151442 0.011515 0.00853426 0.00621973 0.00449347 0.00321514 0.00225211 0.00152148 0.000980543 0.000598756 0.000343989 0.000183635 8.89726e-05 3.73468e-05 1.22153e-05 2.21683e-06 0 
0 0.000473473 0.00194649 0.00444047 0.00789522 0.0121694 0.0170494 0.0222651 0.0275125 0.0324794 0.0368713 0.0404363 0.0429842 0.0443994 0.0446463 0.0437663 0.0418684 0.0391136 0.0356961 0.0318227 0.0276929 0.0234825 0.0193343 0.015366 0.011701 0.0085056 0.00596359 0.00415709 0.00298032 0.0022089 0.00163829 0.00116581 0.000777249 0.000483034 0.000279656 0.000149742 7.26296e-05 3.0498e-05 9.97636e-06 1.81058e-06 0 
0 0.000377947 0.00155378 0.00354459 0.00630233 0.0097142 0.0136096 0.017773 0.0219618 0.0259266 0.0294324 0.0322782 0.0343121 0.0354419 0.0356392 0.0349369 0.0334216 0.031221 0.0284876 0.0253814 0.0220502 0.018612 0.0151442 0.011701 0.00839164 0.00548508 0.00333319 0.00205341 0.00143217 0.00116149 0.000998706 0.000808736 0.000583584 0.000376669 0.000221427 0.000119214 5.79282e-05 2.43387e-05 7.96299e-06 1.44525e-06 0 
0 0.000294685 0.00121148 0.00276371 0.00491391 0.00757414 0.0106114 0.0138576 0.0171235 0.0202149 0.0229484 0.0251673 0.0267532 0.0276342 0.0277882 0.0272408 0.0260594 0.0243428 0.0222084 0.0197756 0.0171481 0.014391 0.011515 0.0085056 0.00548508 0.0029184 0.00131784 0.000619555 0.000403935 0.000395908 0.00046431 0.00048844 0.000409989 0.00028303 0.000170594 9.26122e-05 4.51178e-05 1.89709e-05 6.20817e-06 1.12683e-06 0 
0 0.000224245 0.000921892 0.00210308 0.00373932 0.00576366 0.00807488 0.0105451 0.0130304 0.0153828 0.017463 0.0191515 0.0203583 0.0210288 0.0211461 0.0207298 0.0198311 0.0185249 0.0168993 0.0150421 0.0130226 0.0108666 0.00853426 0.00596359 0.00333319 0.00131784 0.00037915 0.000116551 6.79567e-05 8.92467e-05 0.000168466 0.000261691 0.000272434 0.000205852 0.000128042 7.01948e-05 3.42946e-05 1.44317e-05 4.7238e-06 8.57461e-07 0 
0 0.000166363 0.000683935 0.00156024 0.00277413 0.00427595 0.00599061 0.00782324 0.00966704 0.0114122 0.0129555 0.0142081 0.0151035 0.015601 0.0156881 0.0153795 0.0147131 0.0137445 0.0125389 0.0111598 0.00965397 0.00802714 0.00621973 0.00415709 0.00205341 0.000619555 0.000116551 2.38005e-05 1.24235e-05 2.15583e-05 6.38665e-05 0.000142497 0.000180138 0.000147203 9.39798e-05 5.19214e-05 2.54219e-05 1.07043e-05 3.50429e-06 6.36124e-07 0 
0 0.000120155 0.00049397 0.00112688 0.00200361 0.0030883 0.0043267 0.00565032 0.00698199 0.00824247 0.00935705 0.0102618 0.0109085 0.0112678 0.0113308 0.0111081 0.0106271 0.0099282 0.00905858 0.00806447 0.00697935 0.00580543 0.00449347 0.00298032 0.00143217 0.000403935 6.79567e-05 1.24235e-05 6.27673e-06 1.1692e-05 3.8919e-05 9.5291e-05 0.000126511 0.000105396 6.77097e-05 3.74751e-05 1.83577e-05 7.73078e-06 2.53093e-06 4.59438e-07 0 
0 8.4327e-05 0.000346676 0.000790862 0.00140616 0.00216742 0.00303655 0.00396548 0.00490007 0.00578469 0.00656693 0.0072019 0.00765576 0.00790797 0.00795224 0.00779601 0.0074587 0.00696877 0.00635976 0.00566507 0.0049104 0.00410228 0.00321514 0.0022089 0.00116149 0.000395908 8.92467e-05 2.15583e-05 1.1692e-05 1.78674e-05 4.34084e-05 8.26757e-05 9.60214e-05 7.58267e-05 4.78617e-05 2.63527e-05 1.28906e-05 5.42637e-06 1.77632e-06 3.22444e-07 0 
0 5.73649e-05 0.000235833 0.000537998 0.000956569 0.00147442 0.00206567 0.00269759 0.00333336 0.00393514 0.00446727 0.00489922 0.00520797 0.00537956 0.00540969 0.00530348 0.00507418 0.00474129 0.00432801 0.00385798 0.00335111 0.00281768 0.00225211 0.00163829 0.000998706 0.00046431 0.000168466 6.38665e-05 3.8919e-05 4.34084e-05 6.3555e-05 8.03881e-05 7.47699e-05 5.39035e-05 3.29875e-05 1.79934e-05 8.77806e-06 3.69242e-06 1.20847e-06 2.19353e-07 0 
0 3.7699e-05 0.000154984 0.000353561 0.000628636 0.00096896 0.00135751 0.0017728 0.00219061 0.00258609 0.00293579 0.00321967 0.00342257 0.00353534 0.00355515 0.00348539 0.00333478 0.00311625 0.00284525 0.00253794 0.00220895 0.00186879 0.00152148 0.00116581 0.000808736 0.00048844 0.000261691 0.000142497 9.5291e-05 8.26757e-05 8.03881e-05 7.24432e-05 5.56756e-05 3.69747e-05 2.19711e-05 1.1872e-05 5.77536e-06 2.42737e-06 7.94249e-07 1.44158e-07 0 
0 2.38242e-05 9.79433e-05 0.000223435 0.000397271 0.000612341 0.000857889 0.00112033 0.00138437 0.0016343 0.0018553 0.00203469 0.00216292 0.00223418 0.00224671 0.00220264 0.0021075 0.00196951 0.00179855 0.00160511 0.00139917 0.00118905 0.000980543 0.000777249 0.000583584 0.000409989 0.000272434 0.000180138 0.000126511 9.60214e-05 7.47699e-05 5.56756e-05 3.8206e-05 2.40843e-05 1.40262e-05 7.5266e-06 3.65332e-06 1.53443e-06 5.01974e-07 9.11037e-08 0 
0 1.43839e-05 5.91335e-05 0.000134899 0.000239853 0.000369702 0.000517952 0.000676403 0.000835819 0.000986711 0.00112014 0.00122845 0.00130587 0.00134889 0.00135646 0.00132986 0.00127244 0.00118917 0.00108607 0.000969583 0.000845999 0.000720889 0.000598756 0.000483034 0.000376669 0.00028303 0.000205852 0.000147203 0.000105396 7.58267e-05 5.39035e-05 3.69747e-05 2.40843e-05 1.47924e-05 8.52099e-06 4.55373e-06 2.20719e-06 9.26612e-07 3.03087e-07 5.50051e-08 0 
0 8.21723e-06 3.37818e-05 7.70654e-05 0.000137024 0.000211204 0.000295896 0.000386416 0.000477487 0.000563689 0.000639914 0.000701789 0.000746017 0.000770598 0.000774921 0.000759725 0.000726928 0.000679374 0.000620514 0.000554069 0.000483702 0.000412741 0.000343989 0.000279656 0.000221427 0.000170594 0.000128042 9.39798e-05 6.77097e-05 4.78617e-05 3.29875e-05 2.19711e-05 1.40262e-05 8.52099e-06 4.88368e-06 2.60453e-06 1.26144e-06 5.29427e-07 1.73155e-07 3.14238e-08 0 
0 4.37575e-06 1.79891e-05 4.10381e-05 7.29663e-05 0.000112468 0.000157567 0.00020577 0.000254266 0.00030017 0.00034076 0.000373709 0.000397261 0.000410351 0.000412653 0.000404562 0.000387099 0.000361781 0.000330449 0.000295094 0.000257682 0.000220018 0.000183635 0.000149742 0.000119214 9.26122e-05 7.01948e-05 5.19214e-05 3.74751e-05 2.63527e-05 1.79934e-05 1.1872e-05 7.5266e-06 4.55373e-06 2.60453e-06 1.38775e-06 6.71873e-07 2.81946e-07 9.22092e-08 1.67336e-08 0 
0 2.11793e-06 8.70702e-06 1.98631e-05 3.53168e-05 5.44362e-05 7.62651e-05 9.95959e-05 0.000123069 0.000145287 0.000164933 0.000180881 0.000192281 0.000198616 0.000199731 0.000195814 0.000187363 0.000175109 0.000159947 0.000142841 0.000124746 0.000106541 8.89726e-05 7.26296e-05 5.79282e-05 4.51178e-05 3.42946e-05 2.54219e-05 1.83577e-05 1.28906e-05 8.77806e-06 5.77536e-06 3.65332e-06 2.20719e-06 1.26144e-06 6.71873e-07 3.25231e-07 1.36472e-07 4.46313e-08 8.09936e-09 0 
0 8.88673e-07 3.65342e-06 8.33443e-06 1.48187e-05 2.28411e-05 3.20004e-05 4.17899e-05 5.1639e-05 6.09615e-05 6.9205e-05 7.58967e-05 8.06798e-05 8.33382e-05 8.38059e-05 8.21627e-05 7.86165e-05 7.34753e-05 6.71138e-05 5.99372e-05 5.23469e-05 4.4712e-05 3.73468e-05 3.0498e-05 2.43387e-05 1.89709e-05 1.44317e-05 1.07043e-05 7.73078e-06 5.42637e-06 3.69242e-06 2.42737e-06 1.53443e-06 9.26612e-07 5.29427e-07 2.81946e-07 1.36472e-07 5.72638e-08 1.87272e-08 3.39845e-09 0 
0 2.90623e-07 1.19478e-06 2.72561e-06 4.84619e-06 7.46975e-06 1.04651e-05 1.36666e-05 1.68875e-05 1.99363e-05 2.26322e-05 2.48206e-05 2.63848e-05 2.72542e-05 2.74071e-05 2.68697e-05 2.571e-05 2.40287e-05 2.19484e-05 1.96016e-05 1.71196e-05 1.46232e-05 1.22153e-05 9.97636e-06 7.96299e-06 6.20817e-06 4.7238e-06 3.50429e-06 2.53093e-06 1.77632e-06 1.20847e-06 7.94249e-07 5.01974e-07 3.03087e-07 1.73155e-07 9.22092e-08 4.46313e-08 1.87272e-08 6.12438e-09 1.1114e-09 0 
0 5.27398e-08 2.16818e-07 4.94621e-07 8.79444e-07 1.35555e-06 1.89912e-06 2.48009e-06 3.0646e-06 3.61786e-06 4.10709e-06 4.50422e-06 4.78808e-06 4.94585e-06 4.9736e-06 4.87609e-06 4.66563e-06 4.36053e-06 3.98301e-06 3.55714e-06 3.10676e-06 2.65376e-06 2.21683e-06 1.81058e-06 1.44525e-06 1.12683e-06 8.57461e-07 6.36124e-07 4.59438e-07 3.22444e-07 2.19353e-07 1.44158e-07 9.11037e-08 5.50051e-08 3.14238e-08 1.67336e-08 8.09936e-09 3.39845e-09 1.1114e-09 2.01687e-10 0 
0 0 0 0 0 0 0 0 0 0 0 0 0 0 0 0 0 0 0 0 0 0 0 0 0 0 0 0 0 0 0 0 0 0 0 0 0 0 0 0 0 
