0 0 0 0 0 0 0 0 0 0 0 0 0 0 0 0 0 0 0 0 0 0 0 0 0 0 0 0 0 0 0 0 0 0 0 0 0 0 0 0 0 
0 1.31447e-05 5.10204e-05 0.000105009 0.000159211 0.000197888 0.000214045 0.000210608 0.000195325 0.000175712 0.000156883 0.000141536 0.00013073 0.000124668 0.000123216 0.000126149 0.000133217 0.000144056 0.000158021 0.000173975 0.000190139 0.000204093 0.000213057 0.000214452 0.000206633 0.000189527 0.000164851 0.000135735 0.000105822 7.82634e-05 5.50507e-05 3.69024e-05 2.35769e-05 1.43147e-05 8.19987e-06 4.37188e-06 2.11718e-06 8.8855e-07 2.90608e-07 5.27388e-08 0 
0 5.10204e-05 0.000182593 0.000322291 0.000384399 0.000348587 0.000262298 0.000176252 0.000112266 7.11703e-05 4.67622e-05 3.29144e-05 2.54432e-05 2.19429e-05 2.12444e-05 2.30191e-05 2.76013e-05 3.59793e-05 4.98687e-05 7.17243e-05 0.00010445 0.000150489 0.000210118 0.00027924 0.000347861 0.000401071 0.000423829 0.000408137 0.000357938 0.000287282 0.000212895 0.000147124 9.55434e-05 5.84784e-05 3.3622e-05 1.79545e-05 8.70049e-06 3.65239e-06 1.19466e-06 2.1681e-07 0 
0 0.000105009 0.000322291 0.000427717 0.000336576 0.000184461 8.00818e-05 3.04393e-05 1.10134e-05 4.09371e-06 1.67588e-06 8.01938e-07 4.69433e-07 3.45937e-07 3.24359e-07 3.84261e-07 5.6232e-07 9.81551e-07 1.95703e-06 4.25081e-06 9.59459e-06 2.15467e-05 4.6391e-05 9.29904e-05 0.00016976 0.000277573 0.000400827 0.000504801 0.000549711 0.00051781 0.000427035 0.000314654 0.000211541 0.000131696 7.63014e-05 4.0877e-05 1.98335e-05 8.3299e-06 2.72509e-06 4.94588e-07 0 
0 0.000159211 0.000384399 0.000336576 0.00015227 4.38262e-05 9.32542e-06 1.66176e-06 2.80071e-07 5.03692e-08 1.08211e-08 3.05958e-09 1.2259e-09 7.29082e-10 6.54428e-10 8.75704e-10 1.68166e-09 4.37145e-09 1.43107e-08 5.45221e-08 2.23416e-07 9.15445e-07 3.52447e-06 1.21465e-05 3.62416e-05 9.18063e-05 0.000195463 0.000347168 0.00050927 0.000611175 0.000601562 0.000496484 0.000355761 0.000228641 0.000134381 7.24204e-05 3.52191e-05 1.48041e-05 4.84453e-06 8.79342e-07 0 
0 0.000197888 0.000348587 0.000184461 4.38262e-05 5.85962e-06 5.21865e-07 3.65539e-08 2.40023e-09 1.76375e-10 1.71226e-11 2.53225e-12 6.36019e-13 2.90435e-13 2.47052e-13 3.84153e-13 1.0312e-12 4.37831e-12 2.63992e-11 2.00982e-10 1.71791e-09 1.47863e-08 1.16709e-07 7.84776e-07 4.27054e-06 1.8273e-05 6.09291e-05 0.000158882 0.000325449 0.000521417 0.000648337 0.000631524 0.00050024 0.000338715 0.000203893 0.000110976 5.41737e-05 2.28027e-05 7.46548e-06 1.35529e-06 0 
0 0.000214045 0.000262298 8.00818e-05 9.32542e-06 5.21865e-07 1.71665e-08 4.13649e-10 9.26301e-12 2.45244e-13 9.61956e-15 6.78512e-16 9.98375e-17 3.36814e-17 2.69402e-17 4.97493e-17 1.96051e-16 1.45927e-15 1.76736e-14 2.96372e-13 5.85855e-12 1.17599e-10 2.10782e-09 3.04628e-08 3.30227e-07 2.57455e-06 1.42411e-05 5.64345e-05 0.000163731 0.000353543 0.000567969 0.000676682 0.000613061 0.000447307 0.000278989 0.000154126 7.56671e-05 3.19142e-05 1.04557e-05 1.89856e-06 0 
0 0.000210608 0.000176252 3.04393e-05 1.66176e-06 3.65539e-08 4.13649e-10 3.18271e-12 2.25593e-14 2.0033e-16 3.00355e-18 1.39747e-19 5.18806e-20 4.38983e-20 4.19408e-20 4.29052e-20 5.77553e-20 2.92844e-19 6.61533e-18 2.57983e-16 1.25054e-14 6.20659e-13 2.67382e-11 8.76579e-10 1.99044e-08 2.95937e-07 2.82279e-06 1.74641e-05 7.2474e-05 0.000209775 0.000432925 0.000636734 0.000673684 0.000539841 0.000352857 0.000198903 9.84098e-05 4.16208e-05 1.36484e-05 2.47903e-06 0 
0 0.000195325 0.000112266 1.10134e-05 2.80071e-07 2.40023e-09 9.26301e-12 2.25593e-14 5.01234e-17 1.60086e-19 5.94299e-21 2.24802e-21 2.03112e-21 2.31658e-21 2.33015e-21 2.03248e-21 1.68135e-21 2.29086e-21 7.0881e-21 2.11483e-19 2.4354e-17 3.01087e-15 3.1376e-13 2.34751e-11 1.12359e-09 3.2081e-08 5.31738e-07 5.17006e-06 3.07102e-05 0.00011793 0.000306991 0.000550723 0.000682492 0.000606887 0.000419229 0.000242199 0.000120987 5.13444e-05 1.68562e-05 3.0628e-06 0 
0 0.000175712 7.11703e-05 4.09371e-06 5.03692e-08 1.76375e-10 2.45244e-13 2.0033e-16 1.60086e-19 1.40467e-21 2.97392e-22 2.22163e-22 2.58833e-22 3.21136e-22 3.29403e-22 2.73796e-22 1.98831e-22 1.77776e-22 2.02923e-22 8.9977e-22 6.65544e-20 1.86794e-17 4.50248e-15 7.36792e-13 7.15405e-11 3.79613e-09 1.06481e-07 1.59441e-06 1.33344e-05 6.67182e-05 0.000213994 0.000457419 0.000655877 0.000646866 0.000473808 0.000281244 0.000142012 6.05001e-05 1.98876e-05 3.61508e-06 0 
0 0.000156883 4.67622e-05 1.67588e-06 1.08211e-08 1.71226e-11 9.61956e-15 3.00355e-18 5.94299e-21 2.97392e-22 6.54537e-23 4.65006e-23 5.44847e-23 6.70266e-23 6.88341e-23 5.70917e-23 4.0571e-23 2.99634e-23 2.39534e-23 5.29438e-23 8.55891e-22 2.05435e-19 1.02647e-16 3.3643e-14 6.11749e-12 5.62573e-10 2.51844e-08 5.54048e-07 6.2894e-06 3.97963e-05 0.000152844 0.000378299 0.000613984 0.00066475 0.000514912 0.000313964 0.000160273 6.85495e-05 2.25633e-05 4.10317e-06 0 
0 0.000141536 3.29144e-05 8.01938e-07 3.05958e-09 2.53225e-12 6.78512e-16 1.39747e-19 2.24802e-21 2.22163e-22 4.65006e-23 1.89256e-23 1.56893e-23 1.72255e-23 1.72673e-23 1.43813e-23 1.02712e-23 7.14179e-24 5.8655e-24 1.34958e-23 1.18815e-22 6.92501e-21 4.65719e-18 2.69014e-15 8.15997e-13 1.17504e-10 7.70363e-09 2.32121e-07 3.38474e-06 2.59558e-05 0.00011527 0.000320039 0.000572269 0.000668435 0.000543102 0.000339121 0.000174831 7.50455e-05 2.47313e-05 4.49917e-06 0 
0 0.00013073 2.54432e-05 4.69433e-07 1.2259e-09 6.36019e-13 9.98375e-17 5.18806e-20 2.03112e-21 2.58833e-22 5.44847e-23 1.56893e-23 7.19902e-24 5.5187e-24 4.94323e-24 4.04329e-24 2.93318e-24 2.15415e-24 2.44637e-24 7.55974e-24 5.43133e-23 1.31336e-21 5.03583e-19 4.33844e-16 1.90287e-13 3.78494e-11 3.26656e-09 1.23493e-07 2.15791e-06 1.90147e-05 9.37148e-05 0.000282074 0.000539621 0.000665444 0.000560198 0.00035622 0.000185063 7.96636e-05 2.62784e-05 4.78208e-06 0 
0 0.000124668 2.19429e-05 3.45937e-07 7.29082e-10 2.90435e-13 3.36814e-17 4.38983e-20 2.31658e-21 3.21136e-22 6.70266e-23 1.72255e-23 5.5187e-24 2.55938e-24 1.70136e-24 1.26769e-24 9.45985e-25 8.69792e-25 1.61896e-24 6.19689e-24 4.08191e-23 6.96969e-22 1.45728e-19 1.54112e-16 8.32861e-14 1.98878e-11 2.00524e-09 8.61976e-08 1.66881e-06 1.59096e-05 8.3157e-05 0.000261814 0.000519969 0.000661174 0.000568227 0.000365277 0.00019066 8.22166e-05 2.71368e-05 4.93922e-06 0 
0 0.000123216 2.12444e-05 3.24359e-07 6.54428e-10 2.47052e-13 2.69402e-17 4.19408e-20 2.33015e-21 3.29403e-22 6.88341e-23 1.72673e-23 4.94323e-24 1.70136e-24 7.8304e-25 4.78383e-25 3.78158e-25 5.10292e-25 1.38709e-24 5.82028e-24 3.78798e-23 6.10255e-22 1.13186e-19 1.24363e-16 7.01419e-14 1.73872e-11 1.80982e-09 7.98687e-08 1.57898e-06 1.52957e-05 8.08954e-05 0.000256988 0.000514337 0.000658464 0.000568694 0.00036659 0.000191585 8.26564e-05 2.72867e-05 4.96681e-06 0 
0 0.000126149 2.30191e-05 3.84261e-07 8.75704e-10 3.84153e-13 4.97493e-17 4.29052e-20 2.03248e-21 2.73796e-22 5.70917e-23 1.43813e-23 4.04329e-24 1.26769e-24 4.78383e-25 2.49122e-25 2.21779e-25 4.15885e-25 1.33623e-24 5.91196e-24 4.16557e-23 8.15488e-22 2.25191e-19 2.22304e-16 1.11396e-13 2.48994e-11 2.37332e-09 9.73866e-08 1.81641e-06 1.6822e-05 8.60149e-05 0.00026632 0.000522113 0.00065776 0.000562258 0.000360567 0.000188037 8.10641e-05 2.67545e-05 4.86957e-06 0 
0 0.000133217 2.76013e-05 5.6232e-07 1.68166e-09 1.0312e-12 1.96051e-16 5.77553e-20 1.68135e-21 1.98831e-22 4.05711e-23 1.02712e-23 2.93318e-24 9.45985e-25 3.78158e-25 2.21779e-25 2.29482e-25 4.54813e-25 1.46963e-24 6.88549e-24 5.85875e-23 1.98811e-21 1.08902e-18 8.16499e-16 3.14132e-13 5.57127e-11 4.36109e-09 1.52084e-07 2.49073e-06 2.08679e-05 9.89813e-05 0.000289356 0.000541366 0.000657403 0.000548753 0.000347683 0.000180407 7.76328e-05 2.56066e-05 4.65976e-06 0 
0 0.000144056 3.59793e-05 9.81551e-07 4.37145e-09 4.37831e-12 1.45927e-15 2.92844e-19 2.29086e-21 1.77776e-22 2.99634e-23 7.14179e-24 2.15415e-24 8.69792e-25 5.10292e-25 4.15885e-25 4.54813e-25 7.56623e-25 2.17365e-24 1.15327e-23 1.52076e-22 1.63592e-20 1.12268e-17 5.4935e-15 1.43432e-12 1.81109e-10 1.06157e-08 2.91532e-07 3.94559e-06 2.85467e-05 0.000121277 0.000325641 0.000568334 0.00065388 0.000527445 0.000328505 0.00016925 7.2645e-05 2.3941e-05 4.35553e-06 0 
0 0.000158021 4.98687e-05 1.95703e-06 1.43107e-08 2.63992e-11 1.76736e-14 6.61533e-18 7.0881e-21 2.02923e-22 2.39534e-23 5.86551e-24 2.44637e-24 1.61896e-24 1.38709e-24 1.33623e-24 1.46963e-24 2.17365e-24 5.48338e-24 3.70228e-23 1.38585e-21 4.69039e-19 2.05108e-16 5.87433e-14 9.45373e-12 7.80625e-10 3.18631e-08 6.491e-07 6.92508e-06 4.1743e-05 0.000154556 0.000372829 0.00059622 0.000642129 0.000497443 0.00030377 0.000155255 6.64464e-05 2.18775e-05 3.97894e-06 0 
0 0.000173975 7.17243e-05 4.25081e-06 5.45221e-08 2.00982e-10 2.96372e-13 2.57983e-16 2.11483e-19 8.9977e-22 5.29438e-23 1.34958e-23 7.55974e-24 6.19689e-24 5.82028e-24 5.91196e-24 6.88549e-24 1.15327e-23 3.70228e-23 6.02343e-22 8.72307e-20 2.39285e-17 5.47903e-15 8.5361e-13 7.90971e-11 4.01673e-09 1.08251e-07 1.56592e-06 1.27371e-05 6.24387e-05 0.000197894 0.000422819 0.000613562 0.000616085 0.000458154 0.000274452 0.000139203 5.94162e-05 1.95457e-05 3.5539e-06 0 
0 0.000190139 0.00010445 9.59459e-06 2.23416e-07 1.71791e-09 5.85855e-12 1.25054e-14 2.4354e-17 6.65544e-20 8.55891e-22 1.18815e-22 5.43133e-23 4.08191e-23 3.78798e-23 4.16557e-23 5.85875e-23 1.52076e-22 1.38585e-21 8.72307e-20 1.13343e-17 1.54661e-15 1.7687e-13 1.43493e-11 7.32241e-10 2.18743e-08 3.73359e-07 3.70697e-06 2.24852e-05 8.87125e-05 0.000240027 0.000455089 0.00060307 0.000569637 0.000409673 0.000241762 0.000121922 5.19386e-05 1.70754e-05 3.10416e-06 0 
0 0.000204093 0.000150489 2.15467e-05 9.15445e-07 1.47863e-08 1.17599e-10 6.20659e-13 3.01087e-15 1.86794e-17 2.05435e-19 6.92501e-21 1.31336e-21 6.96969e-22 6.10255e-22 8.15488e-22 1.98811e-21 1.63592e-20 4.69039e-19 2.39285e-17 1.54661e-15 1.02248e-13 5.75741e-12 2.37735e-10 6.4478e-09 1.07802e-07 1.10056e-06 7.15484e-06 3.17713e-05 0.000102381 0.000245246 0.000431002 0.000543402 0.000498169 0.000353033 0.000207101 0.00010423 4.43749e-05 1.45864e-05 2.65159e-06 0 
0 0.000213057 0.000210118 4.6391e-05 3.52447e-06 1.16709e-07 2.10782e-09 2.67382e-11 3.1376e-13 4.50248e-15 1.02647e-16 4.65719e-18 5.03583e-19 1.45728e-19 1.13186e-19 2.25191e-19 1.08902e-18 1.12268e-17 2.05108e-16 5.47903e-15 1.7687e-13 5.75741e-12 1.60269e-10 3.30066e-09 4.47099e-08 3.72387e-07 1.94945e-06 7.2837e-06 2.29172e-05 6.57962e-05 0.000163141 0.000310788 0.000419402 0.000400974 0.000290341 0.000171969 8.68827e-05 3.7042e-05 1.2182e-05 2.21487e-06 0 
0 0.000214452 0.00027924 9.29904e-05 1.21465e-05 7.84776e-07 3.04628e-08 8.76579e-10 2.34751e-11 7.36792e-13 3.3643e-14 2.69014e-15 4.33844e-16 1.54112e-16 1.24363e-16 2.22304e-16 8.16499e-16 5.4935e-15 5.87433e-14 8.5361e-13 1.43493e-11 2.37735e-10 3.30066e-09 3.22959e-08 1.86001e-07 5.57497e-07 9.46498e-07 1.35861e-06 2.76441e-06 9.5157e-06 4.00162e-05 0.00012862 0.000246992 0.000285271 0.00022504 0.000137912 7.05372e-05 3.01972e-05 9.944e-06 1.8087e-06 0 
0 0.000206633 0.000347861 0.00016976 3.62416e-05 4.27054e-06 3.30227e-07 1.99044e-08 1.12359e-09 7.15405e-11 6.11749e-12 8.15997e-13 1.90287e-13 8.32861e-14 7.01419e-14 1.11396e-13 3.14132e-13 1.43432e-12 9.45373e-12 7.90971e-11 7.32241e-10 6.4478e-09 4.47099e-08 1.86001e-07 3.17881e-07 1.59413e-07 2.80378e-08 5.40724e-09 5.51229e-09 4.90588e-08 1.21297e-06 1.87009e-05 9.33294e-05 0.000170571 0.000162345 0.000106516 5.57342e-05 2.40314e-05 7.9307e-06 1.44342e-06 0 
0 0.000189527 0.000401071 0.000277573 9.18063e-05 1.8273e-05 2.57455e-06 2.95937e-07 3.2081e-08 3.79613e-09 5.62573e-10 1.17504e-10 3.78494e-11 1.98878e-11 1.73872e-11 2.48994e-11 5.57127e-11 1.81109e-10 7.80625e-10 4.01673e-09 2.18743e-08 1.07802e-07 3.72387e-07 5.57497e-07 1.59413e-07 3.62388e-09 8.46877e-12 2.56846e-14 7.14117e-15 8.73362e-13 1.23227e-09 5.62802e-07 1.94859e-05 8.33886e-05 0.000108844 7.93233e-05 4.28765e-05 1.86657e-05 6.17693e-06 1.12509e-06 0 
0 0.000164851 0.000423829 0.000400827 0.000195463 6.09291e-05 1.42411e-05 2.82279e-06 5.31738e-07 1.06481e-07 2.51844e-08 7.70363e-09 3.26656e-09 2.00524e-09 1.80982e-09 2.37332e-09 4.36109e-09 1.06157e-08 3.18631e-08 1.08251e-07 3.73359e-07 1.10056e-06 1.94945e-06 9.46498e-07 2.80378e-08 8.46877e-12 6.37499e-16 2.13044e-15 1.90203e-15 1.6256e-14 5.39282e-14 4.36888e-09 2.58894e-06 3.57598e-05 6.97249e-05 5.7474e-05 3.21881e-05 1.41517e-05 4.69575e-06 8.55929e-07 0 
0 0.000135735 0.000408137 0.000504801 0.000347168 0.000158882 5.64345e-05 1.74641e-05 5.17006e-06 1.59441e-06 5.54048e-07 2.32121e-07 1.23493e-07 8.61976e-08 7.98687e-08 9.73866e-08 1.52084e-07 2.91532e-07 6.491e-07 1.56592e-06 3.70697e-06 7.15484e-06 7.2837e-06 1.35861e-06 5.40724e-09 2.56846e-14 2.13044e-15 9.26596e-16 1.57995e-15 6.6595e-15 7.95236e-14 5.3921e-11 4.33252e-07 1.67361e-05 4.54576e-05 4.11961e-05 2.36668e-05 1.04746e-05 3.48162e-06 6.34901e-07 0 
0 0.000105822 0.000357938 0.000549711 0.00050927 0.000325449 0.000163731 7.2474e-05 3.07102e-05 1.33344e-05 6.2894e-06 3.38474e-06 2.15791e-06 1.66881e-06 1.57898e-06 1.81641e-06 2.49073e-06 3.94559e-06 6.92508e-06 1.27371e-05 2.24852e-05 3.17713e-05 2.29172e-05 2.76441e-06 5.51229e-09 7.14117e-15 1.90203e-15 1.57995e-15 4.56818e-15 1.81566e-14 2.36619e-13 1.42253e-11 2.25221e-07 1.10878e-05 3.22453e-05 2.96684e-05 1.70894e-05 7.56585e-06 2.51473e-06 4.58566e-07 0 
0 7.82634e-05 0.000287282 0.00051781 0.000611175 0.000521417 0.000353543 0.000209775 0.00011793 6.67182e-05 3.97963e-05 2.59558e-05 1.90147e-05 1.59096e-05 1.52957e-05 1.6822e-05 2.08679e-05 2.85467e-05 4.1743e-05 6.24387e-05 8.87125e-05 0.000102381 6.57962e-05 9.5157e-06 4.90588e-08 8.73362e-13 1.6256e-14 6.6595e-15 1.81566e-14 3.82018e-15 2.92895e-15 1.94078e-10 4.74882e-07 1.11667e-05 2.52704e-05 2.15075e-05 1.21057e-05 5.32384e-06 1.76618e-06 3.21896e-07 0 
0 5.50507e-05 0.000212895 0.000427035 0.000601562 0.000648337 0.000567969 0.000432925 0.000306991 0.000213994 0.000152844 0.00011527 9.37148e-05 8.3157e-05 8.08954e-05 8.60149e-05 9.89813e-05 0.000121277 0.000154556 0.000197894 0.000240027 0.000245246 0.000163141 4.00162e-05 1.21297e-06 1.23227e-09 5.39282e-14 7.95236e-14 2.36619e-13 2.92895e-15 3.72943e-12 1.72853e-08 2.0682e-06 1.40506e-05 2.07374e-05 1.54533e-05 8.36438e-06 3.63753e-06 1.20295e-06 2.1905e-07 0 
0 3.69024e-05 0.000147124 0.000314654 0.000496484 0.000631524 0.000676682 0.000636734 0.000550723 0.000457419 0.000378299 0.000320039 0.000282074 0.000261814 0.000256988 0.00026632 0.000289356 0.000325641 0.000372829 0.000422819 0.000455089 0.000431002 0.000310788 0.00012862 1.87009e-05 5.62802e-07 4.36888e-09 5.3921e-11 1.42253e-11 1.94078e-10 1.72853e-08 8.28808e-07 7.51064e-06 1.67212e-05 1.64637e-05 1.07526e-05 5.58976e-06 2.40207e-06 7.91639e-07 1.44011e-07 0 
0 2.35769e-05 9.55434e-05 0.000211541 0.000355761 0.00050024 0.000613061 0.000673684 0.000682492 0.000655877 0.000613984 0.000572269 0.000539621 0.000519969 0.000514337 0.000522113 0.000541366 0.000568334 0.00059622 0.000613562 0.00060307 0.000543402 0.000419402 0.000246992 9.33294e-05 1.94859e-05 2.58894e-06 4.33252e-07 2.25221e-07 4.74882e-07 2.0682e-06 7.51064e-06 1.46842e-05 1.60717e-05 1.19938e-05 7.11101e-06 3.58218e-06 1.52437e-06 5.00899e-07 9.10414e-08 0 
0 1.43147e-05 5.84784e-05 0.000131696 0.000228641 0.000338715 0.000447307 0.000539841 0.000606887 0.000646866 0.00066475 0.000668435 0.000665444 0.000661174 0.000658464 0.00065776 0.000657403 0.00065388 0.000642129 0.000616085 0.000569637 0.000498169 0.000400974 0.000285271 0.000170571 8.33886e-05 3.57598e-05 1.67361e-05 1.10878e-05 1.11667e-05 1.40506e-05 1.67212e-05 1.60717e-05 1.23153e-05 7.89919e-06 4.42265e-06 2.18376e-06 9.2315e-07 3.02702e-07 5.49819e-08 0 
0 8.19987e-06 3.3622e-05 7.63014e-05 0.000134381 0.000203893 0.000278989 0.000352857 0.000419229 0.000473808 0.000514912 0.000543102 0.000560198 0.000568227 0.000568694 0.000562258 0.000548753 0.000527445 0.000497443 0.000458154 0.000409673 0.000353033 0.000290341 0.00022504 0.000162345 0.000108844 6.97249e-05 4.54576e-05 3.22453e-05 2.52704e-05 2.07374e-05 1.64637e-05 1.19938e-05 7.89919e-06 4.7231e-06 2.56909e-06 1.25478e-06 5.28394e-07 1.73035e-07 3.14163e-08 0 
0 4.37188e-06 1.79545e-05 4.0877e-05 7.24204e-05 0.000110976 0.000154126 0.000198903 0.000242199 0.000281244 0.000313964 0.000339121 0.00035622 0.000365277 0.00036659 0.000360567 0.000347683 0.000328505 0.00030377 0.000274452 0.000241762 0.000207101 0.000171969 0.000137912 0.000106516 7.93233e-05 5.7474e-05 4.11961e-05 2.96684e-05 2.15075e-05 1.54533e-05 1.07526e-05 7.11101e-06 4.42265e-06 2.56909e-06 1.37951e-06 6.70241e-07 2.8168e-07 9.21768e-08 1.67315e-08 0 
0 2.11718e-06 8.70049e-06 1.98335e-05 3.52191e-05 5.41737e-05 7.56671e-05 9.84098e-05 0.000120987 0.000142012 0.000160273 0.000174831 0.000185063 0.00019066 0.000191585 0.000188037 0.000180407 0.00016925 0.000155255 0.000139203 0.000121922 0.00010423 8.68827e-05 7.05372e-05 5.57342e-05 4.28765e-05 3.21881e-05 2.36668e-05 1.70894e-05 1.21057e-05 8.36438e-06 5.58976e-06 3.58218e-06 2.18376e-06 1.25478e-06 6.70241e-07 3.24891e-07 1.36413e-07 4.46238e-08 8.09885e-09 0 
0 8.8855e-07 3.65239e-06 8.3299e-06 1.48041e-05 2.28027e-05 3.19142e-05 4.16208e-05 5.13444e-05 6.05001e-05 6.85495e-05 7.50455e-05 7.96636e-05 8.22166e-05 8.26564e-05 8.10641e-05 7.76328e-05 7.2645e-05 6.64464e-05 5.94162e-05 5.19386e-05 4.43749e-05 3.7042e-05 3.01972e-05 2.40314e-05 1.86657e-05 1.41517e-05 1.04746e-05 7.56585e-06 5.32384e-06 3.63753e-06 2.40207e-06 1.52437e-06 9.2315e-07 5.28394e-07 2.8168e-07 1.36413e-07 5.72533e-08 1.87258e-08 3.39835e-09 0 
0 2.90608e-07 1.19466e-06 2.72509e-06 4.84453e-06 7.46548e-06 1.04557e-05 1.36484e-05 1.68562e-05 1.98876e-05 2.25633e-05 2.47313e-05 2.62784e-05 2.71368e-05 2.72867e-05 2.67545e-05 2.56066e-05 2.3941e-05 2.18775e-05 1.95457e-05 1.70754e-05 1.45864e-05 1.2182e-05 9.944e-06 7.9307e-06 6.17693e-06 4.69575e-06 3.48162e-06 2.51473e-06 1.76618e-06 1.20295e-06 7.91639e-07 5.00899e-07 3.02702e-07 1.73035e-07 9.21768e-08 4.46238e-08 1.87258e-08 6.12418e-09 1.11139e-09 0 
0 5.27388e-08 2.1681e-07 4.94588e-07 8.79342e-07 1.35529e-06 1.89856e-06 2.47903e-06 3.0628e-06 3.61508e-06 4.10317e-06 4.49917e-06 4.78208e-06 4.93922e-06 4.96681e-06 4.86957e-06 4.65976e-06 4.35553e-06 3.97894e-06 3.5539e-06 3.10416e-06 2.65159e-06 2.21487e-06 1.8087e-06 1.44342e-06 1.12509e-06 8.55929e-07 6.34901e-07 4.58566e-07 3.21896e-07 2.1905e-07 1.44011e-07 9.10414e-08 5.49819e-08 3.14163e-08 1.67315e-08 8.09885e-09 3.39835e-09 1.11139e-09 2.01686e-10 0 
0 0 0 0 0 0 0 0 0 0 0 0 0 0 0 0 0 0 0 0 0 0 0 0 0 0 0 0 0 0 0 0 0 0 0 0 0 0 0 0 0 
