0 0 0 0 0 0 0 0 0 0 0 0 0 0 0 0 0 0 0 0 0 0 0 0 0 0 0 0 0 0 0 0 0 0 0 0 0 0 0 0 0 
0 1.32105e-05 5.15705e-05 0.000107142 0.000164497 0.000207338 0.000227311 0.000226332 0.000212021 0.000192315 0.000172854 0.00015674 0.000145282 0.000138809 0.000137232 0.000140327 0.000147803 0.000159221 0.000173817 0.000190293 0.00020667 0.000220322 0.000228302 0.000227971 0.000217791 0.000197974 0.000170637 0.000139278 0.000107746 7.91859e-05 5.5441e-05 3.70484e-05 2.36253e-05 1.4329e-05 8.20361e-06 4.37274e-06 2.11735e-06 8.88578e-07 2.90612e-07 5.2739e-08 0 
0 5.15705e-05 0.000187092 0.000337785 0.000414743 0.000387354 0.000299018 0.000205192 0.000133018 8.56108e-05 5.69794e-05 4.0523e-05 3.15568e-05 2.73267e-05 2.64742e-05 2.861e-05 3.41141e-05 4.41148e-05 6.05493e-05 8.61369e-05 0.000123986 0.000176493 0.000243341 0.000319049 0.000391528 0.000443848 0.00046038 0.000434859 0.000374458 0.000295897 0.000216707 0.000148572 9.60205e-05 5.86163e-05 3.36571e-05 1.79624e-05 8.70201e-06 3.65263e-06 1.19469e-06 2.16812e-07 0 
0 0.000107142 0.000337785 0.000467577 0.000385611 0.000220168 9.89242e-05 3.88006e-05 1.44702e-05 5.53524e-06 2.32495e-06 1.1362e-06 6.75259e-07 5.01837e-07 4.7122e-07 5.55297e-07 8.03461e-07 1.37983e-06 2.69696e-06 5.73029e-06 1.26433e-05 2.77712e-05 5.85685e-05 0.000115182 0.000206446 0.000331002 0.00046702 0.000571995 0.000603925 0.000552127 0.000444216 0.000321619 0.000213893 0.000132375 7.64711e-05 4.0914e-05 1.98405e-05 8.33098e-06 2.72522e-06 4.94596e-07 0 
0 0.000164497 0.000414743 0.000385611 0.000184785 5.59477e-05 1.25126e-05 2.34818e-06 4.17049e-07 7.88538e-08 1.77129e-08 5.19379e-09 2.13613e-09 1.2891e-09 1.16011e-09 1.53848e-09 2.89773e-09 7.32482e-09 2.31682e-08 8.49365e-08 3.34341e-07 1.31679e-06 4.88576e-06 1.6296e-05 4.72895e-05 0.000116975 0.000243384 0.000420692 0.000595851 0.000686118 0.000648596 0.000518407 0.00036371 0.000230993 0.000134968 7.25464e-05 3.52422e-05 1.48076e-05 4.84493e-06 8.79367e-07 0 
0 0.000207338 0.000387354 0.000220168 5.59477e-05 8.00964e-06 7.68687e-07 5.83088e-08 4.14932e-09 3.29086e-10 3.41864e-11 5.34311e-12 1.39652e-12 6.52118e-13 5.56956e-13 8.54276e-13 2.22652e-12 9.05989e-12 5.18457e-11 3.72251e-10 2.99185e-09 2.42176e-08 1.80317e-07 1.15018e-06 5.9826e-06 2.46797e-05 7.99357e-05 0.00020308 0.000403323 0.000619591 0.000732476 0.000680316 0.000520341 0.00034503 0.000205501 0.000111319 5.42359e-05 2.28119e-05 7.46653e-06 1.35535e-06 0 
0 0.000227311 0.000299018 9.89242e-05 1.25126e-05 7.68687e-07 2.80751e-08 7.56213e-10 1.89384e-11 5.57473e-13 2.40301e-14 1.83186e-15 2.85267e-16 9.93528e-17 7.99246e-17 1.44779e-16 5.46967e-16 3.83289e-15 4.31386e-14 6.66655e-13 1.20956e-11 2.22838e-10 3.6787e-09 4.92946e-08 5.001e-07 3.69065e-06 1.95621e-05 7.50559e-05 0.000211597 0.000440726 0.000673208 0.000756978 0.000652681 0.000461021 0.000282625 0.000154911 7.58081e-05 3.19349e-05 1.0458e-05 1.8987e-06 0 
0 0.000226332 0.000205192 3.88006e-05 2.34818e-06 5.83088e-08 7.56213e-10 6.72422e-12 5.51135e-14 5.62023e-16 9.459e-18 3.5805e-19 5.33314e-20 2.78628e-20 2.48027e-20 3.24186e-20 9.11893e-20 8.92341e-19 2.0324e-17 7.13247e-16 3.09102e-14 1.37204e-12 5.30959e-11 1.57611e-09 3.27618e-08 4.51923e-07 4.06046e-06 2.40284e-05 9.64806e-05 0.000270512 0.000534089 0.000739827 0.000736712 0.000564624 0.000359843 0.000200443 9.8687e-05 4.16613e-05 1.36528e-05 2.47929e-06 0 
0 0.000212021 0.000133018 1.44702e-05 4.17049e-07 4.14932e-09 1.89384e-11 5.51135e-14 1.46544e-16 5.20053e-19 6.99252e-21 1.20364e-21 5.46144e-22 4.54301e-22 4.37513e-22 4.37298e-22 6.05852e-22 1.57306e-21 1.21666e-20 6.9591e-19 7.2103e-17 7.76336e-15 7.08743e-13 4.6904e-11 2.01125e-09 5.22422e-08 8.0152e-07 7.3478e-06 4.18548e-05 0.000155578 0.0003898 0.000661095 0.0007667 0.000645168 0.000430872 0.000244848 0.000121467 5.14143e-05 1.68638e-05 3.06324e-06 0 
0 0.000192315 8.56108e-05 5.53524e-06 7.88538e-08 3.29086e-10 5.57473e-13 5.62023e-16 5.20053e-19 1.61952e-21 9.34423e-23 4.76757e-23 3.67755e-23 3.57328e-23 3.51816e-23 3.2657e-23 3.38764e-23 4.11603e-23 9.32555e-23 1.51097e-21 2.24917e-19 5.57003e-17 1.14811e-14 1.62565e-12 1.38614e-10 6.5716e-09 1.67892e-07 2.33742e-06 1.855e-05 8.94441e-05 0.00027698 0.000562877 0.000754612 0.000698835 0.000490977 0.0002853 0.000142757 6.06085e-05 1.98992e-05 3.61575e-06 0 
0 0.000172854 5.69794e-05 2.32495e-06 1.77129e-08 3.41864e-11 2.40301e-14 9.459e-18 6.99252e-21 9.34423e-23 9.81035e-24 5.3975e-24 5.11704e-24 5.33465e-24 5.29336e-24 4.76707e-24 4.21504e-24 3.62334e-24 4.84526e-24 3.01166e-23 1.7703e-21 6.87383e-19 2.91253e-16 8.09855e-14 1.27073e-11 1.02791e-09 4.13342e-08 8.35229e-07 8.90796e-06 5.39987e-05 0.000200294 0.000473598 0.000720003 0.000728503 0.000537729 0.000319567 0.000161318 6.87019e-05 2.25796e-05 4.10411e-06 0 
0 0.00015674 4.0523e-05 1.1362e-06 5.19379e-09 5.34311e-12 1.83186e-15 3.5805e-19 1.20364e-21 4.76758e-23 5.39751e-24 1.5136e-24 1.0656e-24 1.05848e-24 1.03795e-24 9.16756e-25 7.46979e-25 5.77276e-25 7.67784e-25 4.24857e-24 1.06307e-22 2.02135e-20 1.44018e-17 6.94623e-15 1.79251e-12 2.24234e-10 1.30607e-08 3.57981e-07 4.86433e-06 3.55349e-05 0.00015223 0.000405097 0.000680356 0.000740916 0.000570901 0.000346191 0.000176168 7.52414e-05 2.47523e-05 4.50037e-06 0 
0 0.000145282 3.15568e-05 6.75259e-07 2.13613e-09 1.39652e-12 2.85267e-16 5.33314e-20 5.46144e-22 3.67755e-23 5.11704e-24 1.0656e-24 3.8668e-25 2.67802e-25 2.37185e-25 2.0271e-25 1.60734e-25 1.40246e-25 2.94688e-25 1.8038e-24 2.7456e-23 2.17921e-21 1.64259e-18 1.17704e-15 4.34736e-13 7.44605e-11 5.66538e-09 1.93515e-07 3.13278e-06 2.6184e-05 0.0001243 0.000359266 0.000647113 0.000743401 0.000591691 0.000364451 0.000186639 7.98953e-05 2.63032e-05 4.7835e-06 0 
0 0.000138809 2.73267e-05 5.01837e-07 1.2891e-09 6.52118e-13 9.93528e-17 2.78628e-20 4.54301e-22 3.57328e-23 5.33465e-24 1.05848e-24 2.67802e-25 1.03769e-25 6.54273e-26 5.05429e-26 4.25943e-26 5.78645e-26 1.99434e-25 1.25677e-24 1.56919e-23 8.15171e-22 4.80567e-19 4.29305e-16 1.94262e-13 3.97523e-11 3.51884e-09 1.36166e-07 2.43456e-06 2.19612e-05 0.000110453 0.000334265 0.000626097 0.000741675 0.000601768 0.000374193 0.000192379 8.24704e-05 2.7164e-05 4.94078e-06 0 
0 0.000137232 2.64742e-05 4.7122e-07 1.16011e-09 5.56956e-13 7.99246e-17 2.48027e-20 4.37513e-22 3.51816e-23 5.29336e-24 1.03795e-24 2.37186e-25 6.54273e-26 2.57969e-26 1.59579e-26 1.67912e-26 4.04366e-26 1.78503e-25 1.14791e-24 1.39351e-23 6.73594e-22 3.71819e-19 3.47304e-16 1.63865e-13 3.47847e-11 3.17676e-09 1.26132e-07 2.30165e-06 2.10879e-05 0.000107306 0.000327819 0.00061928 0.000738955 0.000602513 0.000375626 0.000193333 8.29147e-05 2.73144e-05 4.9684e-06 0 
0 0.000140327 2.861e-05 5.55297e-07 1.53848e-09 8.54276e-13 1.44779e-16 3.24186e-20 4.37298e-22 3.2657e-23 4.76708e-24 9.16757e-25 2.02711e-25 5.05429e-26 1.59579e-26 8.72819e-27 1.21918e-26 3.90514e-26 1.87807e-25 1.28728e-24 1.75288e-23 1.08607e-21 7.36126e-19 6.08136e-16 2.55877e-13 4.91343e-11 4.12046e-09 1.52485e-07 2.63048e-06 2.30771e-05 0.000113629 0.000338359 0.000626145 0.000735885 0.000594646 0.000369166 0.000189696 8.13093e-05 2.67808e-05 4.87108e-06 0 
0 0.000147803 3.41141e-05 8.03461e-07 2.89773e-09 2.22652e-12 5.46967e-16 9.11893e-20 6.05852e-22 3.38765e-23 4.21504e-24 7.4698e-25 1.60734e-25 4.25944e-26 1.67912e-26 1.21918e-26 1.74369e-26 4.96954e-26 2.40368e-25 1.92766e-24 3.72163e-23 4.27987e-21 3.43692e-18 2.14279e-15 6.97598e-13 1.06995e-10 7.4115e-09 2.34268e-07 3.56374e-06 2.83769e-05 0.000129824 0.000364902 0.000644118 0.000730792 0.000578204 0.000355375 0.000181882 7.78505e-05 2.563e-05 4.66111e-06 0 
0 0.000159221 4.41148e-05 1.37983e-06 7.32482e-09 9.05989e-12 3.83289e-15 8.92341e-19 1.57306e-21 4.11603e-23 3.62334e-24 5.77276e-25 1.40246e-25 5.78644e-26 4.04365e-26 3.90514e-26 4.96953e-26 1.03009e-25 4.47658e-25 4.58722e-24 1.80508e-22 5.25842e-20 3.30732e-17 1.35901e-14 3.0353e-12 3.34578e-10 1.74975e-08 4.38675e-07 5.54833e-06 3.8325e-05 0.000157355 0.000405964 0.000668149 0.000720083 0.000552791 0.000334971 0.000170479 7.28261e-05 2.39605e-05 4.35665e-06 0 
0 0.000173817 6.05493e-05 2.69696e-06 2.31682e-08 5.18457e-11 4.31386e-14 2.0324e-17 1.21666e-20 9.32555e-23 4.84526e-24 7.67784e-25 2.94688e-25 1.99434e-25 1.78503e-25 1.87807e-25 2.40367e-25 4.47658e-25 1.99272e-24 3.44278e-23 3.72802e-21 1.49909e-18 5.53465e-16 1.35124e-13 1.88454e-11 1.374e-09 5.05388e-08 9.48053e-07 9.52107e-06 5.50731e-05 0.000197428 0.000457184 0.00068971 0.000698805 0.000517981 0.000308874 0.000156216 6.65877e-05 2.18927e-05 3.97982e-06 0 
0 0.000190293 8.61369e-05 5.73029e-06 8.49365e-08 3.72251e-10 6.66655e-13 7.13247e-16 6.9591e-19 1.51097e-21 3.01166e-23 4.24857e-24 1.8038e-24 1.25677e-24 1.1479e-24 1.28728e-24 1.92766e-24 4.58722e-24 3.44278e-23 1.51515e-21 2.88789e-19 6.83168e-17 1.33969e-14 1.80817e-12 1.47275e-10 6.68654e-09 1.64166e-07 2.20729e-06 1.70279e-05 8.04853e-05 0.000247303 0.000507019 0.000695764 0.000661473 0.000473741 0.000278233 0.00013991 5.95203e-05 1.9557e-05 3.55456e-06 0 
0 0.00020667 0.000123986 1.26433e-05 3.34341e-07 2.99185e-09 1.20956e-11 3.09102e-14 7.2103e-17 2.24917e-19 1.7703e-21 1.06307e-22 2.7456e-23 1.56919e-23 1.39351e-23 1.75288e-23 3.72163e-23 1.80508e-22 3.72802e-21 2.88789e-19 3.29982e-17 3.90573e-15 3.89602e-13 2.78336e-11 1.26677e-09 3.427e-08 5.3883e-07 5.01839e-06 2.90636e-05 0.000110956 0.000291293 0.000530667 0.00066873 0.000603174 0.000420732 0.000244403 0.000122415 5.20114e-05 1.70833e-05 3.10463e-06 0 
0 0.000220322 0.000176493 2.77712e-05 1.31679e-06 2.42176e-08 2.22838e-10 1.37204e-12 7.76336e-15 5.57003e-17 6.87383e-19 2.02135e-20 2.17921e-21 8.15171e-22 6.73594e-22 1.08607e-21 4.27987e-21 5.25842e-20 1.49909e-18 6.83168e-17 3.90573e-15 2.28287e-13 1.14105e-11 4.21575e-10 1.03466e-08 1.58714e-07 1.50957e-06 9.28667e-06 3.95789e-05 0.000123629 0.000287569 0.000487496 0.000589433 0.000520888 0.000360428 0.000208865 0.000104561 4.44241e-05 1.45918e-05 2.65191e-06 0 
0 0.000228302 0.000243341 5.85685e-05 4.88576e-06 1.80317e-07 3.6787e-09 5.30959e-11 7.08743e-13 1.14811e-14 2.91253e-16 1.44018e-17 1.64259e-18 4.80567e-19 3.71819e-19 7.36126e-19 3.43692e-18 3.30732e-17 5.53465e-16 1.33969e-14 3.89602e-13 1.14105e-11 2.86639e-10 5.36478e-09 6.67585e-08 5.17816e-07 2.56124e-06 9.15388e-06 2.77784e-05 7.7263e-05 0.000185824 0.000342692 0.000447042 0.000415279 0.000295139 0.000173133 8.71032e-05 3.7075e-05 1.21857e-05 2.21509e-06 0 
0 0.000227971 0.000319049 0.000115182 1.6296e-05 1.15018e-06 4.92946e-08 1.57611e-09 4.6904e-11 1.62565e-12 8.09855e-14 6.94623e-15 1.17704e-15 4.29305e-16 3.47304e-16 6.08136e-16 2.14279e-15 1.35901e-14 1.35124e-13 1.80817e-12 2.78336e-11 4.21575e-10 5.36478e-09 4.84762e-08 2.61241e-07 7.45945e-07 1.22803e-06 1.72409e-06 3.41326e-06 1.13034e-05 4.55225e-05 0.00014063 0.000261167 0.000294017 0.000228226 0.000138711 7.06901e-05 3.02202e-05 9.94654e-06 1.80885e-06 0 
0 0.000217791 0.000391528 0.000206446 4.72895e-05 5.9826e-06 5.001e-07 3.27618e-08 2.01125e-09 1.38614e-10 1.27073e-11 1.79251e-12 4.34736e-13 1.94262e-13 1.63865e-13 2.55877e-13 6.97598e-13 3.0353e-12 1.88454e-11 1.47275e-10 1.26677e-09 1.03466e-08 6.67585e-08 2.61241e-07 4.29394e-07 2.1412e-07 3.86504e-08 7.68486e-09 7.76428e-09 6.47062e-08 1.4646e-06 2.09378e-05 9.93179e-05 0.000175975 0.000164618 0.00010711 5.58479e-05 2.40484e-05 7.93255e-06 1.44353e-06 0 
0 0.000197974 0.000443848 0.000331002 0.000116975 2.46797e-05 3.69065e-06 4.51923e-07 5.22422e-08 6.5716e-09 1.02791e-09 2.24234e-10 7.44605e-11 3.97523e-11 3.47847e-11 4.91343e-11 1.06995e-10 3.34578e-10 1.374e-09 6.68654e-09 3.427e-08 1.58714e-07 5.17816e-07 7.45945e-07 2.1412e-07 5.22541e-09 1.39423e-11 5.24197e-14 1.46854e-14 1.50658e-12 1.72971e-09 6.75236e-07 2.12474e-05 8.66455e-05 0.000110568 7.97956e-05 4.29663e-05 1.86788e-05 6.17833e-06 1.12518e-06 0 
0 0.000170637 0.00046038 0.00046702 0.000243384 7.99357e-05 1.95621e-05 4.06046e-06 8.0152e-07 1.67892e-07 4.13342e-08 1.30607e-08 5.66538e-09 3.51884e-09 3.17676e-09 4.12046e-09 7.4115e-09 1.74975e-08 5.05388e-08 1.64166e-07 5.3883e-07 1.50957e-06 2.56124e-06 1.22803e-06 3.86504e-08 1.39423e-11 2.78549e-16 2.47294e-15 1.41867e-15 5.96569e-15 9.68657e-14 5.8418e-09 2.93435e-06 3.75771e-05 7.10334e-05 5.78539e-05 3.22597e-05 1.41618e-05 4.69682e-06 8.55989e-07 0 
0 0.000139278 0.000434859 0.000571995 0.000420692 0.00020308 7.50559e-05 2.40284e-05 7.3478e-06 2.33742e-06 8.35229e-07 3.57981e-07 1.93515e-07 1.36166e-07 1.26132e-07 1.52485e-07 2.34268e-07 4.38675e-07 9.48053e-07 2.20729e-06 5.01839e-06 9.28667e-06 9.15388e-06 1.72409e-06 7.68486e-09 5.24197e-14 2.47294e-15 5.66473e-16 3.80083e-16 8.75543e-16 9.80445e-15 8.00419e-11 5.08728e-07 1.7759e-05 4.6415e-05 4.14863e-05 2.37208e-05 1.04821e-05 3.48239e-06 6.34944e-07 0 
0 0.000107746 0.000374458 0.000603925 0.000595851 0.000403323 0.000211597 9.64806e-05 4.18548e-05 1.855e-05 8.90796e-06 4.86433e-06 3.13278e-06 2.43456e-06 2.30165e-06 2.63048e-06 3.56374e-06 5.54833e-06 9.52107e-06 1.70279e-05 2.90636e-05 3.95789e-05 2.77784e-05 3.41326e-06 7.76428e-09 1.46854e-14 1.41867e-15 3.80083e-16 7.94175e-16 3.95983e-15 8.1488e-14 2.2055e-11 2.66503e-07 1.1781e-05 3.2919e-05 2.98704e-05 1.71264e-05 7.57093e-06 2.51525e-06 4.58595e-07 0 
0 7.91859e-05 0.000295897 0.000552127 0.000686118 0.000619591 0.000440726 0.000270512 0.000155578 8.94441e-05 5.39987e-05 3.55349e-05 2.6184e-05 2.19612e-05 2.10879e-05 2.30771e-05 2.83769e-05 3.8325e-05 5.50731e-05 8.04853e-05 0.000110956 0.000123629 7.7263e-05 1.13034e-05 6.47062e-08 1.50658e-12 5.96569e-15 8.75543e-16 3.95983e-15 5.90611e-16 4.90932e-16 2.73411e-10 5.46466e-07 1.17543e-05 2.57182e-05 2.16318e-05 1.2128e-05 5.32689e-06 1.76649e-06 3.21913e-07 0 
0 5.5441e-05 0.000216707 0.000444216 0.000648596 0.000732476 0.000673208 0.000534089 0.0003898 0.00027698 0.000200294 0.00015223 0.0001243 0.000110453 0.000107306 0.000113629 0.000129824 0.000157355 0.000197428 0.000247303 0.000291293 0.000287569 0.000185824 4.55225e-05 1.4646e-06 1.72971e-09 9.68657e-14 9.80445e-15 8.1488e-14 4.90932e-16 5.7552e-12 2.15648e-08 2.27311e-06 1.45647e-05 2.10023e-05 1.55193e-05 8.37597e-06 3.63912e-06 1.20311e-06 2.19059e-07 0 
0 3.70484e-05 0.000148572 0.000321619 0.000518407 0.000680316 0.000756978 0.000739827 0.000661095 0.000562877 0.000473598 0.000405097 0.000359266 0.000334265 0.000327819 0.000338359 0.000364902 0.000405964 0.000457184 0.000507019 0.000530667 0.000487496 0.000342692 0.00014063 2.09378e-05 6.75236e-07 5.8418e-09 8.00419e-11 2.2055e-11 2.73411e-10 2.15648e-08 9.31655e-07 7.91821e-06 1.70806e-05 1.6594e-05 1.07824e-05 5.59495e-06 2.4028e-06 7.91715e-07 1.44015e-07 0 
0 2.36253e-05 9.60205e-05 0.000213893 0.00036371 0.000520341 0.000652681 0.000736712 0.0007667 0.000754612 0.000720003 0.000680356 0.000647113 0.000626097 0.00061928 0.000626145 0.000644118 0.000668149 0.00068971 0.000695764 0.00066873 0.000589433 0.000447042 0.000261167 9.93179e-05 2.12474e-05 2.93435e-06 5.08728e-07 2.66503e-07 5.46466e-07 2.27311e-06 7.91821e-06 1.50628e-05 1.62481e-05 1.20453e-05 7.12225e-06 3.58417e-06 1.52466e-06 5.0093e-07 9.10432e-08 0 
0 1.4329e-05 5.86163e-05 0.000132375 0.000230993 0.00034503 0.000461021 0.000564624 0.000645168 0.000698835 0.000728503 0.000740916 0.000743401 0.000741675 0.000738955 0.000735885 0.000730792 0.000720083 0.000698805 0.000661473 0.000603174 0.000520888 0.000415279 0.000294017 0.000175975 8.66455e-05 3.75771e-05 1.7759e-05 1.1781e-05 1.17543e-05 1.45647e-05 1.70806e-05 1.62481e-05 1.2377e-05 7.9157e-06 4.42625e-06 2.18442e-06 9.23248e-07 3.02713e-07 5.49826e-08 0 
0 8.20361e-06 3.36571e-05 7.64711e-05 0.000134968 0.000205501 0.000282625 0.000359843 0.000430872 0.000490977 0.000537729 0.000570901 0.000591691 0.000601768 0.000602513 0.000594646 0.000578204 0.000552791 0.000517981 0.000473741 0.000420732 0.000360428 0.000295139 0.000228226 0.000164618 0.000110568 7.10334e-05 4.6415e-05 3.2919e-05 2.57182e-05 2.10023e-05 1.6594e-05 1.20453e-05 7.9157e-06 4.72748e-06 2.57007e-06 1.25496e-06 5.28423e-07 1.73039e-07 3.14165e-08 0 
0 4.37274e-06 1.79624e-05 4.0914e-05 7.25464e-05 0.000111319 0.000154911 0.000200443 0.000244848 0.0002853 0.000319567 0.000346191 0.000364451 0.000374193 0.000375626 0.000369166 0.000355375 0.000334971 0.000308874 0.000278233 0.000244403 0.000208865 0.000173133 0.000138711 0.00010711 7.97956e-05 5.78539e-05 4.14863e-05 2.98704e-05 2.16318e-05 1.55193e-05 1.07824e-05 7.12225e-06 4.42625e-06 2.57007e-06 1.37974e-06 6.70287e-07 2.81688e-07 9.21777e-08 1.67315e-08 0 
0 2.11735e-06 8.70201e-06 1.98405e-05 3.52422e-05 5.42359e-05 7.58081e-05 9.8687e-05 0.000121467 0.000142757 0.000161318 0.000176168 0.000186639 0.000192379 0.000193333 0.000189696 0.000181882 0.000170479 0.000156216 0.00013991 0.000122415 0.000104561 8.71032e-05 7.06901e-05 5.58479e-05 4.29663e-05 3.22597e-05 2.37208e-05 1.71264e-05 1.2128e-05 8.37597e-06 5.59495e-06 3.58417e-06 2.18442e-06 1.25496e-06 6.70287e-07 3.249e-07 1.36415e-07 4.4624e-08 8.09887e-09 0 
0 8.88578e-07 3.65263e-06 8.33098e-06 1.48076e-05 2.28119e-05 3.19349e-05 4.16613e-05 5.14143e-05 6.06085e-05 6.87019e-05 7.52414e-05 7.98953e-05 8.24704e-05 8.29147e-05 8.13093e-05 7.78505e-05 7.28261e-05 6.65877e-05 5.95203e-05 5.20114e-05 4.44241e-05 3.7075e-05 3.02202e-05 2.40484e-05 1.86788e-05 1.41618e-05 1.04821e-05 7.57093e-06 5.32689e-06 3.63912e-06 2.4028e-06 1.52466e-06 9.23248e-07 5.28423e-07 2.81688e-07 1.36415e-07 5.72536e-08 1.87258e-08 3.39836e-09 0 
0 2.90612e-07 1.19469e-06 2.72522e-06 4.84493e-06 7.46653e-06 1.0458e-05 1.36528e-05 1.68638e-05 1.98992e-05 2.25796e-05 2.47523e-05 2.63032e-05 2.7164e-05 2.73144e-05 2.67808e-05 2.563e-05 2.39605e-05 2.18927e-05 1.9557e-05 1.70833e-05 1.45918e-05 1.21857e-05 9.94654e-06 7.93255e-06 6.17833e-06 4.69682e-06 3.48239e-06 2.51525e-06 1.76649e-06 1.20311e-06 7.91715e-07 5.0093e-07 3.02713e-07 1.73039e-07 9.21777e-08 4.4624e-08 1.87258e-08 6.12419e-09 1.11139e-09 0 
0 5.2739e-08 2.16812e-07 4.94596e-07 8.79367e-07 1.35535e-06 1.8987e-06 2.47929e-06 3.06324e-06 3.61575e-06 4.10411e-06 4.50037e-06 4.7835e-06 4.94078e-06 4.9684e-06 4.87108e-06 4.66111e-06 4.35665e-06 3.97982e-06 3.55456e-06 3.10463e-06 2.65191e-06 2.21509e-06 1.80885e-06 1.44353e-06 1.12518e-06 8.55989e-07 6.34944e-07 4.58595e-07 3.21913e-07 2.19059e-07 1.44015e-07 9.10432e-08 5.49826e-08 3.14165e-08 1.67315e-08 8.09887e-09 3.39836e-09 1.11139e-09 2.01686e-10 0 
0 0 0 0 0 0 0 0 0 0 0 0 0 0 0 0 0 0 0 0 0 0 0 0 0 0 0 0 0 0 0 0 0 0 0 0 0 0 0 0 0 
