0 0 0 0 0 0 0 0 0 0 0 0 0 0 0 0 0 0 0 0 0 0 0 0 0 0 0 0 0 0 0 0 0 0 0 0 0 0 0 0 0 
0 1.35688e-05 5.46739e-05 0.000120051 0.000200098 0.000279955 0.000344654 0.000385421 0.000402136 0.000400873 0.00038964 0.00037537 0.000362823 0.000354696 0.00035214 0.000355199 0.000363054 0.000374079 0.000385829 0.000395106 0.000398263 0.000391834 0.000373435 0.000342631 0.000301354 0.000253542 0.000204047 0.00015732 0.000116465 8.2953e-05 5.68977e-05 3.75537e-05 2.37828e-05 1.43732e-05 8.2147e-06 4.37522e-06 2.11783e-06 8.88657e-07 2.90621e-07 5.27397e-08 0 
0 5.46739e-05 0.00021404 0.000443162 0.000666029 0.000796411 0.000797002 0.00069969 0.000565427 0.000440023 0.000342737 0.000275485 0.00023363 0.00021199 0.000207054 0.000217418 0.000243584 0.000287478 0.000351552 0.000437135 0.000541814 0.000656368 0.000763053 0.000838033 0.000859379 0.000817542 0.000721004 0.000592118 0.000456316 0.000332768 0.000231184 0.000153572 9.75527e-05 5.9035e-05 3.37593e-05 1.79845e-05 8.70618e-06 3.65329e-06 1.19476e-06 2.16817e-07 0 
0 0.000120051 0.000443162 0.000812174 0.000987205 0.000867298 0.000592551 0.000342522 0.000182055 9.56832e-05 5.28113e-05 3.21121e-05 2.22844e-05 1.80449e-05 1.72009e-05 1.92251e-05 2.48135e-05 3.60977e-05 5.74113e-05 9.64938e-05 0.000165518 0.000280091 0.000452921 0.000679795 0.000923536 0.00111468 0.00118484 0.0011128 0.000936309 0.000719434 0.000514195 0.000346437 0.000221507 0.000134426 7.69599e-05 4.1017e-05 1.98593e-05 8.33388e-06 2.72555e-06 4.94617e-07 0 
0 0.000200098 0.000666029 0.000987205 0.000846208 0.000466502 0.000187047 6.19759e-05 1.90198e-05 5.97144e-06 2.0909e-06 8.77373e-07 4.65881e-07 3.24003e-07 2.9903e-07 3.63508e-07 5.67184e-07 1.09093e-06 2.45961e-06 6.15065e-06 1.61369e-05 4.21623e-05 0.000104736 0.000237617 0.000475387 0.000813336 0.00116213 0.00137343 0.00135654 0.00115164 0.000870047 0.000602754 0.000390355 0.000238188 0.000136661 7.28956e-05 3.53047e-05 1.4817e-05 4.84599e-06 8.79432e-07 0 
0 0.000279955 0.000796411 0.000867298 0.000466502 0.000144937 3.08638e-05 5.27633e-06 8.35884e-07 1.40239e-07 2.81373e-08 7.4881e-09 2.86107e-09 1.65002e-09 1.46349e-09 1.97286e-09 3.88756e-09 1.05393e-08 3.64585e-08 1.48186e-07 6.51616e-07 2.87171e-06 1.18742e-05 4.36697e-05 0.000136993 0.00035431 0.000733087 0.00118466 0.00148626 0.00148156 0.00122975 0.000894406 0.000592444 0.00036497 0.000210193 0.000112275 5.44037e-05 2.28365e-05 7.46925e-06 1.35552e-06 0 
0 0.000344654 0.000797002 0.000592551 0.000187047 3.08638e-05 3.25394e-06 2.63852e-07 1.97077e-08 1.61693e-09 1.71637e-10 2.71308e-11 7.11293e-12 3.3106e-12 2.80521e-12 4.25552e-12 1.09497e-11 4.39501e-11 2.48027e-10 1.75623e-09 1.39234e-08 1.11234e-07 8.1817e-07 5.15922e-06 2.64846e-05 0.000106816 0.000329532 0.000758378 0.00127683 0.00158137 0.00150591 0.00118014 0.000809967 0.0005066 0.000293502 0.000157118 7.61907e-05 3.199e-05 1.0464e-05 1.89905e-06 0 
0 0.000385421 0.00069969 0.000342522 6.19759e-05 5.27633e-06 2.63852e-07 9.63523e-09 3.2131e-10 1.22331e-11 6.55625e-13 5.92435e-14 1.03656e-14 3.83188e-15 3.09041e-15 5.31921e-15 1.82161e-14 1.11362e-13 1.06233e-12 1.36456e-11 2.03637e-10 3.07979e-09 4.19882e-08 4.70617e-07 4.06313e-06 2.59574e-05 0.000119989 0.000394784 0.000907345 0.00144298 0.00163376 0.00141582 0.00102139 0.000652853 0.000381483 0.000204854 9.94468e-05 4.17694e-05 1.36644e-05 2.47997e-06 0 
0 0.000402136 0.000565427 0.000182055 1.90198e-05 8.35884e-07 1.97077e-08 3.2131e-10 4.74002e-12 8.30164e-14 2.22905e-15 1.14408e-16 1.32963e-17 3.89358e-18 2.98595e-18 5.83406e-18 2.66542e-17 2.49205e-16 4.04031e-15 9.47508e-14 2.6805e-12 7.73149e-11 1.96802e-09 3.94589e-08 5.75257e-07 5.81546e-06 3.99244e-05 0.000184902 0.000573062 0.00117418 0.00160854 0.00157101 0.00120632 0.000792906 0.000468509 0.000252613 0.000122803 5.16029e-05 1.68838e-05 3.06439e-06 0 
0 0.000400873 0.000440023 9.56832e-05 5.97144e-06 1.40239e-07 1.61693e-09 1.22331e-11 8.30164e-14 6.94225e-16 9.65357e-18 2.89677e-19 2.31286e-20 5.58959e-21 4.12422e-21 8.8582e-21 5.19444e-20 7.22202e-19 1.93767e-17 8.05707e-16 4.18988e-14 2.23488e-12 1.03127e-10 3.5993e-09 8.64334e-08 1.35087e-06 1.34449e-05 8.52689e-05 0.000346304 0.000896305 0.00148053 0.00164076 0.00135097 0.000917184 0.000549095 0.000297493 0.000144859 6.0904e-05 1.99304e-05 3.61753e-06 0 
0 0.00038964 0.000342737 5.28113e-05 2.0909e-06 2.81373e-08 1.71637e-10 6.55625e-13 2.22905e-15 9.65357e-18 7.49582e-20 1.43994e-21 9.16673e-23 2.13014e-23 1.56906e-23 3.34121e-23 2.14026e-22 3.94881e-21 1.63425e-19 1.12984e-17 1.01003e-15 9.3138e-14 7.3013e-12 4.17663e-10 1.56516e-08 3.60641e-07 4.98925e-06 4.16595e-05 0.000213347 0.000674424 0.00131577 0.00164355 0.00145123 0.00101892 0.000618537 0.000336846 0.000164311 6.9122e-05 2.26237e-05 4.10662e-06 0 
0 0.00037537 0.000275485 3.21121e-05 8.77373e-07 7.4881e-09 2.71308e-11 5.92435e-14 1.14408e-16 2.89677e-19 1.43994e-21 2.07572e-23 1.13304e-24 2.48545e-25 1.80967e-25 3.88114e-25 2.64907e-24 5.78928e-23 3.25941e-21 3.38145e-19 4.70703e-17 6.79507e-15 8.22291e-13 7.05276e-11 3.80742e-09 1.20631e-07 2.18552e-06 2.28221e-05 0.000140729 0.000521286 0.00116351 0.00160863 0.00151167 0.00109479 0.000673353 0.0003685 0.000180056 7.5787e-05 2.48094e-05 4.5036e-06 0 
0 0.000362823 0.00023363 2.22844e-05 4.65881e-07 2.86107e-09 7.11293e-12 1.03656e-14 1.32963e-17 2.31286e-20 9.16674e-23 1.13305e-24 4.69222e-26 7.91903e-27 5.40238e-27 1.30496e-26 1.1153e-25 2.93169e-24 1.95816e-22 2.64011e-20 5.04607e-18 1.0076e-15 1.67007e-13 1.92145e-11 1.35196e-09 5.39814e-08 1.18956e-06 1.4604e-05 0.000102881 0.000426513 0.00104848 0.00156315 0.00154148 0.0011444 0.000711422 0.000390914 0.000191276 8.05466e-05 2.63713e-05 4.78734e-06 0 
0 0.000354696 0.00021199 1.80449e-05 3.24003e-07 1.65002e-09 3.3106e-12 3.83188e-15 3.89358e-18 5.58959e-21 2.13014e-23 2.48547e-25 7.91911e-27 8.69729e-28 5.10221e-28 1.58272e-27 1.8504e-26 5.67768e-25 4.04e-23 6.10274e-21 1.38936e-18 3.33787e-16 6.62235e-14 9.01501e-12 7.38443e-10 3.3676e-08 8.30593e-07 1.11916e-05 8.50979e-05 0.000376276 0.000978189 0.00152556 0.00155001 0.0011691 0.000731862 0.000403229 0.000197489 8.31888e-05 2.72391e-05 4.94501e-06 0 
0 0.00035214 0.000207054 1.72009e-05 2.9903e-07 1.46349e-09 2.80521e-12 3.09041e-15 2.98595e-18 4.12422e-21 1.56907e-23 1.80969e-25 5.40245e-27 5.10225e-28 2.77275e-28 9.54431e-28 1.23106e-26 3.92385e-25 2.81921e-23 4.33713e-21 1.0235e-18 2.55882e-16 5.28062e-14 7.46216e-12 6.32504e-10 2.97303e-08 7.5252e-07 1.03619e-05 8.02379e-05 0.000360574 0.000951779 0.00150454 0.00154359 0.0011707 0.000734763 0.000405253 0.000198557 8.36501e-05 2.73913e-05 4.97273e-06 0 
0 0.000355199 0.000217418 1.92251e-05 3.63508e-07 1.97286e-09 4.25552e-12 5.31921e-15 5.83406e-18 8.8582e-21 3.34122e-23 3.88117e-25 1.30497e-26 1.58272e-27 9.54425e-28 2.77982e-27 3.01484e-26 8.93341e-25 6.27562e-23 9.15263e-21 1.9638e-18 4.43621e-16 8.30435e-14 1.07222e-11 8.38311e-10 3.67413e-08 8.76944e-07 1.15114e-05 8.58114e-05 0.000374211 0.00096495 0.00150019 0.00152416 0.00115068 0.000720927 0.000397393 0.000194674 8.20107e-05 2.68543e-05 4.87523e-06 0 
0 0.000363054 0.000243584 2.48135e-05 5.67184e-07 3.88756e-09 1.09497e-11 1.82161e-14 2.66542e-17 5.19444e-20 2.14026e-22 2.64908e-24 1.1153e-25 1.85039e-26 1.23105e-26 3.01483e-26 2.56815e-25 6.59884e-24 4.23087e-22 5.23939e-20 8.99511e-18 1.6136e-15 2.41768e-13 2.53778e-11 1.6473e-09 6.14121e-08 1.27904e-06 1.50185e-05 0.000102369 0.000415358 0.00101066 0.00150517 0.00148944 0.00110994 0.000691704 0.000380563 0.000186317 7.84761e-05 2.56957e-05 4.66483e-06 0 
0 0.000374079 0.000287478 3.60977e-05 1.09093e-06 1.05393e-08 4.39501e-11 1.11362e-13 2.49205e-16 7.22202e-19 3.94881e-21 5.78929e-23 2.93168e-24 5.67766e-25 3.92383e-25 8.93338e-25 6.59883e-24 1.45119e-22 7.58045e-21 6.99694e-19 8.58686e-17 1.09571e-14 1.18084e-12 9.11783e-11 4.48891e-09 1.31531e-07 2.23577e-06 2.22269e-05 0.000132499 0.000482461 0.00107647 0.00150513 0.00143394 0.00104908 0.00064892 0.000356087 0.000174189 7.33504e-05 2.40158e-05 4.3598e-06 0 
0 0.000385829 0.000351552 5.74113e-05 2.45961e-06 3.64585e-08 2.48027e-10 1.06233e-12 4.04031e-15 1.93767e-17 1.63425e-19 3.25941e-21 1.95816e-22 4.04e-23 2.8192e-23 6.27562e-23 4.23086e-22 7.58045e-21 2.87535e-19 1.79266e-17 1.44246e-15 1.201e-13 8.55683e-12 4.48882e-10 1.559e-08 3.3681e-07 4.42461e-06 3.55999e-05 0.000178956 0.000568331 0.00113967 0.00147937 0.00135077 0.000968981 0.000594834 0.000325582 0.000159148 6.70034e-05 2.19368e-05 3.98234e-06 0 
0 0.000395106 0.000437135 9.64938e-05 6.15065e-06 1.48186e-07 1.75623e-09 1.36456e-11 9.47508e-14 8.05707e-16 1.12984e-17 3.38145e-19 2.64011e-20 6.10274e-21 4.33713e-21 9.15263e-21 5.23939e-20 6.99694e-19 1.79266e-17 7.11818e-16 3.54065e-14 1.81071e-12 8.03197e-11 2.70188e-09 6.2709e-08 9.50821e-07 9.24362e-06 5.80401e-05 0.000239126 0.000649948 0.00116231 0.00140262 0.0012334 0.000871175 0.000532049 0.000290822 0.000142122 5.98357e-05 1.95907e-05 3.5565e-06 0 
0 0.000398263 0.000541814 0.000165518 1.61369e-05 6.51616e-07 1.39234e-08 2.03637e-10 2.6805e-12 4.18988e-14 1.01003e-15 4.70703e-17 5.04607e-18 1.38936e-18 1.0235e-18 1.9638e-18 8.99511e-18 8.58686e-17 1.44246e-15 3.54065e-14 1.0537e-12 3.19638e-11 8.51086e-10 1.76743e-08 2.63535e-07 2.69398e-06 1.86464e-05 8.84063e-05 0.00029215 0.000676124 0.0010908 0.00124858 0.00107691 0.00075786 0.000463311 0.000253605 0.000124042 5.22453e-05 1.71085e-05 3.10609e-06 0 
0 0.000391834 0.000656368 0.000280091 4.21623e-05 2.87171e-06 1.11234e-07 3.07979e-09 7.73149e-11 2.23488e-12 9.3138e-14 6.79507e-15 1.0076e-15 3.33787e-16 2.55882e-16 4.43621e-16 1.6136e-15 1.09571e-14 1.201e-13 1.81071e-12 3.19638e-11 5.68408e-10 8.93468e-09 1.11789e-07 1.03376e-06 6.797e-06 3.17612e-05 0.000108776 0.000283453 0.00056972 0.000869684 0.000996253 0.000878604 0.000631566 0.000391279 0.000215613 0.000105767 4.45991e-05 1.46108e-05 2.65302e-06 0 
0 0.000373435 0.000763053 0.000452921 0.000104736 1.18742e-05 8.1817e-07 4.19882e-08 1.96802e-09 1.03127e-10 7.3013e-12 8.22291e-13 1.67007e-13 6.62235e-14 5.28062e-14 8.30435e-14 2.41768e-13 1.18084e-12 8.55683e-12 8.03197e-11 8.51086e-10 8.93468e-09 8.26214e-08 6.08442e-07 3.30011e-06 1.26773e-05 3.54001e-05 7.92492e-05 0.000159625 0.000300982 0.000496733 0.000648466 0.000640924 0.000495274 0.000318417 0.00017834 8.80443e-05 3.72124e-05 1.22006e-05 2.21596e-06 0 
0 0.000342631 0.000838033 0.000679795 0.000237617 4.36697e-05 5.15922e-06 4.70617e-07 3.94589e-08 3.5993e-09 4.17663e-10 7.05276e-11 1.92145e-11 9.01501e-12 7.46216e-12 1.07222e-11 2.53778e-11 9.11783e-11 4.48882e-10 2.70188e-09 1.76743e-08 1.11789e-07 6.08442e-07 2.52534e-06 7.08401e-06 1.24712e-05 1.4911e-05 1.64037e-05 2.41706e-05 5.35038e-05 0.000137239 0.000282228 0.00038458 0.000354702 0.000247314 0.000143096 7.14862e-05 3.0336e-05 9.95906e-06 1.80958e-06 0 
0 0.000301354 0.000859379 0.000923536 0.000475387 0.000136993 2.64846e-05 4.06313e-06 5.75257e-07 8.64334e-08 1.56516e-08 3.80742e-09 1.35196e-09 7.38443e-10 6.32504e-10 8.38311e-10 1.6473e-09 4.48891e-09 1.559e-08 6.2709e-08 2.63535e-07 1.03376e-06 3.30011e-06 7.08401e-06 7.89127e-06 3.65478e-06 8.1919e-07 2.07475e-07 1.87089e-07 8.5012e-07 8.34397e-06 5.7418e-05 0.000166679 0.000223061 0.000181459 0.000111097 5.6568e-05 2.41515e-05 7.94352e-06 1.44415e-06 0 
0 0.000253542 0.000817542 0.00111468 0.000813336 0.00035431 0.000106816 2.59574e-05 5.81546e-06 1.35087e-06 3.60641e-07 1.20631e-07 5.39814e-08 3.3676e-08 2.97303e-08 3.67413e-08 6.14121e-08 1.31531e-07 3.3681e-07 9.50821e-07 2.69398e-06 6.797e-06 1.26773e-05 1.24712e-05 3.65478e-06 1.71741e-07 1.57491e-09 2.13025e-11 8.07495e-12 2.12912e-10 4.22477e-08 3.70487e-06 4.67055e-05 0.000120502 0.000125504 8.34875e-05 4.36271e-05 1.87714e-05 6.18797e-06 1.12572e-06 0 
0 0.000204047 0.000721004 0.00118484 0.00116213 0.000733087 0.000329532 0.000119989 3.99244e-05 1.34449e-05 4.98925e-06 2.18552e-06 1.18956e-06 8.30593e-07 7.5252e-07 8.76944e-07 1.27904e-06 2.23577e-06 4.42461e-06 9.24362e-06 1.86464e-05 3.17612e-05 3.54001e-05 1.4911e-05 8.1919e-07 1.57491e-09 1.2571e-13 6.5518e-17 4.91446e-16 9.51483e-16 2.12991e-11 8.94351e-08 9.4311e-06 5.89425e-05 8.34897e-05 6.11115e-05 3.28385e-05 1.42413e-05 4.70492e-06 8.56437e-07 0 
0 0.00015732 0.000592118 0.0011128 0.00137343 0.00118466 0.000758378 0.000394784 0.000184902 8.52689e-05 4.16595e-05 2.28221e-05 1.4604e-05 1.11916e-05 1.03619e-05 1.15114e-05 1.50185e-05 2.22269e-05 3.55999e-05 5.80401e-05 8.84063e-05 0.000108776 7.92492e-05 1.64037e-05 2.07475e-07 2.13025e-11 6.55179e-17 2.01628e-18 8.55096e-18 4.28276e-17 1.98857e-14 3.13819e-09 2.28042e-06 3.07313e-05 5.59848e-05 4.41024e-05 2.41827e-05 1.05446e-05 3.48867e-06 6.35287e-07 0 
0 0.000116465 0.000456316 0.000936309 0.00135654 0.00148626 0.00127683 0.000907345 0.000573062 0.000346304 0.000213347 0.000140729 0.000102881 8.50979e-05 8.02379e-05 8.58114e-05 0.000102369 0.000132499 0.000178956 0.000239126 0.00029215 0.000283453 0.000159625 2.41706e-05 1.87089e-07 8.07495e-12 4.91445e-16 8.551e-18 2.68586e-18 2.8726e-17 2.69185e-15 1.09241e-09 1.28282e-06 2.07002e-05 3.97578e-05 3.17339e-05 1.74522e-05 7.61462e-06 2.51961e-06 4.58832e-07 0 
0 8.2953e-05 0.000332768 0.000719434 0.00115164 0.00148156 0.00158137 0.00144298 0.00117418 0.000896305 0.000674424 0.000521286 0.000426513 0.000376276 0.000360574 0.000374211 0.000415358 0.000482461 0.000568331 0.000649948 0.000676124 0.00056972 0.000300982 5.35038e-05 8.5012e-07 2.12912e-10 9.51483e-16 4.28276e-17 2.87259e-17 1.21938e-17 2.16206e-13 6.73935e-09 2.03508e-06 1.89565e-05 3.02228e-05 2.27879e-05 1.23273e-05 5.35361e-06 1.76917e-06 3.22059e-07 0 
0 5.68977e-05 0.000231184 0.000514195 0.000870047 0.00122975 0.00150591 0.00163376 0.00160854 0.00148053 0.00131577 0.00116351 0.00104848 0.000978189 0.000951779 0.00096495 0.00101066 0.00107647 0.00113967 0.00116231 0.0010908 0.000869684 0.000496733 0.000137239 8.34397e-06 4.22477e-08 2.12991e-11 1.98857e-14 2.69185e-15 2.16206e-13 3.46742e-10 1.72874e-07 5.52128e-06 2.03646e-05 2.36081e-05 1.61328e-05 8.48067e-06 3.6533e-06 1.20455e-06 2.19139e-07 0 
0 3.75537e-05 0.000153572 0.000346437 0.000602754 0.000894406 0.00118014 0.00141582 0.00157101 0.00164076 0.00164355 0.00160863 0.00156315 0.00152556 0.00150454 0.00150019 0.00150517 0.00150513 0.00147937 0.00140262 0.00124858 0.000996253 0.000648466 0.000282228 5.7418e-05 3.70487e-06 8.94351e-08 3.13819e-09 1.09241e-09 6.73935e-09 1.72874e-07 2.8065e-06 1.30077e-05 2.0823e-05 1.78449e-05 1.10571e-05 5.64194e-06 2.4093e-06 7.92392e-07 1.44054e-07 0 
0 2.37828e-05 9.75527e-05 0.000221507 0.000390355 0.000592444 0.000809967 0.00102139 0.00120632 0.00135097 0.00145123 0.00151167 0.00154148 0.00155001 0.00154359 0.00152416 0.00148944 0.00143394 0.00135077 0.0012334 0.00107691 0.000878604 0.000640924 0.00038458 0.000166679 4.67055e-05 9.4311e-06 2.28042e-06 1.28282e-06 2.03508e-06 5.52128e-06 1.30077e-05 1.91105e-05 1.79803e-05 1.25302e-05 7.22567e-06 3.60221e-06 1.52724e-06 5.01207e-07 9.10593e-08 0 
0 1.43732e-05 5.9035e-05 0.000134426 0.000238188 0.00036497 0.0005066 0.000652853 0.000792906 0.000917184 0.00101892 0.00109479 0.0011444 0.0011691 0.0011707 0.00115068 0.00110994 0.00104908 0.000968981 0.000871175 0.00075786 0.000631566 0.000495274 0.000354702 0.000223061 0.000120502 5.89425e-05 3.07313e-05 2.07002e-05 1.89565e-05 2.03646e-05 2.0823e-05 1.79803e-05 1.29609e-05 8.06873e-06 4.4592e-06 2.19037e-06 9.24134e-07 3.02812e-07 5.49886e-08 0 
0 8.2147e-06 3.37593e-05 7.69599e-05 0.000136661 0.000210193 0.000293502 0.000381483 0.000468509 0.000549095 0.000618537 0.000673353 0.000711422 0.000731862 0.000734763 0.000720927 0.000691704 0.00064892 0.000594834 0.000532049 0.000463311 0.000391279 0.000318417 0.000247314 0.000181459 0.000125504 8.34897e-05 5.59848e-05 3.97578e-05 3.02228e-05 2.36081e-05 1.78449e-05 1.25302e-05 8.06873e-06 4.76771e-06 2.57904e-06 1.25666e-06 5.28687e-07 1.73069e-07 3.14184e-08 0 
0 4.37522e-06 1.79845e-05 4.1017e-05 7.28956e-05 0.000112275 0.000157118 0.000204854 0.000252613 0.000297493 0.000336846 0.0003685 0.000390914 0.000403229 0.000405253 0.000397393 0.000380563 0.000356087 0.000325582 0.000290822 0.000253605 0.000215613 0.00017834 0.000143096 0.000111097 8.34875e-05 6.11115e-05 4.41024e-05 3.17339e-05 2.27879e-05 1.61328e-05 1.10571e-05 7.22567e-06 4.4592e-06 2.57904e-06 1.38184e-06 6.70703e-07 2.81756e-07 9.2186e-08 1.67321e-08 0 
0 2.11783e-06 8.70618e-06 1.98593e-05 3.53047e-05 5.44037e-05 7.61907e-05 9.94468e-05 0.000122803 0.000144859 0.000164311 0.000180056 0.000191276 0.000197489 0.000198557 0.000194674 0.000186317 0.000174189 0.000159148 0.000142122 0.000124042 0.000105767 8.80443e-05 7.14862e-05 5.6568e-05 4.36271e-05 3.28385e-05 2.41827e-05 1.74522e-05 1.23273e-05 8.48067e-06 5.64194e-06 3.60221e-06 2.19037e-06 1.25666e-06 6.70703e-07 3.24987e-07 1.3643e-07 4.4626e-08 8.099e-09 0 
0 8.88657e-07 3.65329e-06 8.33388e-06 1.4817e-05 2.28365e-05 3.199e-05 4.17694e-05 5.16029e-05 6.0904e-05 6.9122e-05 7.5787e-05 8.05466e-05 8.31888e-05 8.36501e-05 8.20107e-05 7.84761e-05 7.33504e-05 6.70034e-05 5.98357e-05 5.22453e-05 4.45991e-05 3.72124e-05 3.0336e-05 2.41515e-05 1.87714e-05 1.42413e-05 1.05446e-05 7.61462e-06 5.35361e-06 3.6533e-06 2.4093e-06 1.52724e-06 9.24134e-07 5.28687e-07 2.81756e-07 1.3643e-07 5.72563e-08 1.87262e-08 3.39838e-09 0 
0 2.90621e-07 1.19476e-06 2.72555e-06 4.84599e-06 7.46925e-06 1.0464e-05 1.36644e-05 1.68838e-05 1.99304e-05 2.26237e-05 2.48094e-05 2.63713e-05 2.72391e-05 2.73913e-05 2.68543e-05 2.56957e-05 2.40158e-05 2.19368e-05 1.95907e-05 1.71085e-05 1.46108e-05 1.22006e-05 9.95906e-06 7.94352e-06 6.18797e-06 4.70492e-06 3.48867e-06 2.51961e-06 1.76917e-06 1.20455e-06 7.92392e-07 5.01207e-07 3.02812e-07 1.73069e-07 9.2186e-08 4.4626e-08 1.87262e-08 6.12424e-09 1.11139e-09 0 
0 5.27397e-08 2.16817e-07 4.94617e-07 8.79432e-07 1.35552e-06 1.89905e-06 2.47997e-06 3.06439e-06 3.61753e-06 4.10662e-06 4.5036e-06 4.78734e-06 4.94501e-06 4.97273e-06 4.87523e-06 4.66483e-06 4.3598e-06 3.98234e-06 3.5565e-06 3.10609e-06 2.65302e-06 2.21596e-06 1.80958e-06 1.44415e-06 1.12572e-06 8.56437e-07 6.35287e-07 4.58832e-07 3.22059e-07 2.19139e-07 1.44054e-07 9.10593e-08 5.49886e-08 3.14184e-08 1.67321e-08 8.099e-09 3.39838e-09 1.11139e-09 2.01687e-10 0 
0 0 0 0 0 0 0 0 0 0 0 0 0 0 0 0 0 0 0 0 0 0 0 0 0 0 0 0 0 0 0 0 0 0 0 0 0 0 0 0 0 
