0 0 0 0 0 0 0 0 0 0 0 0 0 0 0 0 0 0 0 0 0 0 0 0 0 0 0 0 0 0 0 0 0 0 0 0 0 0 0 0 0 
0 1.33359e-05 5.2637e-05 0.000111417 0.000175635 0.00022846 0.00025879 0.000265724 0.000255785 0.00023743 0.000217456 0.00020005 0.000187278 0.000179903 0.000178023 0.000181431 0.000189717 0.000202204 0.000217764 0.000234631 0.000250305 0.000261695 0.000265607 0.000259525 0.000242484 0.000215614 0.000182003 0.000145824 0.000111096 8.0707e-05 5.60542e-05 3.72685e-05 2.36959e-05 1.43492e-05 8.20878e-06 4.37391e-06 2.11758e-06 8.88616e-07 2.90616e-07 5.27393e-08 0 
0 5.2637e-05 0.000196059 0.000370506 0.000484568 0.000485766 0.000401338 0.000292418 0.000199588 0.000134229 9.26727e-05 6.78369e-05 5.39102e-05 4.72074e-05 4.58198e-05 4.91685e-05 5.77499e-05 7.30634e-05 9.75864e-05 0.000134553 0.000187168 0.000256876 0.000340695 0.000428603 0.000503303 0.000544827 0.000539505 0.000487849 0.000404591 0.000310476 0.00022276 0.000150753 9.67108e-05 5.88096e-05 3.37052e-05 1.79729e-05 8.70402e-06 3.65295e-06 1.19472e-06 2.16815e-07 0 
0 0.000111417 0.000370506 0.000560934 0.000517428 0.000330033 0.000163781 7.03032e-05 2.85147e-05 1.17831e-05 5.29578e-06 2.73394e-06 1.68975e-06 1.28341e-06 1.20966e-06 1.40632e-06 1.97646e-06 3.25459e-06 6.0404e-06 1.21102e-05 2.51365e-05 5.19233e-05 0.000103102 0.000191106 0.000322526 0.000484973 0.000638005 0.000725856 0.000713839 0.000614358 0.000472592 0.000332314 0.000217316 0.000133324 7.6702e-05 4.09634e-05 1.98496e-05 8.33239e-06 2.72538e-06 4.94606e-07 0 
0 0.000175635 0.000484568 0.000517428 0.000288638 0.000100866 2.59108e-05 5.58639e-06 1.13781e-06 2.44756e-07 6.16156e-08 1.98176e-08 8.70794e-09 5.45193e-09 4.93852e-09 6.40272e-09 1.14844e-08 2.70466e-08 7.83883e-08 2.60481e-07 9.24666e-07 3.28515e-06 1.10482e-05 3.36587e-05 8.99288e-05 0.000205752 0.000395108 0.000624775 0.00080255 0.000839561 0.000732616 0.000553588 0.000375524 0.000234309 0.000135768 7.27142e-05 3.52725e-05 1.48122e-05 4.84545e-06 8.79399e-07 0 
0 0.00022846 0.000485766 0.000330033 0.000100866 1.74075e-05 2.03529e-06 1.89723e-07 1.65835e-08 1.5966e-09 1.96792e-10 3.53334e-11 1.01983e-11 5.03284e-12 4.34122e-12 6.43716e-12 1.5593e-11 5.70624e-11 2.86397e-10 1.77363e-09 1.21934e-08 8.43905e-08 5.40807e-07 3.00572e-06 1.38415e-05 5.13817e-05 0.000151456 0.000350305 0.000626141 0.000854876 0.000901244 0.000764514 0.000551421 0.00035411 0.000207709 0.000111778 5.43175e-05 2.2824e-05 7.46787e-06 1.35543e-06 0 
0 0.00025879 0.000401338 0.000163781 2.59108e-05 2.03529e-06 9.7366e-08 3.4844e-09 1.15863e-10 4.45414e-12 2.42991e-13 2.24321e-14 4.00812e-15 1.50755e-15 1.22967e-15 2.1251e-15 7.2521e-15 4.38767e-14 4.12015e-13 5.19224e-12 7.59253e-11 1.12582e-09 1.50775e-08 1.66496e-07 1.42243e-06 9.0645e-06 4.25069e-05 0.000146655 0.000371835 0.000685695 0.000915138 0.000909531 0.000717561 0.000481348 0.000287695 0.000155965 7.59937e-05 3.19619e-05 1.0461e-05 1.89887e-06 0 
0 0.000265724 0.000292418 7.03032e-05 5.58639e-06 1.89723e-07 3.4844e-09 4.47059e-11 5.28199e-13 7.6031e-15 1.73417e-16 7.86286e-18 8.52154e-19 2.4925e-19 1.94149e-19 3.81261e-19 1.82815e-18 1.88515e-17 3.45942e-16 9.3213e-15 3.05611e-13 1.02443e-11 3.02228e-10 6.97041e-09 1.15593e-07 1.31304e-06 1.00483e-05 5.21948e-05 0.000187079 0.000465686 0.000799778 0.000957871 0.000847442 0.00060285 0.000369789 0.000202537 9.90542e-05 4.17141e-05 1.36585e-05 2.47963e-06 0 
0 0.000255785 0.000199588 2.85147e-05 1.13781e-06 1.65835e-08 1.15863e-10 5.28199e-13 2.19869e-15 1.17582e-17 1.14702e-19 4.18825e-21 9.0806e-22 4.62631e-22 3.98278e-22 5.54569e-22 1.3313e-21 9.12896e-21 2.63938e-19 1.5145e-17 1.12042e-15 8.54614e-14 5.59187e-12 2.71266e-10 8.79587e-09 1.79335e-07 2.24971e-06 1.75547e-05 8.78202e-05 0.000289562 0.000633346 0.000920092 0.000926224 0.000706966 0.00044787 0.0002485 0.000122109 5.15061e-05 1.68736e-05 3.06381e-06 0 
0 0.00023743 0.000134229 1.17831e-05 2.44756e-07 1.5966e-09 4.45414e-12 7.6031e-15 1.17582e-17 2.58564e-20 2.63216e-22 2.5558e-23 1.05734e-23 7.9339e-24 7.33063e-24 8.04123e-24 1.15931e-23 3.76595e-23 4.58832e-22 3.38211e-20 5.30202e-18 8.82506e-16 1.22996e-13 1.209e-11 7.41627e-10 2.63915e-08 5.30258e-07 6.08806e-06 4.15532e-05 0.000176549 0.000479172 0.000833613 0.000955654 0.000786734 0.00051672 0.000290975 0.000143761 6.07517e-05 1.99144e-05 3.61663e-06 0 
0 0.000217456 9.26727e-05 5.29578e-06 6.16156e-08 1.96792e-10 2.42991e-13 1.73417e-16 1.14702e-19 2.63216e-22 5.03052e-24 7.79494e-25 4.60912e-25 4.22681e-25 4.06237e-25 3.92009e-25 4.23266e-25 7.9704e-25 5.01498e-24 2.09063e-22 4.54946e-20 1.4958e-17 4.07914e-15 7.5062e-13 8.11271e-11 4.73801e-09 1.44818e-07 2.34528e-06 2.10634e-05 0.000111382 0.000362603 0.000736243 0.000949796 0.000841081 0.000572832 0.000327525 0.000162739 6.89045e-05 2.26011e-05 4.10534e-06 0 
0 0.00020005 6.78369e-05 2.73394e-06 1.98176e-08 3.53334e-11 2.24321e-14 7.86286e-18 4.18825e-21 2.55581e-23 7.79495e-25 8.60153e-26 4.13655e-26 3.93765e-26 3.84033e-26 3.4674e-26 3.22881e-26 4.9228e-26 2.82997e-25 8.15494e-24 1.08832e-21 5.31276e-19 2.50208e-16 7.68201e-14 1.31858e-11 1.15444e-09 4.97378e-08 1.06757e-06 1.19975e-05 7.56673e-05 0.000284262 0.000651894 0.000926391 0.000873586 0.00061463 0.000356366 0.000178002 7.55034e-05 2.478e-05 4.50195e-06 0 
0 0.000187278 5.39102e-05 1.68975e-06 8.70794e-09 1.01983e-11 4.00812e-15 8.52154e-19 9.08061e-22 1.05734e-23 4.60914e-25 4.13657e-26 8.25754e-27 5.13531e-27 4.69114e-27 4.0856e-27 3.83169e-27 8.14749e-27 6.66311e-26 1.49055e-24 1.15321e-22 4.81954e-20 3.31739e-17 1.47358e-14 3.53157e-12 4.14173e-10 2.28677e-08 6.01753e-07 7.95202e-06 5.69102e-05 0.000236537 0.000590852 0.000900244 0.0008899 0.000642082 0.000376423 0.000188815 8.02068e-05 2.63361e-05 4.78536e-06 0 
0 0.000179903 4.72074e-05 1.28341e-06 5.45193e-09 5.03284e-12 1.50755e-15 2.4925e-19 4.62631e-22 7.93392e-24 4.22683e-25 3.93767e-26 5.13533e-27 1.22366e-27 7.10702e-28 5.9559e-28 8.29303e-28 3.78929e-27 3.75659e-26 7.20649e-25 4.13733e-23 1.26219e-20 1.04802e-17 5.74052e-15 1.66279e-12 2.30229e-10 1.46363e-08 4.32466e-07 6.26644e-06 4.8176e-05 0.000211932 0.000555412 0.000880758 0.000895319 0.000656011 0.000387254 0.000194767 8.28128e-05 2.72001e-05 4.94283e-06 0 
0 0.000178023 4.58198e-05 1.20966e-06 4.93852e-09 4.34122e-12 1.22967e-15 1.94149e-19 3.98278e-22 7.33065e-24 4.06239e-25 3.84035e-26 4.69117e-27 7.10705e-28 1.87027e-28 1.48029e-28 4.59238e-28 3.18263e-27 3.29352e-26 6.15329e-25 3.34112e-23 9.501e-21 8.16456e-18 4.67218e-15 1.4082e-12 2.01912e-10 1.32235e-08 4.00391e-07 5.91529e-06 4.61659e-05 0.000205565 0.000544598 0.00087217 0.000893274 0.000657424 0.000388908 0.000195767 8.32642e-05 2.73514e-05 4.97049e-06 0 
0 0.000181431 4.91685e-05 1.40632e-06 6.40272e-09 6.43716e-12 2.1251e-15 3.81261e-19 5.5457e-22 8.04125e-24 3.9201e-25 3.46741e-26 4.08562e-27 5.95592e-28 1.48029e-28 1.38975e-28 5.11382e-28 3.66187e-27 4.01687e-26 8.42538e-25 5.51609e-23 1.95206e-20 1.52627e-17 7.76905e-15 2.10693e-12 2.75453e-10 1.6681e-08 4.73583e-07 6.64695e-06 4.98541e-05 0.00021525 0.000556437 0.000874497 0.00088479 0.000647111 0.000381804 0.000192011 8.16418e-05 2.6816e-05 4.87308e-06 0 
0 0.000189717 5.77499e-05 1.97646e-06 1.14844e-08 1.5593e-11 7.2521e-15 1.82815e-18 1.3313e-21 1.15931e-23 4.23268e-25 3.22882e-26 3.83171e-27 8.29302e-28 4.59236e-28 5.1138e-28 1.16234e-27 6.53201e-27 7.79956e-26 2.17428e-24 2.15332e-22 1.04067e-19 6.30787e-17 2.46713e-14 5.27429e-12 5.59936e-10 2.8417e-08 6.97711e-07 8.72405e-06 5.98216e-05 0.000240816 0.000588182 0.000884132 0.000868611 0.000625557 0.000366653 0.00018394 7.81462e-05 2.56613e-05 4.66289e-06 0 
0 0.000202204 7.30634e-05 3.25459e-06 2.70466e-08 5.70624e-11 4.38767e-14 1.88515e-17 9.12896e-21 3.76596e-23 7.97042e-25 4.92281e-26 8.14748e-27 3.78928e-27 3.18261e-27 3.66185e-27 6.53199e-27 2.68089e-26 3.41808e-25 1.49434e-23 2.74206e-21 1.26114e-18 5.08232e-16 1.34894e-13 2.03149e-11 1.58682e-09 6.20645e-08 1.23019e-06 1.29743e-05 7.79433e-05 0.000282812 0.000634879 0.000893906 0.000841783 0.000593121 0.000344422 0.000172195 7.30727e-05 2.39868e-05 4.35815e-06 0 
0 0.000217764 9.75864e-05 6.0404e-06 7.83883e-08 2.86397e-10 4.12015e-13 3.45942e-16 2.63938e-19 4.58832e-22 5.01499e-24 2.82997e-25 6.66309e-26 3.75658e-26 3.29351e-26 4.01686e-26 7.79953e-26 3.41807e-25 5.58755e-24 4.15035e-22 9.80844e-20 2.84628e-17 6.8319e-15 1.11654e-12 1.08421e-10 5.76348e-09 1.6255e-07 2.46265e-06 2.09771e-05 0.000106724 0.000339744 0.000686464 0.000893022 0.000800528 0.000550337 0.000316325 0.000157562 6.67815e-05 2.19134e-05 3.98101e-06 0 
0 0.000234631 0.000134553 1.21102e-05 2.60481e-07 1.77363e-09 5.19224e-12 9.3213e-15 1.5145e-17 3.38211e-20 2.09063e-22 8.15493e-24 1.49054e-24 7.20647e-25 6.15327e-25 8.42536e-25 2.17428e-24 1.49434e-23 4.15035e-22 4.04089e-20 6.12163e-18 9.70979e-16 1.29125e-13 1.21324e-11 7.12755e-10 2.43456e-08 4.70998e-07 5.23343e-06 3.48587e-05 0.000146564 0.000402141 0.000723787 0.000867503 0.000741293 0.00049819 0.000283783 0.00014091 5.96648e-05 1.95725e-05 3.55546e-06 0 
0 0.000250305 0.000187168 2.51365e-05 9.24666e-07 1.21934e-08 7.59253e-11 3.05611e-13 1.12042e-15 5.30202e-18 4.54946e-20 1.08832e-21 1.15321e-22 4.13732e-23 3.34112e-23 5.51609e-23 2.15332e-22 2.74206e-21 9.80844e-20 6.12163e-18 4.92438e-16 4.08295e-14 2.88588e-12 1.49438e-10 5.08797e-09 1.06959e-07 1.36265e-06 1.07299e-05 5.45575e-05 0.000187209 0.000442189 0.000715463 0.000801815 0.000661712 0.000438235 0.000248352 0.000123128 5.21151e-05 1.70945e-05 3.10528e-06 0 
0 0.000261695 0.000256876 5.19233e-05 3.28515e-06 8.43905e-08 1.12582e-09 1.02443e-11 8.54614e-14 8.82506e-16 1.4958e-17 5.31276e-19 4.81954e-20 1.26219e-20 9.501e-21 1.95206e-20 1.04067e-19 1.26114e-18 2.84628e-17 9.70979e-16 4.08295e-14 1.74962e-12 6.46936e-11 1.80309e-09 3.43367e-08 4.22992e-07 3.35433e-06 1.78433e-05 6.77712e-05 0.000192044 0.000405978 0.00062154 0.000682362 0.00056129 0.000372531 0.000211615 0.000105062 4.44975e-05 1.45998e-05 2.65238e-06 0 
0 0.000265607 0.000340695 0.000103102 1.10482e-05 5.40807e-07 1.50775e-08 3.02228e-10 5.59187e-12 1.22996e-13 4.07914e-15 2.50208e-16 3.31739e-17 1.04802e-17 8.16456e-18 1.52627e-17 6.30787e-17 5.08232e-16 6.8319e-15 1.29125e-13 2.88588e-12 6.46936e-11 1.2528e-09 1.83951e-08 1.84497e-07 1.19333e-06 5.10004e-06 1.62184e-05 4.45826e-05 0.000113182 0.000248855 0.000419813 0.000505271 0.000442281 0.000303551 0.000175086 8.74633e-05 3.71282e-05 1.21915e-05 2.21543e-06 0 
0 0.000259525 0.000428603 0.000191106 3.36587e-05 3.00572e-06 1.66496e-07 6.97041e-09 2.71266e-10 1.209e-11 7.5062e-13 7.68201e-14 1.47358e-14 5.74052e-15 4.67218e-15 7.76905e-15 2.46713e-14 1.34894e-13 1.11654e-12 1.21324e-11 1.49438e-10 1.80309e-09 1.83951e-08 1.3578e-07 6.17755e-07 1.55736e-06 2.36473e-06 3.12686e-06 5.75438e-06 1.72178e-05 6.18585e-05 0.000172132 0.00029401 0.000312291 0.000234418 0.000140194 7.09659e-05 3.02609e-05 9.95098e-06 1.80911e-06 0 
0 0.000242484 0.000503303 0.000322526 8.99288e-05 1.38415e-05 1.42243e-06 1.15593e-07 8.79587e-09 7.41627e-10 8.11271e-11 1.31858e-11 3.53157e-12 1.66279e-12 1.4082e-12 2.10693e-12 5.27429e-12 2.03149e-11 1.08421e-10 7.12755e-10 5.08797e-09 3.43367e-08 1.84497e-07 6.17755e-07 9.18467e-07 4.50189e-07 8.63228e-08 1.83947e-08 1.8115e-08 1.28482e-07 2.33267e-06 2.75401e-05 0.000114842 0.000188595 0.000169546 0.000108335 5.60755e-05 2.40815e-05 7.93612e-06 1.44373e-06 0 
0 0.000215614 0.000544827 0.000484973 0.000205752 5.13817e-05 9.0645e-06 1.31304e-06 1.79335e-07 2.63915e-08 4.73801e-09 1.15444e-09 4.14173e-10 2.30229e-10 2.01912e-10 2.75453e-10 5.59936e-10 1.58682e-09 5.76348e-09 2.43456e-08 1.06959e-07 4.22992e-07 1.19333e-06 1.55736e-06 4.50189e-07 1.30815e-08 4.8469e-11 2.71933e-13 8.61551e-14 5.61674e-12 4.03417e-09 1.06195e-06 2.62675e-05 9.4907e-05 0.000114622 8.08542e-05 4.31615e-05 1.87067e-05 6.18127e-06 1.12534e-06 0 
0 0.000182003 0.000539505 0.000638005 0.000395108 0.000151456 4.25069e-05 1.00483e-05 2.24971e-06 5.30258e-07 1.44818e-07 4.97378e-08 2.28677e-08 1.46363e-08 1.32235e-08 1.6681e-08 2.8417e-08 6.20645e-08 1.6255e-07 4.70998e-07 1.36265e-06 3.35433e-06 5.10004e-06 2.36473e-06 8.63228e-08 4.8469e-11 5.45581e-16 2.24248e-15 2.51788e-15 3.91401e-16 4.04654e-13 1.20586e-08 4.00527e-06 4.24267e-05 7.42602e-05 5.87493e-05 3.24235e-05 1.41847e-05 4.69918e-06 8.56121e-07 0 
0 0.000145824 0.000487849 0.000725856 0.000624775 0.000350305 0.000146655 5.21948e-05 1.75547e-05 6.08806e-06 2.34528e-06 1.06757e-06 6.01753e-07 4.32466e-07 4.00391e-07 4.73583e-07 6.97711e-07 1.23019e-06 2.46265e-06 5.23343e-06 1.07299e-05 1.78433e-05 1.62184e-05 3.12686e-06 1.83947e-08 2.71933e-13 2.24248e-15 2.48522e-16 2.07676e-16 3.72773e-17 1.30906e-16 2.13094e-10 7.58592e-07 2.05648e-05 4.88318e-05 4.2189e-05 2.38484e-05 1.04997e-05 3.48417e-06 6.35042e-07 0 
0 0.000111096 0.000404591 0.000713839 0.00080255 0.000626141 0.000371835 0.000187079 8.78202e-05 4.15532e-05 2.10634e-05 1.19975e-05 7.95202e-06 6.26644e-06 5.91529e-06 6.64695e-06 8.72405e-06 1.29743e-05 2.09771e-05 3.48587e-05 5.45575e-05 6.77712e-05 4.45826e-05 5.75438e-06 1.8115e-08 8.61551e-14 2.51788e-15 2.07676e-16 5.41277e-17 1.00046e-16 3.6991e-15 6.27747e-11 4.04961e-07 1.36922e-05 3.46329e-05 3.03655e-05 1.72152e-05 7.58299e-06 2.51646e-06 4.58661e-07 0 
0 8.0707e-05 0.000310476 0.000614358 0.000839561 0.000854876 0.000685695 0.000465686 0.000289562 0.000176549 0.000111382 7.56673e-05 5.69102e-05 4.8176e-05 4.61659e-05 4.98541e-05 5.98216e-05 7.79433e-05 0.000106724 0.000146564 0.000187209 0.000192044 0.000113182 1.72178e-05 1.28482e-07 5.61674e-12 3.91401e-16 3.72773e-17 1.00046e-16 7.62245e-17 1.78867e-15 6.41083e-10 7.74955e-07 1.33495e-05 2.6855e-05 2.19382e-05 1.21819e-05 5.33419e-06 1.76723e-06 3.21953e-07 0 
0 5.60542e-05 0.00022276 0.000472592 0.000732616 0.000901244 0.000915138 0.000799778 0.000633346 0.000479172 0.000362603 0.000284262 0.000236537 0.000211932 0.000205565 0.00021525 0.000240816 0.000282812 0.000339744 0.000402141 0.000442189 0.000405978 0.000248855 6.18585e-05 2.33267e-06 4.03417e-09 4.04654e-13 1.30906e-16 3.6991e-15 1.78867e-15 1.70062e-11 3.74242e-08 2.87606e-06 1.59231e-05 2.16699e-05 1.56822e-05 8.4042e-06 3.64298e-06 1.20351e-06 2.19081e-07 0 
0 3.72685e-05 0.000150753 0.000332314 0.000553588 0.000764514 0.000909531 0.000957871 0.000920092 0.000833613 0.000736243 0.000651894 0.000590852 0.000555412 0.000544598 0.000556437 0.000588182 0.000634879 0.000686464 0.000723787 0.000715463 0.00062154 0.000419813 0.000172132 2.75401e-05 1.06195e-06 1.20586e-08 2.13094e-10 6.27747e-11 6.41083e-10 3.74242e-08 1.24727e-06 9.03157e-06 1.80052e-05 1.69197e-05 1.08555e-05 5.6076e-06 2.40456e-06 7.91899e-07 1.44026e-07 0 
0 2.36959e-05 9.67108e-05 0.000217316 0.000375524 0.000551421 0.000717561 0.000847442 0.000926224 0.000955654 0.000949796 0.000926391 0.000900244 0.000880758 0.00087217 0.000874497 0.000884132 0.000893906 0.000893022 0.000867503 0.000801815 0.000682362 0.000505271 0.00029401 0.000114842 2.62675e-05 4.00527e-06 7.58592e-07 4.04961e-07 7.74955e-07 2.87606e-06 9.03157e-06 1.60457e-05 1.66927e-05 1.21732e-05 7.14989e-06 3.58902e-06 1.52536e-06 5.01005e-07 9.10476e-08 0 
0 1.43492e-05 5.88096e-05 0.000133324 0.000234309 0.00035411 0.000481348 0.00060285 0.000706966 0.000786734 0.000841081 0.000873586 0.0008899 0.000895319 0.000893274 0.00088479 0.000868611 0.000841783 0.000800528 0.000741293 0.000661712 0.00056129 0.000442281 0.000312291 0.000188595 9.4907e-05 4.24267e-05 2.05648e-05 1.36922e-05 1.33495e-05 1.59231e-05 1.80052e-05 1.66927e-05 1.25304e-05 7.95641e-06 4.43508e-06 2.18602e-06 9.23488e-07 3.0274e-07 5.49842e-08 0 
0 8.20878e-06 3.37052e-05 7.6702e-05 0.000135768 0.000207709 0.000287695 0.000369789 0.00044787 0.00051672 0.000572832 0.00061463 0.000642082 0.000656011 0.000657424 0.000647111 0.000625557 0.000593121 0.000550337 0.00049819 0.000438235 0.000372531 0.000303551 0.000234418 0.000169546 0.000114622 7.42602e-05 4.88318e-05 3.46329e-05 2.6855e-05 2.16699e-05 1.69197e-05 1.21732e-05 7.95641e-06 4.73824e-06 2.57248e-06 1.25542e-06 5.28494e-07 1.73047e-07 3.1417e-08 0 
0 4.37391e-06 1.79729e-05 4.09634e-05 7.27142e-05 0.000111778 0.000155965 0.000202537 0.0002485 0.000290975 0.000327525 0.000356366 0.000376423 0.000387254 0.000388908 0.000381804 0.000366653 0.000344422 0.000316325 0.000283783 0.000248352 0.000211615 0.000175086 0.000140194 0.000108335 8.08542e-05 5.87493e-05 4.2189e-05 3.03655e-05 2.19382e-05 1.56822e-05 1.08555e-05 7.14989e-06 4.43508e-06 2.57248e-06 1.38031e-06 6.70399e-07 2.81706e-07 9.218e-08 1.67317e-08 0 
0 2.11758e-06 8.70402e-06 1.98496e-05 3.52725e-05 5.43175e-05 7.59937e-05 9.90542e-05 0.000122109 0.000143761 0.000162739 0.000178002 0.000188815 0.000194767 0.000195767 0.000192011 0.00018394 0.000172195 0.000157562 0.00014091 0.000123128 0.000105062 8.74633e-05 7.09659e-05 5.60755e-05 4.31615e-05 3.24235e-05 2.38484e-05 1.72152e-05 1.21819e-05 8.4042e-06 5.6076e-06 3.58902e-06 2.18602e-06 1.25542e-06 6.70399e-07 3.24924e-07 1.36419e-07 4.46246e-08 8.0989e-09 0 
0 8.88616e-07 3.65295e-06 8.33239e-06 1.48122e-05 2.2824e-05 3.19619e-05 4.17141e-05 5.15061e-05 6.07517e-05 6.89045e-05 7.55034e-05 8.02068e-05 8.28128e-05 8.32642e-05 8.16418e-05 7.81462e-05 7.30727e-05 6.67815e-05 5.96648e-05 5.21151e-05 4.44975e-05 3.71282e-05 3.02609e-05 2.40815e-05 1.87067e-05 1.41847e-05 1.04997e-05 7.58299e-06 5.33419e-06 3.64298e-06 2.40456e-06 1.52536e-06 9.23488e-07 5.28494e-07 2.81706e-07 1.36419e-07 5.72543e-08 1.87259e-08 3.39836e-09 0 
0 2.90616e-07 1.19472e-06 2.72538e-06 4.84545e-06 7.46787e-06 1.0461e-05 1.36585e-05 1.68736e-05 1.99144e-05 2.26011e-05 2.478e-05 2.63361e-05 2.72001e-05 2.73514e-05 2.6816e-05 2.56613e-05 2.39868e-05 2.19134e-05 1.95725e-05 1.70945e-05 1.45998e-05 1.21915e-05 9.95098e-06 7.93612e-06 6.18127e-06 4.69918e-06 3.48417e-06 2.51646e-06 1.76723e-06 1.20351e-06 7.91899e-07 5.01005e-07 3.0274e-07 1.73047e-07 9.218e-08 4.46246e-08 1.87259e-08 6.1242e-09 1.11139e-09 0 
0 5.27393e-08 2.16815e-07 4.94606e-07 8.79399e-07 1.35543e-06 1.89887e-06 2.47963e-06 3.06381e-06 3.61663e-06 4.10534e-06 4.50195e-06 4.78536e-06 4.94283e-06 4.97049e-06 4.87308e-06 4.66289e-06 4.35815e-06 3.98101e-06 3.55546e-06 3.10528e-06 2.65238e-06 2.21543e-06 1.80911e-06 1.44373e-06 1.12534e-06 8.56121e-07 6.35042e-07 4.58661e-07 3.21953e-07 2.19081e-07 1.44026e-07 9.10476e-08 5.49842e-08 3.1417e-08 1.67317e-08 8.0989e-09 3.39836e-09 1.11139e-09 2.01686e-10 0 
0 0 0 0 0 0 0 0 0 0 0 0 0 0 0 0 0 0 0 0 0 0 0 0 0 0 0 0 0 0 0 0 0 0 0 0 0 0 0 0 0 
