0 0 0 0 0 0 0 0 0 0 0 0 0 0 0 0 0 0 0 0 0 0 0 0 0 0 0 0 0 0 0 0 0 0 0 0 0 0 0 0 0 
0 1.32563e-05 5.19576e-05 0.000108673 0.00016841 0.000214586 0.000237851 0.000239226 0.00022607 0.000206574 0.000186781 0.000170144 0.000158203 0.000151412 0.000149734 0.000152947 0.000160724 0.000172554 0.000187563 0.000204307 0.000220637 0.000233764 0.000240633 0.000238607 0.000226296 0.000204192 0.000174739 0.000141696 0.000109011 7.97718e-05 5.56813e-05 3.7136e-05 2.36537e-05 1.43372e-05 8.20573e-06 4.37322e-06 2.11745e-06 8.88594e-07 2.90614e-07 5.27391e-08 0 
0 5.19576e-05 0.000190311 0.000349259 0.000438379 0.00041931 0.000330913 0.000231431 0.000152469 9.94923e-05 6.69886e-05 4.80801e-05 3.7685e-05 3.275e-05 3.17469e-05 3.42302e-05 4.06183e-05 5.21596e-05 7.09739e-05 9.99766e-05 0.000142379 0.000200394 0.000273007 0.000353384 0.000427685 0.000477655 0.000487832 0.000453898 0.000385639 0.00030146 0.00021907 0.000149439 9.6299e-05 5.86951e-05 3.36769e-05 1.79668e-05 8.70284e-06 3.65276e-06 1.1947e-06 2.16813e-07 0 
0 0.000108673 0.000349259 0.000498934 0.000427326 0.000252868 0.000117227 4.73033e-05 1.81189e-05 7.10529e-06 3.05058e-06 1.51766e-06 9.13573e-07 6.83789e-07 6.42861e-07 7.54211e-07 1.08094e-06 1.83106e-06 3.51912e-06 7.33778e-06 1.58749e-05 3.41948e-05 7.07687e-05 0.00013667 0.000240542 0.000378216 0.000522061 0.000624132 0.000643059 0.000575265 0.00045514 0.000325846 0.000215272 0.000132762 7.65662e-05 4.09345e-05 1.98443e-05 8.33157e-06 2.72528e-06 4.946e-07 0 
0 0.00016841 0.000438379 0.000427326 0.000215152 6.81687e-05 1.59327e-05 3.12671e-06 5.80605e-07 1.14505e-07 2.67e-08 8.07039e-09 3.3922e-09 2.07204e-09 1.86871e-09 2.4598e-09 4.55913e-09 1.12594e-08 3.46054e-08 1.22844e-07 4.67493e-07 1.78046e-06 6.39976e-06 2.07391e-05 5.86576e-05 0.00014172 0.000287916 0.000484322 0.000664678 0.000740544 0.000680019 0.000532095 0.000368434 0.000232343 0.000135298 7.26161e-05 3.52549e-05 1.48096e-05 4.84515e-06 8.7938e-07 0 
0 0.000214586 0.00041931 0.000252868 6.81687e-05 1.03608e-05 1.05998e-06 8.59994e-08 6.54651e-09 5.53349e-10 6.08114e-11 9.94911e-12 2.68701e-12 1.27788e-12 1.095e-12 1.66084e-12 4.22515e-12 1.66006e-11 9.09774e-11 6.22181e-10 4.75034e-09 3.6526e-08 2.58939e-07 1.57932e-06 7.89953e-06 3.15266e-05 9.92454e-05 0.000245264 0.000471858 0.000697825 0.000792845 0.000712222 0.000532598 0.000348703 0.000206408 0.000111509 5.42699e-05 2.2817e-05 7.46709e-06 1.35539e-06 0 
0 0.000237851 0.000330913 0.000117227 1.59327e-05 1.05998e-06 4.2283e-08 1.25017e-09 3.43674e-11 1.10463e-12 5.14666e-14 4.18033e-15 6.8146e-16 2.43511e-16 1.96804e-16 3.50951e-16 1.28165e-15 8.55317e-15 9.06606e-14 1.30979e-12 2.21341e-11 3.79674e-10 5.85166e-09 7.35953e-08 7.0595e-07 4.96908e-06 2.5344e-05 9.41811e-05 0.000257405 0.00051671 0.000755096 0.000812729 0.00067775 0.000469158 0.000284698 0.000155347 7.58855e-05 3.19462e-05 1.04592e-05 1.89877e-06 0 
0 0.000239226 0.000231431 4.73033e-05 3.12671e-06 8.59994e-08 1.25017e-09 1.25408e-11 1.15948e-13 1.32501e-15 2.46523e-17 9.62629e-19 1.08581e-19 4.05963e-20 3.39886e-20 5.45409e-20 2.20865e-19 2.41792e-18 5.16953e-17 1.66214e-15 6.5689e-14 2.65809e-12 9.40788e-11 2.57044e-09 4.96166e-08 6.42414e-07 5.48145e-06 3.11448e-05 0.000120909 0.000327414 0.000619036 0.000816217 0.000778407 0.000579716 0.00036388 0.000201306 9.88398e-05 4.16833e-05 1.36552e-05 2.47943e-06 0 
0 0.00022607 0.000152469 1.81189e-05 5.80605e-07 6.54651e-09 3.43674e-11 1.15948e-13 3.57491e-16 1.44502e-18 1.41482e-20 1.39892e-21 4.81925e-22 3.01201e-22 2.73262e-22 3.2817e-22 6.15907e-22 2.07615e-21 2.97762e-20 1.91437e-18 1.77882e-16 1.70912e-14 1.39814e-12 8.35411e-11 3.26803e-09 7.84116e-08 1.12673e-06 9.81091e-06 5.37069e-05 0.000192769 0.000463808 0.000748031 0.000825079 0.000669174 0.000437714 0.000246347 0.000121734 5.14526e-05 1.68679e-05 3.06348e-06 0 
0 0.000206574 9.94923e-05 7.10529e-06 1.14505e-07 5.53349e-10 1.10463e-12 1.32501e-15 1.44502e-18 3.20655e-21 9.31361e-23 2.63261e-23 1.84688e-23 1.53836e-23 1.45439e-23 1.5071e-23 1.77793e-23 2.53674e-23 1.17911e-22 3.63961e-21 6.34699e-19 1.3828e-16 2.50486e-14 3.14507e-12 2.40646e-10 1.03834e-08 2.4523e-07 3.20775e-06 2.42803e-05 0.000112753 0.000335966 0.000650321 0.000826136 0.000732407 0.000501243 0.000287618 0.000143173 6.06681e-05 1.99056e-05 3.61612e-06 0 
0 0.000186781 6.69886e-05 3.05058e-06 2.67e-08 6.08114e-11 5.14666e-14 2.46523e-17 1.41482e-20 9.31362e-23 5.28974e-24 1.91783e-24 1.75696e-24 1.7152e-24 1.66428e-24 1.58028e-24 1.45554e-24 1.40144e-24 3.20852e-24 4.25145e-23 4.67611e-21 1.89323e-18 6.94151e-16 1.68452e-13 2.33801e-11 1.69924e-09 6.24535e-08 1.17426e-06 1.18563e-05 6.89515e-05 0.000246229 0.000555806 0.000799724 0.000770818 0.000551602 0.000322801 0.000161904 6.87861e-05 2.25886e-05 4.10463e-06 0 
0 0.000170144 4.80801e-05 1.51766e-06 8.07039e-09 9.94911e-12 4.18033e-15 9.62629e-19 1.39892e-21 2.63261e-23 1.91784e-24 4.02935e-25 2.74736e-25 2.7143e-25 2.64783e-25 2.387e-25 1.9491e-25 1.66349e-25 3.55743e-25 3.55831e-24 1.74466e-22 5.77242e-20 3.68567e-17 1.53141e-14 3.45534e-12 3.84391e-10 2.02796e-08 5.13189e-07 6.56038e-06 4.58008e-05 0.000188815 0.000480564 0.000764003 0.000790111 0.000588046 0.000350306 0.000176922 7.53501e-05 2.47639e-05 4.50103e-06 0 
0 0.000158203 3.7685e-05 9.13573e-07 3.3922e-09 2.68701e-12 6.8146e-16 1.08581e-19 4.81925e-22 1.84688e-23 1.75696e-24 2.74737e-25 8.25413e-26 5.56038e-26 4.98013e-26 4.29035e-26 3.40092e-26 3.58581e-26 1.23382e-25 1.20363e-24 3.34836e-23 5.25942e-21 4.41579e-18 2.70331e-15 8.65839e-13 1.30928e-10 8.96607e-09 2.81209e-07 4.26354e-06 3.39525e-05 0.00015499 0.000429 0.000731954 0.000797177 0.000611328 0.000369275 0.000187531 8.00243e-05 2.63169e-05 4.78428e-06 0 
0 0.000151412 3.275e-05 6.83789e-07 2.07204e-09 1.27788e-12 2.43511e-16 4.05963e-20 3.01201e-22 1.53836e-23 1.7152e-24 2.71431e-25 5.56039e-26 1.85e-26 1.13078e-26 8.84204e-27 8.05652e-27 1.59774e-26 8.2632e-26 7.5569e-25 1.56938e-23 1.59019e-21 1.32269e-18 1.00767e-15 3.93618e-13 7.08329e-11 5.624e-09 1.99235e-07 3.32785e-06 2.85525e-05 0.000138023 0.000400321 0.000710768 0.000797734 0.000622824 0.000379443 0.000193357 8.26119e-05 2.7179e-05 4.94164e-06 0 
0 0.000149734 3.17469e-05 6.42861e-07 1.86871e-09 1.095e-12 1.96804e-16 3.39886e-20 2.73262e-22 1.45439e-23 1.66429e-24 2.64783e-25 4.98014e-26 1.13078e-26 3.88514e-27 2.44624e-27 3.4151e-27 1.24293e-26 7.43552e-26 6.74001e-25 1.33497e-23 1.25621e-21 1.02504e-18 8.16835e-16 3.32464e-13 6.20269e-11 5.07847e-09 1.84516e-07 3.14438e-06 2.73949e-05 0.000133991 0.000392487 0.000703204 0.000795157 0.000623796 0.000380958 0.000194328 8.3059e-05 2.73298e-05 4.96927e-06 0 
0 0.000152947 3.42302e-05 7.54211e-07 2.4598e-09 1.66084e-12 3.50951e-16 5.45409e-20 3.2817e-22 1.5071e-23 1.58029e-24 2.38701e-25 4.29036e-26 8.84205e-27 2.44625e-27 1.47217e-27 2.92383e-27 1.28036e-26 8.14115e-26 8.09067e-25 1.90247e-23 2.31294e-21 1.99476e-18 1.40612e-15 5.11894e-13 8.66177e-11 6.52713e-09 2.21474e-07 3.57381e-06 2.98507e-05 0.000141375 0.000403741 0.000708885 0.000790233 0.000614996 0.000374239 0.000190642 8.14465e-05 2.67954e-05 4.87191e-06 0 
0 0.000160724 4.06183e-05 1.08094e-06 4.55913e-09 4.22515e-12 1.28165e-15 2.20865e-19 6.15907e-22 1.77793e-23 1.45554e-24 1.9491e-25 3.40092e-26 8.05652e-27 3.41509e-27 2.92382e-27 4.94128e-27 1.76814e-26 1.14143e-25 1.38953e-24 5.08947e-23 1.13255e-20 8.95626e-18 4.78744e-15 1.35692e-12 1.84398e-10 1.15326e-08 3.35618e-07 4.79218e-06 3.64217e-05 0.000160463 0.000432581 0.000724808 0.000781375 0.000596617 0.000359905 0.000182723 7.79724e-05 2.5643e-05 4.66185e-06 0 
0 0.000172554 5.21596e-05 1.83106e-06 1.12594e-08 1.66006e-11 8.55317e-15 2.41792e-18 2.07615e-21 2.53674e-23 1.40145e-24 1.6635e-25 3.58581e-26 1.59774e-26 1.24293e-26 1.28036e-26 1.76814e-26 4.51297e-26 2.77661e-25 4.76552e-24 3.51387e-22 1.48265e-19 8.12835e-17 2.89135e-14 5.67189e-12 5.5826e-10 2.65398e-08 6.16202e-07 7.35101e-06 4.86326e-05 0.000192568 0.000476504 0.00074506 0.000765106 0.000568528 0.000338771 0.00017118 7.29276e-05 2.39714e-05 4.35727e-06 0 
0 0.000187563 7.09739e-05 3.51912e-06 3.46054e-08 9.09774e-11 9.06606e-14 5.16953e-17 2.97762e-20 1.17911e-22 3.20852e-24 3.55742e-25 1.23382e-25 8.26318e-26 7.43551e-26 8.14113e-26 1.14143e-25 2.77661e-25 1.91173e-24 6.06649e-23 1.04813e-20 3.95015e-18 1.26529e-15 2.70634e-13 3.35054e-11 2.20187e-09 7.42317e-08 1.29877e-06 1.23735e-05 6.88171e-05 0.000238273 0.000529342 0.000760081 0.000736767 0.000530647 0.000311869 0.000156765 6.66673e-05 2.19013e-05 3.98032e-06 0 
0 0.000204307 9.99766e-05 7.33778e-06 1.22844e-07 6.22181e-10 1.30979e-12 1.66214e-15 1.91437e-18 3.63961e-21 4.25145e-23 3.55831e-24 1.20363e-24 7.55689e-25 6.74e-25 8.09066e-25 1.38953e-24 4.76551e-24 6.06649e-23 4.21228e-21 7.88506e-19 1.63623e-16 2.82279e-14 3.3816e-12 2.47365e-10 1.02282e-08 2.32249e-07 2.93486e-06 2.16074e-05 9.85704e-05 0.000292962 0.000576868 0.000756151 0.000691473 0.00048332 0.000280458 0.000140316 5.95793e-05 1.95634e-05 3.55493e-06 0 
0 0.000220637 0.000142379 1.58749e-05 4.67493e-07 4.75034e-09 2.21341e-11 6.5689e-14 1.77882e-16 6.34699e-19 4.67611e-21 1.74466e-22 3.34835e-23 1.56938e-23 1.33496e-23 1.90247e-23 5.08947e-23 3.51387e-22 1.04813e-20 7.88506e-19 8.03166e-17 8.45274e-15 7.52726e-13 4.83725e-11 2.00116e-09 4.98326e-08 7.3135e-07 6.45023e-06 3.58483e-05 0.000132511 0.000337094 0.000591525 0.000716059 0.000625216 0.00042756 0.000245975 0.000122702 5.20533e-05 1.70878e-05 3.10489e-06 0 
0 0.000233764 0.000200394 3.41948e-05 1.78046e-06 3.6526e-08 3.79674e-10 2.65809e-12 1.70912e-14 1.3828e-16 1.89323e-18 5.77242e-20 5.25942e-21 1.59019e-21 1.25621e-21 2.31294e-21 1.13255e-20 1.48265e-19 3.95015e-18 1.63623e-16 8.45274e-15 4.46038e-13 2.0189e-11 6.7987e-10 1.53508e-08 2.19116e-07 1.96368e-06 1.15241e-05 4.73536e-05 0.000143563 0.000324348 0.000532186 0.000622502 0.000535976 0.000365086 0.000209942 0.000104759 4.44533e-05 1.4595e-05 2.65209e-06 0 
0 0.000240633 0.000273007 7.07687e-05 6.39976e-06 2.58939e-07 5.85166e-09 9.40788e-11 1.39814e-12 2.50486e-14 6.94151e-16 3.68567e-17 4.41579e-18 1.32269e-18 1.02504e-18 1.99476e-18 8.95626e-18 8.12835e-17 1.26529e-15 2.82279e-14 7.52726e-13 2.0189e-11 4.6556e-10 8.04526e-09 9.32646e-08 6.81551e-07 3.21384e-06 1.10593e-05 3.25152e-05 8.78738e-05 0.000205477 0.000368208 0.000467405 0.000425128 0.000298291 0.000173877 8.72415e-05 3.70956e-05 1.21879e-05 2.21522e-06 0 
0 0.000238607 0.000353384 0.00013667 2.07391e-05 1.57932e-06 7.35953e-08 2.57044e-09 8.35411e-11 3.14507e-12 1.68452e-13 1.53141e-14 2.70331e-15 1.00767e-15 8.16835e-16 1.40612e-15 4.78744e-15 2.89135e-14 2.70634e-13 3.3816e-12 4.83725e-11 6.7987e-10 8.04526e-09 6.80218e-08 3.46753e-07 9.50562e-07 1.52434e-06 2.09932e-06 4.05927e-06 1.30065e-05 5.04743e-05 0.000150715 0.000272235 0.00030043 0.000230459 0.000139255 7.07922e-05 3.02354e-05 9.9482e-06 1.80895e-06 0 
0 0.000226296 0.000427685 0.000240542 5.86576e-05 7.89953e-06 7.0595e-07 4.96166e-08 3.26803e-09 2.40646e-10 2.33801e-11 3.45534e-12 8.65839e-13 3.93618e-13 3.32464e-13 5.11894e-13 1.35692e-12 5.67189e-12 3.35054e-11 2.47365e-10 2.00116e-09 1.53508e-08 9.32646e-08 3.46753e-07 5.51548e-07 2.73576e-07 5.04073e-08 1.02639e-08 1.02874e-08 8.12459e-08 1.70951e-06 2.29465e-05 0.000104325 0.000180226 0.000166327 0.000107542 5.59292e-05 2.40603e-05 7.93384e-06 1.4436e-06 0 
0 0.000204192 0.000477655 0.000378216 0.00014172 3.15266e-05 4.96908e-06 6.42414e-07 7.84116e-08 1.03834e-08 1.69924e-09 3.84391e-10 1.30928e-10 7.08329e-11 6.20269e-11 8.66177e-11 1.84398e-10 5.5826e-10 2.20187e-09 1.02282e-08 4.98326e-08 2.19116e-07 6.81551e-07 9.50562e-07 2.73576e-07 7.07559e-09 2.10524e-11 9.17249e-14 2.68009e-14 2.33374e-12 2.28918e-09 7.84563e-07 2.28027e-05 8.93427e-05 0.000111933 8.01588e-05 4.30341e-05 1.86886e-05 6.17936e-06 1.12523e-06 0 
0 0.000174739 0.000487832 0.000522061 0.000287916 9.92454e-05 2.5344e-05 5.48145e-06 1.12673e-06 2.4523e-07 6.24535e-08 2.02796e-08 8.96607e-09 5.624e-09 5.07847e-09 6.52713e-09 1.15326e-08 2.65398e-08 7.42317e-08 2.32249e-07 7.3135e-07 1.96368e-06 3.21384e-06 1.52434e-06 5.04073e-08 2.10524e-11 2.57461e-16 2.6692e-15 1.66191e-15 2.49852e-15 1.55712e-13 7.4262e-09 3.25322e-06 3.91281e-05 7.21017e-05 5.81558e-05 3.23155e-05 1.41697e-05 4.69763e-06 8.56035e-07 0 
0 0.000141696 0.000453898 0.000624132 0.000484322 0.000245264 9.41811e-05 3.11448e-05 9.81091e-06 3.20775e-06 1.17426e-06 5.13189e-07 2.81209e-07 1.99235e-07 1.84516e-07 2.21474e-07 3.35618e-07 6.16202e-07 1.29877e-06 2.93486e-06 6.45023e-06 1.15241e-05 1.10593e-05 2.09932e-06 1.02639e-08 9.17249e-14 2.6692e-15 4.62039e-16 2.55368e-16 2.27109e-16 1.96335e-15 1.1075e-10 5.80758e-07 1.86455e-05 4.72082e-05 4.1721e-05 2.37638e-05 1.04881e-05 3.483e-06 6.34978e-07 0 
0 0.000109011 0.000385639 0.000643059 0.000664678 0.000471858 0.000257405 0.000120909 5.37069e-05 2.42803e-05 1.18563e-05 6.56038e-06 4.26354e-06 3.32785e-06 3.14438e-06 3.57381e-06 4.79218e-06 7.35101e-06 1.23735e-05 2.16074e-05 3.58483e-05 4.73536e-05 3.25152e-05 4.05927e-06 1.02874e-08 2.68009e-14 1.66191e-15 2.55368e-16 2.43654e-16 1.20723e-15 3.20077e-14 3.12673e-11 3.06149e-07 1.23835e-05 3.34799e-05 3.0035e-05 1.71562e-05 7.57499e-06 2.51566e-06 4.58617e-07 0 
0 7.97718e-05 0.00030146 0.000575265 0.000740544 0.000697825 0.00051671 0.000327414 0.000192769 0.000112753 6.89515e-05 4.58008e-05 3.39525e-05 2.85525e-05 2.73949e-05 2.98507e-05 3.64217e-05 4.86326e-05 6.88171e-05 9.85704e-05 0.000132511 0.000143563 8.78738e-05 1.30065e-05 8.12459e-08 2.33374e-12 2.49852e-15 2.27109e-16 1.20723e-15 1.78615e-16 5.56799e-16 3.62677e-10 6.13532e-07 1.2261e-05 2.60908e-05 2.17336e-05 1.2146e-05 5.32934e-06 1.76674e-06 3.21927e-07 0 
0 5.56813e-05 0.00021907 0.00045514 0.000680019 0.000792845 0.000755096 0.000619036 0.000463808 0.000335966 0.000246229 0.000188815 0.00015499 0.000138023 0.000133991 0.000141375 0.000160463 0.000192568 0.000238273 0.000292962 0.000337094 0.000324348 0.000205477 5.04743e-05 1.70951e-06 2.28918e-09 1.55712e-13 1.96335e-15 3.20077e-14 5.56799e-16 8.23706e-12 2.58844e-08 2.45735e-06 1.50018e-05 2.12219e-05 1.55734e-05 8.38539e-06 3.64041e-06 1.20324e-06 2.19066e-07 0 
0 3.7136e-05 0.000149439 0.000325846 0.000532095 0.000712222 0.000812729 0.000816217 0.000748031 0.000650321 0.000555806 0.000480564 0.000429 0.000400321 0.000392487 0.000403741 0.000432581 0.000476504 0.000529342 0.000576868 0.000591525 0.000532186 0.000368208 0.000150715 2.29465e-05 7.84563e-07 7.4262e-09 1.1075e-10 3.12673e-11 3.62677e-10 2.58844e-08 1.02613e-06 8.27094e-06 1.7382e-05 1.67016e-05 1.08067e-05 5.59917e-06 2.40338e-06 7.91777e-07 1.44019e-07 0 
0 2.36537e-05 9.6299e-05 0.000215272 0.000368434 0.000532598 0.00067775 0.000778407 0.000825079 0.000826136 0.000799724 0.000764003 0.000731954 0.000710768 0.000703204 0.000708885 0.000724808 0.00074506 0.000760081 0.000756151 0.000716059 0.000622502 0.000467405 0.000272235 0.000104325 2.28027e-05 3.25322e-06 5.80758e-07 3.06149e-07 6.13532e-07 2.45735e-06 8.27094e-06 1.53818e-05 1.63944e-05 1.20877e-05 7.13145e-06 3.58578e-06 1.52489e-06 5.00955e-07 9.10447e-08 0 
0 1.43372e-05 5.86951e-05 0.000132762 0.000232343 0.000348703 0.000469158 0.000579716 0.000669174 0.000732407 0.000770818 0.000790111 0.000797177 0.000797734 0.000795157 0.000790233 0.000781375 0.000765106 0.000736767 0.000691473 0.000625216 0.000535976 0.000425128 0.00030043 0.000180226 8.93427e-05 3.91281e-05 1.86455e-05 1.23835e-05 1.2261e-05 1.50018e-05 1.7382e-05 1.63944e-05 1.24278e-05 7.92922e-06 4.42919e-06 2.18495e-06 9.23328e-07 3.02722e-07 5.49832e-08 0 
0 8.20573e-06 3.36769e-05 7.65662e-05 0.000135298 0.000206408 0.000284698 0.00036388 0.000437714 0.000501243 0.000551602 0.000588046 0.000611328 0.000622824 0.000623796 0.000614996 0.000596617 0.000568528 0.000530647 0.00048332 0.00042756 0.000365086 0.000298291 0.000230459 0.000166327 0.000111933 7.21017e-05 4.72082e-05 3.34799e-05 2.60908e-05 2.12219e-05 1.67016e-05 1.20877e-05 7.92922e-06 4.73106e-06 2.57087e-06 1.25512e-06 5.28447e-07 1.73041e-07 3.14166e-08 0 
0 4.37322e-06 1.79668e-05 4.09345e-05 7.26161e-05 0.000111509 0.000155347 0.000201306 0.000246347 0.000287618 0.000322801 0.000350306 0.000369275 0.000379443 0.000380958 0.000374239 0.000359905 0.000338771 0.000311869 0.000280458 0.000245975 0.000209942 0.000173877 0.000139255 0.000107542 8.01588e-05 5.81558e-05 4.1721e-05 3.0035e-05 2.17336e-05 1.55734e-05 1.08067e-05 7.13145e-06 4.42919e-06 2.57087e-06 1.37993e-06 6.70325e-07 2.81694e-07 9.21785e-08 1.67316e-08 0 
0 2.11745e-06 8.70284e-06 1.98443e-05 3.52549e-05 5.42699e-05 7.58855e-05 9.88398e-05 0.000121734 0.000143173 0.000161904 0.000176922 0.000187531 0.000193357 0.000194328 0.000190642 0.000182723 0.00017118 0.000156765 0.000140316 0.000122702 0.000104759 8.72415e-05 7.07922e-05 5.59292e-05 4.30341e-05 3.23155e-05 2.37638e-05 1.71562e-05 1.2146e-05 8.38539e-06 5.59917e-06 3.58578e-06 2.18495e-06 1.25512e-06 6.70325e-07 3.24908e-07 1.36416e-07 4.46242e-08 8.09888e-09 0 
0 8.88594e-07 3.65276e-06 8.33157e-06 1.48096e-05 2.2817e-05 3.19462e-05 4.16833e-05 5.14526e-05 6.06681e-05 6.87861e-05 7.53501e-05 8.00243e-05 8.26119e-05 8.3059e-05 8.14465e-05 7.79724e-05 7.29276e-05 6.66673e-05 5.95793e-05 5.20533e-05 4.44533e-05 3.70956e-05 3.02354e-05 2.40603e-05 1.86886e-05 1.41697e-05 1.04881e-05 7.57499e-06 5.32934e-06 3.64041e-06 2.40338e-06 1.52489e-06 9.23328e-07 5.28447e-07 2.81694e-07 1.36416e-07 5.72538e-08 1.87258e-08 3.39836e-09 0 
0 2.90614e-07 1.1947e-06 2.72528e-06 4.84515e-06 7.46709e-06 1.04592e-05 1.36552e-05 1.68679e-05 1.99056e-05 2.25886e-05 2.47639e-05 2.63169e-05 2.7179e-05 2.73298e-05 2.67954e-05 2.5643e-05 2.39714e-05 2.19013e-05 1.95634e-05 1.70878e-05 1.4595e-05 1.21879e-05 9.9482e-06 7.93384e-06 6.17936e-06 4.69763e-06 3.483e-06 2.51566e-06 1.76674e-06 1.20324e-06 7.91777e-07 5.00955e-07 3.02722e-07 1.73041e-07 9.21785e-08 4.46242e-08 1.87258e-08 6.12419e-09 1.11139e-09 0 
0 5.27391e-08 2.16813e-07 4.946e-07 8.7938e-07 1.35539e-06 1.89877e-06 2.47943e-06 3.06348e-06 3.61612e-06 4.10463e-06 4.50103e-06 4.78428e-06 4.94164e-06 4.96927e-06 4.87191e-06 4.66185e-06 4.35727e-06 3.98032e-06 3.55493e-06 3.10489e-06 2.65209e-06 2.21522e-06 1.80895e-06 1.4436e-06 1.12523e-06 8.56035e-07 6.34978e-07 4.58617e-07 3.21927e-07 2.19066e-07 1.44019e-07 9.10447e-08 5.49832e-08 3.14166e-08 1.67316e-08 8.09888e-09 3.39836e-09 1.11139e-09 2.01686e-10 0 
0 0 0 0 0 0 0 0 0 0 0 0 0 0 0 0 0 0 0 0 0 0 0 0 0 0 0 0 0 0 0 0 0 0 0 0 0 0 0 0 0 
