0 0 0 0 0 0 0 0 0 0 0 0 0 0 0 0 0 0 0 0 0 0 0 0 0 0 0 0 0 0 0 0 0 0 0 0 0 0 0 0 0 
0 1.37911e-05 5.66964e-05 0.00012934 0.000229968 0.000354465 0.000496605 0.000648526 0.000801372 0.000946045 0.00107397 0.00117782 0.00125205 0.0012933 0.00130056 0.00127506 0.00122003 0.00114025 0.00104153 0.00093017 0.0008124 0.000693949 0.000579699 0.000473473 0.000377947 0.000294685 0.000224245 0.000166363 0.000120155 8.4327e-05 5.73649e-05 3.7699e-05 2.38242e-05 1.43839e-05 8.21723e-06 4.37575e-06 2.11793e-06 8.88673e-07 2.90623e-07 5.27398e-08 0 
0 5.66964e-05 0.000233084 0.000531728 0.00094542 0.00145724 0.00204159 0.00266615 0.00329451 0.00388928 0.00441521 0.00484213 0.00514729 0.00531689 0.00534673 0.0052419 0.00501565 0.00468766 0.00428183 0.00382402 0.00333985 0.00285289 0.0023832 0.00194649 0.00155378 0.00121148 0.000921892 0.000683935 0.00049397 0.000346676 0.000235833 0.000154984 9.79433e-05 5.91335e-05 3.37818e-05 1.79891e-05 8.70702e-06 3.65342e-06 1.19478e-06 2.16818e-07 0 
0 0.00012934 0.000531728 0.00121301 0.00215676 0.00332436 0.00465742 0.00608221 0.00751568 0.0088725 0.0100723 0.0110462 0.0117424 0.0121293 0.0121973 0.0119582 0.0114421 0.0106938 0.00976801 0.00872361 0.00761911 0.00650821 0.00543672 0.00444047 0.00354459 0.00276371 0.00210308 0.00156024 0.00112688 0.000790862 0.000537998 0.000353561 0.000223435 0.000134899 7.70654e-05 4.10381e-05 1.98631e-05 8.33443e-06 2.72561e-06 4.94621e-07 0 
0 0.000229968 0.00094542 0.00215676 0.00383475 0.00591076 0.00828097 0.0108143 0.013363 0.0157754 0.0179087 0.0196403 0.0208781 0.021566 0.021687 0.0212618 0.0203442 0.0190138 0.0173677 0.0155107 0.0135469 0.0115717 0.00966657 0.00789522 0.00630233 0.00491391 0.00373932 0.00277413 0.00200361 0.00140616 0.000956569 0.000628636 0.000397271 0.000239853 0.000137024 7.29663e-05 3.53168e-05 1.48187e-05 4.84619e-06 8.79444e-07 0 
0 0.000354465 0.00145724 0.00332436 0.00591076 0.00911065 0.012764 0.0166688 0.0205973 0.0243157 0.0276038 0.0302729 0.0321808 0.0332411 0.0334277 0.0327723 0.0313578 0.0293072 0.02677 0.0239077 0.0208807 0.0178362 0.0148997 0.0121694 0.0097142 0.00757414 0.00576366 0.00427595 0.0030883 0.00216742 0.00147442 0.00096896 0.000612341 0.000369702 0.000211204 0.000112468 5.44362e-05 2.28411e-05 7.46975e-06 1.35555e-06 0 
0 0.000496605 0.00204159 0.00465742 0.00828097 0.012764 0.0178824 0.0233529 0.0288568 0.0340663 0.0386729 0.0424123 0.0450852 0.0465707 0.0468321 0.0459139 0.0439322 0.0410593 0.0375046 0.0334946 0.0292538 0.0249885 0.0208745 0.0170494 0.0136096 0.0106114 0.00807488 0.00599061 0.0043267 0.00303655 0.00206567 0.00135751 0.000857889 0.000517952 0.000295896 0.000157567 7.62651e-05 3.20004e-05 1.04651e-05 1.89912e-06 0 
0 0.000648526 0.00266615 0.00608221 0.0108143 0.0166688 0.0233529 0.030497 0.0376845 0.0444878 0.0505036 0.055387 0.0588775 0.0608174 0.0611587 0.0599595 0.0573716 0.0536199 0.0489778 0.0437411 0.038203 0.0326329 0.0272603 0.0222651 0.017773 0.0138576 0.0105451 0.00782324 0.00565032 0.00396548 0.00269759 0.0017728 0.00112033 0.000676403 0.000386416 0.00020577 9.95959e-05 4.17899e-05 1.36666e-05 2.48009e-06 0 
0 0.000801372 0.00329451 0.00751568 0.013363 0.0205973 0.0288568 0.0376845 0.0465661 0.0549727 0.0624063 0.0684405 0.0727536 0.0751506 0.0755722 0.0740903 0.0708925 0.0662566 0.0605205 0.0540498 0.0472066 0.0403238 0.033685 0.0275125 0.0219617 0.0171235 0.0130304 0.00966703 0.00698199 0.00490007 0.00333336 0.00219061 0.00138437 0.000835819 0.000477487 0.000254266 0.000123069 5.1639e-05 1.68875e-05 3.0646e-06 0 
0 0.000946045 0.00388928 0.0088725 0.0157754 0.0243157 0.0340663 0.0444878 0.0549727 0.064897 0.0736725 0.0807958 0.0858873 0.0887167 0.0892142 0.0874646 0.0836894 0.0782167 0.0714453 0.0638066 0.0557283 0.0476031 0.039766 0.0324792 0.0259265 0.0202148 0.0153828 0.0114122 0.00824246 0.00578469 0.00393514 0.00258609 0.0016343 0.000986711 0.000563689 0.00030017 0.000145287 6.09615e-05 1.99363e-05 3.61786e-06 0 
0 0.00107397 0.00441521 0.0100723 0.0179087 0.0276038 0.0386729 0.0505036 0.0624063 0.0736725 0.0836344 0.0917207 0.0975001 0.100712 0.101276 0.0992891 0.0950033 0.0887907 0.0811041 0.072433 0.0632627 0.0540393 0.0451428 0.0368709 0.0294322 0.0229483 0.0174629 0.0129554 0.00935704 0.00656692 0.00446727 0.00293579 0.0018553 0.00112014 0.000639914 0.00034076 0.000164933 6.9205e-05 2.26322e-05 4.10709e-06 0 
0 0.00117782 0.00484213 0.0110462 0.0196403 0.0302729 0.0424123 0.055387 0.0684405 0.0807958 0.0917207 0.100588 0.106926 0.110446 0.111064 0.108884 0.104184 0.0973707 0.0889415 0.0794329 0.069377 0.0592626 0.0495066 0.0404354 0.0322777 0.025167 0.0191513 0.0142081 0.0102618 0.00720189 0.00489922 0.00321966 0.00203469 0.00122845 0.000701789 0.000373709 0.000180881 7.58967e-05 2.48206e-05 4.50422e-06 0 
0 0.00125205 0.00514729 0.0117424 0.0208781 0.0321808 0.0450852 0.0588775 0.0727536 0.0858873 0.0975001 0.106926 0.113661 0.117402 0.118057 0.115738 0.11074 0.103498 0.0945383 0.0844319 0.0737439 0.0629937 0.0526241 0.0429821 0.034311 0.0267526 0.020358 0.0151034 0.0109084 0.00765574 0.00520797 0.00342257 0.00216292 0.00130587 0.000746017 0.000397261 0.000192281 8.06798e-05 2.63848e-05 4.78808e-06 0 
0 0.0012933 0.00531689 0.0121293 0.021566 0.0332411 0.0465707 0.0608174 0.0751506 0.0887167 0.100712 0.110446 0.117402 0.121264 0.121937 0.11954 0.114376 0.106894 0.0976402 0.0872026 0.0761647 0.0650625 0.0543533 0.0443952 0.0354396 0.0276329 0.0210282 0.0156007 0.0112677 0.00790792 0.00537953 0.00353533 0.00223418 0.00134889 0.000770597 0.000410351 0.000198616 8.33382e-05 2.72542e-05 4.94585e-06 0 
0 0.00130056 0.00534673 0.0121973 0.021687 0.0334277 0.0468321 0.0611587 0.0755722 0.0892142 0.101276 0.111064 0.118057 0.121937 0.122611 0.120197 0.115001 0.107476 0.0981699 0.0876752 0.0765779 0.0654163 0.0546499 0.0446385 0.0356345 0.0277856 0.0211448 0.0156874 0.0113305 0.0079521 0.00540964 0.00355513 0.00224671 0.00135646 0.000774921 0.000412653 0.000199731 8.38059e-05 2.74071e-05 4.9736e-06 0 
0 0.00127506 0.0052419 0.0119582 0.0212618 0.0327723 0.0459139 0.0599595 0.0740903 0.0874646 0.0992891 0.108884 0.115738 0.11954 0.120197 0.117826 0.112728 0.105347 0.096222 0.0859334 0.0750555 0.0641159 0.053564 0.0437524 0.0349281 0.0272356 0.020727 0.015378 0.0111074 0.00779568 0.00530334 0.00348533 0.00220262 0.00132985 0.000759723 0.000404562 0.000195814 8.21627e-05 2.68697e-05 4.87609e-06 0 
0 0.00122003 0.00501565 0.0114421 0.0203442 0.0313578 0.0439322 0.0573716 0.0708925 0.0836894 0.0950033 0.104184 0.11074 0.114376 0.115001 0.112728 0.107844 0.100777 0.0920425 0.0821958 0.0717874 0.0613218 0.0512287 0.0418447 0.0334058 0.0260495 0.0198253 0.0147099 0.0106255 0.00745794 0.00507385 0.00333466 0.00210746 0.00127242 0.000726924 0.000387098 0.000187362 7.86164e-05 2.571e-05 4.66563e-06 0 
0 0.00114025 0.00468766 0.0106938 0.0190138 0.0293072 0.0410593 0.0536199 0.0662566 0.0782167 0.0887907 0.0973707 0.103498 0.106894 0.107476 0.105347 0.100777 0.0941659 0.0859954 0.076787 0.0670554 0.057273 0.0478413 0.0390748 0.0311932 0.0243242 0.0185132 0.0137378 0.0099246 0.00696703 0.00474053 0.00311594 0.0019694 0.00118913 0.000679364 0.000361778 0.000175109 7.34752e-05 2.40287e-05 4.36053e-06 0 
0 0.00104153 0.00428183 0.00976801 0.0173677 0.02677 0.0375046 0.0489778 0.0605205 0.0714453 0.0811041 0.0889415 0.0945383 0.0976402 0.0981699 0.096222 0.0920425 0.0859954 0.0785227 0.0701012 0.0612029 0.0522603 0.0436417 0.0356347 0.0284401 0.022174 0.0168763 0.0125247 0.00905068 0.00635579 0.00432622 0.00284453 0.00179829 0.00108599 0.000620492 0.000330443 0.000159946 6.71136e-05 2.19484e-05 3.98301e-06 0 
0 0.00093017 0.00382402 0.00872361 0.0155107 0.0239077 0.0334946 0.0437411 0.0540498 0.0638066 0.072433 0.0794329 0.0844319 0.0872026 0.0876752 0.0859334 0.0821958 0.076787 0.0701012 0.0625652 0.0546016 0.0465987 0.0388877 0.0317283 0.0253019 0.0197134 0.0149973 0.0111304 0.00804724 0.00565609 0.00385386 0.00253628 0.00160452 0.000969401 0.00055402 0.000295082 0.000142838 5.99367e-05 1.96015e-05 3.55714e-06 0 
0 0.0008124 0.00333985 0.00761911 0.0135469 0.0208807 0.0292538 0.038203 0.0472066 0.0557283 0.0632627 0.069377 0.0737439 0.0761647 0.0765779 0.0750555 0.0717874 0.0670554 0.0612029 0.0546016 0.0476207 0.0406007 0.0338339 0.027552 0.0219205 0.0170374 0.0129364 0.00959371 0.00694209 0.0048903 0.00334173 0.00220517 0.00139786 0.000845601 0.000483597 0.000257658 0.000124741 5.23462e-05 1.71195e-05 3.10675e-06 0 
0 0.000693949 0.00285289 0.00650821 0.0115717 0.0178362 0.0249885 0.0326329 0.0403238 0.0476031 0.0540393 0.0592626 0.0629937 0.0650625 0.0654163 0.0641159 0.0613218 0.057273 0.0522603 0.0465987 0.0406007 0.0345555 0.0287136 0.0232789 0.0184061 0.0141991 0.0107048 0.00790602 0.00572653 0.00405827 0.00279687 0.00186047 0.00118622 0.000720063 0.000412532 0.000219973 0.000106532 4.47107e-05 1.46231e-05 2.65375e-06 0 
0 0.000579699 0.0023832 0.00543672 0.00966657 0.0148997 0.0208745 0.0272603 0.033685 0.039766 0.0451428 0.0495066 0.0526241 0.0543533 0.0546499 0.053564 0.0512287 0.0478413 0.0436417 0.0388877 0.0338339 0.0287136 0.0237292 0.0190521 0.014831 0.0111974 0.0082463 0.00599093 0.00433698 0.00312466 0.00220859 0.00150418 0.000974818 0.000597152 0.000343603 0.000183555 8.89581e-05 3.73447e-05 1.2215e-05 2.21682e-06 0 
0 0.000473473 0.00194649 0.00444047 0.00789522 0.0121694 0.0170494 0.0222651 0.0275125 0.0324792 0.0368709 0.0404354 0.0429821 0.0443952 0.0446385 0.0437524 0.0418447 0.0390748 0.0356347 0.0317283 0.027552 0.0232789 0.0190521 0.0149969 0.0112566 0.00802741 0.00551486 0.00379187 0.0027214 0.00205109 0.0015586 0.00113348 0.0007667 0.000480192 0.000279006 0.000149613 7.26077e-05 3.04948e-05 9.97602e-06 1.81056e-06 0 
0 0.000377947 0.00155378 0.00354459 0.00630233 0.0097142 0.0136096 0.017773 0.0219617 0.0259265 0.0294322 0.0322777 0.034311 0.0354396 0.0356345 0.0349281 0.0334058 0.0311932 0.0284401 0.0253019 0.0219205 0.0184061 0.014831 0.0112566 0.00782979 0.00488621 0.00280788 0.00165554 0.00114886 0.000969695 0.00088701 0.000758624 0.000566719 0.000372219 0.000220453 0.000119031 5.78984e-05 2.43347e-05 7.96257e-06 1.44523e-06 0 
0 0.000294685 0.00121148 0.00276371 0.00491391 0.00757414 0.0106114 0.0138576 0.0171235 0.0202148 0.0229483 0.025167 0.0267526 0.0276329 0.0277856 0.0272356 0.0260495 0.0243242 0.022174 0.0197134 0.0170374 0.0141991 0.0111974 0.00802741 0.00488621 0.00235818 0.000935822 0.000393829 0.000251212 0.000268614 0.000362134 0.000429616 0.000387798 0.000277082 0.00016933 9.23841e-05 4.50822e-05 1.89663e-05 6.2077e-06 1.12681e-06 0 
0 0.000224245 0.000921892 0.00210308 0.00373932 0.00576366 0.00807488 0.0105451 0.0130304 0.0153828 0.0174629 0.0191513 0.020358 0.0210282 0.0211448 0.020727 0.0198253 0.0185132 0.0168763 0.0149973 0.0129364 0.0107048 0.0082463 0.00551486 0.00280788 0.000935822 0.000211576 5.23485e-05 2.90202e-05 4.47015e-05 0.000109198 0.000210823 0.000249076 0.000199251 0.000126654 6.99519e-05 3.42579e-05 1.4427e-05 4.72334e-06 8.57436e-07 0 
0 0.000166363 0.000683935 0.00156024 0.00277413 0.00427595 0.00599061 0.00782324 0.00966703 0.0114122 0.0129554 0.0142081 0.0151034 0.0156007 0.0156874 0.015378 0.0147099 0.0137378 0.0125247 0.0111304 0.00959371 0.00790602 0.00599093 0.00379187 0.00165554 0.000393829 5.23485e-05 7.76145e-06 3.7436e-06 8.16438e-06 3.50204e-05 0.000106283 0.000160036 0.000141183 9.27135e-05 5.17034e-05 2.53896e-05 1.07002e-05 3.5039e-06 6.36104e-07 0 
0 0.000120155 0.00049397 0.00112688 0.00200361 0.0030883 0.0043267 0.00565032 0.00698199 0.00824246 0.00935704 0.0102618 0.0109084 0.0112677 0.0113305 0.0111074 0.0106255 0.0099246 0.00905068 0.00804724 0.00694209 0.00572653 0.00433698 0.0027214 0.00114886 0.000251212 2.90202e-05 3.7436e-06 1.73234e-06 4.12636e-06 2.04691e-05 6.97533e-05 0.000111637 0.000100876 6.67587e-05 3.7312e-05 1.83336e-05 7.72777e-06 2.53064e-06 4.59422e-07 0 
0 8.4327e-05 0.000346676 0.000790862 0.00140616 0.00216742 0.00303655 0.00396548 0.00490007 0.00578469 0.00656692 0.00720189 0.00765574 0.00790792 0.0079521 0.00779568 0.00745794 0.00696703 0.00635579 0.00565609 0.0048903 0.00405827 0.00312466 0.00205109 0.000969695 0.000268614 4.47015e-05 8.16438e-06 4.12636e-06 7.67082e-06 2.56596e-05 6.38553e-05 8.64365e-05 7.30368e-05 4.72765e-05 2.62515e-05 1.28755e-05 5.42446e-06 1.77613e-06 3.22434e-07 0 
0 5.73649e-05 0.000235833 0.000537998 0.000956569 0.00147442 0.00206567 0.00269759 0.00333336 0.00393514 0.00446727 0.00489922 0.00520797 0.00537953 0.00540964 0.00530334 0.00507385 0.00474053 0.00432622 0.00385386 0.00334173 0.00279687 0.00220859 0.0015586 0.00088701 0.000362134 0.000109198 3.50204e-05 2.04691e-05 2.56596e-05 4.55549e-05 6.79341e-05 6.96421e-05 5.2502e-05 3.26925e-05 1.79412e-05 8.77007e-06 3.69139e-06 1.20836e-06 2.19347e-07 0 
0 3.7699e-05 0.000154984 0.000353561 0.000628636 0.00096896 0.00135751 0.0017728 0.00219061 0.00258609 0.00293579 0.00321966 0.00342257 0.00353533 0.00355513 0.00348533 0.00333466 0.00311594 0.00284453 0.00253628 0.00220517 0.00186047 0.00150418 0.00113348 0.000758624 0.000429616 0.000210823 0.000106283 6.97533e-05 6.38553e-05 6.79341e-05 6.62856e-05 5.3517e-05 3.64051e-05 2.18487e-05 1.18495e-05 5.77178e-06 2.42689e-06 7.94201e-07 1.44155e-07 0 
0 2.38242e-05 9.79433e-05 0.000223435 0.000397271 0.000612341 0.000857889 0.00112033 0.00138437 0.0016343 0.0018553 0.00203469 0.00216292 0.00223418 0.00224671 0.00220262 0.00210746 0.0019694 0.00179829 0.00160452 0.00139786 0.00118622 0.000974818 0.0007667 0.000566719 0.000387798 0.000249076 0.000160036 0.000111637 8.64365e-05 6.96421e-05 5.3517e-05 3.74956e-05 2.38951e-05 1.39838e-05 7.5184e-06 3.65195e-06 1.53424e-06 5.01953e-07 9.11025e-08 0 
0 1.43839e-05 5.91335e-05 0.000134899 0.000239853 0.000369702 0.000517952 0.000676403 0.000835819 0.000986711 0.00112014 0.00122845 0.00130587 0.00134889 0.00135646 0.00132985 0.00127242 0.00118913 0.00108599 0.000969401 0.000845601 0.000720063 0.000597152 0.000480192 0.000372219 0.000277082 0.000199251 0.000141183 0.000100876 7.30368e-05 5.2502e-05 3.64051e-05 2.38951e-05 1.47399e-05 8.50853e-06 4.55118e-06 2.20674e-06 9.26546e-07 3.0308e-07 5.50047e-08 0 
0 8.21723e-06 3.37818e-05 7.70654e-05 0.000137024 0.000211204 0.000295896 0.000386416 0.000477487 0.000563689 0.000639914 0.000701789 0.000746017 0.000770597 0.000774921 0.000759723 0.000726924 0.000679364 0.000620492 0.00055402 0.000483597 0.000412532 0.000343603 0.000279006 0.000220453 0.00016933 0.000126654 9.27135e-05 6.67587e-05 4.72765e-05 3.26925e-05 2.18487e-05 1.39838e-05 8.50853e-06 4.88054e-06 2.60385e-06 1.26131e-06 5.29407e-07 1.73153e-07 3.14236e-08 0 
0 4.37575e-06 1.79891e-05 4.10381e-05 7.29663e-05 0.000112468 0.000157567 0.00020577 0.000254266 0.00030017 0.00034076 0.000373709 0.000397261 0.000410351 0.000412653 0.000404562 0.000387098 0.000361778 0.000330443 0.000295082 0.000257658 0.000219973 0.000183555 0.000149613 0.000119031 9.23841e-05 6.99519e-05 5.17034e-05 3.7312e-05 2.62515e-05 1.79412e-05 1.18495e-05 7.5184e-06 4.55118e-06 2.60385e-06 1.3876e-06 6.71842e-07 2.81941e-07 9.22085e-08 1.67336e-08 0 
0 2.11793e-06 8.70702e-06 1.98631e-05 3.53168e-05 5.44362e-05 7.62651e-05 9.95959e-05 0.000123069 0.000145287 0.000164933 0.000180881 0.000192281 0.000198616 0.000199731 0.000195814 0.000187362 0.000175109 0.000159946 0.000142838 0.000124741 0.000106532 8.89581e-05 7.26077e-05 5.78984e-05 4.50822e-05 3.42579e-05 2.53896e-05 1.83336e-05 1.28755e-05 8.77007e-06 5.77178e-06 3.65195e-06 2.20674e-06 1.26131e-06 6.71842e-07 3.25225e-07 1.3647e-07 4.46311e-08 8.09935e-09 0 
0 8.88673e-07 3.65342e-06 8.33443e-06 1.48187e-05 2.28411e-05 3.20004e-05 4.17899e-05 5.1639e-05 6.09615e-05 6.9205e-05 7.58967e-05 8.06798e-05 8.33382e-05 8.38059e-05 8.21627e-05 7.86164e-05 7.34752e-05 6.71136e-05 5.99367e-05 5.23462e-05 4.47107e-05 3.73447e-05 3.04948e-05 2.43347e-05 1.89663e-05 1.4427e-05 1.07002e-05 7.72777e-06 5.42446e-06 3.69139e-06 2.42689e-06 1.53424e-06 9.26546e-07 5.29407e-07 2.81941e-07 1.3647e-07 5.72636e-08 1.87271e-08 3.39845e-09 0 
0 2.90623e-07 1.19478e-06 2.72561e-06 4.84619e-06 7.46975e-06 1.04651e-05 1.36666e-05 1.68875e-05 1.99363e-05 2.26322e-05 2.48206e-05 2.63848e-05 2.72542e-05 2.74071e-05 2.68697e-05 2.571e-05 2.40287e-05 2.19484e-05 1.96015e-05 1.71195e-05 1.46231e-05 1.2215e-05 9.97602e-06 7.96257e-06 6.2077e-06 4.72334e-06 3.5039e-06 2.53064e-06 1.77613e-06 1.20836e-06 7.94201e-07 5.01953e-07 3.0308e-07 1.73153e-07 9.22085e-08 4.46311e-08 1.87271e-08 6.12437e-09 1.1114e-09 0 
0 5.27398e-08 2.16818e-07 4.94621e-07 8.79444e-07 1.35555e-06 1.89912e-06 2.48009e-06 3.0646e-06 3.61786e-06 4.10709e-06 4.50422e-06 4.78808e-06 4.94585e-06 4.9736e-06 4.87609e-06 4.66563e-06 4.36053e-06 3.98301e-06 3.55714e-06 3.10675e-06 2.65375e-06 2.21682e-06 1.81056e-06 1.44523e-06 1.12681e-06 8.57436e-07 6.36104e-07 4.59422e-07 3.22434e-07 2.19347e-07 1.44155e-07 9.11025e-08 5.50047e-08 3.14236e-08 1.67336e-08 8.09935e-09 3.39845e-09 1.1114e-09 2.01687e-10 0 
0 0 0 0 0 0 0 0 0 0 0 0 0 0 0 0 0 0 0 0 0 0 0 0 0 0 0 0 0 0 0 0 0 0 0 0 0 0 0 0 0 
