0 0 0 0 0 0 0 0 0 0 0 0 0 0 0 0 0 0 0 0 0 0 0 0 0 0 0 0 0 0 0 0 0 0 0 0 0 0 0 0 0 
0 1.35064e-05 5.41205e-05 0.000117644 0.00019301 0.000264304 0.000317195 0.000345241 0.000350882 0.000341601 0.000325473 0.00030871 0.000295176 0.000286849 0.000284455 0.000287916 0.000296548 0.000309057 0.000323442 0.000336936 0.000346144 0.000347505 0.00033809 0.000316534 0.00028371 0.000242717 0.00019806 0.000154344 0.000115136 8.24192e-05 5.67043e-05 3.74903e-05 2.3764e-05 1.43681e-05 8.21347e-06 4.37495e-06 2.11778e-06 8.88649e-07 2.9062e-07 5.27396e-08 0 
0 5.41205e-05 0.000209043 0.000422012 0.000609354 0.000690797 0.000650463 0.000536922 0.000409768 0.000303342 0.000226699 0.000176475 0.00014638 0.000131219 0.000127883 0.000135268 0.000153989 0.000186087 0.000234531 0.000302171 0.000389732 0.000492871 0.00059937 0.000688959 0.000738427 0.000731531 0.000667919 0.000563748 0.000443133 0.000327397 0.000229246 0.000152948 9.73716e-05 5.89876e-05 3.37481e-05 1.79821e-05 8.70574e-06 3.65322e-06 1.19476e-06 2.16817e-07 0 
0 0.000117644 0.000422012 0.00073257 0.000819583 0.000649843 0.000398773 0.000208176 0.000100883 4.8878e-05 2.5183e-05 1.45009e-05 9.68405e-06 7.6773e-06 7.29076e-06 8.25497e-06 1.09581e-05 1.6609e-05 2.78082e-05 4.95855e-05 9.07337e-05 0.00016443 0.000285609 0.000461612 0.000676274 0.000879114 0.00100067 0.000995734 0.000875404 0.000693017 0.000504418 0.000343283 0.000220605 0.000134195 7.6907e-05 4.10061e-05 1.98574e-05 8.33358e-06 2.72552e-06 4.94615e-07 0 
0 0.00019301 0.000609354 0.000819583 0.000612812 0.000289906 9.98817e-05 2.86272e-05 7.66402e-06 2.12391e-06 6.67361e-07 2.567e-07 1.28133e-07 8.61068e-08 7.89857e-08 9.80525e-08 1.60107e-07 3.28994e-07 8.05255e-07 2.21056e-06 6.4079e-06 1.85457e-05 5.10319e-05 0.000128159 0.000283883 0.000538427 0.000852408 0.00110833 0.00118544 0.00106658 0.000836192 0.000591509 0.000387134 0.000237374 0.000136478 7.28591e-05 3.52983e-05 1.4816e-05 4.84588e-06 8.79425e-07 0 
0 0.000264304 0.000690797 0.000649843 0.000289906 7.38344e-05 1.28628e-05 1.7995e-06 2.34575e-07 3.28283e-08 5.61989e-09 1.31585e-09 4.58944e-10 2.51609e-10 2.21153e-10 3.07496e-10 6.47961e-10 1.93658e-09 7.56144e-09 3.52515e-08 1.79346e-07 9.16277e-07 4.37741e-06 1.8478e-05 6.60748e-05 0.000193994 0.000455515 0.000834932 0.00117719 0.00128972 0.00114245 0.000863397 0.000583341 0.000362671 0.000209683 0.000112175 5.43865e-05 2.2834e-05 7.46898e-06 1.3555e-06 0 
0 0.000317195 0.000650463 0.000398773 9.98817e-05 1.28628e-05 1.04502e-06 6.4842e-08 3.72039e-09 2.38529e-10 2.03949e-11 2.70732e-12 6.26769e-13 2.72252e-13 2.27861e-13 3.6058e-13 1.01675e-12 4.66218e-12 3.10402e-11 2.65062e-10 2.56428e-09 2.50562e-08 2.24124e-07 1.69868e-06 1.03277e-05 4.86581e-05 0.000173894 0.000462852 0.000899767 0.00126822 0.00133262 0.00111144 0.000788767 0.000501166 0.0002923 0.000156885 7.61515e-05 3.19845e-05 1.04634e-05 1.89902e-06 0 
0 0.000345241 0.000536922 0.000208176 2.86272e-05 1.7995e-06 6.4842e-08 1.6841e-09 4.00778e-11 1.11254e-12 4.51908e-14 3.26481e-15 4.87081e-16 1.6482e-16 1.30854e-16 2.37784e-16 9.15819e-16 6.64148e-15 7.83252e-14 1.27947e-12 2.46547e-11 4.82943e-10 8.46407e-09 1.2004e-07 1.28376e-06 9.92934e-06 5.45099e-05 0.000210814 0.000568611 0.00105554 0.00136132 0.00129056 0.000979701 0.000641842 0.000379034 0.000204383 9.93683e-05 4.17584e-05 1.36633e-05 2.4799e-06 0 
0 0.000350882 0.000409768 0.000100883 7.66402e-06 2.34575e-07 3.72039e-09 4.00778e-11 3.92003e-13 4.67199e-15 8.94924e-17 3.49917e-18 3.36917e-19 8.9975e-20 6.80745e-20 1.40195e-19 7.31105e-19 8.39872e-18 1.76346e-16 5.5446e-15 2.14263e-13 8.4748e-12 2.93177e-10 7.8357e-09 1.48264e-07 1.88721e-06 1.58459e-05 8.78722e-05 0.00032335 0.000785207 0.00125593 0.00137833 0.00113575 0.000773449 0.000464123 0.00025177 0.000122663 5.15837e-05 1.68818e-05 3.06428e-06 0 
0 0.000341601 0.000303342 4.8878e-05 2.12391e-06 3.28283e-08 2.38529e-10 1.11254e-12 4.67199e-15 2.49226e-17 2.3432e-19 5.40237e-21 4.40766e-22 1.30052e-22 1.0175e-22 1.88307e-22 9.51485e-22 1.46029e-20 5.18603e-19 3.03492e-17 2.27253e-15 1.7536e-13 1.15861e-11 5.66145e-10 1.84479e-08 3.77241e-07 4.73437e-06 3.67041e-05 0.00017901 0.000554089 0.00108616 0.00138339 0.00124616 0.000886759 0.000542101 0.000296144 0.000144637 6.08737e-05 1.99272e-05 3.61735e-06 0 
0 0.000325473 0.000226699 2.5183e-05 6.67361e-07 5.61989e-09 2.03949e-11 4.51908e-14 8.94924e-17 2.3432e-19 1.25261e-21 2.45928e-23 2.46255e-24 8.77167e-25 7.11832e-25 1.15767e-24 4.59319e-24 6.21019e-23 2.92511e-21 2.89833e-19 3.90375e-17 5.45747e-15 6.41192e-13 5.36085e-11 2.83484e-09 8.84441e-08 1.58695e-06 1.65321e-05 0.000102865 0.000391338 0.000914828 0.00133536 0.0013119 0.000976232 0.0006085 0.000334898 0.000163991 6.90784e-05 2.26192e-05 4.10636e-06 0 
0 0.00030871 0.000176475 1.45009e-05 2.567e-07 1.31585e-09 2.70732e-12 3.26481e-15 3.49917e-18 5.40237e-21 2.45928e-23 4.60062e-25 4.28806e-26 1.62343e-26 1.34215e-26 2.00791e-26 7.19419e-26 9.59345e-25 4.78704e-23 6.45974e-21 1.38671e-18 3.15091e-16 5.92842e-14 7.69312e-12 6.04816e-10 2.66765e-08 6.4157e-07 8.5066e-06 6.44145e-05 0.000288574 0.000775884 0.0012674 0.00134258 0.00104034 0.000660264 0.000365942 0.000179636 7.57299e-05 2.48036e-05 4.50327e-06 0 
0 0.000295176 0.00014638 9.68405e-06 1.28133e-07 4.58944e-10 6.26769e-13 4.87081e-16 3.36917e-19 4.40767e-22 2.46256e-24 4.2881e-26 2.26335e-27 5.84048e-28 4.60076e-28 7.08901e-28 3.34305e-27 6.11165e-26 3.1502e-24 4.33531e-22 1.23062e-19 3.96405e-17 1.04845e-14 1.87017e-12 1.95944e-10 1.11077e-08 3.30359e-07 5.2161e-06 4.54906e-05 0.00022889 0.000679542 0.00120455 0.00135087 0.00108053 0.000695781 0.000387835 0.00019077 8.0478e-05 2.63643e-05 4.78694e-06 0 
0 0.000286849 0.000131219 7.6773e-06 8.61068e-08 2.51609e-10 2.72252e-13 1.6482e-16 8.9975e-20 1.30052e-22 8.77175e-25 1.62346e-26 5.8406e-28 4.99817e-29 2.48419e-29 5.9288e-29 6.28542e-28 1.56817e-26 7.94231e-25 9.90657e-23 3.07385e-20 1.20258e-17 3.86193e-15 8.2602e-13 1.01981e-10 6.67372e-09 2.24164e-07 3.91177e-06 3.69836e-05 0.000198791 0.000624503 0.00116102 0.00134766 0.00109953 0.000714611 0.000399815 0.000196926 8.31125e-05 2.72312e-05 4.94458e-06 0 
0 0.000284455 0.000127883 7.29076e-06 7.89857e-08 2.21153e-10 2.27861e-13 1.30854e-16 6.80745e-20 1.01751e-22 7.11839e-25 1.34217e-26 4.60087e-28 2.48424e-29 5.849e-30 2.79449e-29 4.39871e-28 1.17179e-26 5.89184e-25 7.15849e-23 2.24095e-20 9.12867e-18 3.05634e-15 6.79999e-13 8.70284e-11 5.87882e-09 2.02884e-07 3.62069e-06 3.48639e-05 0.000190314 0.000606378 0.00114214 0.00133948 0.00109985 0.000717097 0.000401747 0.000197979 8.35715e-05 2.73833e-05 4.97228e-06 0 
0 0.000287916 0.000135268 8.25497e-06 9.80525e-08 3.07496e-10 3.6058e-13 2.37784e-16 1.40195e-19 1.88307e-22 1.15768e-24 2.00794e-26 7.08913e-28 5.92881e-29 2.79444e-29 7.83599e-29 8.64553e-28 2.17759e-26 1.15136e-24 1.51554e-22 4.61034e-20 1.68918e-17 5.08377e-15 1.02452e-12 1.19978e-10 7.50227e-09 2.42603e-07 4.10546e-06 3.78963e-05 0.000200106 0.000621075 0.00114682 0.00132772 0.0010829 0.000704052 0.00039404 0.00019412 8.19353e-05 2.68466e-05 4.8748e-06 0 
0 0.000296548 0.000153989 1.09581e-05 1.60107e-07 6.47961e-10 1.01675e-12 9.15819e-16 7.31105e-19 9.51485e-22 4.59321e-24 7.19424e-26 3.34305e-27 6.28533e-28 4.39863e-28 8.64543e-28 5.61065e-27 1.16863e-25 6.52819e-24 9.3711e-22 2.44959e-19 7.01728e-17 1.65823e-14 2.66772e-12 2.55049e-10 1.33636e-08 3.7221e-07 5.57426e-06 4.66711e-05 0.000228032 0.000664687 0.00116857 0.00130904 0.00104886 0.000676603 0.000377566 0.00018582 7.84083e-05 2.56887e-05 4.66444e-06 0 
0 0.000309057 0.000186087 1.6609e-05 3.28994e-07 1.93658e-09 4.66218e-12 6.64148e-15 8.39872e-18 1.46029e-20 6.21019e-23 9.59345e-25 6.11162e-26 1.56815e-26 1.17177e-26 2.17757e-26 1.16862e-25 2.12251e-24 1.19665e-22 1.54031e-20 2.90578e-18 5.76222e-16 9.52762e-14 1.09849e-11 7.77706e-10 3.13504e-08 6.99638e-07 8.73871e-06 6.32789e-05 0.000275342 0.000730786 0.00119503 0.00127633 0.000997127 0.0006362 0.000353565 0.00017377 7.32929e-05 2.40098e-05 4.35946e-06 0 
0 0.000323442 0.000234531 2.78082e-05 8.05255e-07 7.56144e-09 3.10402e-11 7.83252e-14 1.76346e-16 5.18603e-19 2.92511e-21 4.78704e-23 3.15019e-24 7.94227e-25 5.8918e-25 1.15136e-24 6.52818e-24 1.19665e-22 5.88805e-21 5.3131e-19 6.38818e-17 7.98434e-15 8.43763e-13 6.40205e-11 3.1056e-09 8.99435e-08 1.51713e-06 1.50618e-05 9.0747e-05 0.000341012 0.000805233 0.00120686 0.00122021 0.00092712 0.000584671 0.000323563 0.00015881 6.69568e-05 2.19319e-05 3.98207e-06 0 
0 0.000336936 0.000302171 4.95855e-05 2.21056e-06 3.52515e-08 2.65062e-10 1.27947e-12 5.5446e-15 3.03492e-17 2.89833e-19 6.45974e-21 4.33531e-22 9.90656e-23 7.15849e-23 1.51554e-22 9.3711e-22 1.54031e-20 5.3131e-19 2.97048e-17 2.12492e-15 1.56903e-13 9.94093e-12 4.6685e-10 1.46538e-08 2.89473e-07 3.52637e-06 2.67876e-05 0.0001303 0.000413813 0.000859134 0.00117767 0.00113092 0.000838925 0.000524228 0.000289259 0.000141859 5.97989e-05 1.95868e-05 3.55628e-06 0 
0 0.000346144 0.000389732 9.07337e-05 6.4079e-06 1.79346e-07 2.56428e-09 2.46547e-11 2.14263e-13 2.27253e-15 3.90375e-17 1.38671e-18 1.23062e-19 3.07385e-20 2.24095e-20 4.61034e-20 2.44959e-19 2.90578e-18 6.38818e-17 2.12492e-15 8.73193e-14 3.67134e-12 1.34227e-10 3.75085e-09 7.31517e-08 9.45922e-07 8.00022e-06 4.49558e-05 0.000172466 0.000458829 0.000843544 0.00107652 0.00100013 0.000733609 0.000457354 0.000252396 0.000123835 5.2216e-05 1.71053e-05 3.10591e-06 0 
0 0.000347505 0.000492871 0.00016443 1.85457e-05 9.16277e-07 2.50562e-08 4.82943e-10 8.4748e-12 1.7536e-13 5.45747e-15 3.15091e-16 3.96405e-17 1.20258e-17 9.12867e-18 1.68918e-17 7.01728e-17 5.76222e-16 7.98434e-15 1.56903e-13 3.67134e-12 8.68705e-11 1.80286e-09 2.92624e-08 3.42275e-07 2.76204e-06 1.53587e-05 6.09557e-05 0.000180792 0.000409491 0.000697699 0.000875492 0.000822529 0.000613093 0.000386586 0.000214638 0.000105597 4.45748e-05 1.46082e-05 2.65287e-06 0 
0 0.00033809 0.00059937 0.000285609 5.10319e-05 4.37741e-06 2.24124e-07 8.46407e-09 2.93177e-10 1.15861e-11 6.41192e-13 5.92842e-14 1.04845e-14 3.86193e-15 3.05634e-15 5.08377e-15 1.65823e-14 9.52762e-14 8.43763e-13 9.94093e-12 1.34227e-10 1.80286e-09 2.11964e-08 1.9534e-07 1.29411e-06 5.89279e-06 1.89256e-05 4.76198e-05 0.000106542 0.000222242 0.000403651 0.000571962 0.000599901 0.000480364 0.000314412 0.000177484 8.78933e-05 3.71906e-05 1.21983e-05 2.21583e-06 0 
0 0.000316534 0.000688959 0.000461612 0.000128159 1.8478e-05 1.69868e-06 1.2004e-07 7.8357e-09 5.66145e-10 5.36085e-11 7.69312e-12 1.87017e-12 8.2602e-13 6.79999e-13 1.02452e-12 2.66772e-12 1.09849e-11 6.40205e-11 4.6685e-10 3.75085e-09 2.92624e-08 1.9534e-07 9.77637e-07 3.21e-06 6.35426e-06 8.21944e-06 9.61393e-06 1.52542e-05 3.73033e-05 0.000106891 0.000242518 0.000354965 0.000341799 0.000243563 0.000142273 7.13406e-05 3.03151e-05 9.95683e-06 1.80945e-06 0 
0 0.00028371 0.000738427 0.000676274 0.000283883 6.60748e-05 1.03277e-05 1.28376e-06 1.48264e-07 1.84479e-08 2.83484e-09 6.04816e-10 1.95944e-10 1.01981e-10 8.70284e-11 1.19978e-10 2.55049e-10 7.77706e-10 3.1056e-09 1.46538e-08 7.31517e-08 3.42275e-07 1.29411e-06 3.21e-06 3.92856e-06 1.85456e-06 3.95678e-07 9.49281e-08 8.81998e-08 4.62902e-07 5.54424e-06 4.54493e-05 0.000148322 0.000211853 0.000177778 0.000110267 5.64224e-05 2.4131e-05 7.94137e-06 1.44403e-06 0 
0 0.000242717 0.000731531 0.000879114 0.000538427 0.000193994 4.86581e-05 9.92934e-06 1.88721e-06 3.77241e-07 8.84441e-08 2.66765e-08 1.11077e-08 6.67372e-09 5.87882e-09 7.50227e-09 1.33636e-08 3.13504e-08 8.99435e-08 2.89473e-07 9.45922e-07 2.76204e-06 5.89279e-06 6.35426e-06 1.85456e-06 7.46507e-08 5.11463e-10 5.24353e-12 1.9068e-12 6.59724e-11 1.98143e-08 2.47841e-06 3.88545e-05 0.000111745 0.000122006 8.26674e-05 4.34844e-05 1.87518e-05 6.18595e-06 1.12561e-06 0 
0 0.00019806 0.000667919 0.00100067 0.000852408 0.000455515 0.000173894 5.45099e-05 1.58459e-05 4.73437e-06 1.58695e-06 6.4157e-07 3.30359e-07 2.24164e-07 2.02884e-07 2.42603e-07 3.7221e-07 6.99638e-07 1.51713e-06 3.52637e-06 8.00022e-06 1.53587e-05 1.89256e-05 8.21944e-06 3.95678e-07 5.11463e-10 2.14914e-14 2.39073e-16 1.51047e-15 1.25127e-16 5.92905e-12 4.69095e-08 7.1614e-06 5.30631e-05 8.04491e-05 6.03602e-05 3.27087e-05 1.42238e-05 4.70315e-06 8.5634e-07 0 
0 0.000154344 0.000563748 0.000995734 0.00110833 0.000834932 0.000462852 0.000210814 8.78722e-05 3.67041e-05 1.65321e-05 8.5066e-06 5.2161e-06 3.91177e-06 3.62069e-06 4.10546e-06 5.57426e-06 8.73871e-06 1.50618e-05 2.67876e-05 4.49558e-05 6.09557e-05 4.76198e-05 9.61393e-06 9.49281e-08 5.24353e-12 2.39072e-16 1.08862e-17 3.96912e-17 3.5317e-17 3.36953e-15 1.32242e-09 1.60071e-06 2.70154e-05 5.3596e-05 4.34868e-05 2.40769e-05 1.05305e-05 3.48726e-06 6.35211e-07 0 
0 0.000115136 0.000443133 0.000875404 0.00118544 0.00117719 0.000899767 0.000568611 0.00032335 0.00017901 0.000102865 6.44145e-05 4.54906e-05 3.69836e-05 3.48639e-05 3.78963e-05 4.66711e-05 6.32789e-05 9.0747e-05 0.0001303 0.000172466 0.000180792 0.000106542 1.52542e-05 8.81998e-08 1.9068e-12 1.51046e-15 3.96913e-17 5.45488e-18 1.26197e-17 3.90248e-16 4.367e-10 8.85396e-07 1.81261e-05 3.804e-05 3.12914e-05 1.73767e-05 7.60461e-06 2.51862e-06 4.58778e-07 0 
0 8.24192e-05 0.000327397 0.000693017 0.00106658 0.00128972 0.00126822 0.00105554 0.000785207 0.000554089 0.000391338 0.000288574 0.00022889 0.000198791 0.000190314 0.000200106 0.000228032 0.000275342 0.000341012 0.000413813 0.000458829 0.000409491 0.000222242 3.73033e-05 4.62902e-07 6.59724e-11 1.25127e-16 3.5317e-17 1.26197e-17 2.75034e-17 4.65227e-14 3.15994e-09 1.49131e-06 1.69348e-05 2.90994e-05 2.25129e-05 1.22808e-05 5.34744e-06 1.76856e-06 3.22026e-07 0 
0 5.67043e-05 0.000229246 0.000504418 0.000836192 0.00114245 0.00133262 0.00136132 0.00125593 0.00108616 0.000914828 0.000775884 0.000679542 0.000624503 0.000606378 0.000621075 0.000664687 0.000730786 0.000805233 0.000859134 0.000843544 0.000697699 0.000403651 0.000106891 5.54424e-06 1.98143e-08 5.92905e-12 3.36953e-15 3.90248e-16 4.65227e-14 1.31025e-10 1.05513e-07 4.47424e-06 1.88144e-05 2.29679e-05 1.59872e-05 8.45619e-06 3.65001e-06 1.20422e-06 2.19121e-07 0 
0 3.74903e-05 0.000152948 0.000343283 0.000591509 0.000863397 0.00111144 0.00129056 0.00137833 0.00138339 0.00133536 0.0012674 0.00120455 0.00116102 0.00114214 0.00114682 0.00116857 0.00119503 0.00120686 0.00117767 0.00107652 0.000875492 0.000571962 0.000242518 4.54493e-05 2.47841e-06 4.69095e-08 1.32242e-09 4.367e-10 3.15994e-09 1.05513e-07 2.16016e-06 1.15641e-05 1.98711e-05 1.75425e-05 1.09921e-05 5.63094e-06 2.40778e-06 7.92235e-07 1.44045e-07 0 
0 2.3764e-05 9.73716e-05 0.000220605 0.000387134 0.000583341 0.000788767 0.000979701 0.00113575 0.00124616 0.0013119 0.00134258 0.00135087 0.00134766 0.00133948 0.00132772 0.00130904 0.00127633 0.00122021 0.00113092 0.00100013 0.000822529 0.000599901 0.000354965 0.000148322 3.88545e-05 7.1614e-06 1.60071e-06 8.85396e-07 1.49131e-06 4.47424e-06 1.15641e-05 1.80642e-05 1.75558e-05 1.24145e-05 7.20131e-06 3.59799e-06 1.52664e-06 5.01143e-07 9.10556e-08 0 
0 1.43681e-05 5.89876e-05 0.000134195 0.000237374 0.000362671 0.000501166 0.000641842 0.000773449 0.000886759 0.000976232 0.00104034 0.00108053 0.00109953 0.00109985 0.0010829 0.00104886 0.000997127 0.00092712 0.000838925 0.000733609 0.000613093 0.000480364 0.000341799 0.000211853 0.000111745 5.30631e-05 2.70154e-05 1.81261e-05 1.69348e-05 1.88144e-05 1.98711e-05 1.75558e-05 1.2821e-05 8.03253e-06 4.45145e-06 2.18898e-06 9.23927e-07 3.02789e-07 5.49872e-08 0 
0 8.21347e-06 3.37481e-05 7.6907e-05 0.000136478 0.000209683 0.0002923 0.000379034 0.000464123 0.000542101 0.0006085 0.000660264 0.000695781 0.000714611 0.000717097 0.000704052 0.000676603 0.0006362 0.000584671 0.000524228 0.000457354 0.000386586 0.000314412 0.000243563 0.000177778 0.000122006 8.04491e-05 5.3596e-05 3.804e-05 2.90994e-05 2.29679e-05 1.75425e-05 1.24145e-05 8.03253e-06 4.75824e-06 2.57694e-06 1.25626e-06 5.28626e-07 1.73062e-07 3.1418e-08 0 
0 4.37495e-06 1.79821e-05 4.10061e-05 7.28591e-05 0.000112175 0.000156885 0.000204383 0.00025177 0.000296144 0.000334898 0.000365942 0.000387835 0.000399815 0.000401747 0.00039404 0.000377566 0.000353565 0.000323563 0.000289259 0.000252396 0.000214638 0.000177484 0.000142273 0.000110267 8.26674e-05 6.03602e-05 4.34868e-05 3.12914e-05 2.25129e-05 1.59872e-05 1.09921e-05 7.20131e-06 4.45145e-06 2.57694e-06 1.38135e-06 6.70606e-07 2.8174e-07 9.21841e-08 1.6732e-08 0 
0 2.11778e-06 8.70574e-06 1.98574e-05 3.52983e-05 5.43865e-05 7.61515e-05 9.93683e-05 0.000122663 0.000144637 0.000163991 0.000179636 0.00019077 0.000196926 0.000197979 0.00019412 0.00018582 0.00017377 0.00015881 0.000141859 0.000123835 0.000105597 8.78933e-05 7.13406e-05 5.64224e-05 4.34844e-05 3.27087e-05 2.40769e-05 1.73767e-05 1.22808e-05 8.45619e-06 5.63094e-06 3.59799e-06 2.18898e-06 1.25626e-06 6.70606e-07 3.24967e-07 1.36426e-07 4.46255e-08 8.09897e-09 0 
0 8.88649e-07 3.65322e-06 8.33358e-06 1.4816e-05 2.2834e-05 3.19845e-05 4.17584e-05 5.15837e-05 6.08737e-05 6.90784e-05 7.57299e-05 8.0478e-05 8.31125e-05 8.35715e-05 8.19353e-05 7.84083e-05 7.32929e-05 6.69568e-05 5.97989e-05 5.2216e-05 4.45748e-05 3.71906e-05 3.03151e-05 2.4131e-05 1.87518e-05 1.42238e-05 1.05305e-05 7.60461e-06 5.34744e-06 3.65001e-06 2.40778e-06 1.52664e-06 9.23927e-07 5.28626e-07 2.8174e-07 1.36426e-07 5.72556e-08 1.87261e-08 3.39838e-09 0 
0 2.9062e-07 1.19476e-06 2.72552e-06 4.84588e-06 7.46898e-06 1.04634e-05 1.36633e-05 1.68818e-05 1.99272e-05 2.26192e-05 2.48036e-05 2.63643e-05 2.72312e-05 2.73833e-05 2.68466e-05 2.56887e-05 2.40098e-05 2.19319e-05 1.95868e-05 1.71053e-05 1.46082e-05 1.21983e-05 9.95683e-06 7.94137e-06 6.18595e-06 4.70315e-06 3.48726e-06 2.51862e-06 1.76856e-06 1.20422e-06 7.92235e-07 5.01143e-07 3.02789e-07 1.73062e-07 9.21841e-08 4.46255e-08 1.87261e-08 6.12423e-09 1.11139e-09 0 
0 5.27396e-08 2.16817e-07 4.94615e-07 8.79425e-07 1.3555e-06 1.89902e-06 2.4799e-06 3.06428e-06 3.61735e-06 4.10636e-06 4.50327e-06 4.78694e-06 4.94458e-06 4.97228e-06 4.8748e-06 4.66444e-06 4.35946e-06 3.98207e-06 3.55628e-06 3.10591e-06 2.65287e-06 2.21583e-06 1.80945e-06 1.44403e-06 1.12561e-06 8.5634e-07 6.35211e-07 4.58778e-07 3.22026e-07 2.19121e-07 1.44045e-07 9.10556e-08 5.49872e-08 3.1418e-08 1.6732e-08 8.09897e-09 3.39838e-09 1.11139e-09 2.01686e-10 0 
0 0 0 0 0 0 0 0 0 0 0 0 0 0 0 0 0 0 0 0 0 0 0 0 0 0 0 0 0 0 0 0 0 0 0 0 0 0 0 0 0 
