0 0 0 0 0 0 0 0 0 0 0 0 0 0 0 0 0 0 0 0 0 0 0 0 0 0 0 0 0 0 0 0 0 0 0 0 0 0 0 0 0 
0 1.31984e-05 5.14685e-05 0.000106742 0.000163491 0.000205508 0.000224696 0.000223186 0.000208638 0.000188918 0.000169563 0.000153591 0.000142257 0.000135864 0.000134312 0.000137377 0.000144774 0.000156083 0.000170564 0.000186954 0.000203313 0.000217058 0.000225271 0.00022532 0.000215637 0.000196372 0.00016956 0.000138631 0.000107401 7.90237e-05 5.53735e-05 3.70236e-05 2.36172e-05 1.43266e-05 8.20299e-06 4.3726e-06 2.11732e-06 8.88574e-07 2.90611e-07 5.2739e-08 0 
0 5.14685e-05 0.000186251 0.000334838 0.000408827 0.000379586 0.000291476 0.000199127 0.000128602 8.25034e-05 5.47624e-05 3.88621e-05 3.02169e-05 2.61443e-05 2.53251e-05 2.73832e-05 3.2689e-05 4.23422e-05 5.82354e-05 8.30369e-05 0.000119821 0.000171009 0.000236428 0.0003109 0.000382762 0.000435452 0.000453383 0.000429877 0.000371458 0.00029437 0.000216045 0.000148325 9.59403e-05 5.85934e-05 3.36514e-05 1.79611e-05 8.70176e-06 3.65259e-06 1.19468e-06 2.16812e-07 0 
0 0.000106742 0.000334838 0.00045977 0.000375643 0.000212656 9.48537e-05 3.69577e-05 1.3696e-05 5.20812e-06 2.17605e-06 1.05887e-06 6.27359e-07 4.65438e-07 4.36912e-07 5.15421e-07 7.47484e-07 1.28796e-06 2.52764e-06 5.39488e-06 1.19592e-05 2.63905e-05 5.59018e-05 0.000110395 0.000198678 0.000319949 0.000453715 0.000558932 0.000593755 0.000545908 0.000441195 0.000320424 0.000213497 0.000132262 7.64432e-05 4.0908e-05 1.98393e-05 8.33081e-06 2.7252e-06 4.94594e-07 0 
0 0.000163491 0.000408827 0.000375643 0.000177885 5.32865e-05 1.17939e-05 2.18979e-06 3.84769e-07 7.20124e-08 1.60303e-08 4.66588e-09 1.90889e-09 1.14857e-09 1.0331e-09 1.37254e-09 2.59532e-09 6.59764e-09 2.10142e-08 7.76438e-08 3.08144e-07 1.22347e-06 4.57417e-06 1.53612e-05 4.48428e-05 0.000111511 0.000233243 0.000405637 0.000578825 0.000672018 0.000640113 0.000514589 0.000362362 0.000230601 0.000134871 7.25258e-05 3.52384e-05 1.48071e-05 4.84487e-06 8.79363e-07 0 
0 0.000205508 0.000379586 0.000212656 5.32865e-05 7.521e-06 7.10798e-07 5.30484e-08 3.7138e-09 2.90023e-10 2.97186e-11 4.59332e-12 1.19098e-12 5.53651e-13 4.72477e-13 7.2669e-13 1.90524e-12 7.81918e-12 4.522e-11 3.28547e-10 2.67375e-09 2.19142e-08 1.65116e-07 1.06465e-06 5.58966e-06 2.32378e-05 7.57509e-05 0.000193616 0.000387255 0.000600263 0.000716742 0.000671611 0.000516884 0.000343971 0.000205236 0.000111263 5.42258e-05 2.28104e-05 7.46636e-06 1.35534e-06 0 
0 0.000224696 0.000291476 9.48537e-05 1.17939e-05 7.10798e-07 2.54131e-08 6.69203e-10 1.63839e-11 4.72059e-13 1.99655e-14 1.49852e-15 2.30742e-16 7.98554e-17 6.41664e-17 1.16683e-16 4.44528e-16 3.1527e-15 3.60085e-14 5.65696e-13 1.04431e-11 1.95764e-10 3.28612e-09 4.47159e-08 4.59828e-07 3.43207e-06 1.83562e-05 7.09369e-05 0.000201336 0.000422819 0.000652727 0.000742208 0.000645733 0.000458696 0.000282022 0.000154782 7.57852e-05 3.19316e-05 1.04576e-05 1.89868e-06 0 
0 0.000223186 0.000199127 3.69577e-05 2.18979e-06 5.30484e-08 6.69203e-10 5.77867e-12 4.59937e-14 4.56151e-16 7.4933e-18 2.85685e-19 4.80548e-20 2.75247e-20 2.48433e-20 3.09096e-20 7.68523e-20 7.03343e-19 1.61929e-17 5.8056e-16 2.57331e-14 1.16829e-12 4.62035e-11 1.39942e-09 2.9616e-08 4.14827e-07 3.77344e-06 2.25423e-05 9.11923e-05 0.000257617 0.00051367 0.000720237 0.0007254 0.000560364 0.000358675 0.000200189 9.86419e-05 4.16547e-05 1.36521e-05 2.47925e-06 0 
0 0.000208638 0.000128602 1.3696e-05 3.84769e-07 3.7138e-09 1.63839e-11 4.59937e-14 1.17952e-16 4.06687e-19 6.25796e-21 1.22966e-21 6.22097e-22 5.61144e-22 5.47252e-22 5.24602e-22 6.53166e-22 1.55202e-21 1.02213e-20 5.44757e-19 5.78813e-17 6.40792e-15 6.0085e-13 4.07641e-11 1.78739e-09 4.73287e-08 7.37697e-07 6.8459e-06 3.93524e-05 0.000147392 0.000372593 0.000639486 0.000751222 0.000638485 0.000428908 0.00024441 0.000121389 5.1403e-05 1.68625e-05 3.06317e-06 0 
0 0.000188918 8.25034e-05 5.20812e-06 7.20124e-08 2.90023e-10 4.72059e-13 4.56151e-16 4.06687e-19 1.45234e-21 1.03807e-22 5.87221e-23 4.74916e-23 4.8853e-23 4.86476e-23 4.36979e-23 4.25338e-23 5.03932e-23 9.53171e-23 1.27688e-21 1.75029e-19 4.46472e-17 9.49762e-15 1.38474e-12 1.21221e-10 5.87992e-09 1.53106e-07 2.16369e-06 1.73625e-05 8.44207e-05 0.00026361 0.000541718 0.000736058 0.000689622 0.000488054 0.000284626 0.000142635 6.05909e-05 1.98973e-05 3.61564e-06 0 
0 0.000169563 5.47624e-05 2.17605e-06 1.60303e-08 2.97186e-11 1.99655e-14 7.4933e-18 6.25796e-21 1.03807e-22 1.2574e-23 7.46326e-24 7.20498e-24 7.76397e-24 7.7673e-24 6.84787e-24 5.86025e-24 4.99674e-24 5.85847e-24 2.98631e-23 1.44741e-21 5.3749e-19 2.35799e-16 6.77782e-14 1.09572e-11 9.09692e-10 3.73867e-08 7.68703e-07 8.3056e-06 5.08234e-05 0.00019007 0.000454118 0.000699711 0.000717041 0.00053381 0.000318631 0.000161146 6.8677e-05 2.2577e-05 4.10396e-06 0 
0 0.000153591 3.88621e-05 1.05887e-06 4.66588e-09 4.59332e-12 1.49852e-15 2.85685e-19 1.22966e-21 5.87221e-23 7.46326e-24 2.24704e-24 1.60515e-24 1.61772e-24 1.59285e-24 1.3891e-24 1.11433e-24 8.5503e-25 1.01949e-24 4.8288e-24 9.96615e-23 1.5854e-20 1.14588e-17 5.73162e-15 1.52821e-12 1.96703e-10 1.17356e-08 3.27931e-07 4.52143e-06 3.33768e-05 0.000144187 0.000387482 0.000659375 0.000727736 0.00056609 0.000345004 0.000175947 7.52094e-05 2.47489e-05 4.50018e-06 0 
0 0.000142257 3.02169e-05 6.27359e-07 1.90889e-09 1.19098e-12 2.30742e-16 4.80548e-20 6.22098e-22 4.74916e-23 7.20499e-24 1.60515e-24 6.09255e-25 4.28487e-25 3.79755e-25 3.22035e-25 2.53155e-25 2.1447e-25 3.97369e-25 2.14763e-24 2.81947e-23 1.84168e-21 1.29174e-18 9.61585e-16 3.67705e-13 6.49164e-11 5.06713e-09 1.76693e-07 2.90575e-06 2.45612e-05 0.000117604 0.000343147 0.000626048 0.000729108 0.00058621 0.000363064 0.000186378 7.98574e-05 2.62992e-05 4.78327e-06 0 
0 0.000135864 2.61443e-05 4.65438e-07 1.14857e-09 5.53651e-13 7.98554e-17 2.75247e-20 5.61144e-22 4.88531e-23 7.76398e-24 1.61772e-24 4.28487e-25 1.71882e-25 1.09371e-25 8.39863e-26 6.94435e-26 8.71234e-26 2.68794e-25 1.54681e-24 1.71284e-23 7.34152e-22 3.76127e-19 3.48862e-16 1.63622e-13 3.45454e-11 3.13976e-09 1.24124e-07 2.25581e-06 2.05884e-05 0.000104459 0.000319072 0.000605191 0.000726845 0.00059591 0.000372688 0.000192094 8.24287e-05 2.71595e-05 4.94053e-06 0 
0 0.000134312 2.53251e-05 4.36912e-07 1.0331e-09 4.72477e-13 6.41664e-17 2.48433e-20 5.47252e-22 4.86477e-23 7.76731e-24 1.59285e-24 3.79755e-25 1.09371e-25 4.44786e-26 2.74401e-26 2.7219e-26 5.89065e-26 2.39731e-25 1.42297e-24 1.53829e-23 6.13469e-22 2.90996e-19 2.82086e-16 1.37975e-13 3.02231e-11 2.83437e-09 1.14983e-07 2.13298e-06 1.9774e-05 0.000101506 0.000312956 0.000598584 0.000724107 0.000596599 0.000374098 0.000193043 8.28723e-05 2.73099e-05 4.96814e-06 0 
0 0.000137377 2.73832e-05 5.15421e-07 1.37254e-09 7.2669e-13 1.16683e-16 3.09096e-20 5.24602e-22 4.36979e-23 6.84788e-24 1.3891e-24 3.22035e-25 8.39863e-26 2.74401e-26 1.48004e-26 1.89525e-26 5.55419e-26 2.48639e-25 1.56117e-24 1.86949e-23 9.54412e-22 5.78006e-19 4.95998e-16 2.16188e-13 4.28099e-11 3.68455e-09 1.39249e-07 2.44097e-06 2.16615e-05 0.000107579 0.000323284 0.000605683 0.000721501 0.000588987 0.000367712 0.000189421 8.1269e-05 2.67765e-05 4.87084e-06 0 
0 0.000144774 3.2689e-05 7.47484e-07 2.59532e-09 1.90524e-12 4.44528e-16 7.68523e-20 6.53166e-22 4.25339e-23 5.86025e-24 1.11433e-24 2.53156e-25 6.94435e-26 2.7219e-26 1.89525e-26 2.58142e-26 6.92489e-26 3.11118e-25 2.24417e-24 3.67329e-23 3.48166e-21 2.72272e-18 1.76236e-15 5.93437e-13 9.3737e-11 6.65621e-09 2.14645e-07 3.31519e-06 2.66853e-05 0.000123101 0.000349187 0.000624033 0.000717343 0.000573072 0.000354076 0.000181637 7.78147e-05 2.56261e-05 4.66089e-06 0 
0 0.000156083 4.23422e-05 1.28796e-06 6.59764e-09 7.81918e-12 3.1527e-15 7.03343e-19 1.55202e-21 5.03933e-23 4.99674e-24 8.55031e-25 2.1447e-25 8.71234e-26 5.89065e-26 5.55418e-26 6.92488e-26 1.37369e-25 5.50544e-25 4.97596e-24 1.61966e-22 4.10552e-20 2.65754e-17 1.13113e-14 2.60741e-12 2.95434e-10 1.58122e-08 4.03852e-07 5.17978e-06 3.61373e-05 0.000149552 0.000389408 0.000648817 0.000708034 0.00054839 0.00033388 0.000170275 7.27963e-05 2.39574e-05 4.35647e-06 0 
0 0.000170564 5.82354e-05 2.52764e-06 2.10142e-08 4.522e-11 3.60085e-14 1.61929e-17 1.02213e-20 9.53172e-23 5.85847e-24 1.01949e-24 3.97369e-25 2.68794e-25 2.39731e-25 2.48639e-25 3.11117e-25 5.50543e-25 2.19971e-24 3.17653e-23 2.95128e-21 1.18442e-18 4.52656e-16 1.14133e-13 1.63859e-11 1.22521e-09 4.60288e-08 8.78103e-07 8.92987e-06 5.2119e-05 0.000188255 0.000440009 0.00067181 0.000688571 0.000514428 0.000308014 0.000156056 6.65644e-05 2.18902e-05 3.97968e-06 0 
0 0.000186954 8.30369e-05 5.39488e-06 7.76438e-08 3.28547e-10 5.65696e-13 5.8056e-16 5.44757e-19 1.27688e-21 2.98631e-23 4.8288e-24 2.14762e-24 1.54681e-24 1.42297e-24 1.56117e-24 2.24416e-24 4.97595e-24 3.17653e-23 1.2087e-21 2.26298e-19 5.52421e-17 1.11769e-14 1.55297e-12 1.29837e-10 6.03025e-09 1.50884e-07 2.05927e-06 1.60626e-05 7.65348e-05 0.000236876 0.000490122 0.000680215 0.000653335 0.00047105 0.000277595 0.000139792 5.95031e-05 1.95551e-05 3.55445e-06 0 
0 0.000203313 0.000119821 1.19592e-05 3.08144e-07 2.67375e-09 1.04431e-11 2.57331e-14 5.78813e-17 1.75029e-19 1.44741e-21 9.96615e-23 2.81947e-23 1.71284e-23 1.53829e-23 1.86949e-23 3.67329e-23 1.61966e-22 2.95128e-21 2.26298e-19 2.65781e-17 3.23732e-15 3.31974e-13 2.43353e-11 1.13355e-09 3.12889e-08 5.00242e-07 4.72046e-06 2.76048e-05 0.000106158 0.000280638 0.000515714 0.000656429 0.00059718 0.000418819 0.000243955 0.000122332 5.19993e-05 1.7082e-05 3.10455e-06 0 
0 0.000217058 0.000171009 2.63905e-05 1.22347e-06 2.19142e-08 1.95764e-10 1.16829e-12 6.40792e-15 4.46472e-17 5.3749e-19 1.5854e-20 1.84168e-21 7.34152e-22 6.13469e-22 9.54412e-22 3.48166e-21 4.10552e-20 1.18442e-18 5.52421e-17 3.23732e-15 1.9399e-13 9.93296e-12 3.75351e-10 9.40068e-09 1.46747e-07 1.416e-06 8.81026e-06 3.78732e-05 0.00011911 0.000278882 0.000476414 0.000580825 0.000516807 0.000359136 0.000208562 0.000104505 4.44158e-05 1.45909e-05 2.65185e-06 0 
0 0.000225271 0.000236428 5.59018e-05 4.57417e-06 1.65116e-07 3.28612e-09 4.62035e-11 6.0085e-13 9.49762e-15 2.35799e-16 1.14588e-17 1.29174e-18 3.76127e-19 2.90996e-19 5.78006e-19 2.72272e-18 2.65754e-17 4.52656e-16 1.11769e-14 3.31974e-13 9.93296e-12 2.54769e-10 4.86165e-09 6.15479e-08 4.84353e-07 2.42357e-06 8.74111e-06 2.6726e-05 7.48376e-05 0.000181172 0.000336398 0.000441807 0.000412662 0.000294282 0.000172929 8.70648e-05 3.70693e-05 1.2185e-05 2.21505e-06 0 
0 0.00022532 0.0003109 0.000110395 1.53612e-05 1.06465e-06 4.47159e-08 1.39942e-09 4.07641e-11 1.38474e-12 6.77782e-14 5.73162e-15 9.61585e-16 3.48862e-16 2.82086e-16 4.95998e-16 1.76236e-15 1.13113e-14 1.14133e-13 1.55297e-12 2.43353e-11 3.75351e-10 4.86165e-09 4.46449e-08 2.43861e-07 7.03226e-07 1.16503e-06 1.64317e-06 3.27147e-06 1.09202e-05 4.43726e-05 0.000138202 0.000258402 0.000292364 0.000227637 0.000138566 7.06626e-05 3.02161e-05 9.94609e-06 1.80882e-06 0 
0 0.000215637 0.000382762 0.000198678 4.48428e-05 5.58966e-06 4.59828e-07 2.9616e-08 1.78739e-09 1.21221e-10 1.09572e-11 1.52821e-12 3.67705e-13 1.63622e-13 1.37975e-13 2.16188e-13 5.93437e-13 2.60741e-12 1.63859e-11 1.29837e-10 1.13355e-09 9.40068e-09 6.15479e-08 2.43861e-07 4.04023e-07 2.01714e-07 3.62248e-08 7.1596e-09 7.2472e-09 6.11997e-08 1.41016e-06 2.04706e-05 9.81081e-05 0.000174916 0.000164183 0.000106998 5.58267e-05 2.40452e-05 7.93221e-06 1.44351e-06 0 
0 0.000196372 0.000435452 0.000319949 0.000111511 2.32378e-05 3.43207e-06 4.14827e-07 4.73287e-08 5.87992e-09 9.09692e-10 1.96703e-10 6.49164e-11 3.45454e-11 3.02231e-11 4.28099e-11 9.3737e-11 2.95434e-10 1.22521e-09 6.03025e-09 3.12889e-08 1.46747e-07 4.84353e-07 7.03226e-07 2.01714e-07 4.853e-09 1.26078e-11 4.55753e-14 1.26381e-14 1.3525e-12 1.61532e-09 6.50911e-07 2.0882e-05 8.59897e-05 0.000110228 7.9704e-05 4.29491e-05 1.86763e-05 6.17806e-06 1.12516e-06 0 
0 0.00016956 0.000453383 0.000453715 0.000233243 7.57509e-05 1.83562e-05 3.77344e-06 7.37697e-07 1.53106e-07 3.73867e-08 1.17356e-08 5.06713e-09 3.13976e-09 2.83437e-09 3.68455e-09 6.65621e-09 1.58122e-08 4.60288e-08 1.50884e-07 5.00242e-07 1.416e-06 2.42357e-06 1.16503e-06 3.62248e-08 1.26078e-11 2.96912e-16 2.39739e-15 1.41013e-15 7.32709e-15 8.61918e-14 5.50924e-09 2.86126e-06 3.72057e-05 7.07715e-05 5.77789e-05 3.22457e-05 1.41599e-05 4.69661e-06 8.55978e-07 0 
0 0.000138631 0.000429877 0.000558932 0.000405637 0.000193616 7.09369e-05 2.25423e-05 6.8459e-06 2.16369e-06 7.68703e-07 3.27931e-07 1.76693e-07 1.24124e-07 1.14983e-07 1.39249e-07 2.14645e-07 4.03852e-07 8.78103e-07 2.05927e-06 4.72046e-06 8.81026e-06 8.74111e-06 1.64317e-06 7.1596e-09 4.55753e-14 2.39739e-15 5.97217e-16 4.56428e-16 1.2618e-15 1.46015e-14 7.39305e-11 4.92525e-07 1.75484e-05 4.62219e-05 4.14285e-05 2.37101e-05 1.04807e-05 3.48224e-06 6.34936e-07 0 
0 0.000107401 0.000371458 0.000593755 0.000578825 0.000387255 0.000201336 9.11923e-05 3.93524e-05 1.73625e-05 8.3056e-06 4.52143e-06 2.90575e-06 2.25581e-06 2.13298e-06 2.44097e-06 3.31519e-06 5.17978e-06 8.92987e-06 1.60626e-05 2.76048e-05 3.78732e-05 2.6726e-05 3.27147e-06 7.2472e-09 1.26381e-14 1.41013e-15 4.56428e-16 1.09409e-15 5.30769e-15 1.01402e-13 2.02307e-11 2.57619e-07 1.16381e-05 3.27827e-05 2.98299e-05 1.7119e-05 7.56993e-06 2.51514e-06 4.58589e-07 0 
0 7.90237e-05 0.00029437 0.000545908 0.000672018 0.000600263 0.000422819 0.000257617 0.000147392 8.44207e-05 5.08234e-05 3.33768e-05 2.45612e-05 2.05884e-05 1.9774e-05 2.16615e-05 2.66853e-05 3.61373e-05 5.2119e-05 7.65348e-05 0.000106158 0.00011911 7.48376e-05 1.09202e-05 6.11997e-08 1.3525e-12 7.32709e-15 1.2618e-15 5.30769e-15 8.29936e-16 5.90448e-16 2.55162e-10 5.31219e-07 1.16336e-05 2.56277e-05 2.16069e-05 1.21235e-05 5.32628e-06 1.76643e-06 3.2191e-07 0 
0 5.53735e-05 0.000216045 0.000441195 0.000640113 0.000716742 0.000652727 0.00051367 0.000372593 0.00026361 0.00019007 0.000144187 0.000117604 0.000104459 0.000101506 0.000107579 0.000123101 0.000149552 0.000188255 0.000236876 0.000280638 0.000278882 0.000181172 4.43726e-05 1.41016e-06 1.61532e-09 8.61918e-14 1.46015e-14 1.01402e-13 5.90448e-16 5.27275e-12 2.06239e-08 2.23022e-06 1.44597e-05 2.09488e-05 1.55061e-05 8.37366e-06 3.63881e-06 1.20308e-06 2.19057e-07 0 
0 3.70236e-05 0.000148325 0.000320424 0.000514589 0.000671611 0.000742208 0.000720237 0.000639486 0.000541718 0.000454118 0.000387482 0.000343147 0.000319072 0.000312956 0.000323284 0.000349187 0.000389408 0.000440009 0.000490122 0.000515714 0.000476414 0.000336398 0.000138202 2.04706e-05 6.50911e-07 5.50924e-09 7.39305e-11 2.02307e-11 2.55162e-10 2.06239e-08 9.0993e-07 7.83431e-06 1.70077e-05 1.65678e-05 1.07764e-05 5.59391e-06 2.40265e-06 7.917e-07 1.44014e-07 0 
0 2.36172e-05 9.59403e-05 0.000213497 0.000362362 0.000516884 0.000645733 0.0007254 0.000751222 0.000736058 0.000699711 0.000659375 0.000626048 0.000605191 0.000598584 0.000605683 0.000624033 0.000648817 0.00067181 0.000680215 0.000656429 0.000580825 0.000441807 0.000258402 9.81081e-05 2.0882e-05 2.86126e-06 4.92525e-07 2.57619e-07 5.31219e-07 2.23022e-06 7.83431e-06 1.49857e-05 1.62124e-05 1.20349e-05 7.12e-06 3.58377e-06 1.5246e-06 5.00924e-07 9.10428e-08 0 
0 1.43266e-05 5.85934e-05 0.000132262 0.000230601 0.000343971 0.000458696 0.000560364 0.000638485 0.000689622 0.000717041 0.000727736 0.000729108 0.000726845 0.000724107 0.000721501 0.000717343 0.000708034 0.000688571 0.000653335 0.00059718 0.000516807 0.000412662 0.000292364 0.000174916 8.59897e-05 3.72057e-05 1.75484e-05 1.16381e-05 1.16336e-05 1.44597e-05 1.70077e-05 1.62124e-05 1.23646e-05 7.91238e-06 4.42552e-06 2.18428e-06 9.23229e-07 3.02711e-07 5.49825e-08 0 
0 8.20299e-06 3.36514e-05 7.64432e-05 0.000134871 0.000205236 0.000282022 0.000358675 0.000428908 0.000488054 0.00053381 0.00056609 0.00058621 0.00059591 0.000596599 0.000588987 0.000573072 0.00054839 0.000514428 0.00047105 0.000418819 0.000359136 0.000294282 0.000227637 0.000164183 0.000110228 7.07715e-05 4.62219e-05 3.27827e-05 2.56277e-05 2.09488e-05 1.65678e-05 1.20349e-05 7.91238e-06 4.7266e-06 2.56987e-06 1.25493e-06 5.28417e-07 1.73038e-07 3.14164e-08 0 
0 4.3726e-06 1.79611e-05 4.0908e-05 7.25258e-05 0.000111263 0.000154782 0.000200189 0.00024441 0.000284626 0.000318631 0.000345004 0.000363064 0.000372688 0.000374098 0.000367712 0.000354076 0.00033388 0.000308014 0.000277595 0.000243955 0.000208562 0.000172929 0.000138566 0.000106998 7.9704e-05 5.77789e-05 4.14285e-05 2.98299e-05 2.16069e-05 1.55061e-05 1.07764e-05 7.12e-06 4.42552e-06 2.56987e-06 1.3797e-06 6.70278e-07 2.81686e-07 9.21775e-08 1.67315e-08 0 
0 2.11732e-06 8.70176e-06 1.98393e-05 3.52384e-05 5.42258e-05 7.57852e-05 9.86419e-05 0.000121389 0.000142635 0.000161146 0.000175947 0.000186378 0.000192094 0.000193043 0.000189421 0.000181637 0.000170275 0.000156056 0.000139792 0.000122332 0.000104505 8.70648e-05 7.06626e-05 5.58267e-05 4.29491e-05 3.22457e-05 2.37101e-05 1.7119e-05 1.21235e-05 8.37366e-06 5.59391e-06 3.58377e-06 2.18428e-06 1.25493e-06 6.70278e-07 3.24898e-07 1.36415e-07 4.4624e-08 8.09886e-09 0 
0 8.88574e-07 3.65259e-06 8.33081e-06 1.48071e-05 2.28104e-05 3.19316e-05 4.16547e-05 5.1403e-05 6.05909e-05 6.8677e-05 7.52094e-05 7.98574e-05 8.24287e-05 8.28723e-05 8.1269e-05 7.78147e-05 7.27963e-05 6.65644e-05 5.95031e-05 5.19993e-05 4.44158e-05 3.70693e-05 3.02161e-05 2.40452e-05 1.86763e-05 1.41599e-05 1.04807e-05 7.56993e-06 5.32628e-06 3.63881e-06 2.40265e-06 1.5246e-06 9.23229e-07 5.28417e-07 2.81686e-07 1.36415e-07 5.72535e-08 1.87258e-08 3.39836e-09 0 
0 2.90611e-07 1.19468e-06 2.7252e-06 4.84487e-06 7.46636e-06 1.04576e-05 1.36521e-05 1.68625e-05 1.98973e-05 2.2577e-05 2.47489e-05 2.62992e-05 2.71595e-05 2.73099e-05 2.67765e-05 2.56261e-05 2.39574e-05 2.18902e-05 1.95551e-05 1.7082e-05 1.45909e-05 1.2185e-05 9.94609e-06 7.93221e-06 6.17806e-06 4.69661e-06 3.48224e-06 2.51514e-06 1.76643e-06 1.20308e-06 7.917e-07 5.00924e-07 3.02711e-07 1.73038e-07 9.21775e-08 4.4624e-08 1.87258e-08 6.12419e-09 1.11139e-09 0 
0 5.2739e-08 2.16812e-07 4.94594e-07 8.79363e-07 1.35534e-06 1.89868e-06 2.47925e-06 3.06317e-06 3.61564e-06 4.10396e-06 4.50018e-06 4.78327e-06 4.94053e-06 4.96814e-06 4.87084e-06 4.66089e-06 4.35647e-06 3.97968e-06 3.55445e-06 3.10455e-06 2.65185e-06 2.21505e-06 1.80882e-06 1.44351e-06 1.12516e-06 8.55978e-07 6.34936e-07 4.58589e-07 3.2191e-07 2.19057e-07 1.44014e-07 9.10428e-08 5.49825e-08 3.14164e-08 1.67315e-08 8.09886e-09 3.39836e-09 1.11139e-09 2.01686e-10 0 
0 0 0 0 0 0 0 0 0 0 0 0 0 0 0 0 0 0 0 0 0 0 0 0 0 0 0 0 0 0 0 0 0 0 0 0 0 0 0 0 0 
