0 0 0 0 0 0 0 0 0 0 0 0 0 0 0 0 0 0 0 0 0 0 0 0 0 0 0 0 0 0 0 0 0 0 0 0 0 0 0 0 0 
0 1.3644e-05 5.53475e-05 0.000123048 0.000209242 0.000301105 0.000383799 0.000445932 0.000483414 0.000499198 0.000500087 0.000493378 0.000484904 0.000478444 0.000475871 0.000477502 0.000482373 0.000488423 0.000492674 0.000491554 0.000481472 0.00045966 0.000425064 0.000378927 0.000324695 0.00026717 0.000211238 0.000160743 0.000117935 8.35239e-05 5.70987e-05 3.7618e-05 2.38016e-05 1.43781e-05 8.21589e-06 4.37547e-06 2.11788e-06 8.88665e-07 2.90622e-07 5.27397e-08 0 
0 5.53475e-05 0.000220239 0.000470495 0.000744333 0.000956033 0.00104242 0.00100198 0.000883288 0.000742778 0.000617254 0.000521703 0.000458125 0.000423704 0.000415313 0.000431218 0.000471241 0.000535975 0.000625161 0.000735194 0.000856209 0.000970262 0.00105303 0.00108071 0.00104012 0.000935844 0.000788656 0.000625933 0.000471172 0.000338552 0.000233197 0.000154203 9.77314e-05 5.90809e-05 3.37699e-05 1.79867e-05 8.70658e-06 3.65335e-06 1.19477e-06 2.16818e-07 0 
0 0.000123048 0.000470495 0.000923489 0.00125327 0.001273 0.00102162 0.000691806 0.000425089 0.000253711 0.000155791 0.000103001 7.57985e-05 6.33945e-05 6.07816e-05 6.66174e-05 8.23897e-05 0.000112582 0.000165462 0.000253724 0.000393235 0.000596848 0.00086094 0.00114907 0.00138931 0.00150284 0.00145224 0.00126488 0.00100855 0.00074865 0.000524462 0.000349628 0.000222394 0.000134648 7.70102e-05 4.10271e-05 1.98611e-05 8.33415e-06 2.72558e-06 4.94619e-07 0 
0 0.000209242 0.000744333 0.00125327 0.0013016 0.000903056 0.000458458 0.000190398 7.20897e-05 2.73601e-05 1.12795e-05 5.39318e-06 3.14148e-06 2.29974e-06 2.14206e-06 2.52377e-06 3.67951e-06 6.41093e-06 1.27781e-05 2.7761e-05 6.25863e-05 0.000139691 0.000295573 0.000570003 0.000967382 0.00140468 0.00171801 0.00177464 0.00158058 0.00125125 0.000906665 0.000614276 0.000393539 0.000238972 0.000136835 7.29299e-05 3.53106e-05 1.48178e-05 4.84609e-06 8.79438e-07 0 
0 0.000301105 0.000956033 0.001273 0.000903056 0.000381367 0.000110741 2.56915e-05 5.45888e-06 1.20119e-06 3.05328e-07 9.83062e-08 4.30128e-08 2.6744e-08 2.40425e-08 3.09559e-08 5.52169e-08 1.29503e-07 3.7417e-07 1.23976e-06 4.38395e-06 1.54706e-05 5.13604e-05 0.000152584 0.000388748 0.000818265 0.00138013 0.00183813 0.00195658 0.00172846 0.00132929 0.000927029 0.000601546 0.000367196 0.000210677 0.000112369 5.44196e-05 2.28388e-05 7.4695e-06 1.35553e-06 0 
0 0.000383799 0.00104242 0.00102162 0.000458458 0.000110741 1.7338e-05 2.10043e-06 2.32479e-07 2.75212e-08 4.02765e-09 8.24913e-10 2.60077e-10 1.34101e-10 1.15728e-10 1.64906e-10 3.70462e-10 1.22058e-09 5.39023e-09 2.89039e-08 1.70473e-07 1.00901e-06 5.53828e-06 2.64507e-05 0.00010465 0.00032988 0.000800671 0.00145541 0.00196807 0.00203967 0.0017193 0.00125545 0.000831597 0.000511911 0.000294647 0.000157336 7.62271e-05 3.19951e-05 1.04646e-05 1.89909e-06 0 
0 0.000445932 0.00100198 0.000691806 0.000190398 2.56915e-05 2.10043e-06 1.27446e-07 7.01563e-09 4.26814e-10 3.45023e-11 4.34373e-12 9.62414e-13 4.0558e-13 3.34804e-13 5.31768e-13 1.53022e-12 7.26329e-12 5.05983e-11 4.55101e-10 4.64869e-09 4.78896e-08 4.49388e-07 3.544e-06 2.21529e-05 0.000105417 0.000370478 0.000935023 0.00166105 0.00210106 0.00200335 0.00156087 0.00106514 0.000663765 0.000383831 0.000205297 9.95197e-05 4.17795e-05 1.36655e-05 2.48003e-06 0 
0 0.000483414 0.000883288 0.000425089 7.20897e-05 5.45888e-06 2.32479e-07 7.01563e-09 1.90404e-10 5.90046e-12 2.6133e-13 2.00855e-14 3.11114e-15 1.06801e-15 8.42233e-16 1.49216e-15 5.5146e-15 3.78723e-14 4.18554e-13 6.35679e-12 1.13271e-10 2.0456e-09 3.30268e-08 4.31877e-07 4.26427e-06 3.0421e-05 0.000152752 0.000528867 0.00123606 0.00194166 0.0021408 0.00180893 0.00128297 0.00081253 0.000472753 0.00025341 0.000122932 5.16206e-05 1.68856e-05 3.0645e-06 0 
0 0.000499198 0.000742778 0.000253711 2.73601e-05 1.20119e-06 2.75212e-08 4.26814e-10 5.90046e-12 9.60634e-14 2.39579e-15 1.14939e-16 1.26447e-17 3.56682e-18 2.69033e-18 5.28452e-18 2.47725e-17 2.41831e-16 4.14885e-15 1.03835e-13 3.14597e-12 9.70779e-11 2.63082e-09 5.5722e-08 8.49621e-07 8.87518e-06 6.20069e-05 0.000286268 0.000861041 0.00166884 0.00214154 0.0019807 0.00146918 0.000948485 0.000555935 0.000298776 0.000145067 6.09322e-05 1.99333e-05 3.6177e-06 0 
0 0.000500087 0.000617254 0.000155791 1.12795e-05 3.05328e-07 4.02765e-09 3.45023e-11 2.6133e-13 2.39579e-15 3.57846e-17 1.12702e-18 9.14035e-20 2.16722e-20 1.57057e-20 3.37132e-20 1.9477e-19 2.59815e-18 6.594e-17 2.5759e-15 1.25302e-13 6.23689e-12 2.68396e-10 8.74503e-09 1.96492e-07 2.88062e-06 2.69076e-05 0.000159301 0.000594936 0.00138795 0.00205292 0.00207733 0.00161431 0.00106373 0.000628462 0.000338711 0.000164612 6.91625e-05 2.26279e-05 4.10685e-06 0 
0 0.000493378 0.000521703 0.000103001 5.39318e-06 9.83062e-08 8.24913e-10 4.34373e-12 2.00855e-14 1.14939e-16 1.12702e-18 2.51517e-20 1.59358e-21 3.28885e-22 2.30621e-22 5.29671e-22 3.60862e-21 6.19421e-20 2.16446e-18 1.21767e-16 8.73356e-15 6.43626e-13 4.04963e-11 1.87993e-09 5.80962e-08 1.12491e-06 1.33191e-05 9.63664e-05 0.00042766 0.00115842 0.00193066 0.00211548 0.00171617 0.001153 0.000686428 0.000370966 0.000180453 7.58403e-05 2.48149e-05 4.5039e-06 0 
0 0.000484904 0.000458125 7.57985e-05 3.14148e-06 4.30128e-08 2.60077e-10 9.62414e-13 3.11114e-15 1.26447e-17 9.14035e-20 1.59358e-21 8.4326e-23 1.56076e-23 1.06369e-23 2.57351e-23 1.9788e-22 4.06372e-21 1.78547e-19 1.30749e-17 1.24262e-15 1.21761e-13 1.00974e-11 6.06481e-10 2.364e-08 5.60577e-07 7.88561e-06 6.59431e-05 0.000331084 0.000998351 0.00181743 0.00211751 0.00177797 0.00121369 0.000727183 0.000393898 0.000191757 8.0611e-05 2.63779e-05 4.7877e-06 0 
0 0.000478444 0.000423704 6.33945e-05 2.29974e-06 2.6744e-08 1.34101e-10 4.0558e-13 1.06801e-15 3.56682e-18 2.16722e-20 3.28886e-22 1.56076e-23 2.6778e-24 1.78377e-24 4.46785e-24 3.70121e-23 8.40805e-22 4.19675e-20 3.56861e-18 3.98303e-16 4.59515e-14 4.46623e-12 3.11205e-10 1.38721e-08 3.69908e-07 5.75006e-06 5.22901e-05 0.000281959 0.000905099 0.00173714 0.00210278 0.00180519 0.00124532 0.000749361 0.000406554 0.000198025 8.32605e-05 2.72463e-05 4.94542e-06 0 
0 0.000475871 0.000415313 6.07816e-05 2.14206e-06 2.40425e-08 1.15728e-10 3.34804e-13 8.42233e-16 2.69033e-18 1.57057e-20 2.30621e-22 1.06369e-23 1.78377e-24 1.17622e-24 2.95987e-24 2.48684e-23 5.75922e-22 2.94802e-20 2.58604e-18 2.98824e-16 3.57446e-14 3.6014e-12 2.59708e-10 1.1948e-08 3.27688e-07 5.21956e-06 4.84754e-05 0.00026635 0.000870347 0.00169827 0.00208274 0.00180265 0.00124873 0.00075276 0.000408682 0.000199111 8.37243e-05 2.73989e-05 4.97315e-06 0 
0 0.000477502 0.000431218 6.66174e-05 2.52377e-06 3.09559e-08 1.64906e-10 5.31768e-13 1.49216e-15 5.28452e-18 3.37132e-20 5.29671e-22 2.57351e-23 4.46785e-24 2.95987e-24 7.24604e-24 5.80113e-23 1.26489e-21 6.01887e-20 4.85567e-18 5.13665e-16 5.62668e-14 5.21184e-12 3.47845e-10 1.49383e-08 3.86135e-07 5.85422e-06 5.22371e-05 0.000278033 0.000886258 0.00169832 0.00205961 0.0017728 0.00122538 0.000738161 0.000400681 0.000195206 8.20822e-05 2.68616e-05 4.87564e-06 0 
0 0.000482373 0.000471241 8.23897e-05 3.67951e-06 5.52169e-08 3.70462e-10 1.53022e-12 5.5146e-15 2.47725e-17 1.9477e-19 3.60862e-21 1.9788e-22 3.7012e-23 2.48684e-23 5.80113e-23 4.21802e-22 8.05643e-21 3.24961e-19 2.16931e-17 1.87744e-15 1.68088e-13 1.28213e-11 7.14707e-10 2.61232e-08 5.87242e-07 7.91797e-06 6.41759e-05 0.000315919 0.000945297 0.00172563 0.00202702 0.00171545 0.00117707 0.000707152 0.000383515 0.000186796 7.85408e-05 2.57023e-05 4.6652e-06 0 
0 0.000488423 0.000535975 0.000112582 6.41093e-06 1.29503e-07 1.22058e-09 7.26329e-12 3.78723e-14 2.41831e-16 2.59815e-18 6.19421e-20 4.06372e-21 8.40805e-22 5.75922e-22 1.26489e-21 8.05643e-21 1.26606e-19 3.99464e-18 2.0164e-16 1.29722e-14 8.61324e-13 4.92251e-11 2.09793e-09 6.02551e-08 1.09862e-06 1.24183e-05 8.70633e-05 0.000380813 0.00103564 0.00175858 0.00197167 0.00162863 0.001106 0.000661972 0.000358588 0.000174597 7.34059e-05 2.40215e-05 4.36012e-06 0 
0 0.000492674 0.000625161 0.000165462 1.27781e-05 3.7417e-07 5.39023e-09 5.05983e-11 4.18554e-13 4.14885e-15 6.594e-17 2.16446e-18 1.78547e-19 4.19675e-20 2.94802e-20 6.01887e-20 3.24961e-19 3.99464e-18 9.26488e-17 3.29697e-15 1.46265e-13 6.67081e-12 2.64976e-10 8.04289e-09 1.70133e-07 2.37603e-06 2.1439e-05 0.000124826 0.000469522 0.00113298 0.00176394 0.00187592 0.00150994 0.00101487 0.000605351 0.000327608 0.000159481 6.70492e-05 2.19415e-05 3.98261e-06 0 
0 0.000491554 0.000735194 0.000253724 2.7761e-05 1.23976e-06 2.89039e-08 4.55101e-10 6.35679e-12 1.03835e-13 2.5759e-15 1.21767e-16 1.30749e-17 3.56861e-18 2.58604e-18 4.85567e-18 2.16931e-17 2.0164e-16 3.29697e-15 7.88244e-14 2.28857e-12 6.79112e-11 1.77601e-09 3.64279e-08 5.40073e-07 5.52045e-06 3.81947e-05 0.000178586 0.000563553 0.00119084 0.00169732 0.00172091 0.00135773 0.000906888 0.000540296 0.000292431 0.000142391 5.9873e-05 1.95946e-05 3.55673e-06 0 
0 0.000481472 0.000856209 0.000393235 6.25863e-05 4.38395e-06 1.70473e-07 4.64869e-09 1.13271e-10 3.14597e-12 1.25302e-13 8.73356e-15 1.24262e-15 3.98303e-16 2.98824e-16 5.13665e-16 1.87744e-15 1.29722e-14 1.46265e-13 2.28857e-12 4.22229e-11 7.89555e-10 1.31398e-08 1.75697e-07 1.75816e-06 1.26545e-05 6.46861e-05 0.00023558 0.000613253 0.00113678 0.00150851 0.00148938 0.00117131 0.000785487 0.000469832 0.000254903 0.000124262 5.22764e-05 1.71118e-05 3.10629e-06 0 
0 0.00045966 0.000970262 0.000596848 0.000139691 1.54706e-05 1.00901e-06 4.78896e-08 2.0456e-09 9.70779e-11 6.23689e-12 6.43626e-13 1.21761e-13 4.59515e-14 3.57446e-14 5.62668e-14 1.68088e-13 8.61324e-13 6.67081e-12 6.79112e-11 7.89555e-10 9.19467e-09 9.57339e-08 8.14169e-07 5.3096e-06 2.57048e-05 9.23141e-05 0.000251709 0.00053483 0.000891917 0.00115661 0.00116877 0.000950482 0.000653771 0.000396734 0.00021673 0.00010596 4.46268e-05 1.46138e-05 2.65319e-06 0 
0 0.000425064 0.00105303 0.00086094 0.000295573 5.13604e-05 5.53828e-06 4.49388e-07 3.30268e-08 2.63082e-09 2.68396e-10 4.04963e-11 1.00974e-11 4.46623e-12 3.6014e-12 5.21184e-12 1.28213e-11 4.92251e-11 2.64976e-10 1.77601e-09 1.31398e-08 9.57339e-08 6.20087e-07 3.27369e-06 1.31876e-05 3.92918e-05 8.88441e-05 0.000166348 0.000284892 0.000460095 0.00065832 0.000764772 0.000697467 0.000514609 0.000323442 0.000179397 8.82296e-05 3.7239e-05 1.22035e-05 2.21613e-06 0 
0 0.000378927 0.00108071 0.00114907 0.000570003 0.000152584 2.64507e-05 3.544e-06 4.31877e-07 5.5722e-08 8.74503e-09 1.87993e-09 6.06481e-10 3.11205e-10 2.59708e-10 3.47845e-10 7.14707e-10 2.09793e-09 8.04289e-09 3.64279e-08 1.75697e-07 8.14169e-07 3.27369e-06 1.02917e-05 2.28453e-05 3.37617e-05 3.58595e-05 3.59384e-05 4.73296e-05 9.01904e-05 0.000196113 0.000349019 0.000429222 0.000372823 0.000252378 0.000144184 7.16768e-05 3.03631e-05 9.96196e-06 1.80975e-06 0 
0 0.000324695 0.00104012 0.00138931 0.000967382 0.000388748 0.00010465 2.21529e-05 4.26427e-06 8.49621e-07 1.96492e-07 5.80962e-08 2.364e-08 1.38721e-08 1.1948e-08 1.49383e-08 2.61232e-08 6.02551e-08 1.70133e-07 5.40073e-07 1.75816e-06 5.3096e-06 1.31876e-05 2.28453e-05 2.21326e-05 9.959e-06 2.39822e-06 6.56879e-07 5.65983e-07 2.07777e-06 1.51907e-05 8.06714e-05 0.000197056 0.000239905 0.000186711 0.00011225 5.6768e-05 2.41794e-05 7.94645e-06 1.44432e-06 0 
0 0.00026717 0.000935844 0.00150284 0.00140468 0.000818265 0.00032988 0.000105417 3.0421e-05 8.87518e-06 2.88062e-06 1.12491e-06 5.60577e-07 3.69908e-07 3.27688e-07 3.86135e-07 5.87242e-07 1.09862e-06 2.37603e-06 5.52045e-06 1.26545e-05 2.57048e-05 3.92918e-05 3.37617e-05 9.959e-06 5.88115e-07 8.28405e-09 1.68121e-10 6.75375e-11 1.19813e-09 1.29071e-07 6.69656e-06 6.11468e-05 0.000134417 0.000130689 8.4665e-05 4.38288e-05 1.8799e-05 6.19079e-06 1.12587e-06 0 
0 0.000211238 0.000788656 0.00145224 0.00171801 0.00138013 0.000800671 0.000370478 0.000152752 6.20069e-05 2.69076e-05 1.33191e-05 7.88561e-06 5.75006e-06 5.21956e-06 5.85422e-06 7.91797e-06 1.24183e-05 2.1439e-05 3.81947e-05 6.46861e-05 9.23141e-05 8.88441e-05 3.58595e-05 2.39822e-06 8.28405e-09 1.7064e-12 6.46056e-16 1.2679e-16 1.91698e-14 1.40774e-10 2.31776e-07 1.41469e-05 6.87484e-05 8.81129e-05 6.22111e-05 3.30254e-05 1.42664e-05 4.70744e-06 8.56575e-07 0 
0 0.000160743 0.000625933 0.00126488 0.00177464 0.00183813 0.00145541 0.000935023 0.000528867 0.000286268 0.000159301 9.63664e-05 6.59431e-05 5.22901e-05 4.84754e-05 5.22371e-05 6.41759e-05 8.70633e-05 0.000124826 0.000178586 0.00023558 0.000251709 0.000166348 3.59384e-05 6.56879e-07 1.68121e-10 6.46056e-16 5.50002e-18 1.74683e-18 3.41012e-17 2.68125e-13 1.12255e-08 3.84283e-06 3.71433e-05 5.96715e-05 4.5013e-05 2.43367e-05 1.0565e-05 3.49069e-06 6.35396e-07 0 
0 0.000117935 0.000471172 0.00100855 0.00158058 0.00195658 0.00196807 0.00166105 0.00123606 0.000861041 0.000594936 0.00042766 0.000331084 0.000281959 0.00026635 0.000278033 0.000315919 0.000380813 0.000469522 0.000563553 0.000613253 0.00053483 0.000284892 4.73296e-05 5.65983e-07 6.75375e-11 1.26789e-16 1.74684e-18 1.48531e-18 4.71133e-17 4.40413e-14 4.2186e-09 2.21628e-06 2.51704e-05 4.24193e-05 3.23914e-05 1.75627e-05 7.62915e-06 2.52104e-06 4.58909e-07 0 
0 8.35239e-05 0.000338552 0.00074865 0.00125125 0.00172846 0.00203967 0.00210106 0.00194166 0.00166884 0.00138795 0.00115842 0.000998351 0.000905099 0.000870347 0.000886258 0.000945297 0.00103564 0.00113298 0.00119084 0.00113678 0.000891917 0.000460095 9.01904e-05 2.07777e-06 1.19813e-09 1.91698e-14 3.41012e-17 4.71133e-17 3.31342e-17 2.08805e-12 2.06037e-08 3.21943e-06 2.23829e-05 3.19524e-05 2.31966e-05 1.23955e-05 5.36261e-06 1.77006e-06 3.22108e-07 0 
0 5.70987e-05 0.000233197 0.000524462 0.000906665 0.00132929 0.0017193 0.00200335 0.0021408 0.00214154 0.00205292 0.00193066 0.00181743 0.00173714 0.00169827 0.00169832 0.00172563 0.00175858 0.00176394 0.00169732 0.00150851 0.00115661 0.00065832 0.000196113 1.51907e-05 1.29071e-07 1.40774e-10 2.68125e-13 4.40413e-14 2.08805e-12 1.45959e-09 3.58424e-07 7.53054e-06 2.28847e-05 2.45818e-05 1.63487e-05 8.5166e-06 3.65811e-06 1.20504e-06 2.19166e-07 0 
0 3.7618e-05 0.000154203 0.000349628 0.000614276 0.000927029 0.00125545 0.00156087 0.00180893 0.0019807 0.00207733 0.00211548 0.00211751 0.00210278 0.00208274 0.00205961 0.00202702 0.00197167 0.00187592 0.00172091 0.00148938 0.00116877 0.000764772 0.000349019 8.06714e-05 6.69656e-06 2.31776e-07 1.12255e-08 4.2186e-09 2.06037e-08 3.58424e-07 4.131e-06 1.54733e-05 2.23089e-05 1.8299e-05 1.1153e-05 5.65808e-06 2.41151e-06 7.92621e-07 1.44066e-07 0 
0 2.38016e-05 9.77314e-05 0.000222394 0.000393539 0.000601546 0.000831597 0.00106514 0.00128297 0.00146918 0.00161431 0.00171617 0.00177797 0.00180519 0.00180265 0.0017728 0.00171545 0.00162863 0.00150994 0.00135773 0.00117131 0.000950482 0.000697467 0.000429222 0.000197056 6.11468e-05 1.41469e-05 3.84283e-06 2.21628e-06 3.21943e-06 7.53054e-06 1.54733e-05 2.07644e-05 1.8624e-05 1.27023e-05 7.26157e-06 3.60841e-06 1.52812e-06 5.01301e-07 9.10648e-08 0 
0 1.43781e-05 5.90809e-05 0.000134648 0.000238972 0.000367196 0.000511911 0.000663765 0.00081253 0.000948485 0.00106373 0.001153 0.00121369 0.00124532 0.00124873 0.00122538 0.00117707 0.001106 0.00101487 0.000906888 0.000785487 0.000653771 0.000514609 0.000372823 0.000239905 0.000134417 6.87484e-05 3.71433e-05 2.51704e-05 2.23829e-05 2.28847e-05 2.23089e-05 1.8624e-05 1.31694e-05 8.1222e-06 4.47058e-06 2.19241e-06 9.24437e-07 3.02846e-07 5.49906e-08 0 
0 8.21589e-06 3.37699e-05 7.70102e-05 0.000136835 0.000210677 0.000294647 0.000383831 0.000472753 0.000555935 0.000628462 0.000686428 0.000727183 0.000749361 0.00075276 0.000738161 0.000707152 0.000661972 0.000605351 0.000540296 0.000469832 0.000396734 0.000323442 0.000252378 0.000186711 0.000130689 8.81129e-05 5.96715e-05 4.24193e-05 3.19524e-05 2.45818e-05 1.8299e-05 1.27023e-05 8.1222e-06 4.78163e-06 2.58212e-06 1.25724e-06 5.28777e-07 1.7308e-07 3.14191e-08 0 
0 4.37547e-06 1.79867e-05 4.10271e-05 7.29299e-05 0.000112369 0.000157336 0.000205297 0.00025341 0.000298776 0.000338711 0.000370966 0.000393898 0.000406554 0.000408682 0.000400681 0.000383515 0.000358588 0.000327608 0.000292431 0.000254903 0.00021673 0.000179397 0.000144184 0.00011225 8.4665e-05 6.22111e-05 4.5013e-05 3.23914e-05 2.31966e-05 1.63487e-05 1.1153e-05 7.26157e-06 4.47058e-06 2.58212e-06 1.38256e-06 6.70846e-07 2.81779e-07 9.21888e-08 1.67323e-08 0 
0 2.11788e-06 8.70658e-06 1.98611e-05 3.53106e-05 5.44196e-05 7.62271e-05 9.95197e-05 0.000122932 0.000145067 0.000164612 0.000180453 0.000191757 0.000198025 0.000199111 0.000195206 0.000186796 0.000174597 0.000159481 0.000142391 0.000124262 0.00010596 8.82296e-05 7.16768e-05 5.6768e-05 4.38288e-05 3.30254e-05 2.43367e-05 1.75627e-05 1.23955e-05 8.5166e-06 5.65808e-06 3.60841e-06 2.19241e-06 1.25724e-06 6.70846e-07 3.25017e-07 1.36435e-07 4.46266e-08 8.09904e-09 0 
0 8.88665e-07 3.65335e-06 8.33415e-06 1.48178e-05 2.28388e-05 3.19951e-05 4.17795e-05 5.16206e-05 6.09322e-05 6.91625e-05 7.58403e-05 8.0611e-05 8.32605e-05 8.37243e-05 8.20822e-05 7.85408e-05 7.34059e-05 6.70492e-05 5.9873e-05 5.22764e-05 4.46268e-05 3.7239e-05 3.03631e-05 2.41794e-05 1.8799e-05 1.42664e-05 1.0565e-05 7.62915e-06 5.36261e-06 3.65811e-06 2.41151e-06 1.52812e-06 9.24437e-07 5.28777e-07 2.81779e-07 1.36435e-07 5.72572e-08 1.87263e-08 3.39839e-09 0 
0 2.90622e-07 1.19477e-06 2.72558e-06 4.84609e-06 7.4695e-06 1.04646e-05 1.36655e-05 1.68856e-05 1.99333e-05 2.26279e-05 2.48149e-05 2.63779e-05 2.72463e-05 2.73989e-05 2.68616e-05 2.57023e-05 2.40215e-05 2.19415e-05 1.95946e-05 1.71118e-05 1.46138e-05 1.22035e-05 9.96196e-06 7.94645e-06 6.19079e-06 4.70744e-06 3.49069e-06 2.52104e-06 1.77006e-06 1.20504e-06 7.92621e-07 5.01301e-07 3.02846e-07 1.7308e-07 9.21888e-08 4.46266e-08 1.87263e-08 6.12426e-09 1.11139e-09 0 
0 5.27397e-08 2.16818e-07 4.94619e-07 8.79438e-07 1.35553e-06 1.89909e-06 2.48003e-06 3.0645e-06 3.6177e-06 4.10685e-06 4.5039e-06 4.7877e-06 4.94542e-06 4.97315e-06 4.87564e-06 4.6652e-06 4.36012e-06 3.98261e-06 3.55673e-06 3.10629e-06 2.65319e-06 2.21613e-06 1.80975e-06 1.44432e-06 1.12587e-06 8.56575e-07 6.35396e-07 4.58909e-07 3.22108e-07 2.19166e-07 1.44066e-07 9.10648e-08 5.49906e-08 3.14191e-08 1.67323e-08 8.09904e-09 3.39839e-09 1.11139e-09 2.01687e-10 0 
0 0 0 0 0 0 0 0 0 0 0 0 0 0 0 0 0 0 0 0 0 0 0 0 0 0 0 0 0 0 0 0 0 0 0 0 0 0 0 0 0 
