0 0 0 0 0 0 0 0 0 0 0 0 0 0 0 0 0 0 0 0 0 0 0 0 0 0 0 0 0 0 0 0 0 0 0 0 0 0 0 0 0 
0 1.35181e-05 5.42241e-05 0.000118091 0.00019431 0.000267128 0.000322058 0.000352226 0.000359639 0.000351577 0.000336142 0.000319692 0.000306251 0.000297918 0.000295489 0.000298905 0.000307457 0.000319793 0.000333833 0.000346728 0.000355027 0.000355168 0.000344295 0.000321191 0.000286912 0.000244716 0.000199183 0.000154911 0.000115393 8.25234e-05 5.67424e-05 3.75029e-05 2.37678e-05 1.43691e-05 8.21372e-06 4.375e-06 2.11779e-06 8.8865e-07 2.90621e-07 5.27396e-08 0 
0 5.42241e-05 0.000209972 0.000425886 0.000619489 0.000709096 0.000674967 0.000563198 0.000434108 0.000324143 0.000243977 0.000190975 0.000159013 0.000142842 0.000139263 0.000147119 0.000167018 0.00020101 0.000252026 0.000322734 0.000413415 0.000518962 0.000626199 0.000714098 0.000759425 0.000746895 0.000677656 0.000569075 0.000445658 0.000328442 0.000229628 0.000153072 9.74079e-05 5.89972e-05 3.37504e-05 1.79826e-05 8.70583e-06 3.65323e-06 1.19476e-06 2.16817e-07 0 
0 0.000118091 0.000425886 0.000746739 0.000848097 0.000684804 0.000428161 0.00022748 0.000112006 5.50355e-05 2.86959e-05 1.66808e-05 1.12146e-05 8.92355e-06 8.47979e-06 9.57955e-06 1.26543e-05 1.90433e-05 3.16004e-05 5.57731e-05 0.000100924 0.000180758 0.000310151 0.000494971 0.00071579 0.000918512 0.00103286 0.00101701 0.000886839 0.000698104 0.000506336 0.00034391 0.000220786 0.000134242 7.69178e-05 4.10083e-05 1.98578e-05 8.33364e-06 2.72553e-06 4.94615e-07 0 
0 0.00019431 0.000619489 0.000848097 0.000649734 0.000315669 0.000111642 3.28104e-05 8.99488e-06 2.54758e-06 8.15783e-07 3.18606e-07 1.60766e-07 1.08688e-07 9.98063e-08 1.23444e-07 1.99968e-07 4.0617e-07 9.79958e-07 2.64662e-06 7.53963e-06 2.14367e-05 5.79539e-05 0.000143029 0.000311374 0.00058028 0.000902538 0.00115386 0.00121639 0.0010826 0.000842756 0.000593733 0.000387779 0.000237539 0.000136516 7.28665e-05 3.52996e-05 1.48162e-05 4.84591e-06 8.79427e-07 0 
0 0.000267128 0.000709096 0.000684804 0.000315669 8.32096e-05 1.50097e-05 2.17453e-06 2.93296e-07 4.23715e-08 7.45837e-09 1.786e-09 6.32976e-10 3.50118e-10 3.08228e-10 4.26243e-10 8.87674e-10 2.60798e-09 9.96887e-09 4.53702e-08 2.25001e-07 1.12018e-06 5.21836e-06 2.15072e-05 7.51941e-05 0.000216051 0.000496528 0.000890609 0.00123006 0.00132458 0.00115903 0.000869465 0.000585156 0.000363135 0.000209787 0.000112195 5.43901e-05 2.28345e-05 7.46903e-06 1.3555e-06 0 
0 0.000322058 0.000674967 0.000428161 0.000111642 1.50097e-05 1.27617e-06 8.29828e-08 4.98664e-09 3.33856e-10 2.96506e-11 4.05853e-12 9.60337e-13 4.22237e-13 3.54158e-13 5.56296e-13 1.54359e-12 6.91437e-12 4.47177e-11 3.69504e-10 3.45193e-09 3.25588e-08 2.81418e-07 2.06544e-06 1.21935e-05 5.59313e-05 0.000194947 0.000506252 0.00096008 0.00132246 0.00136459 0.00112467 0.000792961 0.000502259 0.000292544 0.000156932 7.61595e-05 3.19856e-05 1.04635e-05 1.89903e-06 0 
0 0.000352226 0.000563198 0.00022748 3.28104e-05 2.17453e-06 8.29828e-08 2.288e-09 5.77717e-11 1.6952e-12 7.22937e-14 5.43226e-15 8.3346e-16 2.86446e-16 2.28045e-16 4.10464e-16 1.54859e-15 1.08983e-14 1.23826e-13 1.93912e-12 3.57255e-11 6.68731e-10 1.12148e-08 1.52623e-07 1.57226e-06 1.17632e-05 6.26961e-05 0.000235912 0.000619267 0.00111912 0.00140978 0.00131418 0.00098786 0.000644044 0.00037953 0.000204479 9.93844e-05 4.17607e-05 1.36635e-05 2.47991e-06 0 
0 0.000359639 0.000434108 0.000112006 8.99488e-06 2.93296e-07 4.98664e-09 5.77717e-11 6.07357e-13 7.74498e-15 1.57425e-16 6.45557e-18 6.41278e-19 1.73271e-19 1.31208e-19 2.68772e-19 1.37397e-18 1.52347e-17 3.05686e-16 9.12868e-15 3.33958e-13 1.24965e-11 4.09633e-10 1.04096e-08 1.88166e-07 2.3006e-06 1.86541e-05 0.000100305 0.000358535 0.000845755 0.00131624 0.00141381 0.00114938 0.000777313 0.000465007 0.000251941 0.000122692 5.15876e-05 1.68822e-05 3.0643e-06 0 
0 0.000351577 0.000324143 5.50355e-05 2.54758e-06 4.23715e-08 3.33856e-10 1.6952e-12 7.74498e-15 4.47106e-17 4.49878e-19 1.07154e-20 8.30323e-22 2.27573e-22 1.75164e-22 3.39746e-22 1.8495e-21 2.87988e-20 9.79317e-19 5.39877e-17 3.79175e-15 2.74215e-13 1.70105e-11 7.83512e-10 2.41994e-08 4.72094e-07 5.69006e-06 4.26115e-05 0.000201459 0.000604961 0.00115112 0.00142961 0.00126612 0.000892756 0.000543506 0.000296418 0.000144683 6.08799e-05 1.99279e-05 3.61739e-06 0 
0 0.000336142 0.000243977 2.86959e-05 8.15783e-07 7.45837e-09 2.96506e-11 7.22937e-14 1.57425e-16 4.49878e-19 2.52668e-21 4.66653e-23 4.11045e-24 1.33388e-24 1.06149e-24 1.82723e-24 8.11796e-24 1.23055e-22 5.89075e-21 5.51426e-19 6.91298e-17 8.98309e-15 9.83006e-13 7.68873e-11 3.82731e-09 1.13227e-07 1.94134e-06 1.94627e-05 0.000117137 0.000431898 0.000978762 0.00138942 0.00133806 0.000984585 0.000610508 0.000335293 0.000164057 6.90873e-05 2.26201e-05 4.10642e-06 0 
0 0.000319692 0.000190975 1.66808e-05 3.18606e-07 1.786e-09 4.05853e-12 5.43226e-15 6.45557e-18 1.07154e-20 4.66654e-23 7.96057e-25 6.47739e-26 2.19071e-26 1.76946e-26 2.83539e-26 1.17484e-25 1.80469e-24 9.71609e-23 1.2897e-20 2.57544e-18 5.4041e-16 9.40925e-14 1.13536e-11 8.35578e-10 3.47762e-08 7.95899e-07 1.01234e-05 7.40011e-05 0.000321022 0.000836146 0.0013261 0.00137395 0.00105092 0.000662873 0.000366459 0.000179721 7.57416e-05 2.48048e-05 4.50334e-06 0 
0 0.000306251 0.000159013 1.12146e-05 1.60766e-07 6.32976e-10 9.60337e-13 8.3346e-16 6.41278e-19 8.30324e-22 4.11047e-24 6.47745e-26 3.15399e-27 7.30486e-28 5.58642e-28 9.46966e-28 5.25299e-27 1.07228e-25 6.03905e-24 8.76153e-22 2.3612e-19 6.99792e-17 1.70498e-14 2.8158e-12 2.75098e-10 1.46643e-08 4.13816e-07 6.25341e-06 5.25682e-05 0.000255956 0.000735905 0.00126537 0.00138591 0.00109287 0.000698889 0.000388456 0.000190873 8.0492e-05 2.63657e-05 4.78702e-06 0 
0 0.000297918 0.000142842 8.92355e-06 1.08688e-07 3.50118e-10 4.22237e-13 2.86446e-16 1.73271e-19 2.27574e-22 1.33389e-24 2.19075e-26 7.305e-28 6.06762e-29 3.03448e-29 8.23104e-29 9.54823e-28 2.56999e-26 1.43514e-24 1.96744e-22 5.99094e-20 2.15602e-17 6.36213e-15 1.25695e-12 1.44396e-10 8.86892e-09 2.822e-07 4.70724e-06 4.28623e-05 0.000222875 0.000678022 0.00122234 0.00138464 0.00111293 0.000718031 0.000400502 0.000197041 8.3128e-05 2.72328e-05 4.94467e-06 0 
0 0.000295489 0.000139263 8.47979e-06 9.98063e-08 3.08228e-10 3.54158e-13 2.28045e-16 1.31208e-19 1.75165e-22 1.0615e-24 1.7695e-26 5.58656e-28 3.03455e-29 8.47683e-30 4.11899e-29 6.60518e-28 1.88805e-26 1.04929e-24 1.41035e-22 4.37341e-20 1.63945e-17 5.04168e-15 1.03575e-12 1.23304e-10 7.81553e-09 2.55454e-07 4.35709e-06 4.04052e-05 0.000213391 0.000658538 0.00120295 0.0013767 0.00111348 0.000720595 0.000402452 0.000198096 8.35875e-05 2.73849e-05 4.97238e-06 0 
0 0.000298905 0.000147119 9.57955e-06 1.23444e-07 4.26243e-10 5.56296e-13 4.10464e-16 2.68772e-19 3.39746e-22 1.82724e-24 2.83544e-26 9.46982e-28 8.23103e-29 4.11892e-29 1.20362e-28 1.3726e-27 3.67957e-26 2.12554e-24 3.02539e-22 8.89867e-20 2.99914e-17 8.30385e-15 1.54757e-12 1.68816e-10 9.91771e-09 3.04085e-07 4.92277e-06 4.37949e-05 0.000223858 0.000673267 0.00120631 0.0013636 0.00109594 0.000707391 0.000394714 0.000194232 8.19506e-05 2.68481e-05 4.87489e-06 0 
0 0.000307457 0.000167018 1.26543e-05 1.99968e-07 8.87674e-10 1.54359e-12 1.54859e-15 1.37397e-18 1.8495e-21 8.11799e-24 1.17485e-25 5.253e-27 9.5481e-28 6.60505e-28 1.37258e-27 9.63737e-27 2.15136e-25 1.28542e-23 1.88035e-21 4.6116e-19 1.21717e-16 2.65501e-14 3.96268e-12 3.53947e-10 1.74699e-08 4.62416e-07 6.63753e-06 5.36378e-05 0.000253936 0.0007178 0.0012257 0.00134213 0.00106062 0.000679591 0.000378167 0.000185921 7.84221e-05 2.56901e-05 4.66452e-06 0 
0 0.000319793 0.00020101 1.90433e-05 4.0617e-07 2.60798e-09 6.91437e-12 1.08983e-14 1.52347e-17 2.87988e-20 1.23055e-22 1.8047e-24 1.07228e-25 2.56996e-26 1.88803e-26 3.67954e-26 2.15136e-25 4.20875e-24 2.43666e-22 3.0062e-20 5.26717e-18 9.66664e-16 1.48256e-13 1.5931e-11 1.05817e-09 4.03337e-08 8.582e-07 1.03014e-05 7.21407e-05 0.000304563 0.000784753 0.00124828 0.00130542 0.00100715 0.000638716 0.00035407 0.000173855 7.33046e-05 2.4011e-05 4.35953e-06 0 
0 0.000333833 0.000252026 3.16004e-05 9.79958e-07 9.96887e-09 4.47177e-11 1.23826e-13 3.05686e-16 9.79317e-19 5.89075e-21 9.71608e-23 6.03903e-24 1.43513e-24 1.04928e-24 2.12553e-24 1.28542e-23 2.43666e-22 1.16304e-20 9.85712e-19 1.10452e-16 1.28541e-14 1.2675e-12 9.01351e-11 4.12324e-09 1.1343e-07 1.83138e-06 1.75292e-05 0.000102382 0.000373914 0.000858529 0.00125428 0.00124446 0.000935209 0.000586678 0.000323966 0.000158878 6.69662e-05 2.19329e-05 3.98212e-06 0 
0 0.000346728 0.000322734 5.57731e-05 2.64662e-06 4.53702e-08 3.69504e-10 1.93912e-12 9.12868e-15 5.39877e-17 5.51426e-19 1.2897e-20 8.76153e-22 1.96744e-22 1.41034e-22 3.02539e-22 1.88035e-21 3.0062e-20 9.85712e-19 5.18988e-17 3.48297e-15 2.4111e-13 1.43488e-11 6.35501e-10 1.89177e-08 3.56759e-07 4.17791e-06 3.07051e-05 0.00014517 0.000449007 0.000908507 0.0012173 0.00115003 0.000845146 0.000525765 0.000289569 0.000141911 5.98062e-05 1.95875e-05 3.55632e-06 0 
0 0.000355027 0.000413415 0.000100924 7.53963e-06 2.25001e-07 3.45193e-09 3.57255e-11 3.33958e-13 3.79175e-15 6.91298e-17 2.57544e-18 2.3612e-19 5.99094e-20 4.37341e-20 8.89867e-20 4.6116e-19 5.26717e-18 1.10452e-16 3.48297e-15 1.35239e-13 5.36923e-12 1.85669e-10 4.9248e-09 9.16249e-08 1.13696e-06 9.28503e-06 5.06615e-05 0.000189452 0.000492177 0.000884558 0.00110705 0.00101442 0.000738254 0.000458512 0.000252633 0.000123876 5.22218e-05 1.7106e-05 3.10595e-06 0 
0 0.000355168 0.000518962 0.000180758 2.14367e-05 1.12018e-06 3.25588e-08 6.68731e-10 1.24965e-11 2.74215e-13 8.98309e-15 5.4041e-16 6.99792e-17 2.15602e-17 1.63945e-17 2.99914e-17 1.21717e-16 9.66664e-16 1.28541e-14 2.4111e-13 5.36923e-12 1.20829e-10 2.38817e-09 3.70309e-08 4.15641e-07 3.23578e-06 1.74545e-05 6.75253e-05 0.000195869 0.000434629 0.000726475 0.000896849 0.00083285 0.000616577 0.000387483 0.000214826 0.00010563 4.45795e-05 1.46087e-05 2.6529e-06 0 
0 0.000344295 0.000626199 0.000310151 5.79539e-05 5.21836e-06 2.81418e-07 1.12148e-08 4.09633e-10 1.70105e-11 9.83006e-13 9.40925e-14 1.70498e-14 6.36213e-15 5.04168e-15 8.30385e-15 2.65501e-14 1.48256e-13 1.2675e-12 1.43488e-11 1.85669e-10 2.38817e-09 2.69183e-08 2.38492e-07 1.52549e-06 6.74239e-06 2.11313e-05 5.21001e-05 0.000114465 0.00023463 0.000419083 0.000585254 0.000607286 0.000483109 0.000315159 0.000177644 8.79217e-05 3.71947e-05 1.21987e-05 2.21585e-06 0 
0 0.000321191 0.000714098 0.000494971 0.000143029 2.15072e-05 2.06544e-06 1.52623e-07 1.04096e-08 7.83512e-10 7.68873e-11 1.13536e-11 2.8158e-12 1.25695e-12 1.03575e-12 1.54757e-12 3.96268e-12 1.5931e-11 9.01351e-11 6.35501e-10 4.9248e-09 3.70309e-08 2.38492e-07 1.15502e-06 3.68907e-06 7.15403e-06 9.12757e-06 1.05628e-05 1.65451e-05 3.97624e-05 0.000111749 0.000249197 0.000360141 0.000344112 0.000244245 0.000142424 7.13674e-05 3.0319e-05 9.95724e-06 1.80947e-06 0 
0 0.000286912 0.000759425 0.00071579 0.000311374 7.51941e-05 1.21935e-05 1.57226e-06 1.88166e-07 2.41994e-08 3.82731e-09 8.35578e-10 2.75098e-10 1.44396e-10 1.23304e-10 1.68816e-10 3.53947e-10 1.05817e-09 4.12324e-09 1.89177e-08 9.16249e-08 4.15641e-07 1.52549e-06 3.68907e-06 4.44095e-06 2.0895e-06 4.49717e-07 1.08935e-07 1.00688e-07 5.15227e-07 5.95871e-06 4.73676e-05 0.00015143 0.000213816 0.000178434 0.000110417 5.64487e-05 2.41347e-05 7.94176e-06 1.44405e-06 0 
0 0.000244716 0.000746895 0.000918512 0.00058028 0.000216051 5.59313e-05 1.17632e-05 2.3006e-06 4.72094e-07 1.13227e-07 3.47762e-08 1.46643e-08 8.86892e-09 7.81553e-09 9.91771e-09 1.74699e-08 4.03337e-08 1.1343e-07 3.56759e-07 1.13696e-06 3.23578e-06 6.74239e-06 7.15403e-06 2.0895e-06 8.64316e-08 6.23392e-10 6.71168e-12 2.45926e-12 8.10839e-11 2.26389e-08 2.66026e-06 4.01373e-05 0.000113249 0.000122621 8.28133e-05 4.351e-05 1.87553e-05 6.18631e-06 1.12563e-06 0 
0 0.000199183 0.000677656 0.00103286 0.000902538 0.000496528 0.000194947 6.26961e-05 1.86541e-05 5.69006e-06 1.94134e-06 7.95899e-07 4.13816e-07 2.822e-07 2.55454e-07 3.04085e-07 4.62416e-07 8.582e-07 1.83138e-06 4.17791e-06 9.28503e-06 1.74545e-05 2.11313e-05 9.12757e-06 4.49717e-07 6.23392e-10 2.93253e-14 1.8396e-16 1.28394e-15 1.77932e-16 7.42508e-12 5.25521e-08 7.51724e-06 5.40564e-05 8.09792e-05 6.04929e-05 3.27318e-05 1.42269e-05 4.70347e-06 8.56358e-07 0 
0 0.000154911 0.000569075 0.00101701 0.00115386 0.000890609 0.000506252 0.000235912 0.000100305 4.26115e-05 1.94627e-05 1.01234e-05 6.25341e-06 4.70724e-06 4.35709e-06 4.92277e-06 6.63753e-06 1.03014e-05 1.75292e-05 3.07051e-05 5.06615e-05 6.75253e-05 5.21001e-05 1.05628e-05 1.08935e-07 6.71168e-12 1.83959e-16 7.71892e-18 3.12554e-17 3.74059e-17 4.61332e-15 1.53981e-09 1.70365e-06 2.76361e-05 5.40103e-05 4.35951e-05 2.40956e-05 1.0533e-05 3.48751e-06 6.35224e-07 0 
0 0.000115393 0.000445658 0.000886839 0.00121639 0.00123006 0.00096008 0.000619267 0.000358535 0.000201459 0.000117137 7.40011e-05 5.25682e-05 4.28623e-05 4.04052e-05 4.37949e-05 5.36378e-05 7.21407e-05 0.000102382 0.00014517 0.000189452 0.000195869 0.000114465 1.65451e-05 1.00688e-07 2.45926e-12 1.28394e-15 3.12555e-17 4.55951e-18 1.48466e-17 5.49701e-16 5.13271e-10 9.45141e-07 1.85551e-05 3.83375e-05 3.13692e-05 1.739e-05 7.60638e-06 2.51879e-06 4.58788e-07 0 
0 8.25234e-05 0.000328442 0.000698104 0.0010826 0.00132458 0.00132246 0.00111912 0.000845755 0.000604961 0.000431898 0.000321022 0.000255956 0.000222875 0.000213391 0.000223858 0.000253936 0.000304563 0.000373914 0.000449007 0.000492177 0.000434629 0.00023463 3.97624e-05 5.15227e-07 8.10839e-11 1.77932e-16 3.74058e-17 1.48466e-17 2.37214e-17 6.097e-14 3.61073e-09 1.57521e-06 1.72745e-05 2.92944e-05 2.25612e-05 1.2289e-05 5.34853e-06 1.76867e-06 3.22032e-07 0 
0 5.67424e-05 0.000229628 0.000506336 0.000842756 0.00115903 0.00136459 0.00140978 0.00131624 0.00115112 0.000978762 0.000836146 0.000735905 0.000678022 0.000658538 0.000673267 0.0007178 0.000784753 0.000858529 0.000908507 0.000884558 0.000726475 0.000419083 0.000111749 5.95871e-06 2.26389e-08 7.42508e-12 4.61332e-15 5.49701e-16 6.097e-14 1.55498e-10 1.1509e-07 4.64293e-06 1.90786e-05 2.30795e-05 1.60128e-05 8.46051e-06 3.65059e-06 1.20428e-06 2.19124e-07 0 
0 3.75029e-05 0.000153072 0.00034391 0.000593733 0.000869465 0.00112467 0.00131418 0.00141381 0.00142961 0.00138942 0.0013261 0.00126537 0.00122234 0.00120295 0.00120631 0.0012257 0.00124828 0.00125428 0.0012173 0.00110705 0.000896849 0.000585254 0.000249197 4.73676e-05 2.66026e-06 5.25521e-08 1.53981e-09 5.13271e-10 3.61073e-09 1.1509e-07 2.26198e-06 1.18061e-05 2.00356e-05 1.75954e-05 1.10035e-05 5.63288e-06 2.40805e-06 7.92263e-07 1.44046e-07 0 
0 2.37678e-05 9.74079e-05 0.000220786 0.000387779 0.000585156 0.000792961 0.00098786 0.00114938 0.00126612 0.00133806 0.00137395 0.00138591 0.00138464 0.0013767 0.0013636 0.00134213 0.00130542 0.00124446 0.00115003 0.00101442 0.00083285 0.000607286 0.000360141 0.00015143 4.01373e-05 7.51724e-06 1.70365e-06 9.45141e-07 1.57521e-06 4.64293e-06 1.18061e-05 1.82442e-05 1.76298e-05 1.24348e-05 7.2056e-06 3.59873e-06 1.52674e-06 5.01154e-07 9.10563e-08 0 
0 1.43691e-05 5.89972e-05 0.000134242 0.000237539 0.000363135 0.000502259 0.000644044 0.000777313 0.000892756 0.000984585 0.00105092 0.00109287 0.00111293 0.00111348 0.00109594 0.00106062 0.00100715 0.000935209 0.000845146 0.000738254 0.000616577 0.000483109 0.000344112 0.000213816 0.000113249 5.40564e-05 2.76361e-05 1.85551e-05 1.72745e-05 1.90786e-05 2.00356e-05 1.76298e-05 1.28455e-05 8.0389e-06 4.45282e-06 2.18922e-06 9.23964e-07 3.02793e-07 5.49874e-08 0 
0 8.21372e-06 3.37504e-05 7.69178e-05 0.000136516 0.000209787 0.000292544 0.00037953 0.000465007 0.000543506 0.000610508 0.000662873 0.000698889 0.000718031 0.000720595 0.000707391 0.000679591 0.000638716 0.000586678 0.000525765 0.000458512 0.000387483 0.000315159 0.000244245 0.000178434 0.000122621 8.09792e-05 5.40103e-05 3.83375e-05 2.92944e-05 2.30795e-05 1.75954e-05 1.24348e-05 8.0389e-06 4.75991e-06 2.57731e-06 1.25633e-06 5.28636e-07 1.73063e-07 3.1418e-08 0 
0 4.375e-06 1.79826e-05 4.10083e-05 7.28665e-05 0.000112195 0.000156932 0.000204479 0.000251941 0.000296418 0.000335293 0.000366459 0.000388456 0.000400502 0.000402452 0.000394714 0.000378167 0.00035407 0.000323966 0.000289569 0.000252633 0.000214826 0.000177644 0.000142424 0.000110417 8.28133e-05 6.04929e-05 4.35951e-05 3.13692e-05 2.25612e-05 1.60128e-05 1.10035e-05 7.2056e-06 4.45282e-06 2.57731e-06 1.38143e-06 6.70623e-07 2.81743e-07 9.21844e-08 1.6732e-08 0 
0 2.11779e-06 8.70583e-06 1.98578e-05 3.52996e-05 5.43901e-05 7.61595e-05 9.93844e-05 0.000122692 0.000144683 0.000164057 0.000179721 0.000190873 0.000197041 0.000198096 0.000194232 0.000185921 0.000173855 0.000158878 0.000141911 0.000123876 0.00010563 8.79217e-05 7.13674e-05 5.64487e-05 4.351e-05 3.27318e-05 2.40956e-05 1.739e-05 1.2289e-05 8.46051e-06 5.63288e-06 3.59873e-06 2.18922e-06 1.25633e-06 6.70623e-07 3.2497e-07 1.36427e-07 4.46256e-08 8.09897e-09 0 
0 8.8865e-07 3.65323e-06 8.33364e-06 1.48162e-05 2.28345e-05 3.19856e-05 4.17607e-05 5.15876e-05 6.08799e-05 6.90873e-05 7.57416e-05 8.0492e-05 8.3128e-05 8.35875e-05 8.19506e-05 7.84221e-05 7.33046e-05 6.69662e-05 5.98062e-05 5.22218e-05 4.45795e-05 3.71947e-05 3.0319e-05 2.41347e-05 1.87553e-05 1.42269e-05 1.0533e-05 7.60638e-06 5.34853e-06 3.65059e-06 2.40805e-06 1.52674e-06 9.23964e-07 5.28636e-07 2.81743e-07 1.36427e-07 5.72558e-08 1.87261e-08 3.39838e-09 0 
0 2.90621e-07 1.19476e-06 2.72553e-06 4.84591e-06 7.46903e-06 1.04635e-05 1.36635e-05 1.68822e-05 1.99279e-05 2.26201e-05 2.48048e-05 2.63657e-05 2.72328e-05 2.73849e-05 2.68481e-05 2.56901e-05 2.4011e-05 2.19329e-05 1.95875e-05 1.7106e-05 1.46087e-05 1.21987e-05 9.95724e-06 7.94176e-06 6.18631e-06 4.70347e-06 3.48751e-06 2.51879e-06 1.76867e-06 1.20428e-06 7.92263e-07 5.01154e-07 3.02793e-07 1.73063e-07 9.21844e-08 4.46256e-08 1.87261e-08 6.12423e-09 1.11139e-09 0 
0 5.27396e-08 2.16817e-07 4.94615e-07 8.79427e-07 1.3555e-06 1.89903e-06 2.47991e-06 3.0643e-06 3.61739e-06 4.10642e-06 4.50334e-06 4.78702e-06 4.94467e-06 4.97238e-06 4.87489e-06 4.66452e-06 4.35953e-06 3.98212e-06 3.55632e-06 3.10595e-06 2.6529e-06 2.21585e-06 1.80947e-06 1.44405e-06 1.12563e-06 8.56358e-07 6.35224e-07 4.58788e-07 3.22032e-07 2.19124e-07 1.44046e-07 9.10563e-08 5.49874e-08 3.1418e-08 1.6732e-08 8.09897e-09 3.39838e-09 1.11139e-09 2.01686e-10 0 
0 0 0 0 0 0 0 0 0 0 0 0 0 0 0 0 0 0 0 0 0 0 0 0 0 0 0 0 0 0 0 0 0 0 0 0 0 0 0 0 0 
