0 0 0 0 0 0 0 0 0 0 0 0 0 0 0 0 0 0 0 0 0 0 0 0 0 0 0 0 0 0 0 0 0 0 0 0 0 0 0 0 0 
0 1.33999e-05 5.31892e-05 0.000113697 0.000181841 0.000240861 0.000278302 0.000291392 0.000285543 0.000269181 0.000249691 0.000231967 0.000218631 0.000210797 0.000208732 0.000212255 0.000220872 0.000233719 0.000249401 0.000265823 0.00028016 0.00028909 0.000289386 0.000278788 0.000256853 0.000225363 0.000187959 0.000149077 0.000112679 8.13935e-05 5.63199e-05 3.73607e-05 2.37246e-05 1.43573e-05 8.21079e-06 4.37436e-06 2.11767e-06 8.8863e-07 2.90618e-07 5.27394e-08 0 
0 5.31892e-05 0.000200822 0.000388835 0.000526883 0.000551136 0.000475654 0.000360873 0.000255237 0.000176957 0.000125283 9.35229e-05 7.53465e-05 6.64747e-05 6.46038e-05 6.90033e-05 8.02362e-05 0.000100032 0.000131158 0.000176998 0.000240411 0.000321562 0.000414956 0.000507182 0.000578095 0.000607449 0.000584823 0.000515901 0.000419413 0.000317199 0.000225404 0.000151666 9.69899e-05 5.88857e-05 3.37237e-05 1.79769e-05 8.70477e-06 3.65307e-06 1.19474e-06 2.16816e-07 0 
0 0.000113697 0.000388835 0.000618509 0.000610059 0.000418213 0.000222158 0.000101471 4.35609e-05 1.89472e-05 8.90161e-06 4.76209e-06 3.0188e-06 2.32526e-06 2.19703e-06 2.53211e-06 3.49263e-06 5.59727e-06 1.0045e-05 1.93874e-05 3.86417e-05 7.65646e-05 0.000145778 0.000258954 0.000418237 0.00060056 0.0007534 0.000818566 0.000773132 0.000644784 0.000485396 0.000336854 0.000218704 0.000133697 7.67907e-05 4.0982e-05 1.9853e-05 8.33292e-06 2.72544e-06 4.9461e-07 0 
0 0.000181841 0.000526883 0.000610059 0.000375218 0.000144523 4.07753e-05 9.63704e-06 2.14578e-06 5.01581e-07 1.35829e-07 4.63436e-08 2.12394e-08 1.36125e-08 1.23819e-08 1.5824e-08 2.75153e-08 6.19455e-08 1.69797e-07 5.29827e-07 1.7598e-06 5.84762e-06 1.8432e-05 5.281e-05 0.000133098 0.000287487 0.000520023 0.000772077 0.000931689 0.00092287 0.000773085 0.000569057 0.000380396 0.000235619 0.000136076 7.27774e-05 3.52838e-05 1.48139e-05 4.84564e-06 8.7941e-07 0 
0 0.000240861 0.000551136 0.000418213 0.000144523 2.8265e-05 3.7614e-06 4.00515e-07 3.9935e-08 4.35045e-09 5.97783e-10 1.17193e-10 3.6015e-11 1.84041e-11 1.59743e-11 2.31867e-11 5.363e-11 1.83522e-10 8.47607e-10 4.77842e-09 2.97398e-08 1.86223e-07 1.08366e-06 5.50661e-06 2.33821e-05 8.06529e-05 0.000221773 0.000477663 0.000791379 0.00100201 0.000991005 0.000803815 0.000564649 0.00035775 0.000208561 0.000111951 5.43478e-05 2.28284e-05 7.46836e-06 1.35546e-06 0 
0 0.000278302 0.000475654 0.000222158 4.07753e-05 3.7614e-06 2.141e-07 9.18717e-09 3.65887e-10 1.66618e-11 1.05494e-12 1.09861e-13 2.13932e-14 8.44108e-15 6.94445e-15 1.16548e-14 3.73288e-14 2.05985e-13 1.72573e-12 1.91157e-11 2.4378e-10 3.14879e-09 3.69058e-08 3.60038e-07 2.75225e-06 1.59146e-05 6.85443e-05 0.000218533 0.000510845 0.000863733 0.0010604 0.000986761 0.000746496 0.000489695 0.000289675 0.000156366 7.60629e-05 3.19718e-05 1.0462e-05 1.89894e-06 0 
0 0.000291392 0.000360873 0.000101471 9.63704e-06 4.00515e-07 9.18717e-09 1.48842e-10 2.2176e-12 3.96865e-14 1.09636e-15 5.80074e-17 6.93648e-18 2.08135e-18 1.61855e-18 3.1627e-18 1.43214e-17 1.31731e-16 2.08712e-15 4.76289e-14 1.30926e-12 3.67311e-11 9.12037e-10 1.79112e-08 2.57055e-07 2.5752e-06 1.77141e-05 8.3952e-05 0.000276102 0.000627746 0.000980336 0.00107909 0.000899798 0.000619059 0.000373739 0.000203338 9.91916e-05 4.17336e-05 1.36606e-05 2.47975e-06 0 
0 0.000285543 0.000255237 4.35609e-05 2.14578e-06 3.9935e-08 3.65887e-10 2.2176e-12 1.22535e-14 8.5496e-17 1.02598e-18 2.96302e-20 3.28622e-21 1.27483e-21 1.06e-21 1.67386e-21 6.32758e-21 7.7379e-20 2.26739e-18 1.07152e-16 6.38982e-15 3.92016e-13 2.07673e-11 8.27002e-10 2.24423e-08 3.91825e-07 4.31268e-06 3.01884e-05 0.000137455 0.00041316 0.000818074 0.00107825 0.00100665 0.000734167 0.000454758 0.000249912 0.000122351 5.15401e-05 1.68772e-05 3.06401e-06 0 
0 0.000269181 0.000176957 1.89472e-05 5.01581e-07 4.35045e-09 1.66618e-11 3.96865e-14 8.5496e-17 2.45262e-19 1.64111e-21 7.38475e-23 1.60676e-23 8.6146e-24 7.5812e-24 9.83758e-24 2.32907e-23 1.39602e-22 3.68641e-21 3.18399e-19 3.95208e-17 5.09701e-15 5.54641e-13 4.32499e-11 2.15183e-09 6.37711e-08 1.09789e-06 1.11039e-05 6.82366e-05 0.000263453 0.000646647 0.00101343 0.00106361 0.000826956 0.00052738 0.000293197 0.000144143 6.08051e-05 1.99201e-05 3.61695e-06 0 
0 0.000249691 0.000125283 8.90161e-06 1.35829e-07 5.97783e-10 1.05494e-12 1.09636e-15 1.02598e-18 1.64111e-21 1.46332e-23 9.9899e-25 3.41861e-25 2.336e-25 2.13868e-25 2.40663e-25 3.92476e-25 1.37812e-24 2.19072e-23 1.90524e-21 4.24129e-19 1.05688e-16 2.17969e-14 3.0881e-12 2.63402e-10 1.25024e-08 3.20628e-07 4.49718e-06 3.59528e-05 0.00017196 0.000506155 0.000923018 0.00108028 0.000894511 0.000587679 0.000330678 0.000163282 6.89805e-05 2.2609e-05 4.10579e-06 0 
0 0.000231967 9.35229e-05 4.76209e-06 4.63436e-08 1.17193e-10 1.09861e-13 5.80074e-17 2.96302e-20 7.38476e-23 9.98993e-25 5.70246e-26 1.75697e-26 1.32674e-26 1.24107e-26 1.27141e-26 1.66156e-26 4.87275e-26 6.8708e-25 4.3044e-23 1.05885e-20 4.40664e-18 1.53191e-15 3.53502e-13 4.68463e-11 3.26882e-09 1.16178e-07 2.12979e-06 2.10914e-05 0.000119724 0.000406493 0.000836535 0.00107248 0.000938527 0.000633471 0.000360442 0.000178709 7.56022e-05 2.47903e-05 4.50253e-06 0 
0 0.000218631 7.53465e-05 3.0188e-06 2.12394e-08 3.6015e-11 2.13932e-14 6.93648e-18 3.28623e-21 1.60676e-23 3.41863e-25 1.75698e-26 2.28154e-27 1.15671e-27 1.03099e-27 1.00428e-27 1.35236e-27 6.1416e-27 1.03882e-25 4.89992e-24 8.24902e-22 4.41649e-19 2.23486e-16 7.33483e-14 1.3363e-11 1.23193e-09 5.54441e-08 1.23374e-06 1.42598e-05 9.14819e-05 0.000343472 0.000770036 0.00105537 0.000963279 0.000664109 0.000381262 0.000189658 8.03248e-05 2.63484e-05 4.78606e-06 0 
0 0.000210797 6.64747e-05 2.32526e-06 1.36125e-08 1.84041e-11 8.44108e-15 2.08135e-18 1.27484e-21 8.61463e-24 2.33601e-25 1.32675e-26 1.15672e-27 1.98891e-28 1.09285e-28 1.10227e-28 2.89439e-28 2.61681e-27 4.61455e-26 1.7673e-24 2.211e-22 1.19042e-19 7.42947e-17 2.97885e-14 6.50415e-12 7.02639e-10 3.61756e-08 8.98988e-07 1.13467e-05 7.80206e-05 0.00031 0.000729586 0.00103963 0.000973351 0.000679942 0.000392565 0.000195697 8.2943e-05 2.72137e-05 4.9436e-06 0 
0 0.000208732 6.46038e-05 2.19703e-06 1.23819e-08 1.59743e-11 6.94445e-15 1.61855e-18 1.06e-21 7.58123e-24 2.13869e-25 1.24108e-26 1.031e-27 1.09285e-28 2.32531e-29 3.02152e-29 1.92915e-28 2.18272e-27 3.8572e-26 1.42018e-24 1.68158e-22 8.9272e-20 5.81824e-17 2.43366e-14 5.52222e-12 6.1711e-10 3.27013e-08 8.3215e-07 1.07036e-05 7.47108e-05 0.000300633 0.000715874 0.00103064 0.000971997 0.000681742 0.000394327 0.000196718 8.33976e-05 2.73653e-05 4.97128e-06 0 
0 0.000212255 6.90033e-05 2.53211e-06 1.5824e-08 2.31867e-11 1.16548e-14 3.1627e-18 1.67386e-21 9.83762e-24 2.40664e-25 1.27143e-26 1.00429e-27 1.10228e-28 3.02151e-29 4.43512e-29 2.52409e-28 2.83512e-27 5.42785e-26 2.30793e-24 3.27317e-22 1.80179e-19 1.04634e-16 3.91657e-14 8.04116e-12 8.23466e-10 4.05275e-08 9.70633e-07 1.1897e-05 7.99791e-05 0.000312496 0.00072696 0.00102887 0.000960413 0.000670316 0.000386965 0.000192916 8.1769e-05 2.68293e-05 4.87383e-06 0 
0 0.000220872 8.02362e-05 3.49263e-06 2.75153e-08 5.363e-11 3.73288e-14 1.43214e-17 6.32758e-21 2.32908e-23 3.92478e-25 1.66158e-26 1.35237e-27 2.89438e-28 1.92913e-28 2.52407e-28 7.71071e-28 6.88128e-27 1.48689e-25 8.56448e-24 1.77473e-21 8.97898e-19 3.99767e-16 1.16453e-13 1.90682e-11 1.60229e-09 6.66918e-08 1.39208e-06 1.52946e-05 9.4395e-05 0.000344624 0.000758781 0.00103047 0.000937773 0.000646392 0.000371254 0.000184746 7.82596e-05 2.56732e-05 4.66357e-06 0 
0 0.000233719 0.000100032 5.59727e-06 6.19455e-08 1.83522e-10 2.05985e-13 1.31731e-16 7.7379e-20 1.39602e-22 1.37813e-24 4.87276e-26 6.14158e-27 2.61679e-27 2.1827e-27 2.8351e-27 6.88125e-27 4.80412e-26 1.16909e-24 9.90138e-23 2.64736e-20 9.59993e-18 2.87915e-15 5.79607e-13 6.79745e-11 4.26536e-09 1.38609e-07 2.36145e-06 2.20732e-05 0.00012003 0.000396128 0.000803794 0.00102771 0.000901823 0.000610739 0.000348274 0.000172869 7.31677e-05 2.39968e-05 4.35872e-06 0 
0 0.000249401 0.000131158 1.0045e-05 1.69797e-07 8.47607e-10 1.72573e-12 2.08712e-15 2.26739e-18 3.68641e-21 2.19072e-23 6.87079e-25 1.03881e-25 4.61452e-26 3.85717e-26 5.42782e-26 1.48688e-25 1.16909e-24 3.62628e-23 4.08944e-21 8.38177e-19 1.84313e-16 3.37005e-14 4.27091e-12 3.29543e-10 1.43284e-08 3.41065e-07 4.50032e-06 3.43235e-05 0.000159109 0.000462427 0.000848292 0.00100954 0.0008498 0.000564387 0.000319366 0.000158094 6.68567e-05 2.19214e-05 3.98147e-06 0 
0 0.000265823 0.000176998 1.93874e-05 5.29827e-07 4.77842e-09 1.91157e-11 4.76289e-14 1.07152e-16 3.18399e-19 1.90524e-21 4.30439e-23 4.89991e-24 1.7673e-24 1.42018e-24 2.30792e-24 8.56447e-24 9.90138e-23 4.08944e-21 3.58914e-19 4.25449e-17 5.23618e-15 5.44579e-13 4.06625e-11 1.94101e-09 5.53141e-08 9.18823e-07 9.01947e-06 5.43756e-05 0.000209794 0.000528279 0.00086942 0.000962752 0.000779424 0.000508809 0.000286068 0.000141311 5.97217e-05 1.95786e-05 3.55581e-06 0 
0 0.00028016 0.000240411 3.86417e-05 1.7598e-06 2.97398e-08 2.4378e-10 1.30926e-12 6.38982e-15 3.95208e-17 4.24129e-19 1.05885e-20 8.24902e-22 2.211e-22 1.68157e-22 3.27317e-22 1.77473e-21 2.64736e-20 8.38177e-19 4.25449e-17 2.73864e-15 1.8129e-13 1.0299e-11 4.34737e-10 1.23077e-08 2.20328e-07 2.45289e-06 1.73094e-05 8.05102e-05 0.000255458 0.000557975 0.000834203 0.000874022 0.000689656 0.000445943 0.000250014 0.000123422 5.21572e-05 1.7099e-05 3.10554e-06 0 
0 0.00028909 0.000321562 7.65646e-05 5.84762e-06 1.86223e-07 3.14879e-09 3.67311e-11 3.92016e-13 5.09701e-15 1.05688e-16 4.40664e-18 4.41649e-19 1.19042e-19 8.9272e-20 1.80179e-19 8.97898e-19 9.59993e-18 1.84313e-16 5.23618e-15 1.8129e-13 6.3806e-12 1.94836e-10 4.53986e-09 7.35707e-08 7.88062e-07 5.56087e-06 2.68968e-05 9.44401e-05 0.000249552 0.000492673 0.000705703 0.000732939 0.000581044 0.000378061 0.000212824 0.000105278 4.45288e-05 1.46032e-05 2.65257e-06 0 
0 0.000289386 0.000414956 0.000145778 1.8432e-05 1.08366e-06 3.69058e-08 9.12037e-10 2.07673e-11 5.54641e-13 2.17969e-14 1.53191e-15 2.23486e-16 7.42947e-17 5.81824e-17 1.04634e-16 3.99767e-16 2.87915e-15 3.37005e-14 5.44579e-13 1.0299e-11 1.94836e-10 3.19807e-09 4.02447e-08 3.51872e-07 2.02676e-06 7.88526e-06 2.32342e-05 5.97775e-05 0.000142545 0.000294729 0.000469208 0.000538346 0.000456271 0.000307659 0.000176007 8.76299e-05 3.71525e-05 1.21941e-05 2.21558e-06 0 
0 0.000278788 0.000507182 0.000258954 5.281e-05 5.50661e-06 3.60038e-07 1.79112e-08 8.27002e-10 4.32499e-11 3.0881e-12 3.53502e-13 7.33483e-14 2.97885e-14 2.43366e-14 3.91657e-14 1.16453e-13 5.79607e-13 4.27091e-12 4.06625e-11 4.34737e-10 4.53986e-09 4.02447e-08 2.61195e-07 1.0668e-06 2.48314e-06 3.57743e-06 4.54588e-06 7.97261e-06 2.2333e-05 7.4502e-05 0.000193799 0.000314234 0.000322603 0.000237716 0.000140957 7.11047e-05 3.02811e-05 9.95317e-06 1.80924e-06 0 
0 0.000256853 0.000578095 0.000418237 0.000133098 2.33821e-05 2.75225e-06 2.57055e-07 2.24423e-08 2.15183e-09 2.63402e-10 4.68463e-11 1.3363e-11 6.50415e-12 5.52222e-12 8.04116e-12 1.90682e-11 6.79745e-11 3.29543e-10 1.94101e-09 1.23077e-08 7.35707e-08 3.51872e-07 1.0668e-06 1.48734e-06 7.20305e-07 1.4321e-07 3.17803e-08 3.07301e-08 1.97166e-07 3.11703e-06 3.2603e-05 0.000125311 0.000196345 0.000172392 0.000109017 5.61992e-05 2.40993e-05 7.93801e-06 1.44384e-06 0 
0 0.000225363 0.000607449 0.00060056 0.000287487 8.06529e-05 1.59146e-05 2.5752e-06 3.91825e-07 6.37711e-08 1.25024e-08 3.26882e-09 1.23193e-09 7.02639e-10 6.1711e-10 8.23466e-10 1.60229e-09 4.26536e-09 1.43284e-08 5.53141e-08 2.20328e-07 7.88062e-07 2.02676e-06 2.48314e-06 7.20305e-07 2.33357e-08 1.0616e-10 7.33573e-13 2.47106e-13 1.27784e-11 6.86107e-09 1.4096e-06 2.99572e-05 0.000100309 0.0001171 8.14767e-05 4.32737e-05 1.87225e-05 6.18291e-06 1.12543e-06 0 
0 0.000187959 0.000584823 0.0007534 0.000520023 0.000221773 6.85443e-05 1.77141e-05 4.31268e-06 1.09789e-06 3.20628e-07 1.16178e-07 5.54441e-08 3.61756e-08 3.27013e-08 4.05275e-08 6.66918e-08 1.38609e-07 3.41065e-07 9.18823e-07 2.45289e-06 5.56087e-06 7.88526e-06 3.57743e-06 1.4321e-07 1.0616e-10 1.81523e-15 1.33818e-15 2.9178e-15 7.70224e-17 9.90499e-13 1.89832e-08 4.86448e-06 4.57379e-05 7.62992e-05 5.92935e-05 3.2521e-05 1.41982e-05 4.70055e-06 8.56197e-07 0 
0 0.000149077 0.000515901 0.000818566 0.000772077 0.000477663 0.000218533 8.3952e-05 3.01884e-05 1.11039e-05 4.49718e-06 2.12979e-06 1.23374e-06 8.98988e-07 8.3215e-07 9.70633e-07 1.39208e-06 2.36145e-06 4.50032e-06 9.01947e-06 1.73094e-05 2.68968e-05 2.32342e-05 4.54588e-06 3.17803e-08 7.33573e-13 1.33818e-15 1.08089e-16 1.54794e-16 2.2875e-17 2.6462e-16 3.92611e-10 9.73785e-07 2.25326e-05 5.03854e-05 4.26235e-05 2.39258e-05 1.05102e-05 3.48523e-06 6.351e-07 0 
0 0.000112679 0.000419413 0.000773132 0.000931689 0.000791379 0.000510845 0.000276102 0.000137455 6.82366e-05 3.59528e-05 2.10914e-05 1.42598e-05 1.13467e-05 1.07036e-05 1.1897e-05 1.52946e-05 2.20732e-05 3.43235e-05 5.43756e-05 8.05102e-05 9.44401e-05 5.97775e-05 7.97261e-06 3.07301e-08 2.47106e-13 2.9178e-15 1.54794e-16 2.65455e-17 1.21826e-17 3.35744e-16 1.20192e-10 5.26015e-07 1.50394e-05 3.57406e-05 3.06743e-05 1.72696e-05 7.59032e-06 2.51719e-06 4.58701e-07 0 
0 8.13935e-05 0.000317199 0.000644784 0.00092287 0.00100201 0.000863733 0.000627746 0.00041316 0.000263453 0.00017196 0.000119724 9.14819e-05 7.80206e-05 7.47108e-05 7.99791e-05 9.4395e-05 0.00012003 0.000159109 0.000209794 0.000255458 0.000249552 0.000142545 2.2333e-05 1.97166e-07 1.27784e-11 7.70224e-17 2.2875e-17 1.21825e-17 6.74956e-17 5.3698e-15 1.09218e-09 9.643e-07 1.44543e-05 2.7587e-05 2.21297e-05 1.22152e-05 5.33866e-06 1.76768e-06 3.21978e-07 0 
0 5.63199e-05 0.000225404 0.000485396 0.000773085 0.000991005 0.0010604 0.000980336 0.000818074 0.000646647 0.000506155 0.000406493 0.000343472 0.00031 0.000300633 0.000312496 0.000344624 0.000396128 0.000462427 0.000528279 0.000557975 0.000492673 0.000294729 7.4502e-05 3.11703e-06 6.86107e-09 9.90499e-13 2.6462e-16 3.35744e-16 5.3698e-15 3.35772e-11 5.2871e-08 3.33284e-06 1.68357e-05 2.2096e-05 1.57839e-05 8.42165e-06 3.64535e-06 1.20375e-06 2.19094e-07 0 
0 3.73607e-05 0.000151666 0.000336854 0.000569057 0.000803815 0.000986761 0.00107909 0.00107825 0.00101343 0.000923018 0.000836535 0.000770036 0.000729586 0.000715874 0.00072696 0.000758781 0.000803794 0.000848292 0.00086942 0.000834203 0.000705703 0.000469208 0.000193799 3.2603e-05 1.4096e-06 1.89832e-08 3.92611e-10 1.20192e-10 1.09218e-09 5.2871e-08 1.49777e-06 9.80761e-06 1.86081e-05 1.71256e-05 1.09011e-05 5.61543e-06 2.40564e-06 7.92012e-07 1.44032e-07 0 
0 2.37246e-05 9.69899e-05 0.000218704 0.000380396 0.000564649 0.000746496 0.000899798 0.00100665 0.00106361 0.00108028 0.00107248 0.00105537 0.00103963 0.00103064 0.00102887 0.00103047 0.00102771 0.00100954 0.000962752 0.000874022 0.000732939 0.000538346 0.000314234 0.000125311 2.99572e-05 4.86448e-06 9.73785e-07 5.26015e-07 9.643e-07 3.33284e-06 9.80761e-06 1.66929e-05 1.69763e-05 1.22535e-05 7.16708e-06 3.59203e-06 1.52579e-06 5.01052e-07 9.10503e-08 0 
0 1.43573e-05 5.88857e-05 0.000133697 0.000235619 0.00035775 0.000489695 0.000619059 0.000734167 0.000826956 0.000894511 0.000938527 0.000963279 0.000973351 0.000971997 0.000960413 0.000937773 0.000901823 0.0008498 0.000779424 0.000689656 0.000581044 0.000456271 0.000322603 0.000196345 0.000100309 4.57379e-05 2.25326e-05 1.50394e-05 1.44543e-05 1.68357e-05 1.86081e-05 1.69763e-05 1.26269e-05 7.98182e-06 4.44056e-06 2.18701e-06 9.23635e-07 3.02756e-07 5.49852e-08 0 
0 8.21079e-06 3.37237e-05 7.67907e-05 0.000136076 0.000208561 0.000289675 0.000373739 0.000454758 0.00052738 0.000587679 0.000633471 0.000664109 0.000679942 0.000681742 0.000670316 0.000646392 0.000610739 0.000564387 0.000508809 0.000445943 0.000378061 0.000307659 0.000237716 0.000172392 0.0001171 7.62992e-05 5.03854e-05 3.57406e-05 2.7587e-05 2.2096e-05 1.71256e-05 1.22535e-05 7.98182e-06 4.74494e-06 2.57397e-06 1.2557e-06 5.28538e-07 1.73052e-07 3.14173e-08 0 
0 4.37436e-06 1.79769e-05 4.0982e-05 7.27774e-05 0.000111951 0.000156366 0.000203338 0.000249912 0.000293197 0.000330678 0.000360442 0.000381262 0.000392565 0.000394327 0.000386965 0.000371254 0.000348274 0.000319366 0.000286068 0.000250014 0.000212824 0.000176007 0.000140957 0.000109017 8.14767e-05 5.92935e-05 4.26235e-05 3.06743e-05 2.21297e-05 1.57839e-05 1.09011e-05 7.16708e-06 4.44056e-06 2.57397e-06 1.38066e-06 6.70469e-07 2.81717e-07 9.21813e-08 1.67318e-08 0 
0 2.11767e-06 8.70477e-06 1.9853e-05 3.52838e-05 5.43478e-05 7.60629e-05 9.91916e-05 0.000122351 0.000144143 0.000163282 0.000178709 0.000189658 0.000195697 0.000196718 0.000192916 0.000184746 0.000172869 0.000158094 0.000141311 0.000123422 0.000105278 8.76299e-05 7.11047e-05 5.61992e-05 4.32737e-05 3.2521e-05 2.39258e-05 1.72696e-05 1.22152e-05 8.42165e-06 5.61543e-06 3.59203e-06 2.18701e-06 1.2557e-06 6.70469e-07 3.24938e-07 1.36421e-07 4.46249e-08 8.09892e-09 0 
0 8.8863e-07 3.65307e-06 8.33292e-06 1.48139e-05 2.28284e-05 3.19718e-05 4.17336e-05 5.15401e-05 6.08051e-05 6.89805e-05 7.56022e-05 8.03248e-05 8.2943e-05 8.33976e-05 8.1769e-05 7.82596e-05 7.31677e-05 6.68567e-05 5.97217e-05 5.21572e-05 4.45288e-05 3.71525e-05 3.02811e-05 2.40993e-05 1.87225e-05 1.41982e-05 1.05102e-05 7.59032e-06 5.33866e-06 3.64535e-06 2.40564e-06 1.52579e-06 9.23635e-07 5.28538e-07 2.81717e-07 1.36421e-07 5.72548e-08 1.8726e-08 3.39837e-09 0 
0 2.90618e-07 1.19474e-06 2.72544e-06 4.84564e-06 7.46836e-06 1.0462e-05 1.36606e-05 1.68772e-05 1.99201e-05 2.2609e-05 2.47903e-05 2.63484e-05 2.72137e-05 2.73653e-05 2.68293e-05 2.56732e-05 2.39968e-05 2.19214e-05 1.95786e-05 1.7099e-05 1.46032e-05 1.21941e-05 9.95317e-06 7.93801e-06 6.18291e-06 4.70055e-06 3.48523e-06 2.51719e-06 1.76768e-06 1.20375e-06 7.92012e-07 5.01052e-07 3.02756e-07 1.73052e-07 9.21813e-08 4.46249e-08 1.8726e-08 6.12421e-09 1.11139e-09 0 
0 5.27394e-08 2.16816e-07 4.9461e-07 8.7941e-07 1.35546e-06 1.89894e-06 2.47975e-06 3.06401e-06 3.61695e-06 4.10579e-06 4.50253e-06 4.78606e-06 4.9436e-06 4.97128e-06 4.87383e-06 4.66357e-06 4.35872e-06 3.98147e-06 3.55581e-06 3.10554e-06 2.65257e-06 2.21558e-06 1.80924e-06 1.44384e-06 1.12543e-06 8.56197e-07 6.351e-07 4.58701e-07 3.21978e-07 2.19094e-07 1.44032e-07 9.10503e-08 5.49852e-08 3.14173e-08 1.67318e-08 8.09892e-09 3.39837e-09 1.11139e-09 2.01686e-10 0 
0 0 0 0 0 0 0 0 0 0 0 0 0 0 0 0 0 0 0 0 0 0 0 0 0 0 0 0 0 0 0 0 0 0 0 0 0 0 0 0 0 
