0 0 0 0 0 0 0 0 0 0 0 0 0 0 0 0 0 0 0 0 0 0 0 0 0 0 0 0 0 0 0 0 0 0 0 0 0 0 0 0 0 
0 1.37752e-05 5.65472e-05 0.000128612 0.000227394 0.00034716 0.000479228 0.000612997 0.000737849 0.000845288 0.000930363 0.000991783 0.00103088 0.00105014 0.00105191 0.00103778 0.00100836 0.000963773 0.000904207 0.000830666 0.000745451 0.000652239 0.000555694 0.000460732 0.000371717 0.000291877 0.000223078 0.000165915 0.000119997 8.42747e-05 5.7349e-05 3.76945e-05 2.3823e-05 1.43836e-05 8.21717e-06 4.37574e-06 2.11793e-06 8.88672e-07 2.90623e-07 5.27398e-08 0 
0 5.65472e-05 0.000231627 0.000524345 0.000918468 0.00137907 0.00185374 0.00228292 0.00261818 0.00283842 0.00295297 0.00299119 0.00298746 0.00296989 0.00295535 0.00294883 0.00294473 0.00292908 0.00288282 0.00278657 0.00262676 0.00240099 0.00212032 0.0018065 0.0014856 0.00118109 0.000909476 0.000679272 0.000492356 0.00034616 0.00023568 0.000154942 9.79326e-05 5.9131e-05 3.37813e-05 1.7989e-05 8.707e-06 3.65341e-06 1.19478e-06 2.16818e-07 0 
0 0.000128612 0.000524345 0.00117438 0.00201273 0.00290473 0.00366427 0.00412553 0.00423048 0.00405106 0.00372715 0.00338809 0.00311565 0.00294761 0.0028952 0.00295685 0.00312323 0.00337488 0.00367549 0.00396651 0.00417091 0.00421241 0.00404545 0.0036777 0.00316709 0.00259483 0.00203454 0.00153487 0.00111827 0.000788174 0.000537222 0.000353353 0.000223384 0.000134888 7.7063e-05 4.10376e-05 1.9863e-05 8.33442e-06 2.72561e-06 4.94621e-07 0 
0 0.000227394 0.000918468 0.00201273 0.00329684 0.00438273 0.00485998 0.00459328 0.0038285 0.00295013 0.00221271 0.00169276 0.00137023 0.00120276 0.00115888 0.00122627 0.0014111 0.00173372 0.00221834 0.00287121 0.00364563 0.0044116 0.00497089 0.00514315 0.00487243 0.00425551 0.00346909 0.00267439 0.0019702 0.00139592 0.00095368 0.000627883 0.000397089 0.000239813 0.000137015 7.29648e-05 3.53166e-05 1.48187e-05 4.84618e-06 8.79443e-07 0 
0 0.00034716 0.00137907 0.00290473 0.00438273 0.00503889 0.00450038 0.00323538 0.001997 0.00114571 0.000659608 0.000406301 0.000280959 0.000225032 0.000211834 0.000234117 0.000299258 0.000430864 0.00067465 0.00110285 0.00180123 0.00281213 0.00402971 0.00513684 0.00573488 0.00562449 0.00493363 0.00396503 0.00298426 0.00213589 0.00146569 0.000966729 0.000611815 0.000369587 0.000211181 0.000112464 5.44355e-05 2.2841e-05 7.46974e-06 1.35554e-06 0 
0 0.000479228 0.00185374 0.00366427 0.00485998 0.00450038 0.00298261 0.00151584 0.000655248 0.000268563 0.000114948 5.55926e-05 3.22388e-05 2.3303e-05 2.13686e-05 2.47899e-05 3.56274e-05 6.11961e-05 0.00011991 0.000254157 0.000550965 0.00115463 0.00221506 0.00370457 0.00521352 0.00610022 0.00602463 0.00519399 0.0040565 0.00295484 0.00204327 0.00135189 0.000856588 0.000517674 0.000295841 0.000157558 7.62635e-05 3.20002e-05 1.04651e-05 1.89912e-06 0 
0 0.000612997 0.00228292 0.00412553 0.00459328 0.00323538 0.00151584 0.000528098 0.000156773 4.5161e-05 1.41423e-05 5.29074e-06 2.54219e-06 1.64563e-06 1.46632e-06 1.79062e-06 2.91503e-06 6.03857e-06 1.49935e-05 4.17247e-05 0.000121439 0.000345525 0.000901378 0.00203061 0.00375083 0.00549815 0.00639724 0.00611468 0.00505336 0.00378339 0.00264789 0.00176046 0.00111752 0.000675812 0.000386302 0.00020575 9.95928e-05 4.17895e-05 1.36665e-05 2.48009e-06 0 
0 0.000737849 0.00261818 0.00423048 0.0038285 0.001997 0.000655248 0.000156773 3.20495e-05 6.48581e-06 1.48115e-06 4.26687e-07 1.69131e-07 9.77249e-08 8.44695e-08 1.08587e-07 2.00564e-07 5.02404e-07 1.58523e-06 5.80245e-06 2.26603e-05 8.7193e-05 0.000307354 0.000928887 0.00226601 0.00425036 0.00600813 0.00655283 0.00584479 0.00454647 0.00323659 0.00216674 0.00137899 0.000834704 0.000477275 0.00025423 0.000123063 5.16383e-05 1.68875e-05 3.0646e-06 0 
0 0.000845288 0.00283842 0.00405106 0.00295013 0.00114571 0.000268563 4.5161e-05 6.48581e-06 9.36664e-07 1.57871e-07 3.53252e-08 1.16148e-08 6.00508e-09 5.03277e-09 6.78908e-09 1.41481e-08 4.25277e-08 1.68906e-07 8.04028e-07 4.15695e-06 2.12836e-05 9.94159e-05 0.000394451 0.00124742 0.00297199 0.00514206 0.00650126 0.00635056 0.00517999 0.00376813 0.00254496 0.00162509 0.000984823 0.000563333 0.000300109 0.000145277 6.09603e-05 1.99362e-05 3.61786e-06 0 
0 0.000930363 0.00295297 0.00372715 0.00221271 0.000659608 0.000114948 1.41423e-05 1.48115e-06 1.57871e-07 2.02155e-08 3.59589e-09 9.96878e-10 4.65248e-10 3.78448e-10 5.32268e-10 1.23512e-09 4.3722e-09 2.13586e-08 1.28808e-07 8.57122e-07 5.66824e-06 3.40014e-05 0.000171353 0.00067963 0.00200102 0.00417537 0.00611078 0.00656953 0.0056468 0.00420967 0.00287222 0.00184112 0.00111725 0.000639375 0.000340669 0.000164919 6.92032e-05 2.2632e-05 4.10708e-06 0 
0 0.000991783 0.00299119 0.00338809 0.00169276 0.000406301 5.55926e-05 5.29074e-06 4.26687e-07 3.53252e-08 3.59589e-09 5.2764e-10 1.26661e-10 5.41596e-11 4.28694e-11 6.2277e-11 1.57707e-10 6.38568e-10 3.70135e-09 2.71577e-08 2.22832e-07 1.82222e-06 1.34425e-05 8.24341e-05 0.000393096 0.00137521 0.00335641 0.00558789 0.00656922 0.00594299 0.00454124 0.00313088 0.00201492 0.00122444 0.000701043 0.000373583 0.000180862 7.58942e-05 2.48203e-05 4.5042e-06 0 
0 0.00103088 0.00298746 0.00311565 0.00137023 0.000280959 3.22388e-05 2.54219e-06 1.69131e-07 1.16148e-08 9.96878e-10 1.26661e-10 2.72717e-11 1.09001e-11 8.42966e-12 1.25035e-11 3.3678e-11 1.50232e-10 9.86262e-10 8.35459e-09 7.99802e-08 7.65058e-07 6.57594e-06 4.66051e-05 0.000254417 0.00101005 0.00277073 0.00509756 0.00644548 0.00609057 0.00475605 0.00330977 0.00213776 0.00130076 0.00074507 0.000397101 0.000192256 8.06767e-05 2.63845e-05 4.78806e-06 0 
0 0.00105014 0.00296989 0.00294761 0.00120276 0.000225032 2.3303e-05 1.64563e-06 9.77249e-08 6.00508e-09 4.65248e-10 5.41596e-11 1.09001e-11 4.17021e-12 3.1677e-12 4.7364e-12 1.31775e-11 6.20253e-11 4.37063e-10 4.02288e-09 4.21476e-08 4.42296e-07 4.16409e-06 3.21866e-05 0.000190627 0.000817278 0.00241049 0.0047297 0.00628202 0.00612167 0.00485699 0.00340397 0.00220476 0.00134291 0.000769485 0.000410163 0.000198588 8.33345e-05 2.72538e-05 4.94583e-06 0 
0 0.00105191 0.00295535 0.0028952 0.00115888 0.000211834 2.13686e-05 1.46632e-06 8.44695e-08 5.03277e-09 3.78448e-10 4.28694e-11 8.42966e-12 3.1677e-12 2.37812e-12 3.53797e-12 9.86045e-12 4.67928e-11 3.34328e-10 3.13484e-09 3.35746e-08 3.60974e-07 3.48557e-06 2.76397e-05 0.000167943 0.000739064 0.00223947 0.00451214 0.00612809 0.00606295 0.00485123 0.00341362 0.0022148 0.00134992 0.000773697 0.000412444 0.000199699 8.38017e-05 2.74067e-05 4.97358e-06 0 
0 0.00103778 0.00294883 0.00295685 0.00122627 0.000234117 2.47899e-05 1.79062e-06 1.08587e-07 6.78908e-09 5.32268e-10 6.2277e-11 1.25035e-11 4.7364e-12 3.53797e-12 5.17312e-12 1.40195e-11 6.41494e-11 4.39391e-10 3.93767e-09 4.02899e-08 4.14591e-07 3.84548e-06 2.94349e-05 0.000173619 0.000746227 0.00222282 0.00443238 0.00599341 0.00592619 0.00474581 0.00334256 0.00217004 0.00132309 0.000758437 0.000404338 0.00019578 8.2158e-05 2.68693e-05 4.87606e-06 0 
0 0.00100836 0.00294473 0.00312323 0.0014111 0.000299258 3.56274e-05 2.91503e-06 2.00564e-07 1.41481e-08 1.23512e-09 1.57707e-10 3.3678e-11 1.31775e-11 9.86045e-12 1.40195e-11 3.59669e-11 1.52366e-10 9.50297e-10 7.67393e-09 7.04438e-08 6.5107e-07 5.45499e-06 3.8058e-05 0.000206848 0.000828817 0.00233026 0.00444892 0.00585182 0.00570635 0.00454556 0.00319705 0.00207538 0.00126559 0.000725588 0.000386858 0.000187324 7.86111e-05 2.57094e-05 4.6656e-06 0 
0 0.000963773 0.00292908 0.00337488 0.00173372 0.000430864 6.11961e-05 6.03857e-06 5.02404e-07 4.25277e-08 4.3722e-09 6.38568e-10 1.50232e-10 6.20253e-11 4.67928e-11 6.41494e-11 1.52366e-10 5.77466e-10 3.13898e-09 2.17149e-08 1.69356e-07 1.32982e-06 9.5318e-06 5.75816e-05 0.000275132 0.000985583 0.00252426 0.00449115 0.00564842 0.00538532 0.00425329 0.00298506 0.00193772 0.0011821 0.000677922 0.000361507 0.000175063 7.34685e-05 2.4028e-05 4.36048e-06 0 
0 0.000904207 0.00288282 0.00367549 0.00221834 0.00067465 0.00011991 1.49935e-05 1.58523e-06 1.68906e-07 2.13586e-08 3.70135e-09 9.86262e-10 4.37063e-10 3.34328e-10 4.39391e-10 9.50297e-10 3.13898e-09 1.43741e-08 8.1857e-08 5.19247e-07 3.31028e-06 1.93979e-05 9.71132e-05 0.000391566 0.00120926 0.00274041 0.00445704 0.00531008 0.00493833 0.00387059 0.00271526 0.00176502 0.00107812 0.000618781 0.000330104 0.000159886 6.71045e-05 2.19473e-05 3.98295e-06 0 
0 0.000830666 0.00278657 0.00396651 0.00287121 0.00110285 0.000254157 4.17247e-05 5.80245e-06 8.04028e-07 1.28808e-07 2.71577e-08 8.35459e-09 4.02288e-09 3.13484e-09 3.93767e-09 7.67393e-09 2.17149e-08 8.1857e-08 3.73201e-07 1.86574e-06 9.33309e-06 4.31449e-05 0.00017265 0.000567238 0.00146434 0.00287099 0.00422139 0.0047599 0.00433915 0.00339708 0.00239534 0.00156519 0.000959415 0.000551718 0.000294605 0.000142751 5.99234e-05 1.96e-05 3.55704e-06 0 
0 0.000745451 0.00262676 0.00417091 0.00364563 0.00180123 0.000550965 0.000121439 2.26603e-05 4.15695e-06 8.57122e-07 2.22832e-07 7.99802e-08 4.21476e-08 3.35746e-08 4.02899e-08 7.04438e-08 1.69356e-07 5.19247e-07 1.86574e-06 7.21036e-06 2.76609e-05 9.82439e-05 0.000305133 0.000792418 0.00166422 0.00277207 0.00366415 0.00393334 0.00356093 0.00282657 0.00202898 0.00134445 0.000831221 0.000480157 0.000256931 0.000124608 5.23257e-05 1.71171e-05 3.1066e-06 0 
0 0.000652239 0.00240099 0.00421241 0.0044116 0.00281213 0.00115463 0.000345525 8.7193e-05 2.12836e-05 5.66824e-06 1.82222e-06 7.65058e-07 4.42296e-07 3.60974e-07 4.14591e-07 6.5107e-07 1.32982e-06 3.31028e-06 9.33309e-06 2.76609e-05 8.03495e-05 0.000215232 0.000506195 0.00100905 0.00167362 0.00231359 0.00272118 0.00280202 0.00258037 0.00214376 0.00161263 0.00110584 0.000697641 0.000407106 0.00021883 0.000106325 4.46794e-05 1.46195e-05 2.65353e-06 0 
0 0.000555694 0.00212032 0.00404545 0.00497089 0.00402971 0.00221506 0.000901378 0.000307354 9.94159e-05 3.40014e-05 1.34425e-05 6.57594e-06 4.16409e-06 3.48557e-06 3.84548e-06 5.45499e-06 9.5318e-06 1.93979e-05 4.31449e-05 9.82439e-05 0.000215232 0.000429502 0.000747188 0.00110164 0.00137104 0.0014846 0.00148763 0.00146549 0.00143837 0.00134777 0.00114035 0.000849549 0.000561541 0.000335049 0.000181791 8.86468e-05 3.72991e-05 1.221e-05 2.21651e-06 0 
0 0.000460732 0.0018065 0.0036777 0.00514315 0.00513684 0.00370457 0.00203061 0.000928887 0.000394451 0.000171353 8.24341e-05 4.66051e-05 3.21866e-05 2.76397e-05 2.94349e-05 3.8058e-05 5.75816e-05 9.71132e-05 0.00017265 0.000305133 0.000506195 0.000747188 0.000935278 0.000955618 0.00079071 0.000566239 0.000415153 0.000376504 0.000439838 0.000563407 0.0006401 0.000580811 0.000425953 0.000266142 0.000147039 7.21689e-05 3.04327e-05 9.96938e-06 1.81017e-06 0 
0 0.000371717 0.0014856 0.00316709 0.00487243 0.00573488 0.00521352 0.00375083 0.00226601 0.00124742 0.00067963 0.000393096 0.000254417 0.000190627 0.000167943 0.000173619 0.000206848 0.000275132 0.000391566 0.000567238 0.000792418 0.00100905 0.00110164 0.000955618 0.000596843 0.000248257 7.6076e-05 2.68939e-05 1.9935e-05 3.65092e-05 0.00010225 0.000233775 0.000328165 0.000297585 0.000202762 0.000115593 5.73334e-05 2.42575e-05 7.95457e-06 1.44478e-06 0 
0 0.000291877 0.00118109 0.00259483 0.00425551 0.00562449 0.00610022 0.00549815 0.00425036 0.00297199 0.00200102 0.00137521 0.00101005 0.000817278 0.000739064 0.000746227 0.000828817 0.000985583 0.00120926 0.00146434 0.00166422 0.00167362 0.00137104 0.00079071 0.000248257 3.16158e-05 1.8186e-06 1.38006e-07 6.6588e-08 3.27267e-07 4.83145e-06 4.52483e-05 0.000144247 0.000189037 0.000147897 8.83031e-05 4.44328e-05 1.88804e-05 6.19905e-06 1.12633e-06 0 
0 0.000223078 0.000909476 0.00203454 0.00346909 0.00493363 0.00602463 0.00639724 0.00600813 0.00514206 0.00417537 0.00335641 0.00277073 0.00241049 0.00223947 0.00222282 0.00233026 0.00252426 0.00274041 0.00287099 0.00277207 0.00231359 0.0014846 0.000566239 7.6076e-05 1.8186e-06 8.32659e-09 5.75193e-11 1.42468e-11 3.36158e-10 6.58419e-08 5.12372e-06 5.25164e-05 0.000112409 0.000104389 6.57478e-05 3.36049e-05 1.43428e-05 4.71504e-06 8.56988e-07 0 
0 0.000165915 0.000679272 0.00153487 0.00267439 0.00396503 0.00519399 0.00611468 0.00655283 0.00650126 0.00611078 0.00558789 0.00509756 0.0047297 0.00451214 0.00443238 0.00444892 0.00449115 0.00445704 0.00422139 0.00366415 0.00272118 0.00148763 0.000415153 2.68939e-05 1.38006e-07 5.75193e-11 3.9739e-14 5.16266e-15 5.50622e-13 1.26571e-09 7.11142e-07 2.09403e-05 6.84498e-05 7.31351e-05 4.80109e-05 2.48241e-05 1.06284e-05 3.49692e-06 6.35731e-07 0 
0 0.000119997 0.000492356 0.00111827 0.0019702 0.00298426 0.0040565 0.00505336 0.00584479 0.00635056 0.00656953 0.00656922 0.00644548 0.00628202 0.00612809 0.00599341 0.00585182 0.00564842 0.00531008 0.0047599 0.00393334 0.00280202 0.00146549 0.000376504 1.9935e-05 6.6588e-08 1.42468e-11 5.16266e-15 5.48155e-16 8.51525e-14 3.68663e-10 3.42934e-07 1.31228e-05 4.74047e-05 5.22333e-05 3.45773e-05 1.79164e-05 7.67497e-06 2.52553e-06 4.5915e-07 0 
0 8.42747e-05 0.00034616 0.000788174 0.00139592 0.00213589 0.00295484 0.00378339 0.00454647 0.00517999 0.0056468 0.00594299 0.00609057 0.00612167 0.00606295 0.00592619 0.00570635 0.00538532 0.00493833 0.00433915 0.00356093 0.00258037 0.00143837 0.000439838 3.65092e-05 3.27267e-07 3.36158e-10 5.50622e-13 8.51525e-14 4.42429e-12 3.3711e-09 7.84488e-07 1.43198e-05 3.83537e-05 3.82263e-05 2.45544e-05 1.26149e-05 5.39118e-06 1.77288e-06 3.2226e-07 0 
0 5.7349e-05 0.00023568 0.000537222 0.00095368 0.00146569 0.00204327 0.00264789 0.00323659 0.00376813 0.00420967 0.00454124 0.00475605 0.00485699 0.00485123 0.00474581 0.00454556 0.00425329 0.00387059 0.00339708 0.00282657 0.00214376 0.00134777 0.000563407 0.00010225 4.83145e-06 6.58419e-08 1.26571e-09 3.68663e-10 3.3711e-09 1.57854e-07 3.85483e-06 2.06657e-05 3.34004e-05 2.80037e-05 1.7061e-05 8.63235e-06 3.67343e-06 1.20658e-06 2.1925e-07 0 
0 3.76945e-05 0.000154942 0.000353353 0.000627883 0.000966729 0.00135189 0.00176046 0.00216674 0.00254496 0.00287222 0.00313088 0.00330977 0.00340397 0.00341362 0.00334256 0.00319705 0.00298506 0.00271526 0.00239534 0.00202898 0.00161263 0.00114035 0.0006401 0.000233775 4.52483e-05 5.12372e-06 7.11142e-07 3.42934e-07 7.84488e-07 3.85483e-06 1.45418e-05 2.71933e-05 2.7886e-05 1.98433e-05 1.1467e-05 5.71004e-06 2.41858e-06 7.93349e-07 1.44107e-07 0 
0 2.3823e-05 9.79326e-05 0.000223384 0.000397089 0.000611815 0.000856588 0.00111752 0.00137899 0.00162509 0.00184112 0.00201492 0.00213776 0.00220476 0.0022148 0.00217004 0.00207538 0.00193772 0.00176502 0.00156519 0.00134445 0.00110584 0.000849549 0.000580811 0.000328165 0.000144247 5.25164e-05 2.09403e-05 1.31228e-05 1.43198e-05 2.06657e-05 2.71933e-05 2.7174e-05 2.08664e-05 1.32729e-05 7.37813e-06 3.62833e-06 1.53093e-06 5.01602e-07 9.10822e-08 0 
0 1.43836e-05 5.9131e-05 0.000134888 0.000239813 0.000369587 0.000517674 0.000675812 0.000834704 0.000984823 0.00111725 0.00122444 0.00130076 0.00134291 0.00134992 0.00132309 0.00126559 0.0011821 0.00107812 0.000959415 0.000831221 0.000697641 0.000561541 0.000425953 0.000297585 0.000189037 0.000112409 6.84498e-05 4.74047e-05 3.83537e-05 3.34004e-05 2.7886e-05 2.08664e-05 1.38649e-05 8.29672e-06 4.50733e-06 2.19898e-06 9.25405e-07 3.02953e-07 5.49971e-08 0 
0 8.21717e-06 3.37813e-05 7.7063e-05 0.000137015 0.000211181 0.000295841 0.000386302 0.000477275 0.000563333 0.000639375 0.000701043 0.00074507 0.000769485 0.000773697 0.000758437 0.000725588 0.000677922 0.000618781 0.000551718 0.000480157 0.000407106 0.000335049 0.000266142 0.000202762 0.000147897 0.000104389 7.31351e-05 5.22333e-05 3.82263e-05 2.80037e-05 1.98433e-05 1.32729e-05 8.29672e-06 4.82668e-06 2.59206e-06 1.25911e-06 5.29067e-07 1.73113e-07 3.14212e-08 0 
0 4.37574e-06 1.7989e-05 4.10376e-05 7.29648e-05 0.000112464 0.000157558 0.00020575 0.00025423 0.000300109 0.000340669 0.000373583 0.000397101 0.000410163 0.000412444 0.000404338 0.000386858 0.000361507 0.000330104 0.000294605 0.000256931 0.00021883 0.000181791 0.000147039 0.000115593 8.83031e-05 6.57478e-05 4.80109e-05 3.45773e-05 2.45544e-05 1.7061e-05 1.1467e-05 7.37813e-06 4.50733e-06 2.59206e-06 1.38487e-06 6.71303e-07 2.81853e-07 9.21979e-08 1.67329e-08 0 
0 2.11793e-06 8.707e-06 1.9863e-05 3.53166e-05 5.44355e-05 7.62635e-05 9.95928e-05 0.000123063 0.000145277 0.000164919 0.000180862 0.000192256 0.000198588 0.000199699 0.00019578 0.000187324 0.000175063 0.000159886 0.000142751 0.000124608 0.000106325 8.86468e-05 7.21689e-05 5.73334e-05 4.44328e-05 3.36049e-05 2.48241e-05 1.79164e-05 1.26149e-05 8.63235e-06 5.71004e-06 3.62833e-06 2.19898e-06 1.25911e-06 6.71303e-07 3.25112e-07 1.36451e-07 4.46287e-08 8.09918e-09 0 
0 8.88672e-07 3.65341e-06 8.33442e-06 1.48187e-05 2.2841e-05 3.20002e-05 4.17895e-05 5.16383e-05 6.09603e-05 6.92032e-05 7.58942e-05 8.06767e-05 8.33345e-05 8.38017e-05 8.2158e-05 7.86111e-05 7.34685e-05 6.71045e-05 5.99234e-05 5.23257e-05 4.46794e-05 3.72991e-05 3.04327e-05 2.42575e-05 1.88804e-05 1.43428e-05 1.06284e-05 7.67497e-06 5.39118e-06 3.67343e-06 2.41858e-06 1.53093e-06 9.25405e-07 5.29067e-07 2.81853e-07 1.36451e-07 5.72601e-08 1.87267e-08 3.39842e-09 0 
0 2.90623e-07 1.19478e-06 2.72561e-06 4.84618e-06 7.46974e-06 1.04651e-05 1.36665e-05 1.68875e-05 1.99362e-05 2.2632e-05 2.48203e-05 2.63845e-05 2.72538e-05 2.74067e-05 2.68693e-05 2.57094e-05 2.4028e-05 2.19473e-05 1.96e-05 1.71171e-05 1.46195e-05 1.221e-05 9.96938e-06 7.95457e-06 6.19905e-06 4.71504e-06 3.49692e-06 2.52553e-06 1.77288e-06 1.20658e-06 7.93349e-07 5.01602e-07 3.02953e-07 1.73113e-07 9.21979e-08 4.46287e-08 1.87267e-08 6.12431e-09 1.1114e-09 0 
0 5.27398e-08 2.16818e-07 4.94621e-07 8.79443e-07 1.35554e-06 1.89912e-06 2.48009e-06 3.0646e-06 3.61786e-06 4.10708e-06 4.5042e-06 4.78806e-06 4.94583e-06 4.97358e-06 4.87606e-06 4.6656e-06 4.36048e-06 3.98295e-06 3.55704e-06 3.1066e-06 2.65353e-06 2.21651e-06 1.81017e-06 1.44478e-06 1.12633e-06 8.56988e-07 6.35731e-07 4.5915e-07 3.2226e-07 2.1925e-07 1.44107e-07 9.10822e-08 5.49971e-08 3.14212e-08 1.67329e-08 8.09918e-09 3.39842e-09 1.1114e-09 2.01687e-10 0 
0 0 0 0 0 0 0 0 0 0 0 0 0 0 0 0 0 0 0 0 0 0 0 0 0 0 0 0 0 0 0 0 0 0 0 0 0 0 0 0 0 
