0 0 0 0 0 0 0 0 0 0 0 0 0 0 0 0 0 0 0 0 0 0 0 0 0 0 0 0 0 0 0 0 0 0 0 0 0 0 0 0 0 
0 1.36074e-05 5.50191e-05 0.000121578 0.000204709 0.000290478 0.000363825 0.000414566 0.00044066 0.000446814 0.000440632 0.000429355 0.000418318 0.000410751 0.000408144 0.00041066 0.000417396 0.000426499 0.000435237 0.000440177 0.000437621 0.000424351 0.000398546 0.00036055 0.000313051 0.000260471 0.000207753 0.000159106 0.00011724 8.32568e-05 5.70055e-05 3.75884e-05 2.3793e-05 1.43759e-05 8.21535e-06 4.37536e-06 2.11786e-06 8.88661e-07 2.90622e-07 5.27397e-08 0 
0 5.50191e-05 0.000217201 0.000456943 0.000704767 0.000873323 0.000911588 0.000836242 0.000704566 0.000568924 0.000456968 0.000376153 0.000324309 0.00029694 0.00029051 0.000303421 0.000335944 0.000389589 0.000465861 0.000564158 0.000678872 0.00079666 0.000896131 0.000952455 0.000946884 0.000876256 0.000755329 0.0006096 0.000464115 0.000335842 0.000232264 0.000153913 9.76499e-05 5.90601e-05 3.37651e-05 1.79857e-05 8.7064e-06 3.65332e-06 1.19477e-06 2.16817e-07 0 
0 0.000121578 0.000456943 0.00086707 0.00111363 0.00105061 0.00077572 0.000483501 0.000275266 0.000153659 8.92174e-05 5.6455e-05 4.02892e-05 3.31315e-05 3.16692e-05 3.50658e-05 4.43449e-05 6.26122e-05 9.59068e-05 0.000154326 0.000252313 0.000405606 0.000621484 0.000882359 0.00113374 0.00129751 0.00131573 0.00118967 0.000973753 0.000734864 0.000519691 0.000348162 0.00022199 0.000134547 7.69876e-05 4.10226e-05 1.98603e-05 8.33403e-06 2.72557e-06 4.94618e-07 0 
0 0.000204709 0.000704767 0.00111363 0.00104912 0.000646095 0.000289816 0.00010689 3.62531e-05 1.24618e-05 4.71862e-06 2.10805e-06 1.17027e-06 8.34183e-07 7.73288e-07 9.25989e-07 1.39844e-06 2.56496e-06 5.4508e-06 1.27422e-05 3.10944e-05 7.53779e-05 0.000173564 0.000364788 0.000675506 0.00106933 0.00141761 0.00156777 0.00146969 0.0012035 0.000889513 0.000608965 0.000392087 0.000238617 0.000136757 7.29145e-05 3.53079e-05 1.48175e-05 4.84604e-06 8.79435e-07 0 
0 0.000290478 0.000873323 0.00105061 0.000646095 0.00023235 5.7342e-05 1.13418e-05 2.06833e-06 3.95316e-07 8.88779e-08 2.59248e-08 1.05736e-08 6.32295e-09 5.64467e-09 7.44277e-09 1.3979e-08 3.53425e-08 1.12106e-07 4.12987e-07 1.6354e-06 6.4787e-06 2.41215e-05 8.0163e-05 0.000227999 0.000535418 0.00100611 0.00148167 0.00171403 0.00160698 0.00128198 0.000911882 0.000597383 0.000366188 0.000210459 0.000112327 5.44125e-05 2.28378e-05 7.46939e-06 1.35552e-06 0 
0 0.000363825 0.000911588 0.00077572 0.000289816 5.7342e-05 7.3038e-06 7.18119e-07 6.48098e-08 6.34424e-09 7.86141e-10 1.40792e-10 4.03439e-11 1.97276e-11 1.68641e-11 2.48222e-11 5.9824e-11 2.18325e-10 1.09474e-09 6.77974e-09 4.66119e-08 3.22332e-07 2.05984e-06 1.13711e-05 5.15721e-05 0.000185196 0.000510683 0.00105173 0.00159333 0.00180607 0.00161569 0.00122007 0.000821648 0.000509499 0.000294131 0.000157238 7.62109e-05 3.19929e-05 1.04643e-05 1.89907e-06 0 
0 0.000414566 0.000836242 0.000483501 0.00010689 1.13418e-05 7.18119e-07 3.34821e-08 1.42147e-09 6.78358e-11 4.43223e-12 4.69946e-13 9.21391e-14 3.62824e-14 2.9592e-14 4.89979e-14 1.54292e-13 8.34901e-13 6.84441e-12 7.40389e-11 9.20372e-10 1.15685e-08 1.31755e-07 1.24715e-06 9.22433e-06 5.12295e-05 0.000208169 0.000605076 0.00123131 0.00175181 0.00181902 0.00149169 0.00104486 0.00065879 0.000382771 0.000205099 9.94871e-05 4.1775e-05 1.3665e-05 2.48e-06 0 
0 0.00044066 0.000704566 0.000275266 3.62531e-05 2.06833e-06 6.48098e-08 1.42147e-09 2.8132e-11 6.48727e-13 2.21724e-14 1.38262e-15 1.84552e-16 5.83393e-17 4.53432e-17 8.45221e-17 3.48657e-16 2.80923e-15 3.78612e-14 7.20091e-13 1.63016e-11 3.75191e-10 7.66892e-09 1.25159e-07 1.51301e-06 1.2946e-05 7.66289e-05 0.000309664 0.000841 0.00151777 0.00186741 0.0016934 0.00124708 0.000803537 0.000470832 0.000253051 0.000122874 5.16127e-05 1.68848e-05 3.06445e-06 0 
0 0.000446814 0.000568924 0.000153659 1.24618e-05 3.95316e-07 6.34424e-09 6.78358e-11 6.48727e-13 7.48002e-15 1.37852e-16 5.18219e-18 4.79766e-19 1.23257e-19 9.15141e-20 1.90363e-19 1.01284e-18 1.19121e-17 2.57688e-16 8.38842e-15 3.36186e-13 1.37732e-11 4.91724e-10 1.34909e-08 2.60341e-07 3.35329e-06 2.81916e-05 0.000153939 0.000543379 0.00122698 0.00179216 0.00181248 0.00141324 0.000934059 0.000552829 0.000298199 0.000144974 6.09196e-05 1.9932e-05 3.61762e-06 0 
0 0.000440632 0.000456968 8.92174e-05 4.71862e-06 8.88779e-08 7.86141e-10 4.43223e-12 2.21724e-14 1.37852e-16 1.46518e-18 3.51908e-20 2.38887e-21 5.23982e-22 3.76306e-22 8.4383e-22 5.49318e-21 8.95897e-20 2.94859e-18 1.54873e-16 1.03242e-14 7.07185e-13 4.15172e-11 1.81061e-09 5.30322e-08 9.83136e-07 1.12699e-05 7.99499e-05 0.000353189 0.000968303 0.00165345 0.00185883 0.00153632 0.00104296 0.00062394 0.000337869 0.000164477 6.91444e-05 2.2626e-05 4.10675e-06 0 
0 0.000429355 0.000376153 5.6455e-05 2.10805e-06 2.59248e-08 1.40792e-10 4.69946e-13 1.38262e-15 5.18219e-18 3.51908e-20 5.94693e-22 3.20529e-23 6.26823e-24 4.38686e-24 1.03397e-23 7.75178e-23 1.61705e-21 7.44219e-20 5.77679e-18 5.84207e-16 6.09835e-14 5.38377e-12 3.43471e-10 1.41713e-08 3.5424e-07 5.23321e-06 4.58934e-05 0.00024249 0.000775978 0.00150666 0.00185631 0.00161744 0.00112587 0.000680452 0.000369851 0.000180274 7.58164e-05 2.48124e-05 4.50377e-06 0 
0 0.000418318 0.000324309 4.02892e-05 1.17027e-06 1.05736e-08 4.03439e-11 9.21391e-14 1.84552e-16 4.79766e-19 2.38887e-21 3.20529e-23 1.42407e-24 2.40698e-25 1.61872e-25 4.10928e-25 3.55635e-24 8.8633e-23 5.12259e-21 5.25098e-19 7.17873e-17 1.01698e-14 1.20711e-12 1.01518e-10 5.37334e-09 1.66936e-07 2.96525e-06 3.03121e-05 0.00018206 0.00065047 0.00138656 0.00183086 0.00166296 0.00118125 0.00071996 0.000392546 0.00019154 8.05821e-05 2.63749e-05 4.78754e-06 0 
0 0.000410751 0.00029694 3.31315e-05 8.34183e-07 6.32295e-09 1.97276e-11 3.62824e-14 5.83393e-17 1.23257e-19 5.23982e-22 6.26825e-24 2.40698e-25 3.49649e-26 2.24217e-26 6.17963e-26 6.07771e-25 1.69151e-23 1.0984e-21 1.31068e-19 2.12672e-17 3.58748e-15 5.0455e-13 4.97311e-11 3.03808e-09 1.06991e-07 2.1138e-06 2.36059e-05 0.00015263 0.000581098 0.00130855 0.00180228 0.00168049 0.00120953 0.000741325 0.000405045 0.000197783 8.32283e-05 2.72431e-05 4.94524e-06 0 
0 0.000408144 0.00029051 3.16692e-05 7.73288e-07 5.64467e-09 1.68641e-11 2.9592e-14 4.53432e-17 9.15141e-20 3.76307e-22 4.38687e-24 1.61873e-25 2.24217e-26 1.41083e-26 3.97213e-26 4.03616e-25 1.15043e-23 7.63457e-22 9.39178e-20 1.5805e-17 2.7696e-15 4.04499e-13 4.13267e-11 2.60917e-09 9.46084e-08 1.91674e-06 2.1866e-05 0.000144003 0.000557597 0.00127584 0.00178104 0.0016758 0.00121203 0.000744483 0.000407124 0.000198861 8.3691e-05 2.73955e-05 4.97296e-06 0 
0 0.00041066 0.000303421 3.50658e-05 9.25989e-07 7.44277e-09 2.48222e-11 4.89979e-14 8.45221e-17 1.90363e-19 8.43831e-22 1.03398e-23 4.10929e-25 6.17963e-26 3.97213e-26 1.05847e-25 9.95031e-25 2.66367e-23 1.66002e-21 1.87848e-19 2.87613e-17 4.58322e-15 6.11126e-13 5.7403e-11 3.36222e-09 1.14266e-07 2.19285e-06 2.39379e-05 0.000152218 0.00057335 0.00128463 0.00176825 0.00165111 0.00119023 0.000730227 0.000399185 0.000194965 8.205e-05 2.68583e-05 4.87545e-06 0 
0 0.000417396 0.000335944 4.43449e-05 1.39844e-06 1.3979e-08 5.9824e-11 1.54292e-13 3.48657e-16 1.01284e-18 5.49318e-21 7.75179e-23 3.55635e-24 6.0777e-25 4.03615e-25 9.9503e-25 8.22457e-24 1.92846e-22 1.02846e-20 9.56744e-19 1.1816e-16 1.5161e-14 1.64041e-12 1.26907e-10 6.24568e-09 1.82495e-07 3.08431e-06 3.03439e-05 0.000177415 0.000624318 0.00132547 0.00175668 0.00160511 0.00114549 0.000700034 0.00038217 0.000186579 7.85116e-05 2.56993e-05 4.66503e-06 0 
0 0.000426499 0.000389589 6.26122e-05 2.56496e-06 3.53425e-08 2.18325e-10 8.34901e-13 2.80923e-15 1.19121e-17 8.95897e-20 1.61705e-21 8.86329e-23 1.69151e-23 1.15043e-23 2.66367e-23 1.92846e-22 3.73922e-21 1.55282e-19 1.07374e-17 9.65184e-16 8.9881e-14 7.13409e-12 4.13622e-10 1.57053e-08 3.66205e-07 5.11746e-06 4.30749e-05 0.000221962 0.000705037 0.00138122 0.00173184 0.0015339 0.00107923 0.000655948 0.000357446 0.000174412 7.33807e-05 2.40189e-05 4.35997e-06 0 
0 0.000435237 0.000465861 9.59068e-05 5.4508e-06 1.12106e-07 1.09474e-09 6.84441e-12 3.78612e-14 2.57688e-16 2.94859e-18 7.44219e-20 5.12259e-21 1.0984e-21 7.63456e-22 1.66002e-21 1.02846e-20 1.55282e-19 4.65618e-18 2.2155e-16 1.33779e-14 8.33271e-13 4.4793e-11 1.80499e-09 4.93643e-08 8.64466e-07 9.48397e-06 6.54255e-05 0.000286981 0.000801244 0.00142335 0.00167376 0.00143271 0.000993262 0.00060048 0.000326678 0.000159329 6.70283e-05 2.19394e-05 3.98249e-06 0 
0 0.000440177 0.000564158 0.000154326 1.27422e-05 4.12987e-07 6.77974e-09 7.40389e-11 7.20091e-13 8.38842e-15 1.54873e-16 5.77679e-18 5.25098e-19 1.31068e-19 9.39178e-20 1.87848e-19 9.56744e-19 1.07374e-17 2.2155e-16 6.88812e-15 2.64286e-13 1.03958e-11 3.57431e-10 9.47239e-09 1.77148e-07 2.22186e-06 1.83524e-05 0.00010018 0.000364137 0.000879117 0.00140942 0.00155968 0.00129739 0.000889995 0.000536448 0.000291685 0.000142267 5.98558e-05 1.95928e-05 3.55662e-06 0 
0 0.000437621 0.000678872 0.000252313 3.10944e-05 1.6354e-06 4.66119e-08 9.20372e-10 1.63016e-11 3.36186e-13 1.03242e-14 5.84207e-16 7.17873e-17 2.12672e-17 1.5805e-17 2.87613e-17 1.1816e-16 9.65184e-16 1.33779e-14 2.64286e-13 6.24572e-12 1.50043e-10 3.1851e-09 5.34971e-08 6.58247e-07 5.68433e-06 3.40314e-05 0.000142366 0.000420469 0.000876076 0.00128594 0.00136751 0.00112522 0.000772279 0.000466748 0.000254292 0.000124159 5.22618e-05 1.71102e-05 3.10619e-06 0 
0 0.000424351 0.00079666 0.000405606 7.53779e-05 6.4787e-06 3.22332e-07 1.15685e-08 3.75191e-10 1.37732e-11 7.07185e-13 6.09835e-14 1.01698e-14 3.58748e-15 2.7696e-15 4.58322e-15 1.5161e-14 8.9881e-14 8.33271e-13 1.03958e-11 1.50043e-10 2.17558e-09 2.80381e-08 2.91241e-07 2.27629e-06 1.29189e-05 5.32221e-05 0.000163554 0.000386959 0.00071165 0.00100385 0.00108071 0.000914865 0.000642959 0.000394101 0.000216193 0.000105867 4.46135e-05 1.46123e-05 2.65311e-06 0 
0 0.000398546 0.000896131 0.000621484 0.000173564 2.41215e-05 2.05984e-06 1.31755e-07 7.66892e-09 4.91724e-10 4.15172e-11 5.38377e-12 1.20711e-12 5.0455e-13 4.04499e-13 6.11126e-13 1.64041e-12 7.13409e-12 4.4793e-11 3.57431e-10 3.1851e-09 2.80381e-08 2.18384e-07 1.3699e-06 6.4386e-06 2.18896e-05 5.52454e-05 0.000113565 0.000211734 0.000370741 0.000571122 0.000704209 0.000668798 0.000504966 0.000320958 0.000178877 8.81385e-05 3.7226e-05 1.22021e-05 2.21605e-06 0 
0 0.00036055 0.000952455 0.000882359 0.000364788 8.0163e-05 1.13711e-05 1.24715e-06 1.25159e-07 1.34909e-08 1.81061e-09 3.43471e-10 1.01518e-10 4.97311e-11 4.13267e-11 5.7403e-11 1.26907e-10 4.13622e-10 1.80499e-09 9.47239e-09 5.34971e-08 2.91241e-07 1.3699e-06 4.97334e-06 1.24638e-05 2.01704e-05 2.27842e-05 2.39718e-05 3.34726e-05 6.89503e-05 0.000163333 0.000313206 0.000405987 0.000363572 0.000249821 0.000143638 7.15813e-05 3.03495e-05 9.96051e-06 1.80966e-06 0 
0 0.000313051 0.000946884 0.00113374 0.000675506 0.000227999 5.15721e-05 9.22433e-06 1.51301e-06 2.60341e-07 5.30322e-08 1.41713e-08 5.37334e-09 3.03808e-09 2.60917e-09 3.36222e-09 6.24568e-09 1.57053e-08 4.93643e-08 1.77148e-07 6.58247e-07 2.27629e-06 6.4386e-06 1.24638e-05 1.29802e-05 5.92884e-06 1.37587e-06 3.61961e-07 3.19365e-07 1.30932e-06 1.11491e-05 6.77079e-05 0.000180829 0.000231142 0.000184017 0.000111663 5.66665e-05 2.41653e-05 7.94497e-06 1.44424e-06 0 
0 0.000260471 0.000876256 0.00129751 0.00106933 0.000535418 0.000185196 5.12295e-05 1.2946e-05 3.35329e-06 9.83136e-07 3.5424e-07 1.66936e-07 1.06991e-07 9.46084e-08 1.14266e-07 1.82495e-07 3.66205e-07 8.64466e-07 2.22186e-06 5.68433e-06 1.29189e-05 2.18896e-05 2.01704e-05 5.92884e-06 3.1106e-07 3.50929e-09 5.77554e-11 2.2522e-11 4.90265e-10 7.24353e-08 4.93112e-06 5.32082e-05 0.000127065 0.000128002 8.40602e-05 4.37256e-05 1.87849e-05 6.18935e-06 1.12579e-06 0 
0 0.000207753 0.000755329 0.00131573 0.00141761 0.00100611 0.000510683 0.000208169 7.66289e-05 2.81916e-05 1.12699e-05 5.23321e-06 2.96525e-06 2.1138e-06 1.91674e-06 2.19285e-06 3.08431e-06 5.11746e-06 9.48397e-06 1.83524e-05 3.40314e-05 5.32221e-05 5.52454e-05 2.27842e-05 1.37587e-06 3.50929e-09 4.42554e-13 1.17008e-16 1.80699e-16 4.05619e-15 5.29846e-11 1.41615e-07 1.14711e-05 6.34976e-05 8.57001e-05 6.16433e-05 3.29293e-05 1.42535e-05 4.70615e-06 8.56505e-07 0 
0 0.000159106 0.0006096 0.00118967 0.00156777 0.00148167 0.00105173 0.000605076 0.000309664 0.000153939 7.99499e-05 4.58934e-05 3.03121e-05 2.36059e-05 2.1866e-05 2.39379e-05 3.03439e-05 4.30749e-05 6.54255e-05 0.00010018 0.000142366 0.000163554 0.000113565 2.39718e-05 3.61961e-07 5.77554e-11 1.17008e-16 2.53182e-18 2.61345e-18 4.09922e-17 6.98592e-14 5.80543e-09 2.93368e-06 3.36776e-05 5.77393e-05 4.45414e-05 2.42573e-05 1.05545e-05 3.48965e-06 6.3534e-07 0 
0 0.00011724 0.000464115 0.000973753 0.00146969 0.00171403 0.00159333 0.00123131 0.000841 0.000543379 0.000353189 0.00024249 0.00018206 0.00015263 0.000144003 0.000152218 0.000177415 0.000221962 0.000286981 0.000364137 0.000420469 0.000386959 0.000211734 3.34726e-05 3.19365e-07 2.2522e-11 1.80698e-16 2.61346e-18 2.13198e-18 4.07425e-17 1.04243e-14 2.09712e-09 1.67023e-06 2.275e-05 4.1023e-05 3.20504e-05 1.75057e-05 7.62166e-06 2.5203e-06 4.5887e-07 0 
0 8.32568e-05 0.000335842 0.000734864 0.0012035 0.00160698 0.00180607 0.00175181 0.00151777 0.00122698 0.000968303 0.000775978 0.00065047 0.000581098 0.000557597 0.00057335 0.000624318 0.000705037 0.000801244 0.000879117 0.000876076 0.00071165 0.000370741 6.89503e-05 1.30932e-06 4.90265e-10 4.05619e-15 4.09922e-17 4.07424e-17 1.03545e-17 6.45844e-13 1.15567e-08 2.53932e-06 2.05399e-05 3.10466e-05 2.29846e-05 1.23603e-05 5.35797e-06 1.7696e-06 3.22083e-07 0 
0 5.70055e-05 0.000232264 0.000519691 0.000889513 0.00128198 0.00161569 0.00181902 0.00186741 0.00179216 0.00165345 0.00150666 0.00138656 0.00130855 0.00127584 0.00128463 0.00132547 0.00138122 0.00142335 0.00140942 0.00128594 0.00100385 0.000571122 0.000163333 1.11491e-05 7.24353e-08 5.29846e-11 6.98592e-14 1.04243e-14 6.45844e-13 6.93748e-10 2.45769e-07 6.41339e-06 2.15447e-05 2.40736e-05 1.62369e-05 8.49803e-06 3.65563e-06 1.20479e-06 2.19152e-07 0 
0 3.75884e-05 0.000153913 0.000348162 0.000608965 0.000911882 0.00122007 0.00149169 0.0016934 0.00181248 0.00185883 0.00185631 0.00183086 0.00180228 0.00178104 0.00176825 0.00175668 0.00173184 0.00167376 0.00155968 0.00136751 0.00108071 0.000704209 0.000313206 6.77079e-05 4.93112e-06 1.41615e-07 5.80543e-09 2.09712e-09 1.15567e-08 2.45769e-07 3.38203e-06 1.41444e-05 2.15277e-05 1.80629e-05 1.11033e-05 5.64974e-06 2.41037e-06 7.92503e-07 1.4406e-07 0 
0 2.3793e-05 9.76499e-05 0.00022199 0.000392087 0.000597383 0.000821648 0.00104486 0.00124708 0.00141324 0.00153632 0.00161744 0.00166296 0.00168049 0.0016758 0.00165111 0.00160511 0.0015339 0.00143271 0.00129739 0.00112522 0.000914865 0.000668798 0.000405987 0.000180829 5.32082e-05 1.14711e-05 2.93368e-06 1.67023e-06 2.53932e-06 6.41339e-06 1.41444e-05 1.98919e-05 1.82884e-05 1.26131e-05 7.24301e-06 3.60521e-06 1.52766e-06 5.01253e-07 9.1062e-08 0 
0 1.43759e-05 5.90601e-05 0.000134547 0.000238617 0.000366188 0.000509499 0.00065879 0.000803537 0.000934059 0.00104296 0.00112587 0.00118125 0.00120953 0.00121203 0.00119023 0.00114549 0.00107923 0.000993262 0.000889995 0.000772279 0.000642959 0.000504966 0.000363572 0.000231142 0.000127065 6.34976e-05 3.36776e-05 2.275e-05 2.05399e-05 2.15447e-05 2.15277e-05 1.82884e-05 1.30612e-05 8.09453e-06 4.4647e-06 2.19136e-06 9.2428e-07 3.02828e-07 5.49896e-08 0 
0 8.21535e-06 3.37651e-05 7.69876e-05 0.000136757 0.000210459 0.000294131 0.000382771 0.000470832 0.000552829 0.00062394 0.000680452 0.00071996 0.000741325 0.000744483 0.000730227 0.000700034 0.000655948 0.00060048 0.000536448 0.000466748 0.000394101 0.000320958 0.000249821 0.000184017 0.000128002 8.57001e-05 5.77393e-05 4.1023e-05 3.10466e-05 2.40736e-05 1.80629e-05 1.26131e-05 8.09453e-06 4.77444e-06 2.58053e-06 1.25694e-06 5.28731e-07 1.73074e-07 3.14187e-08 0 
0 4.37536e-06 1.79857e-05 4.10226e-05 7.29145e-05 0.000112327 0.000157238 0.000205099 0.000253051 0.000298199 0.000337869 0.000369851 0.000392546 0.000405045 0.000407124 0.000399185 0.00038217 0.000357446 0.000326678 0.000291685 0.000254292 0.000216193 0.000178877 0.000143638 0.000111663 8.40602e-05 6.16433e-05 4.45414e-05 3.20504e-05 2.29846e-05 1.62369e-05 1.11033e-05 7.24301e-06 4.4647e-06 2.58053e-06 1.38218e-06 6.70772e-07 2.81767e-07 9.21874e-08 1.67322e-08 0 
0 2.11786e-06 8.7064e-06 1.98603e-05 3.53079e-05 5.44125e-05 7.62109e-05 9.94871e-05 0.000122874 0.000144974 0.000164477 0.000180274 0.00019154 0.000197783 0.000198861 0.000194965 0.000186579 0.000174412 0.000159329 0.000142267 0.000124159 0.000105867 8.81385e-05 7.15813e-05 5.66665e-05 4.37256e-05 3.29293e-05 2.42573e-05 1.75057e-05 1.23603e-05 8.49803e-06 5.64974e-06 3.60521e-06 2.19136e-06 1.25694e-06 6.70772e-07 3.25002e-07 1.36432e-07 4.46263e-08 8.09902e-09 0 
0 8.88661e-07 3.65332e-06 8.33403e-06 1.48175e-05 2.28378e-05 3.19929e-05 4.1775e-05 5.16127e-05 6.09196e-05 6.91444e-05 7.58164e-05 8.05821e-05 8.32283e-05 8.3691e-05 8.205e-05 7.85116e-05 7.33807e-05 6.70283e-05 5.98558e-05 5.22618e-05 4.46135e-05 3.7226e-05 3.03495e-05 2.41653e-05 1.87849e-05 1.42535e-05 1.05545e-05 7.62166e-06 5.35797e-06 3.65563e-06 2.41037e-06 1.52766e-06 9.2428e-07 5.28731e-07 2.81767e-07 1.36432e-07 5.72567e-08 1.87262e-08 3.39839e-09 0 
0 2.90622e-07 1.19477e-06 2.72557e-06 4.84604e-06 7.46939e-06 1.04643e-05 1.3665e-05 1.68848e-05 1.9932e-05 2.2626e-05 2.48124e-05 2.63749e-05 2.72431e-05 2.73955e-05 2.68583e-05 2.56993e-05 2.40189e-05 2.19394e-05 1.95928e-05 1.71102e-05 1.46123e-05 1.22021e-05 9.96051e-06 7.94497e-06 6.18935e-06 4.70615e-06 3.48965e-06 2.5203e-06 1.7696e-06 1.20479e-06 7.92503e-07 5.01253e-07 3.02828e-07 1.73074e-07 9.21874e-08 4.46263e-08 1.87262e-08 6.12425e-09 1.11139e-09 0 
0 5.27397e-08 2.16817e-07 4.94618e-07 8.79435e-07 1.35552e-06 1.89907e-06 2.48e-06 3.06445e-06 3.61762e-06 4.10675e-06 4.50377e-06 4.78754e-06 4.94524e-06 4.97296e-06 4.87545e-06 4.66503e-06 4.35997e-06 3.98249e-06 3.55662e-06 3.10619e-06 2.65311e-06 2.21605e-06 1.80966e-06 1.44424e-06 1.12579e-06 8.56505e-07 6.3534e-07 4.5887e-07 3.22083e-07 2.19152e-07 1.4406e-07 9.1062e-08 5.49896e-08 3.14187e-08 1.67322e-08 8.09902e-09 3.39839e-09 1.11139e-09 2.01687e-10 0 
0 0 0 0 0 0 0 0 0 0 0 0 0 0 0 0 0 0 0 0 0 0 0 0 0 0 0 0 0 0 0 0 0 0 0 0 0 0 0 0 0 
