0 0 0 0 0 0 0 0 0 0 0 0 0 0 0 0 0 0 0 0 0 0 0 0 0 0 0 0 0 0 0 0 0 0 0 0 0 0 0 0 0 
0 1.36154e-05 5.50909e-05 0.000121897 0.000205687 0.000292747 0.000368038 0.000421094 0.000449447 0.000457459 0.000452602 0.000442152 0.000431561 0.000424178 0.00042157 0.000423929 0.000430338 0.000438897 0.000446814 0.000450619 0.000446619 0.000431673 0.000404109 0.000364451 0.000315553 0.000261928 0.000208519 0.000159469 0.000117396 8.33171e-05 5.70267e-05 3.75952e-05 2.3795e-05 1.43764e-05 8.21547e-06 4.37538e-06 2.11786e-06 8.88662e-07 2.90622e-07 5.27397e-08 0 
0 5.50909e-05 0.000217862 0.000459868 0.000713181 0.000890553 0.000938186 0.000869089 0.000739143 0.000601858 0.000486812 0.000402898 0.000348677 0.000319909 0.000313102 0.00032662 0.00036066 0.000416588 0.000495609 0.000596581 0.000713075 0.000830789 0.000927614 0.000978738 0.000966392 0.000888971 0.000762567 0.000613201 0.00046569 0.000336453 0.000232476 0.00015398 9.76687e-05 5.90649e-05 3.37662e-05 1.7986e-05 8.70644e-06 3.65333e-06 1.19477e-06 2.16818e-07 0 
0 0.000121897 0.000459868 0.00087904 0.00114242 0.00109473 0.000822444 0.000521457 0.000301559 0.000170662 0.000100235 6.40018e-05 4.59648e-05 3.79306e-05 3.62792e-05 4.00856e-05 5.04605e-05 7.07679e-05 0.000107481 0.000171248 0.000276932 0.000439984 0.00066589 0.000933488 0.00118443 0.00133961 0.00134456 0.00120596 0.000981444 0.000737957 0.000520773 0.000348497 0.000222083 0.000134571 7.69928e-05 4.10236e-05 1.98605e-05 8.33405e-06 2.72557e-06 4.94618e-07 0 
0 0.000205687 0.000713181 0.00114242 0.00109868 0.000693609 0.000319156 0.000120613 4.18447e-05 1.46808e-05 5.65749e-06 2.56329e-06 1.43724e-06 1.03016e-06 9.55905e-07 1.14082e-06 1.71034e-06 3.1038e-06 6.5089e-06 1.4987e-05 3.59795e-05 8.57516e-05 0.000194063 0.000400778 0.000729071 0.00113383 0.00147809 0.00161115 0.00149371 0.00121409 0.000893383 0.000610177 0.000392421 0.000238699 0.000136775 7.29181e-05 3.53086e-05 1.48175e-05 4.84605e-06 8.79436e-07 0 
0 0.000292747 0.000890553 0.00109473 0.000693609 0.000257836 6.57957e-05 1.34491e-05 2.53144e-06 4.98169e-07 1.14892e-07 3.42074e-08 1.41568e-08 8.53454e-09 7.63007e-09 1.0011e-08 1.86021e-08 4.63028e-08 1.44052e-07 5.19122e-07 2.008e-06 7.76663e-06 2.82408e-05 9.1718e-05 0.000255072 0.000585808 0.00107674 0.00155289 0.00176491 0.00163343 0.00129255 0.000915321 0.000598338 0.000366421 0.00021051 0.000112336 5.44142e-05 2.2838e-05 7.46941e-06 1.35553e-06 0 
0 0.000368038 0.000938186 0.000822444 0.000319156 6.57957e-05 8.74534e-06 8.97851e-07 8.4536e-08 8.60849e-09 1.10424e-09 2.03355e-10 5.94405e-11 2.93878e-11 2.51717e-11 3.68013e-11 8.74079e-11 3.12283e-10 1.52506e-09 9.16618e-09 6.10434e-08 4.08714e-07 2.5308e-06 1.3559e-05 5.97931e-05 0.000209084 0.000561802 0.00112785 0.00166865 0.00185556 0.00163848 0.00122804 0.000823922 0.000510055 0.000294251 0.000157261 7.62147e-05 3.19934e-05 1.04644e-05 1.89907e-06 0 
0 0.000421094 0.000869089 0.000521457 0.000120613 1.34491e-05 8.97851e-07 4.42147e-08 1.98122e-09 9.94426e-11 6.79135e-12 7.46259e-13 1.50082e-13 5.99385e-14 4.90087e-14 8.04486e-14 2.48626e-13 1.3092e-12 1.03754e-11 1.0801e-10 1.28896e-09 1.55452e-08 1.70067e-07 1.54999e-06 1.10723e-05 5.95714e-05 0.000235012 0.000663794 0.00131368 0.00182337 0.00185875 0.00150711 0.00104947 0.000659934 0.000383017 0.000205145 9.94947e-05 4.1776e-05 1.36651e-05 2.48001e-06 0 
0 0.000449447 0.000739143 0.000301559 4.18447e-05 2.53144e-06 8.4536e-08 1.98122e-09 4.18701e-11 1.02672e-12 3.70342e-14 2.41199e-15 3.3207e-16 1.06787e-16 8.32491e-17 1.5355e-16 6.19087e-16 4.82517e-15 6.24023e-14 1.1326e-12 2.43951e-11 5.33863e-10 1.03901e-08 1.61943e-07 1.87723e-06 1.54704e-05 8.85354e-05 0.000346715 0.000913307 0.00160157 0.00192499 0.00171882 0.00125519 0.000805598 0.000471276 0.000253135 0.000122888 5.16145e-05 1.6885e-05 3.06446e-06 0 
0 0.000457459 0.000601858 0.000170662 1.46808e-05 4.98169e-07 8.60849e-09 9.94426e-11 1.02672e-12 1.27188e-14 2.49618e-16 9.8716e-18 9.47014e-19 2.47899e-19 1.84617e-19 3.79707e-19 1.96879e-18 2.22782e-17 4.59253e-16 1.41546e-14 5.35222e-13 2.06726e-11 6.96937e-10 1.81199e-08 3.32978e-07 4.10677e-06 3.32347e-05 0.000175366 0.000599243 0.00131142 0.00186401 0.00184897 0.00142577 0.000937352 0.000553545 0.000298333 0.000144996 6.09225e-05 1.99323e-05 3.61764e-06 0 
0 0.000452602 0.000486812 0.000100235 5.65749e-06 1.14892e-07 1.10424e-09 6.79135e-12 3.70342e-14 2.49618e-16 2.84744e-18 7.22923e-20 5.07318e-21 1.12416e-21 8.07414e-22 1.80247e-21 1.15073e-20 1.80385e-19 5.6265e-18 2.77888e-16 1.73498e-14 1.11208e-12 6.12046e-11 2.51224e-09 6.96391e-08 1.22965e-06 1.35118e-05 9.23668e-05 0.000394363 0.00104622 0.00173382 0.00190558 0.00155367 0.00104768 0.000624981 0.000338064 0.000164508 6.91486e-05 2.26264e-05 4.10677e-06 0 
0 0.000442152 0.000402898 6.40018e-05 2.56329e-06 3.42074e-08 2.03355e-10 7.46259e-13 2.41199e-15 9.8716e-18 7.22923e-20 1.289e-21 7.12372e-23 1.39524e-23 9.74358e-24 2.30063e-23 1.70799e-22 3.4431e-21 1.49948e-19 1.08886e-17 1.02524e-15 9.95475e-14 8.19066e-12 4.89119e-10 1.90042e-08 4.50513e-07 6.35743e-06 5.35911e-05 0.000273287 0.000845417 0.00159044 0.0019111 0.00163926 0.00113201 0.000681824 0.000370109 0.000180316 7.5822e-05 2.4813e-05 4.5038e-06 0 
0 0.000431561 0.000348677 4.59648e-05 1.43724e-06 1.41568e-08 5.94405e-11 1.50082e-13 3.3207e-16 9.47014e-19 5.07318e-21 7.12372e-23 3.2626e-24 5.59767e-25 3.77122e-25 9.51865e-25 8.09014e-24 1.95092e-22 1.07051e-20 1.02457e-18 1.29881e-16 1.7042e-14 1.87746e-12 1.47222e-10 7.31229e-09 2.14778e-07 3.63504e-06 3.56532e-05 0.000206456 0.000712676 0.00147057 0.00189091 0.00168823 0.00118858 0.000721615 0.000392858 0.00019159 8.05888e-05 2.63756e-05 4.78758e-06 0 
0 0.000424178 0.000319909 3.79306e-05 1.03016e-06 8.53454e-09 2.93878e-11 5.99385e-14 1.06787e-16 2.47899e-19 1.12416e-21 1.39524e-23 5.59768e-25 8.47799e-26 5.49483e-26 1.48105e-25 1.40405e-24 3.76807e-23 2.33539e-21 2.60491e-19 3.91132e-17 6.09667e-15 7.94032e-13 7.2819e-11 4.1664e-09 1.38489e-07 2.6034e-06 2.78678e-05 0.000173629 0.000638554 0.00139149 0.00186487 0.00170779 0.0012176 0.000743164 0.000405393 0.000197839 8.32358e-05 2.72438e-05 4.94528e-06 0 
0 0.00042157 0.000313102 3.62792e-05 9.55905e-07 7.63007e-09 2.51717e-11 4.90087e-14 8.32491e-17 1.84617e-19 8.07414e-22 9.7436e-24 3.77123e-25 5.49484e-26 3.50627e-26 9.59721e-26 9.34053e-25 2.56318e-23 1.62586e-21 1.87081e-19 2.91248e-17 4.71415e-15 6.37346e-13 6.0566e-11 3.58033e-09 1.22506e-07 2.36119e-06 2.58173e-05 0.000163849 0.000612964 0.00135741 0.00184375 0.00170352 0.00122029 0.000746375 0.000407483 0.000198919 8.36987e-05 2.73963e-05 4.97301e-06 0 
0 0.000423929 0.00032662 4.00856e-05 1.14082e-06 1.0011e-08 3.68013e-11 8.04486e-14 1.5355e-16 3.79707e-19 1.80247e-21 2.30064e-23 9.51866e-25 1.48105e-25 9.5972e-26 2.51056e-25 2.28373e-24 5.89129e-23 3.49419e-21 3.69355e-19 5.23759e-17 7.72044e-15 9.54336e-13 8.34922e-11 4.58479e-09 1.47203e-07 2.69021e-06 2.81711e-05 0.000172745 0.000628992 0.00136475 0.0018289 0.00167772 0.00119814 0.000732039 0.00039953 0.000195021 8.20575e-05 2.68591e-05 4.8755e-06 0 
0 0.000430338 0.00036066 5.04605e-05 1.71034e-06 1.86021e-08 8.74079e-11 2.48626e-13 6.19087e-16 1.96879e-18 1.15073e-20 1.70799e-22 8.09014e-24 1.40405e-24 9.34051e-25 2.28373e-24 1.84757e-23 4.17375e-22 2.10716e-20 1.83087e-18 2.10008e-16 2.5003e-14 2.51562e-12 1.81796e-10 8.41046e-09 2.3272e-07 3.75323e-06 3.54793e-05 0.000200284 0.000681967 0.00140354 0.00181319 0.00162928 0.0011526 0.000701658 0.000382479 0.000186629 7.85184e-05 2.57e-05 4.66507e-06 0 
0 0.000438897 0.000416588 7.07679e-05 3.1038e-06 4.63028e-08 3.12283e-10 1.3092e-12 4.82517e-15 2.22782e-17 1.80385e-19 3.4431e-21 1.95092e-22 3.76807e-23 2.56318e-23 5.89128e-23 4.17375e-22 7.76999e-21 3.05037e-19 1.97586e-17 1.65675e-15 1.43803e-13 1.06604e-11 5.79762e-10 2.07726e-08 4.60238e-07 6.15503e-06 4.98951e-05 0.000248658 0.000765295 0.00145564 0.00178228 0.0015547 0.00108525 0.000657321 0.000357708 0.000174455 7.33865e-05 2.40195e-05 4.36001e-06 0 
0 0.000446814 0.000495609 0.000107481 6.5089e-06 1.44052e-07 1.52506e-09 1.03754e-11 6.24023e-14 4.59253e-16 5.6265e-18 1.49948e-19 1.07051e-20 2.33539e-21 1.62586e-21 3.49419e-21 2.10716e-20 3.05037e-19 8.67184e-18 3.88435e-16 2.19986e-14 1.28423e-12 6.48255e-11 2.46277e-09 6.38522e-08 1.06686e-06 1.12403e-05 7.48854e-05 0.000318352 0.000862813 0.00149136 0.00171655 0.00144969 0.000998115 0.000601587 0.00032689 0.000159364 6.70331e-05 2.19399e-05 3.98252e-06 0 
0 0.000450619 0.000596581 0.000171248 1.4987e-05 5.19122e-07 9.16618e-09 1.0801e-10 1.1326e-12 1.41546e-14 2.77888e-16 1.08886e-17 1.02457e-18 2.60491e-19 1.87081e-19 3.69355e-19 1.83087e-18 1.97586e-17 3.88435e-16 1.14347e-14 4.1402e-13 1.53586e-11 4.98859e-10 1.25346e-08 2.23371e-07 2.68514e-06 2.13812e-05 0.000113063 0.000399296 0.000938109 0.00146759 0.00159395 0.00131065 0.000893775 0.000537317 0.000291855 0.000142295 5.98597e-05 1.95932e-05 3.55665e-06 0 
0 0.000446619 0.000713075 0.000276932 3.59795e-05 2.008e-06 6.10434e-08 1.28896e-09 2.43951e-11 5.35222e-13 1.73498e-14 1.02524e-15 1.29881e-16 3.91132e-17 2.91248e-17 5.23759e-17 2.10008e-16 1.65675e-15 2.19986e-14 4.1402e-13 9.29333e-12 2.11925e-10 4.27672e-09 6.85062e-08 8.07493e-07 6.71461e-06 3.89082e-05 0.000158203 0.000455356 0.000926275 0.00133126 0.00139341 0.00113529 0.000775208 0.000467437 0.000254429 0.000124182 5.22651e-05 1.71106e-05 3.10621e-06 0 
0 0.000431673 0.000830789 0.000439984 8.57516e-05 7.76663e-06 4.08714e-07 1.55452e-08 5.33863e-10 2.06726e-11 1.11208e-12 9.95475e-14 1.7042e-14 6.09667e-15 4.71415e-15 7.72044e-15 2.5003e-14 1.43803e-13 1.28423e-12 1.53586e-11 2.11925e-10 2.93592e-09 3.61955e-08 3.60666e-07 2.71486e-06 1.49083e-05 5.97005e-05 0.000179008 0.000414292 0.000746708 0.00103494 0.00109928 0.000922549 0.000645322 0.00039468 0.000216311 0.000105888 4.46164e-05 1.46126e-05 2.65313e-06 0 
0 0.000404109 0.000927614 0.00066589 0.000194063 2.82408e-05 2.5308e-06 1.70067e-07 1.03901e-08 6.96937e-10 6.12046e-11 8.19066e-12 1.87746e-12 7.94032e-13 6.37346e-13 9.54336e-13 2.51562e-12 1.06604e-11 6.48255e-11 4.98859e-10 4.27672e-09 3.61955e-08 2.71317e-07 1.64203e-06 7.47435e-06 2.47249e-05 6.09984e-05 0.000122999 0.000225345 0.000388033 0.000588635 0.000716753 0.000674866 0.000507034 0.000321494 0.000178989 8.81583e-05 3.72288e-05 1.22024e-05 2.21607e-06 0 
0 0.000364451 0.000978738 0.000933488 0.000400778 9.1718e-05 1.3559e-05 1.54999e-06 1.61943e-07 1.81199e-08 2.51224e-09 4.89119e-10 1.47222e-10 7.2819e-11 6.0566e-11 8.34922e-11 1.81796e-10 5.79762e-10 2.46277e-09 1.25346e-08 6.85062e-08 3.60666e-07 1.64203e-06 5.78561e-06 1.41386e-05 2.24535e-05 2.50417e-05 2.60835e-05 3.59829e-05 7.29342e-05 0.000169723 0.000320433 0.000410797 0.000365518 0.000250364 0.000143754 7.16017e-05 3.03524e-05 9.96082e-06 1.80968e-06 0 
0 0.000315553 0.000966392 0.00118443 0.000729071 0.000255072 5.97931e-05 1.10723e-05 1.87723e-06 3.32978e-07 6.96391e-08 1.90042e-08 7.31229e-09 4.1664e-09 3.58033e-09 4.58479e-09 8.41046e-09 2.07726e-08 6.38522e-08 2.23371e-07 8.07493e-07 2.71486e-06 7.47435e-06 1.41386e-05 1.45047e-05 6.60455e-06 1.54454e-06 4.09772e-07 3.5978e-07 1.44152e-06 1.18917e-05 7.02306e-05 0.000184113 0.000232957 0.000184582 0.000111787 5.6688e-05 2.41682e-05 7.94528e-06 1.44425e-06 0 
0 0.000261928 0.000888971 0.00133961 0.00113383 0.000585808 0.000209084 5.95714e-05 1.54704e-05 4.10677e-06 1.22965e-06 4.50513e-07 2.14778e-07 1.38489e-07 1.22506e-07 1.47203e-07 2.3272e-07 4.60238e-07 1.06686e-06 2.68514e-06 6.71461e-06 1.49083e-05 2.47249e-05 2.24535e-05 6.60455e-06 3.55138e-07 4.196e-09 7.21384e-11 2.83067e-11 5.90471e-10 8.1689e-08 5.25555e-06 5.47735e-05 0.000128567 0.00012856 8.41867e-05 4.37473e-05 1.87879e-05 6.18966e-06 1.12581e-06 0 
0 0.000208519 0.000762567 0.00134456 0.00147809 0.00107674 0.000561802 0.000235012 8.85354e-05 3.32347e-05 1.35118e-05 6.35743e-06 3.63504e-06 2.6034e-06 2.36119e-06 2.69021e-06 3.75323e-06 6.15503e-06 1.12403e-05 2.13812e-05 3.89082e-05 5.97005e-05 6.09984e-05 2.50417e-05 1.54454e-06 4.196e-09 5.86011e-13 1.61682e-16 1.47738e-16 5.60386e-15 6.49299e-11 1.56903e-07 1.19829e-05 6.45579e-05 8.61984e-05 6.17617e-05 3.29494e-05 1.42562e-05 4.70642e-06 8.56519e-07 0 
0 0.000159469 0.000613201 0.00120596 0.00161115 0.00155289 0.00112785 0.000663794 0.000346715 0.000175366 9.23668e-05 5.35911e-05 3.56532e-05 2.78678e-05 2.58173e-05 2.81711e-05 3.54793e-05 4.98951e-05 7.48854e-05 0.000113063 0.000158203 0.000179008 0.000122999 2.60835e-05 4.09772e-07 7.21384e-11 1.61682e-16 2.97182e-18 2.12952e-18 3.98813e-17 9.24276e-14 6.65918e-09 3.1032e-06 3.43716e-05 5.81369e-05 4.46395e-05 2.42739e-05 1.05567e-05 3.48987e-06 6.35352e-07 0 
0 0.000117396 0.00046569 0.000981444 0.00149371 0.00176491 0.00166865 0.00131368 0.000913307 0.000599243 0.000394363 0.000273287 0.000206456 0.000173629 0.000163849 0.000172745 0.000200284 0.000248658 0.000318352 0.000399296 0.000455356 0.000414292 0.000225345 3.59829e-05 3.5978e-07 2.83067e-11 1.47738e-16 2.12953e-18 2.01096e-18 4.27805e-17 1.40776e-14 2.42541e-09 1.77149e-06 2.32338e-05 4.131e-05 3.21212e-05 1.75175e-05 7.62322e-06 2.52046e-06 4.58878e-07 0 
0 8.33171e-05 0.000336453 0.000737957 0.00121409 0.00163343 0.00185556 0.00182337 0.00160157 0.00131142 0.00104622 0.000845417 0.000712676 0.000638554 0.000612964 0.000628992 0.000681967 0.000765295 0.000862813 0.000938109 0.000926275 0.000746708 0.000388033 7.29342e-05 1.44152e-06 5.90471e-10 5.60386e-15 3.98813e-17 4.27804e-17 1.17008e-17 8.24428e-13 1.3034e-08 2.66785e-06 2.09106e-05 3.12331e-05 2.30287e-05 1.23676e-05 5.35894e-06 1.7697e-06 3.22088e-07 0 
0 5.70267e-05 0.000232476 0.000520773 0.000893383 0.00129255 0.00163848 0.00185875 0.00192499 0.00186401 0.00173382 0.00159044 0.00147057 0.00139149 0.00135741 0.00136475 0.00140354 0.00145564 0.00149136 0.00146759 0.00133126 0.00103494 0.000588635 0.000169723 1.18917e-05 8.1689e-08 6.49299e-11 9.24276e-14 1.40776e-14 8.24428e-13 8.09848e-10 2.65838e-07 6.63128e-06 2.1817e-05 2.41786e-05 1.62601e-05 8.5019e-06 3.65614e-06 1.20484e-06 2.19155e-07 0 
0 3.75952e-05 0.00015398 0.000348497 0.000610177 0.000915321 0.00122804 0.00150711 0.00171882 0.00184897 0.00190558 0.0019111 0.00189091 0.00186487 0.00184375 0.0018289 0.00181319 0.00178228 0.00171655 0.00159395 0.00139341 0.00109928 0.000716753 0.000320433 7.02306e-05 5.25555e-06 1.56903e-07 6.65918e-09 2.42541e-09 1.3034e-08 2.65838e-07 3.52575e-06 1.44112e-05 2.16881e-05 1.81118e-05 1.11137e-05 5.65148e-06 2.4106e-06 7.92527e-07 1.44061e-07 0 
0 2.3795e-05 9.76687e-05 0.000222083 0.000392421 0.000598338 0.000823922 0.00104947 0.00125519 0.00142577 0.00155367 0.00163926 0.00168823 0.00170779 0.00170352 0.00167772 0.00162928 0.0015547 0.00144969 0.00131065 0.00113529 0.000922549 0.000674866 0.000410797 0.000184113 5.47735e-05 1.19829e-05 3.1032e-06 1.77149e-06 2.66785e-06 6.63128e-06 1.44112e-05 2.00704e-05 1.83578e-05 1.26316e-05 7.24687e-06 3.60587e-06 1.52776e-06 5.01263e-07 9.10626e-08 0 
0 1.43764e-05 5.90649e-05 0.000134571 0.000238699 0.000366421 0.000510055 0.000659934 0.000805598 0.000937352 0.00104768 0.00113201 0.00118858 0.0012176 0.00122029 0.00119814 0.0011526 0.00108525 0.000998115 0.000893775 0.000775208 0.000645322 0.000507034 0.000365518 0.000232957 0.000128567 6.45579e-05 3.43716e-05 2.32338e-05 2.09106e-05 2.1817e-05 2.16881e-05 1.83578e-05 1.30836e-05 8.10028e-06 4.46592e-06 2.19158e-06 9.24313e-07 3.02832e-07 5.49898e-08 0 
0 8.21547e-06 3.37662e-05 7.69928e-05 0.000136775 0.00021051 0.000294251 0.000383017 0.000471276 0.000553545 0.000624981 0.000681824 0.000721615 0.000743164 0.000746375 0.000732039 0.000701658 0.000657321 0.000601587 0.000537317 0.000467437 0.00039468 0.000321494 0.000250364 0.000184582 0.00012856 8.61984e-05 5.81369e-05 4.131e-05 3.12331e-05 2.41786e-05 1.81118e-05 1.26316e-05 8.10028e-06 4.77593e-06 2.58086e-06 1.257e-06 5.28741e-07 1.73076e-07 3.14188e-08 0 
0 4.37538e-06 1.7986e-05 4.10236e-05 7.29181e-05 0.000112336 0.000157261 0.000205145 0.000253135 0.000298333 0.000338064 0.000370109 0.000392858 0.000405393 0.000407483 0.00039953 0.000382479 0.000357708 0.00032689 0.000291855 0.000254429 0.000216311 0.000178989 0.000143754 0.000111787 8.41867e-05 6.17617e-05 4.46395e-05 3.21212e-05 2.30287e-05 1.62601e-05 1.11137e-05 7.24687e-06 4.46592e-06 2.58086e-06 1.38226e-06 6.70788e-07 2.81769e-07 9.21877e-08 1.67322e-08 0 
0 2.11786e-06 8.70644e-06 1.98605e-05 3.53086e-05 5.44142e-05 7.62147e-05 9.94947e-05 0.000122888 0.000144996 0.000164508 0.000180316 0.00019159 0.000197839 0.000198919 0.000195021 0.000186629 0.000174455 0.000159364 0.000142295 0.000124182 0.000105888 8.81583e-05 7.16017e-05 5.6688e-05 4.37473e-05 3.29494e-05 2.42739e-05 1.75175e-05 1.23676e-05 8.5019e-06 5.65148e-06 3.60587e-06 2.19158e-06 1.257e-06 6.70788e-07 3.25005e-07 1.36433e-07 4.46263e-08 8.09902e-09 0 
0 8.88662e-07 3.65333e-06 8.33405e-06 1.48175e-05 2.2838e-05 3.19934e-05 4.1776e-05 5.16145e-05 6.09225e-05 6.91486e-05 7.5822e-05 8.05888e-05 8.32358e-05 8.36987e-05 8.20575e-05 7.85184e-05 7.33865e-05 6.70331e-05 5.98597e-05 5.22651e-05 4.46164e-05 3.72288e-05 3.03524e-05 2.41682e-05 1.87879e-05 1.42562e-05 1.05567e-05 7.62322e-06 5.35894e-06 3.65614e-06 2.4106e-06 1.52776e-06 9.24313e-07 5.28741e-07 2.81769e-07 1.36433e-07 5.72568e-08 1.87262e-08 3.39839e-09 0 
0 2.90622e-07 1.19477e-06 2.72557e-06 4.84605e-06 7.46941e-06 1.04644e-05 1.36651e-05 1.6885e-05 1.99323e-05 2.26264e-05 2.4813e-05 2.63756e-05 2.72438e-05 2.73963e-05 2.68591e-05 2.57e-05 2.40195e-05 2.19399e-05 1.95932e-05 1.71106e-05 1.46126e-05 1.22024e-05 9.96082e-06 7.94528e-06 6.18966e-06 4.70642e-06 3.48987e-06 2.52046e-06 1.7697e-06 1.20484e-06 7.92527e-07 5.01263e-07 3.02832e-07 1.73076e-07 9.21877e-08 4.46263e-08 1.87262e-08 6.12425e-09 1.11139e-09 0 
0 5.27397e-08 2.16818e-07 4.94618e-07 8.79436e-07 1.35553e-06 1.89907e-06 2.48001e-06 3.06446e-06 3.61764e-06 4.10677e-06 4.5038e-06 4.78758e-06 4.94528e-06 4.97301e-06 4.8755e-06 4.66507e-06 4.36001e-06 3.98252e-06 3.55665e-06 3.10621e-06 2.65313e-06 2.21607e-06 1.80968e-06 1.44425e-06 1.12581e-06 8.56519e-07 6.35352e-07 4.58878e-07 3.22088e-07 2.19155e-07 1.44061e-07 9.10626e-08 5.49898e-08 3.14188e-08 1.67322e-08 8.09902e-09 3.39839e-09 1.11139e-09 2.01687e-10 0 
0 0 0 0 0 0 0 0 0 0 0 0 0 0 0 0 0 0 0 0 0 0 0 0 0 0 0 0 0 0 0 0 0 0 0 0 0 0 0 0 0 
