0 0 0 0 0 0 0 0 0 0 0 0 0 0 0 0 0 0 0 0 0 0 0 0 0 0 0 0 0 0 0 0 0 0 0 0 0 0 0 0 0 
0 1.31634e-05 5.11759e-05 0.000105606 0.00016067 0.000200453 0.000217584 0.00021474 0.000199658 0.000179979 0.000160958 0.000145395 0.00013441 0.000128239 0.000126753 0.000129731 0.00013691 0.00014791 0.000162054 0.000178168 0.00019442 0.000208337 0.00021709 0.000218077 0.000209672 0.000191866 0.000166482 0.000136752 0.000106384 7.85373e-05 5.51683e-05 3.6947e-05 2.35918e-05 1.43192e-05 8.20104e-06 4.37215e-06 2.11723e-06 8.88559e-07 2.90609e-07 5.27388e-08 0 
0 5.11759e-05 0.000183855 0.000326571 0.000392586 0.000358772 0.00027171 0.000183521 0.000117397 7.46997e-05 4.92379e-05 3.47467e-05 2.69094e-05 2.32312e-05 2.24954e-05 2.43582e-05 2.91657e-05 3.79422e-05 5.24608e-05 7.52483e-05 0.000109271 0.000156979 0.000218524 0.00028948 0.000359315 0.000412543 0.00043387 0.000415662 0.000362703 0.000289822 0.00021404 0.000147566 9.56907e-05 5.85214e-05 3.36331e-05 1.7957e-05 8.70097e-06 3.65246e-06 1.19467e-06 2.16811e-07 0 
0 0.000105606 0.000326571 0.000438427 0.000349281 0.0001934 8.46716e-05 3.24338e-05 1.18243e-05 4.42718e-06 1.82431e-06 8.77689e-07 5.15781e-07 3.8092e-07 3.57293e-07 4.22699e-07 6.16769e-07 1.0721e-06 2.12669e-06 4.5934e-06 1.03083e-05 2.30216e-05 4.93156e-05 9.84049e-05 0.000178886 0.000291184 0.000418181 0.000522999 0.000564895 0.00052773 0.000432137 0.000316767 0.000212266 0.000131908 7.63547e-05 4.08887e-05 1.98357e-05 8.33024e-06 2.72513e-06 4.9459e-07 0 
0 0.00016067 0.000392586 0.000349281 0.000160339 4.67304e-05 1.00678e-05 1.81776e-06 3.10499e-07 5.6565e-08 1.22928e-08 3.50855e-09 1.41534e-09 8.44944e-10 7.58938e-10 1.01318e-09 1.93591e-09 4.99604e-09 1.62105e-08 6.11499e-08 2.47997e-07 1.00591e-06 3.83654e-06 1.31141e-05 3.88649e-05 9.79104e-05 0.000207398 0.000366101 0.000532467 0.000632113 0.000615218 0.00050305 0.000358196 0.000229373 0.000134565 7.24603e-05 3.52264e-05 1.48052e-05 4.84466e-06 8.7935e-07 0 
0 0.000200453 0.000358772 0.0001934 4.67304e-05 6.35629e-06 5.76981e-07 4.12503e-08 2.76536e-09 2.07256e-10 2.04769e-11 3.07216e-12 7.79683e-13 3.58126e-13 3.04956e-13 4.72497e-13 1.2586e-12 5.2849e-12 3.14356e-11 2.35717e-10 1.98298e-09 1.67994e-08 1.30622e-07 8.66546e-07 4.66192e-06 1.97688e-05 6.54717e-05 0.000169759 0.000345354 0.000547696 0.000671978 0.00064583 0.000506326 0.000340668 0.000204398 0.000111084 5.41935e-05 2.28056e-05 7.46582e-06 1.35531e-06 0 
0 0.000217584 0.00027171 8.46716e-05 1.00678e-05 5.76981e-07 1.94971e-08 4.8351e-10 1.11454e-11 3.03311e-13 1.21933e-14 8.77746e-16 1.31104e-16 4.46039e-17 3.57305e-17 6.56498e-17 2.55832e-16 1.87417e-15 2.22668e-14 3.65532e-13 7.06667e-12 1.38735e-10 2.43435e-09 3.45029e-08 3.67714e-07 2.82713e-06 1.54743e-05 6.08641e-05 0.0001755 0.000375933 0.000596454 0.000699587 0.000624855 0.00045151 0.000280124 0.000154374 7.57118e-05 3.19208e-05 1.04564e-05 1.89861e-06 0 
0 0.00021474 0.000183521 3.24338e-05 1.81776e-06 4.12503e-08 4.8351e-10 3.86214e-12 2.8427e-14 2.61706e-16 4.03652e-18 1.68003e-19 4.49999e-20 3.32475e-20 3.11468e-20 3.40147e-20 5.74848e-20 3.82362e-19 8.84522e-18 3.3571e-16 1.58046e-14 7.61987e-13 3.19274e-11 1.02018e-09 2.26432e-08 3.30241e-07 3.1026e-06 1.89872e-05 7.82103e-05 0.000224859 0.00045936 0.000665275 0.000692066 0.000547348 0.000355023 0.000199387 9.84977e-05 4.16337e-05 1.36498e-05 2.47912e-06 0 
0 0.000199658 0.000117397 1.18243e-05 3.10499e-07 2.76536e-09 1.11454e-11 2.8427e-14 6.61852e-17 2.14431e-19 5.50832e-21 1.622e-21 1.19584e-21 1.28722e-21 1.28445e-21 1.1432e-21 1.06323e-21 1.79771e-21 7.40415e-21 2.8597e-19 3.22578e-17 3.84696e-15 3.87355e-13 2.80753e-11 1.30614e-09 3.63947e-08 5.91413e-07 5.66574e-06 3.33193e-05 0.000127052 0.000328013 0.000580429 0.000706529 0.000618327 0.000422813 0.000243029 0.000121139 5.13666e-05 1.68586e-05 3.06294e-06 0 
0 0.000179979 7.46997e-05 4.42718e-06 5.6565e-08 2.07256e-10 3.03311e-13 2.61706e-16 2.14431e-19 1.2824e-21 1.85384e-22 1.26081e-22 1.27488e-22 1.51239e-22 1.54113e-22 1.29793e-22 1.02762e-22 1.05366e-22 1.3576e-22 9.35538e-22 9.05491e-20 2.47861e-17 5.73599e-15 9.04077e-13 8.48819e-11 4.37493e-09 1.19801e-07 1.76088e-06 1.45373e-05 7.2129e-05 0.00022964 0.000485137 0.000683496 0.000662188 0.000479052 0.000282508 0.000142247 6.05345e-05 1.98913e-05 3.61529e-06 0 
0 0.000160958 4.92379e-05 1.82431e-06 1.22928e-08 2.04769e-11 1.21933e-14 4.03652e-18 5.50832e-21 1.85384e-22 3.3036e-23 2.22744e-23 2.40764e-23 2.8607e-23 2.9195e-23 2.44946e-23 1.84672e-23 1.47599e-23 1.29162e-23 3.81326e-23 9.51658e-22 2.80114e-19 1.3445e-16 4.22235e-14 7.3901e-12 6.57443e-10 2.86282e-08 6.16238e-07 6.88664e-06 4.31368e-05 0.00016445 0.000402892 0.000643135 0.000683314 0.000521828 0.000315703 0.000160602 6.85977e-05 2.25685e-05 4.10347e-06 0 
0 0.000145395 3.47467e-05 8.77689e-07 3.50855e-09 3.07216e-12 8.77746e-16 1.68003e-19 1.622e-21 1.26081e-22 2.22744e-23 8.17519e-24 6.36773e-24 6.81057e-24 6.79505e-24 5.71755e-24 4.25078e-24 3.11791e-24 2.85424e-24 8.51873e-24 1.00567e-22 8.75881e-21 6.23774e-18 3.43826e-15 1.00012e-12 1.38869e-10 8.83051e-09 2.59678e-07 3.71948e-06 2.81903e-05 0.000124217 0.000341704 0.000601597 0.000689326 0.000551473 0.000341307 0.00017525 7.51074e-05 2.4738e-05 4.49955e-06 0 
0 0.00013441 2.69094e-05 5.15781e-07 1.41534e-09 7.79683e-13 1.31104e-16 4.49999e-20 1.19584e-21 1.27488e-22 2.40764e-23 6.36773e-24 2.73546e-24 2.0368e-24 1.8185e-24 1.50204e-24 1.12288e-24 8.73712e-25 1.16207e-24 4.38453e-24 3.87345e-23 1.35789e-21 6.82772e-19 5.61676e-16 2.35606e-13 4.50846e-11 3.76638e-09 1.38719e-07 2.37729e-06 2.06786e-05 0.000101071 0.000301572 0.000568524 0.000687747 0.000569635 0.000358756 0.000185556 7.97367e-05 2.62863e-05 4.78253e-06 0 
0 0.000128239 2.32312e-05 3.8092e-07 8.44944e-10 3.58126e-13 4.46039e-17 3.32475e-20 1.28722e-21 1.51239e-22 2.8607e-23 6.81057e-24 2.03681e-24 8.97253e-25 5.8714e-25 4.4148e-25 3.41745e-25 3.49505e-25 7.80683e-25 3.47176e-24 2.75051e-23 6.50709e-22 1.97273e-19 2.009e-16 1.03677e-13 2.37871e-11 2.31907e-09 9.70248e-08 1.84069e-06 1.73108e-05 8.97017e-05 0.000280036 0.000548363 0.000684105 0.000578246 0.000368019 0.000191197 8.22966e-05 2.71454e-05 4.93972e-06 0 
0 0.000126753 2.24954e-05 3.57293e-07 7.58938e-10 3.04956e-13 3.57305e-17 3.11468e-20 1.28445e-21 1.54113e-22 2.9195e-23 6.79506e-24 1.8185e-24 5.87141e-25 2.58778e-25 1.58319e-25 1.34702e-25 2.15126e-25 6.82822e-25 3.24826e-24 2.53158e-23 5.60372e-22 1.52849e-19 1.62228e-16 8.73511e-14 2.0801e-11 2.0932e-09 8.98935e-08 1.74122e-06 1.66369e-05 8.72268e-05 0.000274791 0.000542384 0.000681365 0.000578785 0.000369366 0.000192131 8.27378e-05 2.72955e-05 4.96731e-06 0 
0 0.000129731 2.43582e-05 4.22699e-07 1.01318e-09 4.72497e-13 6.56498e-17 3.40147e-20 1.1432e-21 1.29793e-22 2.44946e-23 5.71756e-24 1.50204e-24 4.4148e-25 1.58319e-25 8.30118e-26 8.35793e-26 1.85749e-25 6.74987e-25 3.3651e-24 2.85091e-23 7.89999e-22 3.04911e-19 2.88434e-16 1.3812e-13 2.96825e-11 2.73717e-09 1.09368e-07 1.99968e-06 1.8274e-05 9.26514e-05 0.000284476 0.000549988 0.000680027 0.00057193 0.00036321 0.000188555 8.11413e-05 2.67628e-05 4.87005e-06 0 
0 0.00013691 2.91657e-05 6.16769e-07 1.93591e-09 1.2586e-12 2.55832e-16 5.74848e-20 1.06323e-21 1.02762e-22 1.84672e-23 4.25078e-24 1.12288e-24 3.41745e-25 1.34702e-25 8.35793e-26 9.64114e-26 2.14713e-25 7.79271e-25 4.20801e-24 4.43931e-23 2.24172e-21 1.46568e-18 1.04801e-15 3.861e-13 6.59506e-11 5.00202e-09 1.70078e-07 2.73359e-06 2.26194e-05 0.000106433 0.000308511 0.000569061 0.00067841 0.000557568 0.000350049 0.000180867 7.77013e-05 2.5614e-05 4.66019e-06 0 
0 0.00014791 3.79422e-05 1.0721e-06 4.99604e-09 5.2849e-12 1.87417e-15 3.82362e-19 1.79771e-21 1.05366e-22 1.47599e-23 3.11792e-24 8.73712e-25 3.49505e-25 2.15126e-25 1.85749e-25 2.14713e-25 3.81504e-25 1.22964e-24 7.84688e-24 1.41679e-22 2.17223e-20 1.48502e-17 6.94373e-15 1.74105e-12 2.12249e-10 1.208e-08 3.24065e-07 4.31123e-06 3.08443e-05 0.000130065 0.000346196 0.000595475 0.000672948 0.000535056 0.000330496 0.000169634 7.2702e-05 2.39472e-05 4.35588e-06 0 
0 0.000162054 5.24608e-05 2.12669e-06 1.62105e-08 3.14356e-11 2.22668e-14 8.84522e-18 7.40415e-21 1.3576e-22 1.29162e-23 2.85424e-24 1.16207e-24 7.80683e-25 6.82821e-25 6.74987e-25 7.79271e-25 1.22964e-24 3.60585e-24 3.11797e-23 1.6993e-21 6.33211e-19 2.65177e-16 7.28628e-14 1.12993e-11 9.03478e-10 3.59003e-08 7.16024e-07 7.52347e-06 4.49068e-05 0.000165116 0.000394681 0.00062192 0.00065857 0.000503631 0.000305343 0.000155555 6.64908e-05 2.18823e-05 3.97922e-06 0 
0 0.000178168 7.52483e-05 4.5934e-06 6.11499e-08 2.35717e-10 3.65532e-13 3.3571e-16 2.8597e-19 9.35538e-22 3.81326e-23 8.51872e-24 4.38453e-24 3.47176e-24 3.24825e-24 3.3651e-24 4.20801e-24 7.84688e-24 3.11797e-23 7.20023e-22 1.18613e-19 3.13941e-17 6.90449e-15 1.03642e-12 9.28851e-11 4.58236e-09 1.20562e-07 1.71165e-06 1.3739e-05 6.67772e-05 0.000210236 0.000444943 0.000636417 0.000629335 0.000462859 0.000275616 0.000139423 5.94488e-05 1.95493e-05 3.55411e-06 0 
0 0.00019442 0.000109271 1.03083e-05 2.47997e-07 1.98298e-09 7.06667e-12 1.58046e-14 3.22578e-17 9.05491e-20 9.51658e-22 1.00567e-22 3.87345e-23 2.75051e-23 2.53158e-23 2.85091e-23 4.43931e-23 1.41679e-22 1.6993e-21 1.18613e-19 1.49464e-17 1.96538e-15 2.16934e-13 1.70299e-11 8.43695e-10 2.45664e-08 4.10534e-07 4.00997e-06 2.40445e-05 9.41412e-05 0.00025303 0.000475222 0.00062149 0.000579457 0.000413006 0.000242572 0.000122075 5.19613e-05 1.70778e-05 3.10431e-06 0 
0 0.000208337 0.000156979 2.30216e-05 1.00591e-06 1.67994e-08 1.38735e-10 7.61987e-13 3.84696e-15 2.47861e-17 2.80114e-19 8.75881e-21 1.35789e-21 6.50709e-22 5.60372e-22 7.89999e-22 2.24172e-21 2.17223e-20 6.33211e-19 3.13941e-17 1.96538e-15 1.25848e-13 6.87104e-12 2.75676e-10 7.28621e-09 1.19141e-07 1.19435e-06 7.65592e-06 3.36505e-05 0.000107641 0.000256113 0.000446173 0.000556338 0.000504792 0.000355243 0.000207636 0.000104331 4.43901e-05 1.4588e-05 2.65169e-06 0 
0 0.00021709 0.000218524 4.93156e-05 3.83654e-06 1.30622e-07 2.43435e-09 3.19274e-11 3.87355e-13 5.73599e-15 1.3445e-16 6.23774e-18 6.82772e-19 1.97273e-19 1.52849e-19 3.04911e-19 1.46568e-18 1.48502e-17 2.65177e-16 6.90449e-15 2.16934e-13 6.87104e-12 1.86257e-10 3.7422e-09 4.95919e-08 4.05531e-07 2.09219e-06 7.72891e-06 2.40978e-05 6.86492e-05 0.000168966 0.000319305 0.000427077 0.000405077 0.000291748 0.000172315 8.69488e-05 3.70519e-05 1.21831e-05 2.21493e-06 0 
0 0.000218077 0.00028948 9.84049e-05 1.31141e-05 8.66546e-07 3.45029e-08 1.02018e-09 2.80753e-11 9.04077e-13 4.22235e-14 3.43826e-15 5.61676e-16 2.009e-16 1.62228e-16 2.88434e-16 1.04801e-15 6.94373e-15 7.28628e-14 1.03642e-12 1.70299e-11 2.75676e-10 3.7422e-09 3.58709e-08 2.03077e-07 6.01128e-07 1.01257e-06 1.44533e-06 2.92047e-06 9.95429e-06 4.14035e-05 0.000131747 0.000250816 0.000287703 0.000225946 0.000138143 7.05817e-05 3.0204e-05 9.94475e-06 1.80874e-06 0 
0 0.000209672 0.000359315 0.000178886 3.88649e-05 4.66192e-06 3.67714e-07 2.26432e-08 1.30614e-09 8.48819e-11 7.3901e-12 1.00012e-12 2.35606e-13 1.03677e-13 8.73511e-14 1.3812e-13 3.861e-13 1.74105e-12 1.12993e-11 9.28851e-11 8.43695e-10 7.28621e-09 4.95919e-08 2.03077e-07 3.436e-07 1.72075e-07 3.04739e-08 5.92514e-09 6.02679e-09 5.27269e-08 1.27412e-06 1.92641e-05 9.48883e-05 0.00017202 0.000162969 0.000106682 5.57662e-05 2.40362e-05 7.93123e-06 1.44345e-06 0 
0 0.000191866 0.000412543 0.000291184 9.79104e-05 1.97688e-05 2.82713e-06 3.30241e-07 3.63947e-08 4.37493e-09 6.57443e-10 1.38869e-10 4.50846e-11 2.37871e-11 2.0801e-11 2.96825e-11 6.59506e-11 2.12249e-10 9.03478e-10 4.58236e-09 2.45664e-08 1.19141e-07 4.05531e-07 6.01128e-07 1.72075e-07 3.98478e-09 9.63921e-12 3.10938e-14 8.44999e-15 1.00969e-12 1.34574e-09 5.9012e-07 1.99322e-05 8.42384e-05 0.000109304 7.94512e-05 4.29011e-05 1.86693e-05 6.17732e-06 1.12512e-06 0 
0 0.000166482 0.00043387 0.000418181 0.000207398 6.54717e-05 1.54743e-05 3.1026e-06 5.91413e-07 1.19801e-07 2.86282e-08 8.83051e-09 3.76638e-09 2.31907e-09 2.0932e-09 2.73717e-09 5.00202e-09 1.208e-08 3.59003e-08 1.20562e-07 4.10534e-07 1.19435e-06 2.09219e-06 1.01257e-06 3.04739e-08 9.63921e-12 4.26867e-16 2.19399e-15 1.59578e-15 1.25457e-14 6.29099e-14 4.71141e-09 2.67471e-06 3.62267e-05 7.00681e-05 5.7575e-05 3.22073e-05 1.41544e-05 4.69604e-06 8.55946e-07 0 
0 0.000136752 0.000415662 0.000522999 0.000366101 0.000169759 6.08641e-05 1.89872e-05 5.66574e-06 1.76088e-06 6.16238e-07 2.59678e-07 1.38719e-07 9.70248e-08 8.98935e-08 1.09368e-07 1.70078e-07 3.24065e-07 7.16024e-07 1.71165e-06 4.00997e-06 7.65592e-06 7.72891e-06 1.44533e-06 5.92514e-09 3.10938e-14 2.19399e-15 7.46128e-16 9.50193e-16 3.67843e-15 4.4286e-14 5.97781e-11 4.5173e-07 1.69969e-05 4.57067e-05 4.12725e-05 2.36811e-05 1.04766e-05 3.48183e-06 6.34913e-07 0 
0 0.000106384 0.000362703 0.000564895 0.000532467 0.000345354 0.0001755 7.82103e-05 3.33193e-05 1.45373e-05 6.88664e-06 3.71948e-06 2.37729e-06 1.84069e-06 1.74122e-06 1.99968e-06 2.73359e-06 4.31123e-06 7.52347e-06 1.3739e-05 2.40445e-05 3.36505e-05 2.40978e-05 2.92047e-06 6.02679e-09 8.44999e-15 1.59578e-15 9.50193e-16 2.76282e-15 1.19227e-14 1.7963e-13 1.59958e-11 2.35304e-07 1.12644e-05 3.242e-05 2.97213e-05 1.70992e-05 7.5672e-06 2.51487e-06 4.58574e-07 0 
0 7.85373e-05 0.000289822 0.00052773 0.000632113 0.000547696 0.000375933 0.000224859 0.000127052 7.2129e-05 4.31368e-05 2.81903e-05 2.06786e-05 1.73108e-05 1.66369e-05 1.8274e-05 2.26194e-05 3.08443e-05 4.49068e-05 6.67772e-05 9.41412e-05 0.000107641 6.86492e-05 9.95429e-06 5.27269e-08 1.00969e-12 1.25456e-14 3.67843e-15 1.19227e-14 2.23202e-15 1.55936e-15 2.12166e-10 4.92543e-07 1.13168e-05 2.53866e-05 2.154e-05 1.21116e-05 5.32464e-06 1.76627e-06 3.219e-07 0 
0 5.51683e-05 0.00021404 0.000432137 0.000615218 0.000671978 0.000596454 0.00045936 0.000328013 0.00022964 0.00016445 0.000124217 0.000101071 8.97017e-05 8.72268e-05 9.26514e-05 0.000106433 0.000130065 0.000165116 0.000210236 0.00025303 0.000256113 0.000168966 4.14035e-05 1.27412e-06 1.34574e-09 6.29099e-14 4.4286e-14 1.7963e-13 1.55936e-15 4.17421e-12 1.8308e-08 2.11962e-06 1.41826e-05 2.08062e-05 1.54705e-05 8.36742e-06 3.63795e-06 1.20299e-06 2.19052e-07 0 
0 3.6947e-05 0.000147566 0.000316767 0.00050305 0.00064583 0.000699587 0.000665275 0.000580429 0.000485137 0.000402892 0.000341704 0.000301572 0.000280036 0.000274791 0.000284476 0.000308511 0.000346196 0.000394681 0.000444943 0.000475222 0.000446173 0.000319305 0.000131747 1.92641e-05 5.9012e-07 4.71141e-09 5.97781e-11 1.59958e-11 2.12166e-10 1.8308e-08 8.54384e-07 7.61455e-06 1.68141e-05 1.64976e-05 1.07604e-05 5.59112e-06 2.40226e-06 7.91659e-07 1.44012e-07 0 
0 2.35918e-05 9.56907e-05 0.000212266 0.000358196 0.000506326 0.000624855 0.000692066 0.000706529 0.000683496 0.000643135 0.000601597 0.000568524 0.000548363 0.000542384 0.000549988 0.000569061 0.000595475 0.00062192 0.000636417 0.00062149 0.000556338 0.000427077 0.000250816 9.48883e-05 1.99322e-05 2.67471e-06 4.5173e-07 2.35304e-07 4.92543e-07 2.11962e-06 7.61455e-06 1.47818e-05 1.61174e-05 1.20072e-05 7.11395e-06 3.5827e-06 1.52445e-06 5.00907e-07 9.10419e-08 0 
0 1.43192e-05 5.85214e-05 0.000131908 0.000229373 0.000340668 0.00045151 0.000547348 0.000618327 0.000662188 0.000683314 0.000689326 0.000687747 0.000684105 0.000681365 0.000680027 0.00067841 0.000672948 0.00065857 0.000629335 0.000579457 0.000504792 0.000405077 0.000287703 0.00017202 8.42384e-05 3.62267e-05 1.69969e-05 1.12644e-05 1.13168e-05 1.41826e-05 1.68141e-05 1.61174e-05 1.23314e-05 7.9035e-06 4.42359e-06 2.18393e-06 9.23176e-07 3.02705e-07 5.49821e-08 0 
0 8.20104e-06 3.36331e-05 7.63547e-05 0.000134565 0.000204398 0.000280124 0.000355023 0.000422813 0.000479052 0.000521828 0.000551473 0.000569635 0.000578246 0.000578785 0.00057193 0.000557568 0.000535056 0.000503631 0.000462859 0.000413006 0.000355243 0.000291748 0.000225946 0.000162969 0.000109304 7.00681e-05 4.57067e-05 3.242e-05 2.53866e-05 2.08062e-05 1.64976e-05 1.20072e-05 7.9035e-06 4.72424e-06 2.56934e-06 1.25483e-06 5.28402e-07 1.73036e-07 3.14163e-08 0 
0 4.37215e-06 1.7957e-05 4.08887e-05 7.24603e-05 0.000111084 0.000154374 0.000199387 0.000243029 0.000282508 0.000315703 0.000341307 0.000358756 0.000368019 0.000369366 0.00036321 0.000350049 0.000330496 0.000305343 0.000275616 0.000242572 0.000207636 0.000172315 0.000138143 0.000106682 7.94512e-05 5.7575e-05 4.12725e-05 2.97213e-05 2.154e-05 1.54705e-05 1.07604e-05 7.11395e-06 4.42359e-06 2.56934e-06 1.37957e-06 6.70253e-07 2.81682e-07 9.2177e-08 1.67315e-08 0 
0 2.11723e-06 8.70097e-06 1.98357e-05 3.52264e-05 5.41935e-05 7.57118e-05 9.84977e-05 0.000121139 0.000142247 0.000160602 0.00017525 0.000185556 0.000191197 0.000192131 0.000188555 0.000180867 0.000169634 0.000155555 0.000139423 0.000122075 0.000104331 8.69488e-05 7.05817e-05 5.57662e-05 4.29011e-05 3.22073e-05 2.36811e-05 1.70992e-05 1.21116e-05 8.36742e-06 5.59112e-06 3.5827e-06 2.18393e-06 1.25483e-06 6.70253e-07 3.24893e-07 1.36414e-07 4.46239e-08 8.09885e-09 0 
0 8.88559e-07 3.65246e-06 8.33024e-06 1.48052e-05 2.28056e-05 3.19208e-05 4.16337e-05 5.13666e-05 6.05345e-05 6.85977e-05 7.51074e-05 7.97367e-05 8.22966e-05 8.27378e-05 8.11413e-05 7.77013e-05 7.2702e-05 6.64908e-05 5.94488e-05 5.19613e-05 4.43901e-05 3.70519e-05 3.0204e-05 2.40362e-05 1.86693e-05 1.41544e-05 1.04766e-05 7.5672e-06 5.32464e-06 3.63795e-06 2.40226e-06 1.52445e-06 9.23176e-07 5.28402e-07 2.81682e-07 1.36414e-07 5.72534e-08 1.87258e-08 3.39836e-09 0 
0 2.90609e-07 1.19467e-06 2.72513e-06 4.84466e-06 7.46582e-06 1.04564e-05 1.36498e-05 1.68586e-05 1.98913e-05 2.25685e-05 2.4738e-05 2.62863e-05 2.71454e-05 2.72955e-05 2.67628e-05 2.5614e-05 2.39472e-05 2.18823e-05 1.95493e-05 1.70778e-05 1.4588e-05 1.21831e-05 9.94475e-06 7.93123e-06 6.17732e-06 4.69604e-06 3.48183e-06 2.51487e-06 1.76627e-06 1.20299e-06 7.91659e-07 5.00907e-07 3.02705e-07 1.73036e-07 9.2177e-08 4.46239e-08 1.87258e-08 6.12418e-09 1.11139e-09 0 
0 5.27388e-08 2.16811e-07 4.9459e-07 8.7935e-07 1.35531e-06 1.89861e-06 2.47912e-06 3.06294e-06 3.61529e-06 4.10347e-06 4.49955e-06 4.78253e-06 4.93972e-06 4.96731e-06 4.87005e-06 4.66019e-06 4.35588e-06 3.97922e-06 3.55411e-06 3.10431e-06 2.65169e-06 2.21493e-06 1.80874e-06 1.44345e-06 1.12512e-06 8.55946e-07 6.34913e-07 4.58574e-07 3.219e-07 2.19052e-07 1.44012e-07 9.10419e-08 5.49821e-08 3.14163e-08 1.67315e-08 8.09885e-09 3.39836e-09 1.11139e-09 2.01686e-10 0 
0 0 0 0 0 0 0 0 0 0 0 0 0 0 0 0 0 0 0 0 0 0 0 0 0 0 0 0 0 0 0 0 0 0 0 0 0 0 0 0 0 
