0 0 0 0 0 0 0 0 0 0 0 0 0 0 0 0 0 0 0 0 0 0 0 0 0 0 0 0 0 0 0 0 0 0 0 0 0 0 0 0 0 
0 1.344e-05 5.35379e-05 0.00011516 0.000185917 0.000249248 0.000291914 0.000309834 0.000307484 0.000293096 0.000274383 0.00025672 0.000243152 0.000235068 0.00023288 0.000236433 0.000245169 0.000258082 0.000273573 0.000289312 0.000302256 0.000308959 0.000306241 0.000292098 0.000266511 0.00023173 0.000191737 0.000151083 0.000113631 8.17965e-05 5.64728e-05 3.74128e-05 2.37405e-05 1.43617e-05 8.21189e-06 4.3746e-06 2.11771e-06 8.88638e-07 2.90619e-07 5.27395e-08 0 
0 5.35379e-05 0.000203873 0.000400917 0.00055603 0.000598633 0.000532677 0.000416051 0.000301993 0.000214084 0.000154376 0.000116895 9.51147e-05 8.4372e-05 8.20748e-05 8.73717e-05 0.000100861 0.000124416 0.000160951 0.000213818 0.000285383 0.000374547 0.000473695 0.000566947 0.00063259 0.000651057 0.000614975 0.000533772 0.000428496 0.000321184 0.00022693 0.000152182 9.71449e-05 5.89274e-05 3.37337e-05 1.79791e-05 8.70517e-06 3.65313e-06 1.19475e-06 2.16816e-07 0 
0 0.00011516 0.000400917 0.000658557 0.000679632 0.000490199 0.00027357 0.000130751 5.84934e-05 2.63983e-05 1.28017e-05 7.02441e-06 4.53376e-06 3.52712e-06 3.33843e-06 3.82402e-06 5.20512e-06 8.18257e-06 1.43375e-05 2.69296e-05 5.21291e-05 0.000100206 0.000184979 0.000318343 0.000497576 0.000690684 0.000837614 0.000881863 0.000811203 0.000663334 0.000492893 0.000339432 0.000219476 0.000133901 7.68387e-05 4.0992e-05 1.98548e-05 8.33319e-06 2.72547e-06 4.94612e-07 0 
0 0.000185917 0.00055603 0.000679632 0.000447625 0.000184982 5.58653e-05 1.41046e-05 3.34638e-06 8.29663e-07 2.3656e-07 8.41423e-08 3.97237e-08 2.5882e-08 2.36113e-08 2.98716e-08 5.08186e-08 1.10836e-07 2.92096e-07 8.71842e-07 2.76257e-06 8.75294e-06 2.63357e-05 7.21568e-05 0.000174155 0.000360219 0.000623045 0.000883692 0.00102143 0.000976416 0.000797524 0.000577986 0.000383123 0.000236338 0.000136242 7.28113e-05 3.52898e-05 1.48148e-05 4.84574e-06 8.79417e-07 0 
0 0.000249248 0.000598633 0.000490199 0.000184982 3.95953e-05 5.78016e-06 6.76371e-07 7.401e-08 8.79567e-09 1.30461e-09 2.72065e-10 8.73753e-11 4.57562e-11 3.98895e-11 5.70392e-11 1.27719e-10 4.16938e-10 1.81633e-09 9.58485e-09 5.56179e-08 3.24522e-07 1.76381e-06 8.40838e-06 3.36722e-05 0.000110023 0.000287075 0.000585885 0.000918348 0.00110407 0.00104796 0.000827145 0.000572158 0.000359759 0.000209024 0.000112044 5.43639e-05 2.28308e-05 7.46862e-06 1.35548e-06 0 
0 0.000291914 0.000532677 0.00027357 5.58653e-05 5.78016e-06 3.7211e-07 1.81485e-08 8.20617e-10 4.20937e-11 2.95903e-12 3.35331e-13 6.93565e-14 2.82982e-14 2.34207e-14 3.85093e-14 1.17983e-13 6.10371e-13 4.72031e-12 4.77582e-11 5.53216e-10 6.4846e-09 6.91906e-08 6.18431e-07 4.36837e-06 2.35527e-05 9.52756e-05 0.000286124 0.000628922 0.000998551 0.00115869 0.00103447 0.000763279 0.000494351 0.000290754 0.000156581 7.60997e-05 3.19771e-05 1.04626e-05 1.89897e-06 0 
0 0.000309834 0.000416051 0.000130751 1.41046e-05 6.76371e-07 1.81485e-08 3.46469e-10 6.07584e-12 1.26693e-13 4.00308e-15 2.36092e-16 3.04829e-17 9.52295e-18 7.45462e-18 1.42243e-17 6.09355e-17 5.15964e-16 7.37532e-15 1.49803e-13 3.63869e-12 9.00832e-11 1.98143e-09 3.47495e-08 4.5034e-07 4.12632e-06 2.62825e-05 0.000116368 0.00035843 0.000761227 0.00111144 0.00115766 0.000931027 0.000628233 0.000375907 0.00020377 9.92651e-05 4.1744e-05 1.36617e-05 2.47981e-06 0 
0 0.000307484 0.000301993 5.84934e-05 3.34638e-06 7.401e-08 8.20617e-10 6.07584e-12 4.09586e-14 3.44385e-16 4.8581e-18 1.50649e-19 1.36303e-20 4.06928e-21 3.21049e-21 5.96803e-21 2.97299e-20 3.90788e-19 1.03245e-17 4.23468e-16 2.17102e-14 1.14311e-12 5.22077e-11 1.80968e-09 4.33237e-08 6.77912e-07 6.79766e-06 4.39695e-05 0.00018653 0.000522412 0.000961464 0.00118613 0.00105618 0.000749834 0.000458574 0.000250678 0.000122481 5.15583e-05 1.68791e-05 3.06412e-06 0 
0 0.000293096 0.000214084 2.63983e-05 8.29663e-07 8.79567e-09 4.20937e-11 1.26693e-13 3.44385e-16 1.22316e-18 8.48629e-21 2.38713e-22 3.67505e-23 1.57653e-23 1.32151e-23 1.98277e-23 6.06779e-23 5.49716e-22 1.98797e-20 1.55521e-18 1.62029e-16 1.7473e-14 1.59811e-12 1.05905e-10 4.5477e-09 1.18475e-07 1.82836e-06 1.68832e-05 9.60115e-05 0.000344598 0.000784213 0.00114213 0.00113227 0.000850557 0.000533346 0.000294409 0.000144348 6.08336e-05 1.99231e-05 3.61712e-06 0 
0 0.000274383 0.000154376 1.28017e-05 2.3656e-07 1.30461e-09 2.95903e-12 4.00308e-15 4.8581e-18 8.48629e-21 5.0656e-23 2.02622e-24 4.59595e-25 2.59844e-25 2.28892e-25 2.88736e-25 6.09076e-25 3.56672e-24 9.70123e-23 1.06519e-20 2.04744e-18 4.17356e-16 7.07543e-14 8.34249e-12 6.02499e-10 2.47149e-08 5.59975e-07 7.08986e-06 5.20701e-05 0.000230861 0.000629371 0.00106227 0.00116577 0.000926429 0.000596071 0.000332408 0.000163575 6.90212e-05 2.26133e-05 4.10603e-06 0 
0 0.00025672 0.000116895 7.02441e-06 8.41423e-08 2.72065e-10 3.35331e-13 2.36092e-16 1.50649e-19 2.38713e-22 2.02622e-24 7.48346e-26 1.55725e-26 9.90872e-27 8.98797e-27 1.01047e-26 1.73277e-26 8.88949e-26 2.16052e-24 2.08731e-22 5.71605e-20 1.94906e-17 5.47111e-15 1.03317e-12 1.1416e-10 6.79085e-09 2.10743e-07 3.45437e-06 3.12212e-05 0.000163795 0.000514774 0.000978607 0.00117059 0.000977928 0.000644215 0.000362689 0.000179091 7.56552e-05 2.47958e-05 4.50284e-06 0 
0 0.000243152 9.51147e-05 4.53376e-06 3.97237e-08 8.73753e-11 6.93565e-14 3.04829e-17 1.36303e-20 3.67506e-23 4.59598e-25 1.55726e-26 1.44811e-27 6.22286e-28 5.43831e-28 5.82197e-28 1.11667e-27 8.84665e-27 2.34214e-25 1.74033e-23 4.42102e-21 2.11291e-18 8.53517e-16 2.26526e-13 3.40395e-11 2.64956e-09 1.03258e-07 2.04049e-06 2.14197e-05 0.000126694 0.00044015 0.000910906 0.00116142 0.00100833 0.000676758 0.000383941 0.000190116 8.03883e-05 2.6355e-05 4.78643e-06 0 
0 0.000235068 8.4372e-05 3.52712e-06 2.5882e-08 4.57562e-11 2.82982e-14 9.52295e-18 4.06929e-21 1.57653e-23 2.59846e-25 9.90884e-27 6.22294e-28 8.20144e-29 4.34517e-29 5.34825e-29 2.37753e-28 3.25373e-27 8.54127e-26 5.24456e-24 1.07689e-21 5.92285e-19 2.94066e-16 9.47265e-14 1.69589e-11 1.53878e-09 6.82941e-08 1.5016e-06 1.71668e-05 0.000108686 0.000399584 0.000868128 0.00114939 0.00102161 0.000693749 0.000395514 0.000196202 8.30131e-05 2.7221e-05 4.94401e-06 0 
0 0.00023288 8.20748e-05 3.33843e-06 2.36113e-08 3.98895e-11 2.34207e-14 7.45462e-18 3.21049e-21 1.32152e-23 2.28894e-25 8.98808e-27 5.4384e-28 4.34523e-29 8.18471e-30 1.73378e-29 1.68266e-28 2.63763e-27 6.87561e-26 4.06188e-24 7.93198e-22 4.45731e-19 2.31137e-16 7.7595e-14 1.44242e-11 1.35286e-09 6.17601e-08 1.38985e-06 1.61882e-05 0.000104047 0.000387587 0.000852446 0.00114044 0.00102081 0.000695803 0.000397342 0.000197236 8.34695e-05 2.73728e-05 4.97169e-06 0 
0 0.000236433 8.73717e-05 3.82402e-06 2.98716e-08 5.70392e-11 3.85093e-14 1.42243e-17 5.96803e-21 1.98278e-23 2.88738e-25 1.01049e-26 5.82205e-28 5.34829e-29 1.73376e-29 3.33065e-29 2.48989e-28 3.82527e-27 1.07967e-25 7.28445e-24 1.65347e-21 8.7436e-19 4.0452e-16 1.22042e-13 2.06073e-11 1.77741e-09 7.55938e-08 1.60529e-06 1.78546e-05 0.000110694 0.000400804 0.000862094 0.00113539 0.00100722 0.00068373 0.000389838 0.00019341 8.18377e-05 2.68365e-05 4.87423e-06 0 
0 0.000245169 0.000100861 5.20512e-06 5.08186e-08 1.27719e-10 1.17983e-13 6.09355e-17 2.973e-20 6.0678e-23 6.0908e-25 1.73278e-26 1.11667e-27 2.3775e-28 1.68263e-28 2.48986e-28 9.81937e-28 1.21929e-26 3.89116e-25 3.41962e-23 9.53448e-21 4.09543e-18 1.46268e-15 3.46486e-13 4.70421e-11 3.35375e-09 1.21402e-07 2.25901e-06 2.26168e-05 0.000129091 0.000437458 0.000892084 0.00113041 0.000980343 0.000658413 0.000373816 0.000185186 7.83209e-05 2.56796e-05 4.66393e-06 0 
0 0.000258082 0.000124416 8.18257e-06 1.10836e-07 4.16938e-10 6.10371e-13 5.15964e-16 3.90788e-19 5.49717e-22 3.56673e-24 8.88951e-26 8.84661e-27 3.2537e-27 2.6376e-27 3.82523e-27 1.21929e-26 1.23906e-25 4.44023e-24 5.21796e-22 1.35339e-19 3.99507e-17 9.73703e-15 1.61436e-12 1.58819e-10 8.5436e-09 2.43657e-07 3.72878e-06 3.19475e-05 0.000161274 0.00049515 0.000933049 0.00111774 0.000938495 0.000620879 0.00035042 0.000173238 7.32192e-05 2.40022e-05 4.35903e-06 0 
0 0.000273573 0.000160951 1.43375e-05 2.92096e-07 1.81633e-09 4.72031e-12 7.37532e-15 1.03245e-17 1.98797e-20 9.70123e-23 2.16052e-24 2.34213e-25 8.54121e-26 6.87555e-26 1.07967e-25 3.89114e-25 4.44023e-24 1.90933e-22 2.20273e-20 3.79024e-18 6.84641e-16 1.03421e-13 1.09627e-11 7.19685e-10 2.71669e-08 5.73778e-07 6.86306e-06 4.83133e-05 0.000208851 0.000566448 0.000968961 0.00108661 0.000879662 0.000572463 0.000321064 0.000158386 6.68977e-05 2.19257e-05 3.98171e-06 0 
0 0.000289312 0.000213818 2.69296e-05 8.71842e-07 9.58485e-09 4.77582e-11 1.49803e-13 4.23468e-16 1.55521e-18 1.06519e-20 2.08731e-22 1.74033e-23 5.24455e-24 4.06187e-24 7.28444e-24 3.41962e-23 5.21796e-22 2.20273e-20 1.67005e-18 1.66069e-16 1.71066e-14 1.4971e-12 9.51188e-11 3.924e-09 9.84432e-08 1.46846e-06 1.31969e-05 7.39819e-05 0.000267549 0.000631523 0.000975084 0.00102479 0.000802431 0.00051493 0.000287352 0.000141533 5.97531e-05 1.95819e-05 3.556e-06 0 
0 0.000302256 0.000285383 5.21291e-05 2.76257e-06 5.56179e-08 5.53216e-10 3.63869e-12 2.17102e-14 1.62029e-16 2.04744e-18 5.71605e-20 4.42102e-21 1.07689e-21 7.93198e-22 1.65347e-21 9.53448e-21 1.35339e-19 3.79024e-18 1.66069e-16 9.14266e-15 5.16727e-13 2.51788e-11 9.20657e-10 2.28938e-08 3.66012e-07 3.70452e-06 2.41732e-05 0.000105344 0.000315169 0.000649451 0.000918419 0.000920674 0.000706575 0.000450434 0.000250963 0.000123587 5.21808e-05 1.71016e-05 3.10569e-06 0 
0 0.000308959 0.000374547 0.000100206 8.75294e-06 3.24522e-07 6.4846e-09 9.00832e-11 1.14311e-12 1.7473e-14 4.17356e-16 1.94906e-17 2.11291e-18 5.92285e-19 4.45731e-19 8.7436e-19 4.09543e-18 3.99507e-17 6.84641e-16 1.71066e-14 5.16727e-13 1.58381e-11 4.22781e-10 8.6861e-09 1.25665e-07 1.21988e-06 7.92607e-06 3.58173e-05 0.000118763 0.000297961 0.000559449 0.000764875 0.000765832 0.000593212 0.000381359 0.000213533 0.000105403 4.45469e-05 1.46051e-05 2.65269e-06 0 
0 0.000306241 0.000473695 0.000184979 2.63357e-05 1.76381e-06 6.91906e-08 1.98143e-09 5.22077e-11 1.59811e-12 7.07543e-14 5.47111e-15 8.53517e-16 2.94066e-16 2.31137e-16 4.0452e-16 1.46268e-15 9.73703e-15 1.03421e-13 1.4971e-12 2.51788e-11 4.22781e-10 6.17846e-09 6.97602e-08 5.53807e-07 2.93973e-06 1.0702e-05 2.98646e-05 7.32524e-05 0.000166894 0.000330069 0.00050449 0.000560461 0.000465192 0.000310204 0.000176569 8.77305e-05 3.71671e-05 1.21957e-05 2.21568e-06 0 
0 0.000292098 0.000566947 0.000318343 7.21568e-05 8.40838e-06 6.18431e-07 3.47495e-08 1.80968e-09 1.05905e-10 8.34249e-12 1.03317e-12 2.26526e-13 9.47265e-14 7.7595e-14 1.22042e-13 3.46486e-13 1.61436e-12 1.09627e-11 9.51188e-11 9.20657e-10 8.6861e-09 6.97602e-08 4.13599e-07 1.56575e-06 3.44511e-06 4.78169e-06 5.90535e-06 1.0006e-05 2.67449e-05 8.46465e-05 0.000209962 0.00032839 0.000329491 0.000239854 0.000141443 7.11924e-05 3.02938e-05 9.95454e-06 1.80932e-06 0 
0 0.000266511 0.00063259 0.000497576 0.000174155 3.36722e-05 4.36837e-06 4.5034e-07 4.33237e-08 4.5477e-09 6.02499e-10 1.1416e-10 3.40395e-11 1.69589e-11 1.44242e-11 2.06073e-11 4.70421e-11 1.58819e-10 7.19685e-10 3.924e-09 2.28938e-08 1.25665e-07 5.53807e-07 1.56575e-06 2.0863e-06 1.00159e-06 2.04151e-07 4.6572e-08 4.44261e-08 2.65754e-07 3.81366e-06 3.66416e-05 0.000133018 0.00020175 0.000174312 0.000109468 5.62803e-05 2.41108e-05 7.93924e-06 1.44391e-06 0 
0 0.00023173 0.000651057 0.000690684 0.000360219 0.000110023 2.35527e-05 4.12632e-06 6.77912e-07 1.18475e-07 2.47149e-08 6.79085e-09 2.64956e-09 1.53878e-09 1.35286e-09 1.77741e-09 3.35375e-09 8.5436e-09 2.71669e-08 9.84432e-08 3.66012e-07 1.21988e-06 2.93973e-06 3.44511e-06 1.00159e-06 3.50072e-08 1.8378e-10 1.45985e-12 5.0767e-13 2.268e-11 9.93973e-09 1.71724e-06 3.28187e-05 0.000104203 0.000118819 8.18996e-05 4.33491e-05 1.8733e-05 6.18401e-06 1.1255e-06 0 
0 0.000191737 0.000614975 0.000837614 0.000623045 0.000287075 9.52756e-05 2.62825e-05 6.79766e-06 1.82836e-06 5.59975e-07 2.10743e-07 1.03258e-07 6.82941e-08 6.17601e-08 7.55938e-08 1.21402e-07 2.43657e-07 5.73778e-07 1.46846e-06 3.70452e-06 7.92607e-06 1.0702e-05 4.78169e-06 2.04151e-07 1.8378e-10 4.30388e-15 8.03128e-16 2.66068e-15 4.01378e-17 1.85086e-12 2.60484e-08 5.56961e-06 4.81856e-05 7.77366e-05 5.96688e-05 3.25875e-05 1.42073e-05 4.70148e-06 8.56248e-07 0 
0 0.000151083 0.000533772 0.000881863 0.000883692 0.000585885 0.000286124 0.000116368 4.39695e-05 1.68832e-05 7.08986e-06 3.45437e-06 2.04049e-06 1.5016e-06 1.38985e-06 1.60529e-06 2.25901e-06 3.72878e-06 6.86306e-06 1.31969e-05 2.41732e-05 3.58173e-05 2.98646e-05 5.90535e-06 4.6572e-08 1.45985e-12 8.03128e-16 5.34637e-17 1.07698e-16 2.43468e-17 6.49052e-16 6.00688e-10 1.1588e-06 2.40113e-05 5.14905e-05 4.29257e-05 2.3979e-05 1.05174e-05 3.48595e-06 6.35139e-07 0 
0 0.000113631 0.000428496 0.000811203 0.00102143 0.000918348 0.000628922 0.00035843 0.00018653 9.60115e-05 5.20701e-05 3.12212e-05 2.14197e-05 1.71668e-05 1.61882e-05 1.78546e-05 2.26168e-05 3.19475e-05 4.83133e-05 7.39819e-05 0.000105344 0.000118763 7.32524e-05 1.0006e-05 4.44261e-08 5.0767e-13 2.66068e-15 1.07699e-16 1.57834e-17 7.20654e-18 1.05576e-16 1.88864e-10 6.31161e-07 1.60551e-05 3.65307e-05 3.08898e-05 1.73072e-05 7.59536e-06 2.51769e-06 4.58729e-07 0 
0 8.17965e-05 0.000321184 0.000663334 0.000976416 0.00110407 0.000998551 0.000761227 0.000522412 0.000344598 0.000230861 0.000163795 0.000126694 0.000108686 0.000104047 0.000110694 0.000129091 0.000161274 0.000208851 0.000267549 0.000315169 0.000297961 0.000166894 2.67449e-05 2.65754e-07 2.268e-11 4.01378e-17 2.43468e-17 7.20653e-18 5.38359e-17 1.1451e-14 1.58363e-09 1.12313e-06 1.52779e-05 2.81077e-05 2.22634e-05 1.22382e-05 5.34175e-06 1.76799e-06 3.21995e-07 0 
0 5.64728e-05 0.00022693 0.000492893 0.000797524 0.00104796 0.00115869 0.00111144 0.000961464 0.000784213 0.000629371 0.000514774 0.00044015 0.000399584 0.000387587 0.000400804 0.000437458 0.00049515 0.000566448 0.000631523 0.000649451 0.000559449 0.000330069 8.46465e-05 3.81366e-06 9.93973e-09 1.85086e-12 6.49052e-16 1.05576e-16 1.1451e-14 5.40203e-11 6.73053e-08 3.69413e-06 1.75029e-05 2.23975e-05 1.58549e-05 8.43377e-06 3.64699e-06 1.20391e-06 2.19104e-07 0 
0 3.74128e-05 0.000152182 0.000339432 0.000577986 0.000827145 0.00103447 0.00115766 0.00118613 0.00114213 0.00106227 0.000978607 0.000910906 0.000868128 0.000852446 0.000862094 0.000892084 0.000933049 0.000968961 0.000975084 0.000918419 0.000764875 0.00050449 0.000209962 3.66416e-05 1.71724e-06 2.60484e-08 6.00688e-10 1.88864e-10 1.58363e-09 6.73053e-08 1.70213e-06 1.03888e-05 1.90405e-05 1.72705e-05 1.09329e-05 5.62087e-06 2.40639e-06 7.92091e-07 1.44037e-07 0 
0 2.37405e-05 9.71449e-05 0.000219476 0.000383123 0.000572158 0.000763279 0.000931027 0.00105618 0.00113227 0.00116577 0.00117059 0.00116142 0.00114939 0.00114044 0.00113539 0.00113041 0.00111774 0.00108661 0.00102479 0.000920674 0.000765832 0.000560461 0.00032839 0.000133018 3.28187e-05 5.56961e-06 1.1588e-06 6.31161e-07 1.12313e-06 3.69413e-06 1.03888e-05 1.716e-05 1.71768e-05 1.23096e-05 7.17906e-06 3.59412e-06 1.52608e-06 5.01084e-07 9.10522e-08 0 
0 1.43617e-05 5.89274e-05 0.000133901 0.000236338 0.000359759 0.000494351 0.000628233 0.000749834 0.000850557 0.000926429 0.000977928 0.00100833 0.00102161 0.00102081 0.00100722 0.000980343 0.000938495 0.000879662 0.000802431 0.000706575 0.000593212 0.000465192 0.000329491 0.00020175 0.000104203 4.81856e-05 2.40113e-05 1.60551e-05 1.52779e-05 1.75029e-05 1.90405e-05 1.71768e-05 1.26945e-05 7.99954e-06 4.44438e-06 2.1877e-06 9.23738e-07 3.02768e-07 5.49859e-08 0 
0 8.21189e-06 3.37337e-05 7.68387e-05 0.000136242 0.000209024 0.000290754 0.000375907 0.000458574 0.000533346 0.000596071 0.000644215 0.000676758 0.000693749 0.000695803 0.00068373 0.000658413 0.000620879 0.000572463 0.00051493 0.000450434 0.000381359 0.000310204 0.000239854 0.000174312 0.000118819 7.77366e-05 5.14905e-05 3.65307e-05 2.81077e-05 2.23975e-05 1.72705e-05 1.23096e-05 7.99954e-06 4.74959e-06 2.57501e-06 1.2559e-06 5.28569e-07 1.73056e-07 3.14175e-08 0 
0 4.3746e-06 1.79791e-05 4.0992e-05 7.28113e-05 0.000112044 0.000156581 0.00020377 0.000250678 0.000294409 0.000332408 0.000362689 0.000383941 0.000395514 0.000397342 0.000389838 0.000373816 0.00035042 0.000321064 0.000287352 0.000250963 0.000213533 0.000176569 0.000141443 0.000109468 8.18996e-05 5.96688e-05 4.29257e-05 3.08898e-05 2.22634e-05 1.58549e-05 1.09329e-05 7.17906e-06 4.44438e-06 2.57501e-06 1.3809e-06 6.70517e-07 2.81725e-07 9.21823e-08 1.67318e-08 0 
0 2.11771e-06 8.70517e-06 1.98548e-05 3.52898e-05 5.43639e-05 7.60997e-05 9.92651e-05 0.000122481 0.000144348 0.000163575 0.000179091 0.000190116 0.000196202 0.000197236 0.00019341 0.000185186 0.000173238 0.000158386 0.000141533 0.000123587 0.000105403 8.77305e-05 7.11924e-05 5.62803e-05 4.33491e-05 3.25875e-05 2.3979e-05 1.73072e-05 1.22382e-05 8.43377e-06 5.62087e-06 3.59412e-06 2.1877e-06 1.2559e-06 6.70517e-07 3.24948e-07 1.36423e-07 4.46251e-08 8.09894e-09 0 
0 8.88638e-07 3.65313e-06 8.33319e-06 1.48148e-05 2.28308e-05 3.19771e-05 4.1744e-05 5.15583e-05 6.08336e-05 6.90212e-05 7.56552e-05 8.03883e-05 8.30131e-05 8.34695e-05 8.18377e-05 7.83209e-05 7.32192e-05 6.68977e-05 5.97531e-05 5.21808e-05 4.45469e-05 3.71671e-05 3.02938e-05 2.41108e-05 1.8733e-05 1.42073e-05 1.05174e-05 7.59536e-06 5.34175e-06 3.64699e-06 2.40639e-06 1.52608e-06 9.23738e-07 5.28569e-07 2.81725e-07 1.36423e-07 5.72551e-08 1.8726e-08 3.39837e-09 0 
0 2.90619e-07 1.19475e-06 2.72547e-06 4.84574e-06 7.46862e-06 1.04626e-05 1.36617e-05 1.68791e-05 1.99231e-05 2.26133e-05 2.47958e-05 2.6355e-05 2.7221e-05 2.73728e-05 2.68365e-05 2.56796e-05 2.40022e-05 2.19257e-05 1.95819e-05 1.71016e-05 1.46051e-05 1.21957e-05 9.95454e-06 7.93924e-06 6.18401e-06 4.70148e-06 3.48595e-06 2.51769e-06 1.76799e-06 1.20391e-06 7.92091e-07 5.01084e-07 3.02768e-07 1.73056e-07 9.21823e-08 4.46251e-08 1.8726e-08 6.12422e-09 1.11139e-09 0 
0 5.27395e-08 2.16816e-07 4.94612e-07 8.79417e-07 1.35548e-06 1.89897e-06 2.47981e-06 3.06412e-06 3.61712e-06 4.10603e-06 4.50284e-06 4.78643e-06 4.94401e-06 4.97169e-06 4.87423e-06 4.66393e-06 4.35903e-06 3.98171e-06 3.556e-06 3.10569e-06 2.65269e-06 2.21568e-06 1.80932e-06 1.44391e-06 1.1255e-06 8.56248e-07 6.35139e-07 4.58729e-07 3.21995e-07 2.19104e-07 1.44037e-07 9.10522e-08 5.49859e-08 3.14175e-08 1.67318e-08 8.09894e-09 3.39837e-09 1.11139e-09 2.01686e-10 0 
0 0 0 0 0 0 0 0 0 0 0 0 0 0 0 0 0 0 0 0 0 0 0 0 0 0 0 0 0 0 0 0 0 0 0 0 0 0 0 0 0 
