0 0 0 0 0 0 0 0 0 0 0 0 0 0 0 0 0 0 0 0 0 0 0 0 0 0 0 0 0 0 0 0 0 0 0 0 0 0 0 0 0 
0 1.31748e-05 5.12712e-05 0.000105975 0.000161578 0.000202068 0.000219838 0.000217398 0.000202467 0.000182762 0.000163627 0.000147931 0.000136835 0.000130592 0.000129086 0.000132092 0.000139341 0.00015044 0.000164695 0.000180903 0.000197199 0.000211075 0.000219672 0.000220378 0.000211581 0.00019332 0.000167484 0.000137368 0.00010672 7.86996e-05 5.52372e-05 3.69728e-05 2.36004e-05 1.43217e-05 8.20171e-06 4.3723e-06 2.11726e-06 8.88564e-07 2.9061e-07 5.27389e-08 0 
0 5.12712e-05 0.000184633 0.000329234 0.000397759 0.000365318 0.000277853 0.000188324 0.00012082 7.70704e-05 5.09093e-05 3.5988e-05 2.79051e-05 2.41072e-05 2.33462e-05 2.52683e-05 3.02272e-05 3.92706e-05 5.42093e-05 7.76149e-05 0.000112491 0.000161284 0.000224053 0.000296148 0.000366682 0.000419818 0.000440139 0.000420284 0.000365583 0.000291334 0.000214713 0.000147822 9.57756e-05 5.8546e-05 3.36393e-05 1.79584e-05 8.70124e-06 3.65251e-06 1.19467e-06 2.16811e-07 0 
0 0.000105975 0.000329234 0.000445211 0.000357515 0.000199316 8.77592e-05 3.37919e-05 1.23817e-05 4.65818e-06 1.92778e-06 9.30752e-07 5.48358e-07 4.05554e-07 3.80493e-07 4.49746e-07 6.54984e-07 1.13542e-06 2.24479e-06 4.8306e-06 1.07995e-05 2.40297e-05 5.12993e-05 0.000102043 0.000184948 0.000300095 0.000429341 0.000534462 0.000574253 0.000533715 0.000435159 0.000318 0.000212685 0.000132029 7.63851e-05 4.08954e-05 1.9837e-05 8.33044e-06 2.72515e-06 4.94592e-07 0 
0 0.000161578 0.000397759 0.000357515 0.000165707 4.87026e-05 1.05801e-05 1.92686e-06 3.32041e-07 6.10005e-08 1.33565e-08 3.83558e-09 1.55409e-09 9.3006e-10 8.35756e-10 1.11405e-09 2.1217e-09 5.44975e-09 1.75806e-08 6.58901e-08 2.65423e-07 1.06946e-06 4.05377e-06 1.37813e-05 4.06554e-05 0.000102025 0.000215316 0.000378409 0.000547178 0.000645035 0.000623432 0.000506915 0.000359607 0.000229792 0.00013467 7.24828e-05 3.52306e-05 1.48059e-05 4.84473e-06 8.79354e-07 0 
0 0.000202068 0.000365318 0.000199316 4.87026e-05 6.70055e-06 6.15893e-07 4.46257e-08 3.03238e-09 2.30208e-10 2.30056e-11 3.48385e-12 8.90128e-13 4.10402e-13 3.4971e-13 5.40587e-13 1.43282e-12 5.97343e-12 3.52194e-11 2.61496e-10 2.17715e-09 1.82548e-08 1.40553e-07 9.2421e-07 4.93476e-06 2.07994e-05 6.85597e-05 0.000177026 0.000358352 0.000564368 0.000686513 0.000654378 0.000509881 0.000341792 0.000204685 0.000111146 5.42047e-05 2.28073e-05 7.466e-06 1.35532e-06 0 
0 0.000219838 0.000277853 8.77592e-05 1.05801e-05 6.15893e-07 2.11812e-08 5.35211e-10 1.25718e-11 3.48295e-13 1.42264e-14 1.03764e-15 1.56482e-16 5.35254e-17 4.29187e-17 7.86013e-17 3.04121e-16 2.20528e-15 2.58779e-14 4.18998e-13 7.98412e-12 1.54498e-10 2.67367e-09 3.74161e-08 3.94347e-07 3.00417e-06 1.63274e-05 6.3883e-05 0.000183366 0.000390509 0.000614397 0.000713529 0.000631828 0.000453945 0.000280773 0.000154514 7.57371e-05 3.19245e-05 1.04569e-05 1.89863e-06 0 
0 0.000217398 0.000188324 3.37919e-05 1.92686e-06 4.46257e-08 5.35211e-10 4.38056e-12 3.30418e-14 3.11378e-16 4.89641e-18 1.95331e-19 4.41005e-20 3.00094e-20 2.77755e-20 3.16189e-20 6.08931e-20 4.60136e-19 1.06862e-17 3.98434e-16 1.84062e-14 8.70874e-13 3.58365e-11 1.1261e-09 2.46253e-08 3.54657e-07 3.29883e-06 2.00401e-05 8.21093e-05 0.00023488 0.000476385 0.000682993 0.000703088 0.000551732 0.000356268 0.000199662 9.85473e-05 4.16409e-05 1.36506e-05 2.47916e-06 0 
0 0.000202467 0.00012082 1.23817e-05 3.32041e-07 3.03238e-09 1.25718e-11 3.30418e-14 7.92968e-17 2.61102e-19 5.55299e-21 1.42136e-21 9.21688e-22 9.47035e-22 9.39601e-22 8.50836e-22 8.6316e-22 1.65226e-21 7.97171e-21 3.49242e-19 3.8729e-17 4.5122e-15 4.44318e-13 3.15453e-11 1.44067e-09 3.95096e-08 6.33756e-07 6.01208e-06 3.51137e-05 0.000133201 0.000341795 0.000599208 0.000721153 0.000625073 0.000424883 0.000243502 0.000121225 5.13792e-05 1.686e-05 3.06302e-06 0 
0 0.000182762 7.70704e-05 4.65818e-06 6.10005e-08 2.30208e-10 3.48295e-13 3.11378e-16 2.61102e-19 1.29001e-21 1.46728e-22 9.49721e-23 8.82645e-23 1.00683e-22 1.02008e-22 8.71959e-23 7.36952e-23 8.05532e-23 1.14613e-22 1.00462e-21 1.11066e-19 2.97939e-17 6.71526e-15 1.03293e-12 9.48807e-11 4.79844e-09 1.29351e-07 1.8782e-06 1.53716e-05 7.58144e-05 0.000240033 0.000502923 0.000700526 0.000671308 0.000482096 0.000283232 0.00014238 6.05539e-05 1.98934e-05 3.61541e-06 0 
0 0.000163627 5.09093e-05 1.92778e-06 1.33565e-08 2.30056e-11 1.42264e-14 4.89641e-18 5.55299e-21 1.46728e-22 2.30731e-23 1.50854e-23 1.5577e-23 1.79778e-23 1.82481e-23 1.55038e-23 1.21991e-23 1.00744e-23 9.52737e-24 3.35116e-23 1.06066e-21 3.43209e-19 1.60265e-16 4.89543e-14 8.35799e-12 7.27666e-10 3.11193e-08 6.60368e-07 7.30346e-06 4.54281e-05 0.000172231 0.000418854 0.000661313 0.000694458 0.000525865 0.000316701 0.000160788 6.8625e-05 2.25714e-05 4.10364e-06 0 
0 0.000147931 3.5988e-05 9.30752e-07 3.83558e-09 3.48385e-12 1.03764e-15 1.95331e-19 1.42136e-21 9.49721e-23 1.50854e-23 5.19458e-24 3.90723e-24 4.09626e-24 4.07046e-24 3.45957e-24 2.64364e-24 1.98281e-24 1.96119e-24 6.82881e-24 9.66364e-23 1.04264e-20 7.54408e-18 4.03375e-15 1.14181e-12 1.5483e-10 9.6514e-09 2.79338e-07 3.95414e-06 2.97303e-05 0.000130252 0.000355879 0.000620042 0.000701954 0.000556383 0.000342565 0.000175489 7.51425e-05 2.47418e-05 4.49977e-06 0 
0 0.000136835 2.79051e-05 5.48358e-07 1.55409e-09 8.90128e-13 1.56482e-16 4.41005e-20 9.21688e-22 8.82645e-23 1.5577e-23 3.90723e-24 1.61269e-24 1.17765e-24 1.04856e-24 8.73181e-25 6.65419e-25 5.3381e-25 7.86698e-25 3.33969e-24 3.34588e-23 1.45348e-21 8.33073e-19 6.64476e-16 2.70769e-13 5.05247e-11 4.13227e-09 1.4962e-07 2.53153e-06 2.18286e-05 0.000106052 0.000314394 0.000586807 0.000701296 0.000575189 0.00036022 0.000185837 7.97782e-05 2.62907e-05 4.78278e-06 0 
0 0.000130592 2.41072e-05 4.05554e-07 9.3006e-10 4.10402e-13 5.35254e-17 3.00094e-20 9.47036e-22 1.00683e-22 1.79778e-23 4.09627e-24 1.17765e-24 5.03272e-25 3.26263e-25 2.47017e-25 1.95663e-25 2.13514e-25 5.30602e-25 2.56979e-24 2.27169e-23 6.55783e-22 2.41017e-19 2.38732e-16 1.19567e-13 2.67289e-11 2.54938e-09 1.04792e-07 1.9617e-06 1.82805e-05 9.41413e-05 0.00029205 0.000566382 0.000698076 0.000584156 0.000369604 0.000191504 8.2342e-05 2.71503e-05 4.94e-06 0 
0 0.000129086 2.33462e-05 3.80493e-07 8.35756e-10 3.4971e-13 4.29187e-17 2.77755e-20 9.39601e-22 1.02008e-22 1.82481e-23 4.07047e-24 1.04856e-24 3.26263e-25 1.40166e-25 8.59677e-26 7.67469e-26 1.35426e-25 4.68007e-25 2.39371e-24 2.07728e-23 5.5928e-22 1.86587e-19 1.92859e-16 1.00766e-13 2.33769e-11 2.30118e-09 9.70846e-08 1.85543e-06 1.75651e-05 9.15222e-05 0.000286534 0.000560194 0.000695328 0.000584742 0.000370971 0.000192443 8.2784e-05 2.73005e-05 4.9676e-06 0 
0 0.000132092 2.52683e-05 4.49746e-07 1.11405e-09 5.40587e-13 7.86013e-17 3.16189e-20 8.50836e-22 8.71959e-23 1.55038e-23 3.45958e-24 8.73181e-25 2.47017e-25 8.59677e-26 4.54133e-26 4.93973e-26 1.20694e-25 4.7017e-25 2.52097e-24 2.38669e-23 8.13964e-22 3.72085e-19 3.41703e-16 1.58879e-13 3.32813e-11 3.00359e-09 1.17947e-07 2.1285e-06 1.92775e-05 9.71473e-05 0.000296432 0.00056766 0.000693587 0.000577636 0.000364737 0.000188851 8.11851e-05 2.67675e-05 4.87032e-06 0 
0 0.000139341 3.02272e-05 6.54984e-07 2.1217e-09 1.43282e-12 3.04121e-16 6.08931e-20 8.6316e-22 7.36953e-23 1.21991e-23 2.64364e-24 6.65419e-25 1.95663e-25 7.67469e-26 4.93973e-26 6.04581e-26 1.43521e-25 5.5866e-25 3.30532e-24 3.99954e-23 2.51747e-21 1.77866e-18 1.23289e-15 4.41608e-13 7.36093e-11 5.46918e-09 1.82915e-07 2.90382e-06 2.38267e-05 0.000111466 0.000321079 0.000586554 0.000691167 0.00056276 0.000351415 0.000181131 7.77402e-05 2.56181e-05 4.66043e-06 0 
0 0.00015044 3.92706e-05 1.13542e-06 5.44975e-09 5.97343e-12 2.20528e-15 4.60136e-19 1.65226e-21 8.05532e-23 1.00744e-23 1.98281e-24 5.3381e-25 2.13514e-25 1.35426e-25 1.20694e-25 1.43521e-25 2.64207e-25 9.1323e-25 6.52289e-24 1.43291e-22 2.63789e-20 1.78141e-17 8.08778e-15 1.97525e-12 2.35355e-10 1.31404e-08 3.47155e-07 4.5664e-06 3.24215e-05 0.000135972 0.000359607 0.000612522 0.000684479 0.000539529 0.000331645 0.000169853 7.27343e-05 2.39507e-05 4.35609e-06 0 
0 0.000164695 5.42093e-05 2.24479e-06 1.75806e-08 3.52194e-11 2.58779e-14 1.06862e-17 7.97171e-21 1.14613e-22 9.52737e-24 1.96119e-24 7.86698e-25 5.30602e-25 4.68006e-25 4.70169e-25 5.5866e-25 9.1323e-25 2.95947e-24 3.0107e-23 1.99086e-21 7.70043e-19 3.13426e-16 8.38335e-14 1.26909e-11 9.93704e-10 3.88e-08 7.63213e-07 7.93874e-06 4.70662e-05 0.000172167 0.000408832 0.000637948 0.000668465 0.000507258 0.00030625 0.000155726 6.6516e-05 2.1885e-05 3.97938e-06 0 
0 0.000180903 7.76149e-05 4.8306e-06 6.58901e-08 2.61496e-10 4.18998e-13 3.98434e-16 3.49242e-19 1.00462e-21 3.35116e-23 6.82881e-24 3.33969e-24 2.56979e-24 2.39371e-24 2.52097e-24 3.30532e-24 6.52289e-24 3.0107e-23 8.32652e-22 1.45069e-19 3.74613e-17 8.02627e-15 1.17603e-12 1.03133e-10 4.9929e-09 1.2932e-07 1.81358e-06 1.44294e-05 6.97169e-05 0.000218409 0.000459145 0.000650566 0.000637275 0.000465613 0.000276288 0.000139549 5.94674e-05 1.95513e-05 3.55423e-06 0 
0 0.000197199 0.000112491 1.07995e-05 2.65423e-07 2.17715e-09 7.98412e-12 1.84062e-14 3.8729e-17 1.11066e-19 1.06066e-21 9.66364e-23 3.34588e-23 2.27169e-23 2.07728e-23 2.38669e-23 3.99953e-23 1.43291e-22 1.99086e-21 1.45069e-19 1.78937e-17 2.29717e-15 2.47783e-13 1.90394e-11 9.25254e-10 2.64953e-08 4.36697e-07 4.22002e-06 2.51101e-05 9.7788e-05 0.000261564 0.000488036 0.000632826 0.000585328 0.000414959 0.000243041 0.000122162 5.19742e-05 1.70793e-05 3.10439e-06 0 
0 0.000211075 0.000161284 2.40297e-05 1.06946e-06 1.82548e-08 1.54498e-10 8.70874e-13 4.5122e-15 2.97939e-17 3.43209e-19 1.04264e-20 1.45348e-21 6.55783e-22 5.5928e-22 8.13964e-22 2.51747e-21 2.63789e-20 7.70043e-19 3.74613e-17 2.29717e-15 1.44071e-13 7.70969e-12 3.03586e-10 7.89004e-09 1.27159e-07 1.25964e-06 8.00004e-06 3.49237e-05 0.000111145 0.000263194 0.00045578 0.000564289 0.000508764 0.000356545 0.000207948 0.00010439 4.43988e-05 1.4589e-05 2.65174e-06 0 
0 0.000219672 0.000224053 5.12993e-05 4.05377e-06 1.40553e-07 2.67367e-09 3.58365e-11 4.44318e-13 6.71526e-15 1.60265e-16 7.54408e-18 8.33073e-19 2.41017e-19 1.86587e-19 3.72085e-19 1.77866e-18 1.78141e-17 3.13426e-16 8.02627e-15 2.47783e-13 7.70969e-12 2.05409e-10 4.06107e-09 5.30545e-08 4.2868e-07 2.19063e-06 8.03254e-06 2.48938e-05 7.05453e-05 0.000172763 0.00032472 0.000431833 0.000407564 0.000292588 0.00017252 8.69876e-05 3.70578e-05 1.21837e-05 2.21497e-06 0 
0 0.000220378 0.000296148 0.000102043 1.37813e-05 9.2421e-07 3.74161e-08 1.1261e-09 3.15453e-11 1.03293e-12 4.89543e-14 4.03375e-15 6.64476e-16 2.38732e-16 1.92859e-16 3.41703e-16 1.23289e-15 8.08778e-15 8.38335e-14 1.17603e-12 1.90394e-11 3.03586e-10 4.06107e-09 3.84094e-08 2.15031e-07 6.31343e-07 1.05799e-06 1.50458e-06 3.02628e-06 1.02483e-05 4.23188e-05 0.000133768 0.000253232 0.000289209 0.000226498 0.000138282 7.06084e-05 3.0208e-05 9.94519e-06 1.80877e-06 0 
0 0.000211581 0.000366682 0.000184948 4.06554e-05 4.93476e-06 3.94347e-07 2.46253e-08 1.44067e-09 9.48807e-11 8.35799e-12 1.14181e-12 2.70769e-13 1.19567e-13 1.00766e-13 1.58879e-13 4.41608e-13 1.97525e-12 1.26909e-11 1.03133e-10 9.25254e-10 7.89004e-09 5.30545e-08 2.15031e-07 3.61449e-07 1.80845e-07 3.21688e-08 6.28727e-09 6.38561e-09 5.52493e-08 1.31533e-06 1.9636e-05 9.58968e-05 0.00017294 0.000163358 0.000106784 5.57859e-05 2.40392e-05 7.93155e-06 1.44347e-06 0 
0 0.00019332 0.000419818 0.000300095 0.000102025 2.07994e-05 3.00417e-06 3.54657e-07 3.95096e-08 4.79844e-09 7.27666e-10 1.5483e-10 5.05247e-11 2.67289e-11 2.33769e-11 3.32813e-11 7.36093e-11 2.35355e-10 9.93704e-10 4.9929e-09 2.64953e-08 1.27159e-07 4.2868e-07 6.31343e-07 1.80845e-07 4.23838e-09 1.04846e-11 3.51078e-14 9.57397e-15 1.10752e-12 1.42494e-09 6.08538e-07 2.02259e-05 8.47877e-05 0.000109597 7.95319e-05 4.29165e-05 1.86716e-05 6.17756e-06 1.12513e-06 0 
0 0.000167484 0.000440139 0.000429341 0.000215316 6.85597e-05 1.63274e-05 3.29883e-06 6.33756e-07 1.29351e-07 3.11193e-08 9.6514e-09 4.13227e-09 2.54938e-09 2.30118e-09 3.00359e-09 5.46918e-09 1.31404e-08 3.88e-08 1.2932e-07 4.36697e-07 1.25964e-06 2.19063e-06 1.05799e-06 3.21688e-08 1.04846e-11 3.63651e-16 2.25342e-15 1.49234e-15 1.06134e-14 6.9474e-14 4.94802e-09 2.73184e-06 3.65315e-05 7.02893e-05 5.76395e-05 3.22195e-05 1.41561e-05 4.69622e-06 8.55956e-07 0 
0 0.000137368 0.000420284 0.000534462 0.000378409 0.000177026 6.3883e-05 2.00401e-05 6.01208e-06 1.8782e-06 6.60368e-07 2.79338e-07 1.4962e-07 1.04792e-07 9.70846e-08 1.17947e-07 1.82915e-07 3.47155e-07 7.63213e-07 1.81358e-06 4.22002e-06 8.00004e-06 8.03254e-06 1.50458e-06 6.28727e-09 3.51078e-14 2.25342e-15 6.81169e-16 7.23857e-16 2.58338e-15 3.09508e-14 6.38993e-11 4.64136e-07 1.7168e-05 4.58682e-05 4.13216e-05 2.36903e-05 1.04779e-05 3.48196e-06 6.3492e-07 0 
0 0.00010672 0.000365583 0.000574253 0.000547178 0.000358352 0.000183366 8.21093e-05 3.51137e-05 1.53716e-05 7.30346e-06 3.95414e-06 2.53153e-06 1.9617e-06 1.85543e-06 2.1285e-06 2.90382e-06 4.5664e-06 7.93874e-06 1.44294e-05 2.51101e-05 3.49237e-05 2.48938e-05 3.02628e-06 6.38561e-09 9.57397e-15 1.49234e-15 7.23857e-16 2.03963e-15 9.19467e-15 1.5035e-13 1.72327e-11 2.42082e-07 1.13802e-05 3.25335e-05 2.97555e-05 1.71054e-05 7.56806e-06 2.51495e-06 4.58579e-07 0 
0 7.86996e-05 0.000291334 0.000533715 0.000645035 0.000564368 0.000390509 0.00023488 0.000133201 7.58144e-05 4.54281e-05 2.97303e-05 2.18286e-05 1.82805e-05 1.75651e-05 1.92775e-05 2.38267e-05 3.24215e-05 4.70662e-05 6.97169e-05 9.7788e-05 0.000111145 7.05453e-05 1.02483e-05 5.52493e-08 1.10752e-12 1.06134e-14 2.58338e-15 9.19467e-15 1.61363e-15 1.08406e-15 2.24795e-10 5.0435e-07 1.14152e-05 2.5462e-05 2.1561e-05 1.21153e-05 5.32516e-06 1.76632e-06 3.21903e-07 0 
0 5.52372e-05 0.000214713 0.000435159 0.000623432 0.000686513 0.000614397 0.000476385 0.000341795 0.000240033 0.000172231 0.000130252 0.000106052 9.41413e-05 9.15222e-05 9.71473e-05 0.000111466 0.000135972 0.000172167 0.000218409 0.000261564 0.000263194 0.000172763 4.23188e-05 1.31533e-06 1.42494e-09 6.9474e-14 3.09508e-14 1.5035e-13 1.08406e-15 4.49106e-12 1.90041e-08 2.15367e-06 1.42689e-05 2.08509e-05 1.54817e-05 8.36938e-06 3.63822e-06 1.20302e-06 2.19054e-07 0 
0 3.69728e-05 0.000147822 0.000318 0.000506915 0.000654378 0.000713529 0.000682993 0.000599208 0.000502923 0.000418854 0.000355879 0.000314394 0.00029205 0.000286534 0.000296432 0.000321079 0.000359607 0.000408832 0.000459145 0.000488036 0.00045578 0.00032472 0.000133768 1.9636e-05 6.08538e-07 4.94802e-09 6.38993e-11 1.72327e-11 2.24795e-10 1.90041e-08 8.71408e-07 7.68274e-06 1.68745e-05 1.65196e-05 1.07654e-05 5.592e-06 2.40238e-06 7.91672e-07 1.44013e-07 0 
0 2.36004e-05 9.57756e-05 0.000212685 0.000359607 0.000509881 0.000631828 0.000703088 0.000721153 0.000700526 0.000661313 0.000620042 0.000586807 0.000566382 0.000560194 0.00056766 0.000586554 0.000612522 0.000637948 0.000650566 0.000632826 0.000564289 0.000431833 0.000253232 9.58968e-05 2.02259e-05 2.73184e-06 4.64136e-07 2.42082e-07 5.0435e-07 2.15367e-06 7.68274e-06 1.48454e-05 1.61472e-05 1.20159e-05 7.11585e-06 3.58303e-06 1.5245e-06 5.00912e-07 9.10422e-08 0 
0 1.43217e-05 5.8546e-05 0.000132029 0.000229792 0.000341792 0.000453945 0.000551732 0.000625073 0.000671308 0.000694458 0.000701954 0.000701296 0.000698076 0.000695328 0.000693587 0.000691167 0.000684479 0.000668465 0.000637275 0.000585328 0.000508764 0.000407564 0.000289209 0.00017294 8.47877e-05 3.65315e-05 1.7168e-05 1.13802e-05 1.14152e-05 1.42689e-05 1.68745e-05 1.61472e-05 1.23418e-05 7.90629e-06 4.4242e-06 2.18404e-06 9.23193e-07 3.02707e-07 5.49822e-08 0 
0 8.20171e-06 3.36393e-05 7.63851e-05 0.00013467 0.000204685 0.000280773 0.000356268 0.000424883 0.000482096 0.000525865 0.000556383 0.000575189 0.000584156 0.000584742 0.000577636 0.00056276 0.000539529 0.000507258 0.000465613 0.000414959 0.000356545 0.000292588 0.000226498 0.000163358 0.000109597 7.02893e-05 4.58682e-05 3.25335e-05 2.5462e-05 2.08509e-05 1.65196e-05 1.20159e-05 7.90629e-06 4.72498e-06 2.56951e-06 1.25486e-06 5.28407e-07 1.73037e-07 3.14164e-08 0 
0 4.3723e-06 1.79584e-05 4.08954e-05 7.24828e-05 0.000111146 0.000154514 0.000199662 0.000243502 0.000283232 0.000316701 0.000342565 0.00036022 0.000369604 0.000370971 0.000364737 0.000351415 0.000331645 0.00030625 0.000276288 0.000243041 0.000207948 0.00017252 0.000138282 0.000106784 7.95319e-05 5.76395e-05 4.13216e-05 2.97555e-05 2.1561e-05 1.54817e-05 1.07654e-05 7.11585e-06 4.4242e-06 2.56951e-06 1.37961e-06 6.70261e-07 2.81683e-07 9.21772e-08 1.67315e-08 0 
0 2.11726e-06 8.70124e-06 1.9837e-05 3.52306e-05 5.42047e-05 7.57371e-05 9.85473e-05 0.000121225 0.00014238 0.000160788 0.000175489 0.000185837 0.000191504 0.000192443 0.000188851 0.000181131 0.000169853 0.000155726 0.000139549 0.000122162 0.00010439 8.69876e-05 7.06084e-05 5.57859e-05 4.29165e-05 3.22195e-05 2.36903e-05 1.71054e-05 1.21153e-05 8.36938e-06 5.592e-06 3.58303e-06 2.18404e-06 1.25486e-06 6.70261e-07 3.24895e-07 1.36414e-07 4.46239e-08 8.09886e-09 0 
0 8.88564e-07 3.65251e-06 8.33044e-06 1.48059e-05 2.28073e-05 3.19245e-05 4.16409e-05 5.13792e-05 6.05539e-05 6.8625e-05 7.51425e-05 7.97782e-05 8.2342e-05 8.2784e-05 8.11851e-05 7.77402e-05 7.27343e-05 6.6516e-05 5.94674e-05 5.19742e-05 4.43988e-05 3.70578e-05 3.0208e-05 2.40392e-05 1.86716e-05 1.41561e-05 1.04779e-05 7.56806e-06 5.32516e-06 3.63822e-06 2.40238e-06 1.5245e-06 9.23193e-07 5.28407e-07 2.81683e-07 1.36414e-07 5.72534e-08 1.87258e-08 3.39836e-09 0 
0 2.9061e-07 1.19467e-06 2.72515e-06 4.84473e-06 7.466e-06 1.04569e-05 1.36506e-05 1.686e-05 1.98934e-05 2.25714e-05 2.47418e-05 2.62907e-05 2.71503e-05 2.73005e-05 2.67675e-05 2.56181e-05 2.39507e-05 2.1885e-05 1.95513e-05 1.70793e-05 1.4589e-05 1.21837e-05 9.94519e-06 7.93155e-06 6.17756e-06 4.69622e-06 3.48196e-06 2.51495e-06 1.76632e-06 1.20302e-06 7.91672e-07 5.00912e-07 3.02707e-07 1.73037e-07 9.21772e-08 4.46239e-08 1.87258e-08 6.12419e-09 1.11139e-09 0 
0 5.27389e-08 2.16811e-07 4.94592e-07 8.79354e-07 1.35532e-06 1.89863e-06 2.47916e-06 3.06302e-06 3.61541e-06 4.10364e-06 4.49977e-06 4.78278e-06 4.94e-06 4.9676e-06 4.87032e-06 4.66043e-06 4.35609e-06 3.97938e-06 3.55423e-06 3.10439e-06 2.65174e-06 2.21497e-06 1.80877e-06 1.44347e-06 1.12513e-06 8.55956e-07 6.3492e-07 4.58579e-07 3.21903e-07 2.19054e-07 1.44013e-07 9.10422e-08 5.49822e-08 3.14164e-08 1.67315e-08 8.09886e-09 3.39836e-09 1.11139e-09 2.01686e-10 0 
0 0 0 0 0 0 0 0 0 0 0 0 0 0 0 0 0 0 0 0 0 0 0 0 0 0 0 0 0 0 0 0 0 0 0 0 0 0 0 0 0 
