0 0 0 0 0 0 0 0 0 0 0 0 0 0 0 0 0 0 0 0 0 0 0 0 0 0 0 0 0 0 0 0 0 0 0 0 0 0 0 0 0 
0 1.35289e-05 5.43197e-05 0.000118505 0.00019552 0.000269776 0.000326655 0.00035888 0.000368041 0.000361207 0.000346492 0.000330385 0.000317061 0.000308737 0.000306278 0.000309642 0.000318097 0.000330237 0.000343906 0.000356181 0.000363559 0.000362485 0.000350182 0.000325579 0.000289908 0.000246572 0.000200219 0.00015543 0.000115626 8.26178e-05 5.67768e-05 3.75142e-05 2.37711e-05 1.437e-05 8.21394e-06 4.37505e-06 2.1178e-06 8.88652e-07 2.90621e-07 5.27396e-08 0 
0 5.43197e-05 0.000210832 0.000429496 0.000629031 0.000726557 0.000698693 0.000589003 0.000458315 0.000345049 0.000261487 0.000205763 0.000171953 0.000154775 0.000150951 0.000159274 0.000180341 0.000216201 0.00026973 0.000343391 0.000437005 0.000544704 0.00065239 0.000738359 0.000779449 0.000761371 0.000686728 0.000573987 0.000447966 0.000329391 0.000229973 0.000153184 9.74404e-05 5.90057e-05 3.37524e-05 1.7983e-05 8.70591e-06 3.65325e-06 1.19476e-06 2.16817e-07 0 
0 0.000118505 0.000429496 0.000760106 0.000875517 0.000719205 0.000457746 0.000247318 0.00012364 6.15727e-05 3.24717e-05 1.90466e-05 1.28868e-05 1.02902e-05 9.78455e-06 1.10298e-05 1.45023e-05 2.16765e-05 3.56654e-05 6.23357e-05 0.000111605 0.000197649 0.000335177 0.000528455 0.000754775 0.000956678 0.00106348 0.00103692 0.000897388 0.000702743 0.00050807 0.000344474 0.000220948 0.000134283 7.69273e-05 4.10103e-05 1.98581e-05 8.3337e-06 2.72553e-06 4.94616e-07 0 
0 0.00019552 0.000629031 0.000875517 0.000686301 0.000341998 0.000124016 3.73296e-05 1.04676e-05 3.02669e-06 9.8679e-07 3.91006e-07 1.99337e-07 1.35536e-07 1.24587e-07 1.53556e-07 2.46873e-07 4.95962e-07 1.18037e-06 3.13888e-06 8.79529e-06 2.45872e-05 6.53593e-05 0.000158638 0.000339649 0.000622378 0.000951767 0.0011975 0.00124541 0.00109736 0.000848725 0.000595737 0.000388357 0.000237685 0.000136549 7.28732e-05 3.53007e-05 1.48164e-05 4.84592e-06 8.79428e-07 0 
0 0.000269776 0.000726557 0.000719205 0.000341998 9.31574e-05 1.73711e-05 2.60167e-06 3.62461e-07 5.39665e-08 9.75358e-09 2.38593e-09 8.58529e-10 4.78899e-10 4.22236e-10 5.80904e-10 1.19633e-09 3.45821e-09 1.29551e-08 5.76308e-08 2.78956e-07 1.35511e-06 6.16336e-06 2.48297e-05 8.4961e-05 0.000239104 0.00053827 0.000945663 0.00128083 0.00135721 0.00117426 0.000874961 0.000586786 0.000363549 0.000209879 0.000112213 5.43932e-05 2.2835e-05 7.46908e-06 1.35551e-06 0 
0 0.000326655 0.000698693 0.000457746 0.000124016 1.73711e-05 1.54218e-06 1.04841e-07 6.58275e-09 4.59182e-10 4.22765e-11 5.95747e-12 1.43917e-12 6.40087e-13 5.37988e-13 8.39125e-13 2.29315e-12 1.00467e-11 6.32114e-11 5.06282e-10 4.57555e-09 4.17346e-08 3.49181e-07 2.4857e-06 1.42693e-05 6.37998e-05 0.000217091 0.000550536 0.00101962 0.00137429 0.00139432 0.00113674 0.00079674 0.000503236 0.000292762 0.000156974 7.61666e-05 3.19866e-05 1.04636e-05 1.89903e-06 0 
0 0.00035888 0.000589003 0.000247318 3.73296e-05 2.60167e-06 1.04841e-07 3.05931e-09 8.17098e-11 2.52711e-12 1.12863e-13 8.80268e-15 1.3869e-15 4.83729e-16 3.86115e-16 6.88726e-16 2.54806e-15 1.74292e-14 1.91158e-13 2.87606e-12 5.07795e-11 9.10456e-10 1.46435e-08 1.91634e-07 1.90518e-06 1.38101e-05 7.15543e-05 0.000262233 0.000670607 0.00118125 0.00145558 0.00133594 0.000995249 0.000646018 0.000379972 0.000204564 9.93986e-05 4.17627e-05 1.36637e-05 2.47993e-06 0 
0 0.000368041 0.000458315 0.00012364 1.04676e-05 3.62461e-07 6.58275e-09 8.17098e-11 9.19854e-13 1.25065e-14 2.68914e-16 1.15382e-17 1.18208e-18 3.2391e-19 2.45718e-19 4.99522e-19 2.50026e-18 2.67936e-17 5.1496e-16 1.46453e-14 5.08659e-13 1.80588e-11 5.62483e-10 1.3626e-08 2.35854e-07 2.77544e-06 2.17679e-05 0.000113642 0.000395003 0.000906183 0.00137419 0.00144683 0.0011618 0.000780789 0.000465797 0.000252094 0.000122717 5.15911e-05 1.68826e-05 3.06432e-06 0 
0 0.000361207 0.000345049 6.15727e-05 3.02669e-06 5.39665e-08 4.59182e-10 2.52711e-12 1.25065e-14 7.7811e-17 8.35458e-19 2.06986e-20 1.56677e-21 4.06094e-22 3.08113e-22 6.21362e-22 3.55151e-21 5.50426e-20 1.78961e-18 9.32068e-17 6.16059e-15 4.18954e-13 2.44813e-11 1.06618e-09 3.12988e-08 5.83907e-07 6.77236e-06 4.90665e-05 0.000225147 0.000656644 0.00121452 0.0014731 0.00128442 0.00089817 0.000544763 0.000296662 0.000144723 6.08854e-05 1.99285e-05 3.61742e-06 0 
0 0.000346492 0.000261487 3.24717e-05 9.8679e-07 9.75358e-09 4.22765e-11 1.12863e-13 2.68914e-16 8.35458e-19 4.965e-21 8.89524e-23 7.04321e-24 2.1039e-24 1.64469e-24 2.9789e-24 1.46145e-23 2.41304e-22 1.14865e-20 1.01483e-18 1.18838e-16 1.44085e-14 1.47396e-12 1.08228e-10 5.08721e-09 1.431e-07 2.34983e-06 2.27124e-05 0.000132404 0.00047368 0.00104197 0.00144082 0.00136221 0.000992152 0.000612309 0.000335644 0.000164115 6.90952e-05 2.26209e-05 4.10646e-06 0 
0 0.000330385 0.000205763 1.90466e-05 3.91006e-07 2.38593e-09 5.95747e-12 8.80268e-15 1.15382e-17 2.06986e-20 8.89525e-23 1.41317e-24 1.02475e-25 3.12038e-26 2.46414e-26 4.21713e-26 1.9911e-25 3.42691e-24 1.93684e-22 2.49007e-20 4.63204e-18 9.0124e-16 1.45798e-13 1.64204e-11 1.13516e-09 4.47137e-08 9.7627e-07 1.19362e-05 8.43582e-05 0.000354786 0.00089632 0.00138237 0.00140306 0.00106054 0.000665216 0.00036692 0.000179797 7.57519e-05 2.48058e-05 4.5034e-06 0 
0 0.000317061 0.000171953 1.28868e-05 1.99337e-07 8.58529e-10 1.43917e-12 1.3869e-15 1.18208e-18 1.56677e-21 7.04324e-24 1.02476e-25 4.69204e-27 9.87882e-28 7.33814e-28 1.36324e-27 8.65617e-27 1.92495e-25 1.16104e-23 1.72576e-21 4.3817e-19 1.19943e-16 2.70349e-14 4.15044e-12 3.79478e-10 1.9082e-08 5.12292e-07 7.42528e-06 6.02643e-05 0.000284304 0.000792567 0.00132401 0.00141855 0.00110412 0.000701684 0.00038901 0.000190964 8.05044e-05 2.6367e-05 4.7871e-06 0 
0 0.000308737 0.000154775 1.02902e-05 1.35536e-07 4.78899e-10 6.40087e-13 4.83729e-16 3.2391e-19 4.06095e-22 2.10392e-24 3.12043e-26 9.87901e-28 8.25769e-29 4.21016e-29 1.25151e-28 1.52773e-27 4.34891e-26 2.62816e-24 3.85163e-22 1.12943e-19 3.74993e-17 1.02127e-14 1.87145e-12 2.00792e-10 1.16132e-08 3.51017e-07 5.60932e-06 4.92755e-05 0.000248184 0.000732022 0.00128166 0.00141918 0.00112515 0.000721111 0.000401117 0.000197142 8.31418e-05 2.72343e-05 4.94475e-06 0 
0 0.000306278 0.000150951 9.78455e-06 1.24587e-07 4.22236e-10 5.37988e-13 3.86115e-16 2.45718e-19 3.08114e-22 1.64471e-24 2.46418e-26 7.33831e-28 4.21024e-29 1.40843e-29 6.58715e-29 1.04535e-27 3.14613e-26 1.89698e-24 2.74703e-22 8.25783e-20 2.85614e-17 8.10324e-15 1.54351e-12 1.71567e-10 1.02376e-08 3.17802e-07 5.19225e-06 4.64512e-05 0.000237651 0.000711206 0.00126184 0.0014115 0.00112592 0.000723746 0.000403082 0.0001982 8.36018e-05 2.73864e-05 4.97246e-06 0 
0 0.000309642 0.000159274 1.10298e-05 1.53556e-07 5.80904e-10 8.39125e-13 6.88726e-16 4.99522e-19 6.21362e-22 2.97893e-24 4.21719e-26 1.36326e-27 1.25151e-28 6.58705e-29 1.97028e-28 2.27919e-27 6.394e-26 3.96156e-24 5.92485e-22 1.66146e-19 5.16853e-17 1.32223e-14 2.2881e-12 2.33358e-10 1.29219e-08 3.76682e-07 5.84644e-06 5.02123e-05 0.000248766 0.000725862 0.00126384 0.00139711 0.00110784 0.0007104 0.000395316 0.000194332 8.19643e-05 2.68495e-05 4.87496e-06 0 
0 0.000318097 0.000180341 1.45023e-05 2.46873e-07 1.19633e-09 2.29315e-12 2.54806e-15 2.50026e-18 3.55151e-21 1.46146e-23 1.99111e-25 8.65617e-27 1.52771e-27 1.04533e-27 2.27917e-27 1.70489e-26 4.01395e-25 2.51479e-23 3.662e-21 8.4029e-19 2.05169e-16 4.14831e-14 5.76649e-12 4.82903e-10 2.2522e-08 5.6801e-07 7.83088e-06 6.11743e-05 0.000280965 0.000771083 0.00128075 0.00137298 0.00107135 0.000682284 0.000378706 0.00018601 7.84344e-05 2.56914e-05 4.66459e-06 0 
0 0.000330237 0.000216201 2.16765e-05 4.95962e-07 3.45821e-09 1.00467e-11 1.74292e-14 2.67936e-17 5.50426e-20 2.41304e-22 3.42691e-24 1.92494e-25 4.34887e-26 3.1461e-26 6.39395e-26 4.01394e-25 8.29449e-24 4.83091e-22 5.6728e-20 9.25719e-18 1.57867e-15 2.2546e-13 2.26623e-11 1.41693e-09 5.12153e-08 1.04151e-06 1.20379e-05 8.16474e-05 0.000334825 0.000838535 0.00129934 0.00133246 0.00101629 0.000640983 0.000354523 0.00017393 7.33149e-05 2.40121e-05 4.35959e-06 0 
0 0.000343906 0.00026973 3.56654e-05 1.18037e-06 1.29551e-08 6.32114e-11 1.91158e-13 5.1496e-16 1.78961e-18 1.14865e-20 1.93684e-22 1.16104e-23 2.62815e-24 1.89697e-24 3.96155e-24 2.51479e-23 4.83091e-22 2.22075e-20 1.77106e-18 1.85616e-16 2.01884e-14 1.86421e-12 1.24667e-10 5.39431e-09 1.41333e-07 2.18903e-06 2.02361e-05 0.000114729 0.00040766 0.000911205 0.00129949 0.00126693 0.000942575 0.000588487 0.000324328 0.000158939 6.69746e-05 2.19338e-05 3.98217e-06 0 
0 0.000356181 0.000343391 6.23357e-05 3.13888e-06 5.76308e-08 5.06282e-10 2.87606e-12 1.46453e-14 9.32068e-17 1.01483e-18 2.49007e-20 1.72576e-21 3.85163e-22 2.74703e-22 5.92484e-22 3.662e-21 5.6728e-20 1.77106e-18 8.80845e-17 5.56431e-15 3.62335e-13 2.03202e-11 8.51332e-10 2.41003e-08 4.34923e-07 4.90597e-06 3.49382e-05 0.000160746 0.000484698 0.000956873 0.00125487 0.0011677 0.000850815 0.000527153 0.000289848 0.000141958 5.98128e-05 1.95882e-05 3.55636e-06 0 
0 0.000363559 0.000437005 0.000111605 8.79529e-06 2.78956e-07 4.57555e-09 5.07795e-11 5.08659e-13 6.16059e-15 1.18838e-16 4.63204e-18 4.3817e-19 1.12943e-19 8.25783e-20 1.66146e-19 8.4029e-19 9.25719e-18 1.85616e-16 5.56431e-15 2.0475e-13 7.69884e-12 2.52535e-10 6.37535e-09 1.13427e-07 1.35354e-06 1.0692e-05 5.67234e-05 0.000206992 0.000525606 0.000924424 0.0011359 0.00102764 0.000742498 0.000459564 0.000252847 0.000123912 5.2227e-05 1.71065e-05 3.10598e-06 0 
0 0.000362485 0.000544704 0.000197649 2.45872e-05 1.35511e-06 4.17346e-08 9.10456e-10 1.80588e-11 4.18954e-13 1.44085e-14 9.0124e-16 1.19943e-16 3.74993e-17 2.85614e-17 5.16853e-17 2.05169e-16 1.57867e-15 2.01884e-14 3.62335e-13 7.69884e-12 1.65206e-10 3.11765e-09 4.62919e-08 4.99659e-07 3.75957e-06 1.97029e-05 7.43888e-05 0.000211233 0.000459602 0.000754334 0.000917052 0.000842446 0.000619781 0.000388303 0.000214997 0.00010566 4.45838e-05 1.46091e-05 2.65292e-06 0 
0 0.000350182 0.00065239 0.000335177 6.53593e-05 6.16336e-06 3.49181e-07 1.46435e-08 5.62483e-10 2.44813e-11 1.47396e-12 1.45798e-13 2.70349e-14 1.02127e-14 8.10324e-15 1.32223e-14 4.14831e-14 2.2546e-13 1.86421e-12 2.03202e-11 2.52535e-10 3.11765e-09 3.37632e-08 2.88173e-07 1.7829e-06 7.66038e-06 2.34572e-05 5.67266e-05 0.000122486 0.000246917 0.000434071 0.000597916 0.000614216 0.00048566 0.000315848 0.000177792 8.79479e-05 3.71985e-05 1.21991e-05 2.21588e-06 0 
0 0.000325579 0.000738359 0.000528455 0.000158638 2.48297e-05 2.4857e-06 1.91634e-07 1.3626e-08 1.06618e-09 1.08228e-10 1.64204e-11 4.15044e-12 1.87145e-12 1.54351e-12 2.2881e-12 5.76649e-12 2.26623e-11 1.24667e-10 8.51332e-10 6.37535e-09 4.62919e-08 2.88173e-07 1.3528e-06 4.20904e-06 8.0047e-06 1.00803e-05 1.15475e-05 1.7867e-05 4.22352e-05 0.000116534 0.000255644 0.000365058 0.000346285 0.000244882 0.000142564 7.13923e-05 3.03225e-05 9.95762e-06 1.80949e-06 0 
0 0.000289908 0.000779449 0.000754775 0.000339649 8.4961e-05 1.42693e-05 1.90518e-06 2.35854e-07 3.12988e-08 5.08721e-09 1.13516e-09 3.79478e-10 2.00792e-10 1.71567e-10 2.33358e-10 4.82903e-10 1.41693e-09 5.39431e-09 2.41003e-08 1.13427e-07 4.99659e-07 1.7829e-06 4.20904e-06 4.98816e-06 2.33956e-06 5.07709e-07 1.24103e-07 1.14142e-07 5.70212e-07 6.37948e-06 4.92553e-05 0.000154422 0.000215678 0.000179053 0.000110557 5.64734e-05 2.41382e-05 7.94212e-06 1.44408e-06 0 
0 0.000246572 0.000761371 0.000956678 0.000622378 0.000239104 6.37998e-05 1.38101e-05 2.77544e-06 5.83907e-07 1.431e-07 4.47137e-08 1.9082e-08 1.16132e-08 1.02376e-08 1.29219e-08 2.2522e-08 5.12153e-08 1.41333e-07 4.34923e-07 1.35354e-06 3.75957e-06 7.66038e-06 8.0047e-06 2.33956e-06 9.93055e-08 7.51938e-10 8.47927e-12 3.12885e-12 9.85765e-11 2.56847e-08 2.84475e-06 4.13898e-05 0.000114688 0.000123204 8.29508e-05 4.3534e-05 1.87586e-05 6.18665e-06 1.12564e-06 0 
0 0.000200219 0.000686728 0.00106348 0.000951767 0.00053827 0.000217091 7.15543e-05 2.17679e-05 6.77236e-06 2.34983e-06 9.7627e-07 5.12292e-07 3.51017e-07 3.17802e-07 3.76682e-07 5.6801e-07 1.04151e-06 2.18903e-06 4.90597e-06 1.0692e-05 1.97029e-05 2.34572e-05 1.00803e-05 5.07709e-07 7.51938e-10 3.9365e-14 1.43327e-16 1.08479e-15 2.49399e-16 9.18907e-12 5.8521e-08 7.87045e-06 5.50133e-05 8.14833e-05 6.06184e-05 3.27535e-05 1.42299e-05 4.70376e-06 8.56374e-07 0 
0 0.00015543 0.000573987 0.00103692 0.0011975 0.000945663 0.000550536 0.000262233 0.000113642 4.90665e-05 2.27124e-05 1.19362e-05 7.42528e-06 5.60932e-06 5.19225e-06 5.84644e-06 7.83088e-06 1.20379e-05 2.02361e-05 3.49382e-05 5.67234e-05 7.43888e-05 5.67266e-05 1.15475e-05 1.24103e-07 8.47927e-12 1.43326e-16 5.56085e-18 2.45953e-17 3.91358e-17 6.20704e-15 1.7785e-09 1.80722e-06 2.82368e-05 5.44051e-05 4.36977e-05 2.41133e-05 1.05354e-05 3.48775e-06 6.35237e-07 0 
0 0.000115626 0.000447966 0.000897388 0.00124541 0.00128083 0.00101962 0.000670607 0.000395003 0.000225147 0.000132404 8.43582e-05 6.02643e-05 4.92755e-05 4.64512e-05 5.02123e-05 6.11743e-05 8.16474e-05 0.000114729 0.000160746 0.000206992 0.000211233 0.000122486 1.7867e-05 1.14142e-07 3.12885e-12 1.08479e-15 2.45954e-17 3.92648e-18 1.72593e-17 7.59832e-16 5.98094e-10 1.00543e-06 1.89707e-05 3.86212e-05 3.14428e-05 1.74027e-05 7.60806e-06 2.51896e-06 4.58797e-07 0 
0 8.26178e-05 0.000329391 0.000702743 0.00109736 0.00135721 0.00137429 0.00118125 0.000906183 0.000656644 0.00047368 0.000354786 0.000284304 0.000248184 0.000237651 0.000248766 0.000280965 0.000334825 0.00040766 0.000484698 0.000525606 0.000459602 0.000246917 4.22352e-05 5.70212e-07 9.85765e-11 2.49399e-16 3.91358e-17 1.72593e-17 2.06005e-17 7.87682e-14 4.09678e-09 1.65901e-06 1.76025e-05 2.94801e-05 2.2607e-05 1.22968e-05 5.34956e-06 1.76877e-06 3.22037e-07 0 
0 5.67768e-05 0.000229973 0.00050807 0.000848725 0.00117426 0.00139432 0.00145558 0.00137419 0.00121452 0.00104197 0.00089632 0.000792567 0.000732022 0.000711206 0.000725862 0.000771083 0.000838535 0.000911205 0.000956873 0.000924424 0.000754334 0.000434071 0.000116534 6.37948e-06 2.56847e-08 9.18907e-12 6.20704e-15 7.59832e-16 7.87682e-14 1.82885e-10 1.24963e-07 4.80858e-06 1.93322e-05 2.31856e-05 1.60371e-05 8.4646e-06 3.65114e-06 1.20433e-06 2.19127e-07 0 
0 3.75142e-05 0.000153184 0.000344474 0.000595737 0.000874961 0.00113674 0.00133594 0.00144683 0.0014731 0.00144082 0.00138237 0.00132401 0.00128166 0.00126184 0.00126384 0.00128075 0.00129934 0.00129949 0.00125487 0.0011359 0.000917052 0.000597916 0.000255644 4.92553e-05 2.84475e-06 5.8521e-08 1.7785e-09 5.98094e-10 4.09678e-09 1.24963e-07 2.36286e-06 1.20399e-05 2.01925e-05 1.76457e-05 1.10144e-05 5.63472e-06 2.4083e-06 7.92289e-07 1.44048e-07 0 
0 2.37711e-05 9.74404e-05 0.000220948 0.000388357 0.000586786 0.00079674 0.000995249 0.0011618 0.00128442 0.00136221 0.00140306 0.00141855 0.00141918 0.0014115 0.00139711 0.00137298 0.00133246 0.00126693 0.0011677 0.00102764 0.000842446 0.000614216 0.000365058 0.000154422 4.13898e-05 7.87045e-06 1.80722e-06 1.00543e-06 1.65901e-06 4.80858e-06 1.20399e-05 1.84163e-05 1.77002e-05 1.24541e-05 7.20966e-06 3.59944e-06 1.52684e-06 5.01165e-07 9.10569e-08 0 
0 1.437e-05 5.90057e-05 0.000134283 0.000237685 0.000363549 0.000503236 0.000646018 0.000780789 0.00089817 0.000992152 0.00106054 0.00110412 0.00112515 0.00112592 0.00110784 0.00107135 0.00101629 0.000942575 0.000850815 0.000742498 0.000619781 0.00048566 0.000346285 0.000215678 0.000114688 5.50133e-05 2.82368e-05 1.89707e-05 1.76025e-05 1.93322e-05 2.01925e-05 1.77002e-05 1.28688e-05 8.04493e-06 4.45411e-06 2.18946e-06 9.23998e-07 3.02797e-07 5.49877e-08 0 
0 8.21394e-06 3.37524e-05 7.69273e-05 0.000136549 0.000209879 0.000292762 0.000379972 0.000465797 0.000544763 0.000612309 0.000665216 0.000701684 0.000721111 0.000723746 0.0007104 0.000682284 0.000640983 0.000588487 0.000527153 0.000459564 0.000388303 0.000315848 0.000244882 0.000179053 0.000123204 8.14833e-05 5.44051e-05 3.86212e-05 2.94801e-05 2.31856e-05 1.76457e-05 1.24541e-05 8.04493e-06 4.76149e-06 2.57766e-06 1.2564e-06 5.28647e-07 1.73065e-07 3.14181e-08 0 
0 4.37505e-06 1.7983e-05 4.10103e-05 7.28732e-05 0.000112213 0.000156974 0.000204564 0.000252094 0.000296662 0.000335644 0.00036692 0.00038901 0.000401117 0.000403082 0.000395316 0.000378706 0.000354523 0.000324328 0.000289848 0.000252847 0.000214997 0.000177792 0.000142564 0.000110557 8.29508e-05 6.06184e-05 4.36977e-05 3.14428e-05 2.2607e-05 1.60371e-05 1.10144e-05 7.20966e-06 4.45411e-06 2.57766e-06 1.38152e-06 6.70639e-07 2.81745e-07 9.21847e-08 1.6732e-08 0 
0 2.1178e-06 8.70591e-06 1.98581e-05 3.53007e-05 5.43932e-05 7.61666e-05 9.93986e-05 0.000122717 0.000144723 0.000164115 0.000179797 0.000190964 0.000197142 0.0001982 0.000194332 0.00018601 0.00017393 0.000158939 0.000141958 0.000123912 0.00010566 8.79479e-05 7.13923e-05 5.64734e-05 4.3534e-05 3.27535e-05 2.41133e-05 1.74027e-05 1.22968e-05 8.4646e-06 5.63472e-06 3.59944e-06 2.18946e-06 1.2564e-06 6.70639e-07 3.24974e-07 1.36428e-07 4.46257e-08 8.09898e-09 0 
0 8.88652e-07 3.65325e-06 8.3337e-06 1.48164e-05 2.2835e-05 3.19866e-05 4.17627e-05 5.15911e-05 6.08854e-05 6.90952e-05 7.57519e-05 8.05044e-05 8.31418e-05 8.36018e-05 8.19643e-05 7.84344e-05 7.33149e-05 6.69746e-05 5.98128e-05 5.2227e-05 4.45838e-05 3.71985e-05 3.03225e-05 2.41382e-05 1.87586e-05 1.42299e-05 1.05354e-05 7.60806e-06 5.34956e-06 3.65114e-06 2.4083e-06 1.52684e-06 9.23998e-07 5.28647e-07 2.81745e-07 1.36428e-07 5.72559e-08 1.87261e-08 3.39838e-09 0 
0 2.90621e-07 1.19476e-06 2.72553e-06 4.84592e-06 7.46908e-06 1.04636e-05 1.36637e-05 1.68826e-05 1.99285e-05 2.26209e-05 2.48058e-05 2.6367e-05 2.72343e-05 2.73864e-05 2.68495e-05 2.56914e-05 2.40121e-05 2.19338e-05 1.95882e-05 1.71065e-05 1.46091e-05 1.21991e-05 9.95762e-06 7.94212e-06 6.18665e-06 4.70376e-06 3.48775e-06 2.51896e-06 1.76877e-06 1.20433e-06 7.92289e-07 5.01165e-07 3.02797e-07 1.73065e-07 9.21847e-08 4.46257e-08 1.87261e-08 6.12423e-09 1.11139e-09 0 
0 5.27396e-08 2.16817e-07 4.94616e-07 8.79428e-07 1.35551e-06 1.89903e-06 2.47993e-06 3.06432e-06 3.61742e-06 4.10646e-06 4.5034e-06 4.7871e-06 4.94475e-06 4.97246e-06 4.87496e-06 4.66459e-06 4.35959e-06 3.98217e-06 3.55636e-06 3.10598e-06 2.65292e-06 2.21588e-06 1.80949e-06 1.44408e-06 1.12564e-06 8.56374e-07 6.35237e-07 4.58797e-07 3.22037e-07 2.19127e-07 1.44048e-07 9.10569e-08 5.49877e-08 3.14181e-08 1.6732e-08 8.09898e-09 3.39838e-09 1.11139e-09 2.01686e-10 0 
0 0 0 0 0 0 0 0 0 0 0 0 0 0 0 0 0 0 0 0 0 0 0 0 0 0 0 0 0 0 0 0 0 0 0 0 0 0 0 0 0 
