0 0 0 0 0 0 0 0 0 0 0 0 0 0 0 0 0 0 0 0 0 0 0 0 0 0 0 0 0 0 0 0 0 0 0 0 0 0 0 0 0 
0 1.36709e-05 5.55911e-05 0.000124152 0.000212706 0.000309427 0.000399901 0.000472 0.000520005 0.000545218 0.000553463 0.000551823 0.000546393 0.000541353 0.000538901 0.000539504 0.00054218 0.000544745 0.000544099 0.000536676 0.000519134 0.00048924 0.00044669 0.000393499 0.000333671 0.000272195 0.000213785 0.000161912 0.000118421 8.37073e-05 5.71617e-05 3.76378e-05 2.38072e-05 1.43796e-05 8.21624e-06 4.37555e-06 2.11789e-06 8.88667e-07 2.90623e-07 5.27397e-08 0 
0 5.55911e-05 0.000222514 0.000480846 0.000775586 0.00102448 0.00115686 0.00115558 0.00105821 0.000921215 0.000788277 0.000681654 0.000608172 0.000567416 0.000557111 0.000575525 0.000621892 0.000695547 0.000794042 0.000910482 0.00103098 0.00113405 0.00119429 0.00119073 0.00111635 0.000982416 0.000813665 0.000637769 0.000476139 0.000340415 0.000233826 0.000154395 9.7785e-05 5.90945e-05 3.3773e-05 1.79874e-05 8.7067e-06 3.65337e-06 1.19477e-06 2.16818e-07 0 
0 0.000124152 0.000480846 0.00096827 0.00137146 0.00147818 0.00127137 0.000924009 0.000606485 0.00038359 0.000247228 0.000169749 0.000128256 0.000108834 0.000104625 0.000113678 0.000137939 0.000183269 0.000259921 0.000382282 0.000565556 0.000816416 0.00111741 0.00141418 0.00162449 0.00167813 0.00156111 0.0013215 0.00103358 0.000758228 0.000527692 0.000350602 0.000222659 0.000134713 7.70248e-05 4.10301e-05 1.98617e-05 8.33422e-06 2.72559e-06 4.94619e-07 0 
0 0.000212706 0.000775586 0.00137146 0.00153987 0.00117987 0.000666043 0.000306514 0.0001276 5.27111e-05 2.33618e-05 1.18321e-05 7.17829e-06 5.37457e-06 5.02638e-06 5.84163e-06 8.2672e-06 1.3792e-05 2.60363e-05 5.31452e-05 0.000111957 0.000232677 0.000457319 0.00081775 0.00128597 0.00173414 0.00198428 0.00194199 0.00166391 0.00128523 0.000918415 0.000617821 0.000394491 0.000239202 0.000136885 7.29397e-05 3.53123e-05 1.48181e-05 4.84611e-06 8.79439e-07 0 
0 0.000309427 0.00102448 0.00147818 0.00117987 0.000571558 0.000190938 5.07825e-05 1.22869e-05 3.04567e-06 8.58558e-07 3.00389e-07 1.39429e-07 8.95813e-08 8.1007e-08 1.02237e-07 1.74625e-07 3.84501e-07 1.027e-06 3.11199e-06 1.00003e-05 3.19878e-05 9.62582e-05 0.000259462 0.000600105 0.001147 0.00176197 0.00215886 0.00215221 0.00181859 0.00136242 0.000937248 0.000604288 0.00036785 0.000210817 0.000112395 5.44241e-05 2.28394e-05 7.46957e-06 1.35553e-06 0 
0 0.000399901 0.00115686 0.00127137 0.000666043 0.000190938 3.56566e-05 5.15574e-06 6.77813e-07 9.41516e-08 1.58461e-08 3.63252e-09 1.24088e-09 6.68944e-10 5.81907e-10 8.0693e-10 1.70895e-09 5.16757e-09 2.05123e-08 9.74593e-08 5.0528e-07 2.62326e-06 1.26597e-05 5.34334e-05 0.00018785 0.000528032 0.00114487 0.00186794 0.00230013 0.00222371 0.00179436 0.00127972 0.000838205 0.000513481 0.000294979 0.000157398 7.62375e-05 3.19966e-05 1.04647e-05 1.89909e-06 0 
0 0.000472 0.00115558 0.000924009 0.000306514 5.07825e-05 5.15574e-06 3.90595e-07 2.67483e-08 1.99528e-09 1.92837e-10 2.80402e-11 6.88375e-12 3.07082e-12 2.56071e-12 3.92766e-12 1.04795e-11 4.4564e-11 2.70819e-10 2.0864e-09 1.80733e-08 1.5753e-07 1.25589e-06 8.48839e-06 4.59681e-05 0.00019135 0.000591666 0.00131796 0.00208404 0.00239732 0.00214296 0.0016095 0.00107878 0.000667023 0.000384515 0.000205425 9.95404e-05 4.17823e-05 1.36658e-05 2.48005e-06 0 
0 0.000520005 0.00105821 0.000606485 0.0001276 1.22869e-05 6.77813e-07 2.67483e-08 9.46325e-10 3.75784e-11 2.06849e-12 1.89455e-13 3.3246e-14 1.22303e-14 9.76294e-15 1.65748e-14 5.58623e-14 3.35536e-13 3.13972e-12 3.94843e-11 5.75556e-10 8.48029e-09 1.12311e-07 1.2188e-06 1.01413e-05 6.19339e-05 0.000269477 0.000813544 0.00166652 0.00233082 0.00235878 0.00189253 0.00130746 0.000818465 0.000473997 0.000253639 0.000122969 5.16256e-05 1.68862e-05 3.06453e-06 0 
0 0.000545218 0.000921215 0.00038359 5.27111e-05 3.04567e-06 9.41516e-08 1.99528e-09 3.75784e-11 8.1713e-13 2.62646e-14 1.54615e-15 1.96735e-16 6.01443e-17 4.60029e-17 8.59651e-17 3.61829e-16 3.02026e-15 4.26588e-14 8.56402e-13 2.05206e-11 4.9923e-10 1.07351e-08 1.82952e-07 2.28756e-06 2.00068e-05 0.000119195 0.000474762 0.00123905 0.0021061 0.00243522 0.0021063 0.00150799 0.000958089 0.000557956 0.000299147 0.000145126 6.09402e-05 1.99341e-05 3.61774e-06 0 
0 0.000553463 0.000788277 0.000247228 2.33618e-05 8.58558e-07 1.58461e-08 1.92837e-10 2.06849e-12 2.62646e-14 5.21935e-16 2.0689e-17 1.97376e-18 5.10965e-19 3.75738e-19 7.6384e-19 3.91567e-18 4.38087e-17 8.93154e-16 2.72178e-14 1.01651e-12 3.87093e-11 1.28371e-09 3.27476e-08 5.88812e-07 7.08026e-06 5.55308e-05 0.000280815 0.00090356 0.00183071 0.00240551 0.00224555 0.00166936 0.00107768 0.000631419 0.000339253 0.000164698 6.9174e-05 2.2629e-05 4.10692e-06 0 
0 0.000551823 0.000681654 0.000169749 1.18321e-05 3.00389e-07 3.63252e-09 2.80402e-11 1.89455e-13 1.54615e-15 2.0689e-17 5.92184e-19 4.45645e-20 1.00579e-20 7.15125e-21 1.55438e-20 9.34775e-20 1.32826e-18 3.65738e-17 1.56947e-15 8.4385e-14 4.64404e-12 2.19938e-10 7.81932e-09 1.89563e-07 2.95993e-06 2.904e-05 0.000177908 0.000676653 0.00158247 0.00232033 0.00232042 0.00178694 0.00117137 0.000690355 0.000371686 0.000180567 7.58555e-05 2.48164e-05 4.50399e-06 0 
0 0.000546393 0.000608172 0.000128256 7.17829e-06 1.39429e-07 1.24088e-09 6.88375e-12 3.3246e-14 1.96735e-16 1.97376e-18 4.45645e-20 2.81986e-21 5.74784e-22 3.97885e-22 9.06356e-22 6.10887e-21 1.03051e-19 3.52501e-18 1.93831e-16 1.35771e-14 9.7659e-13 5.99508e-11 2.71494e-09 8.1854e-08 1.54636e-06 1.78521e-05 0.000125591 0.000538481 0.00139746 0.00222524 0.0023489 0.00186143 0.00123582 0.000731951 0.000394774 0.000191895 8.06294e-05 2.63797e-05 4.7878e-06 0 
0 0.000541353 0.000567416 0.000108834 5.37457e-06 8.95813e-08 6.68944e-10 3.07082e-12 1.22303e-14 6.01443e-17 5.10965e-19 1.00579e-20 5.74784e-22 1.10036e-22 7.47478e-23 1.74643e-22 1.25471e-21 2.32998e-20 9.00897e-19 5.70497e-17 4.64915e-15 3.90022e-13 2.78062e-11 1.44843e-09 4.95568e-08 1.04585e-06 1.32727e-05 0.000101192 0.000465208 0.00128386 0.00214987 0.00234851 0.00189643 0.00126988 0.000754685 0.000407535 0.00019818 8.32811e-05 2.72484e-05 4.94553e-06 0 
0 0.000538901 0.000557111 0.000104625 5.02638e-06 8.1007e-08 5.81907e-10 2.56071e-12 9.76294e-15 4.60029e-17 3.75738e-19 7.15125e-21 3.97885e-22 7.47478e-23 5.03166e-23 1.17708e-22 8.54354e-22 1.61498e-20 6.39902e-19 4.17422e-17 3.51584e-15 3.05319e-13 2.25312e-11 1.21306e-09 4.27881e-08 9.27953e-07 1.2061e-05 9.39073e-05 0.000440156 0.00123751 0.00210721 0.00233066 0.00189583 0.00127399 0.000758259 0.000409697 0.000199272 8.37457e-05 2.74011e-05 4.97327e-06 0 
0 0.000539504 0.000575525 0.000113678 5.84163e-06 1.02237e-07 8.0693e-10 3.92766e-12 1.65748e-14 8.59651e-17 7.6384e-19 1.55438e-20 9.06356e-22 1.74643e-22 1.17708e-22 2.69209e-22 1.87277e-21 3.33971e-20 1.23275e-18 7.42987e-17 5.76152e-15 4.6088e-13 3.14505e-11 1.57591e-09 5.21583e-08 1.07108e-06 1.33043e-05 9.98605e-05 0.000454677 0.00125024 0.00209639 0.00229839 0.00186219 0.00124961 0.000743445 0.00040166 0.000195362 8.2103e-05 2.68637e-05 4.87575e-06 0 
0 0.00054218 0.000621892 0.000137939 8.2672e-06 1.74625e-07 1.70895e-09 1.04795e-11 5.58623e-14 3.61829e-16 3.91567e-18 9.34775e-20 6.10887e-21 1.25471e-21 8.54354e-22 1.87277e-21 1.19202e-20 1.87105e-19 5.89617e-18 2.97269e-16 1.90916e-14 1.26399e-12 7.19119e-11 3.04503e-09 8.67044e-08 1.5633e-06 1.741e-05 0.000119467 0.00050557 0.00131081 0.00210467 0.00224663 0.00179626 0.00119885 0.000711905 0.000384398 0.000186937 7.85597e-05 2.57042e-05 4.66531e-06 0 
0 0.000544745 0.000695547 0.000183269 1.3792e-05 3.84501e-07 5.16757e-09 4.4564e-11 3.35536e-13 3.02026e-15 4.38087e-17 1.32826e-18 1.03051e-19 2.32998e-20 1.61498e-20 3.33971e-20 1.87105e-19 2.4368e-18 6.08678e-17 2.35898e-15 1.14638e-13 5.73164e-12 2.48688e-10 8.18705e-09 1.86011e-07 2.75729e-06 2.60378e-05 0.000155941 0.00059042 0.00140046 0.00210793 0.00216407 0.00169772 0.00112449 0.000666012 0.000359343 0.000174719 7.34223e-05 2.40232e-05 4.36021e-06 0 
0 0.000544099 0.000794042 0.000259921 2.60363e-05 1.027e-06 2.05123e-08 2.70819e-10 3.13972e-12 4.26588e-14 8.93154e-16 3.65738e-17 3.52501e-18 9.00897e-19 6.39902e-19 1.23275e-18 5.89617e-18 6.08678e-17 1.1378e-15 3.17346e-14 1.0871e-12 3.81757e-11 1.17654e-09 2.81555e-08 4.80003e-07 5.54007e-06 4.23395e-05 0.000212889 0.000699304 0.00148516 0.00207108 0.00203607 0.00156615 0.00102985 0.000608645 0.00032823 0.000159582 6.7063e-05 2.1943e-05 3.9827e-06 0 
0 0.000536676 0.000910482 0.000382282 5.31452e-05 3.11199e-06 9.74593e-08 2.0864e-09 3.94843e-11 8.56402e-13 2.72178e-14 1.56947e-15 1.93831e-16 5.70497e-17 4.17422e-17 7.42987e-17 2.97269e-16 2.35898e-15 3.17346e-14 6.08699e-13 1.39885e-11 3.27708e-10 6.81266e-09 1.127e-07 1.37467e-06 1.18241e-05 7.03485e-05 0.000287604 0.000801417 0.00150853 0.00195077 0.00184765 0.00140182 0.000918742 0.000542941 0.000292938 0.000142475 5.98847e-05 1.95958e-05 3.5568e-06 0 
0 0.000519134 0.00103098 0.000565556 0.000111957 1.00003e-05 5.0528e-07 1.80733e-08 5.75556e-10 2.05206e-11 1.01651e-12 8.4385e-14 1.35771e-14 4.64915e-15 3.51584e-15 5.76152e-15 1.90916e-14 1.14638e-13 1.0871e-12 1.39885e-11 2.0969e-10 3.17804e-09 4.31219e-08 4.76158e-07 4.00474e-06 2.47142e-05 0.000110394 0.000356518 0.000831051 0.00139326 0.00170173 0.00158557 0.00120555 0.000794975 0.000472012 0.000255332 0.000124335 5.22866e-05 1.71129e-05 3.10635e-06 0 
0 0.00048924 0.00113405 0.000816416 0.000232677 3.19878e-05 2.62326e-06 1.5753e-07 8.48029e-09 4.9923e-10 3.87093e-11 4.64404e-12 9.7659e-13 3.90022e-13 3.05319e-13 4.6088e-13 1.26399e-12 5.73164e-12 3.81757e-11 3.27708e-10 3.17804e-09 3.07935e-08 2.68077e-07 1.92745e-06 1.07941e-05 4.56853e-05 0.000145941 0.000358922 0.000694863 0.00106611 0.00128999 0.00123986 0.000977814 0.000661839 0.000398672 0.000217123 0.000106028 4.46365e-05 1.46148e-05 2.65326e-06 0 
0 0.00044669 0.00119429 0.00111741 0.000457319 9.62582e-05 1.26597e-05 1.25589e-06 1.12311e-07 1.07351e-08 1.28371e-09 2.19938e-10 5.99508e-11 2.78062e-11 2.25312e-11 3.14505e-11 7.19119e-11 2.48688e-10 1.17654e-09 6.81266e-09 4.31219e-08 2.68077e-07 1.48744e-06 6.79409e-06 2.40379e-05 6.40654e-05 0.000131945 0.00022809 0.000363255 0.000547802 0.00073713 0.000815883 0.000720527 0.000522148 0.000325356 0.000179796 8.82991e-05 3.7249e-05 1.22046e-05 2.21619e-06 0 
0 0.000393499 0.00119073 0.00141418 0.00081775 0.000259462 5.34334e-05 8.48839e-06 1.2188e-06 1.82952e-07 3.27476e-08 7.81932e-09 2.71494e-09 1.44843e-09 1.21306e-09 1.57591e-09 3.04503e-09 8.18705e-09 2.81555e-08 1.127e-07 4.76158e-07 1.92745e-06 6.79409e-06 1.89266e-05 3.79383e-05 5.19376e-05 5.23658e-05 5.03573e-05 6.31085e-05 0.000112614 0.000227896 0.000381158 0.000448904 0.000380383 0.000254428 0.000144619 7.17522e-05 3.03738e-05 9.9631e-06 1.80981e-06 0 
0 0.000333671 0.00111635 0.00162449 0.00128597 0.000600105 0.00018785 4.59681e-05 1.01413e-05 2.28756e-06 5.88812e-07 1.89563e-07 8.1854e-08 4.95568e-08 4.27881e-08 5.21583e-08 8.67044e-08 1.86011e-07 4.80003e-07 1.37467e-06 4.00474e-06 1.07941e-05 2.40379e-05 3.79383e-05 3.4595e-05 1.53731e-05 3.8182e-06 1.08149e-06 9.1326e-07 3.05595e-06 1.96612e-05 9.33076e-05 0.000211538 0.000247329 0.000188933 0.000112728 5.685e-05 2.41908e-05 7.94764e-06 1.44439e-06 0 
0 0.000272195 0.000982416 0.00167813 0.00173414 0.001147 0.000528032 0.00019135 6.19339e-05 2.00068e-05 7.08026e-06 2.95993e-06 1.54636e-06 1.04585e-06 9.27953e-07 1.07108e-06 1.5633e-06 2.75729e-06 5.54007e-06 1.18241e-05 2.47142e-05 4.56853e-05 6.40654e-05 5.19376e-05 1.53731e-05 1.00268e-06 1.70106e-08 4.11336e-10 1.69341e-10 2.53178e-09 2.09343e-07 8.64977e-06 6.86647e-05 0.000140839 0.000132949 8.51651e-05 4.39135e-05 1.88105e-05 6.19197e-06 1.12594e-06 0 
0 0.000213785 0.000813665 0.00156111 0.00198428 0.00176197 0.00114487 0.000591666 0.000269477 0.000119195 5.55308e-05 2.904e-05 1.78521e-05 1.32727e-05 1.2061e-05 1.33043e-05 1.741e-05 2.60378e-05 4.23395e-05 7.03485e-05 0.000110394 0.000145941 0.000131945 5.23658e-05 3.8182e-06 1.70106e-08 5.28714e-12 2.94465e-15 4.26176e-16 7.04016e-14 3.19193e-10 3.50168e-07 1.68597e-05 7.34598e-05 9.01697e-05 6.26853e-05 3.31049e-05 1.4277e-05 4.7085e-06 8.56633e-07 0 
0 0.000161912 0.000637769 0.0013215 0.00194199 0.00215886 0.00186794 0.00131796 0.000813544 0.000474762 0.000280815 0.000177908 0.000125591 0.000101192 9.39073e-05 9.98605e-05 0.000119467 0.000155941 0.000212889 0.000287604 0.000356518 0.000358922 0.00022809 5.03573e-05 1.08149e-06 4.11336e-10 2.94465e-15 9.4853e-18 3.0923e-18 2.84132e-17 8.26927e-13 1.95034e-08 4.81763e-06 4.03132e-05 6.1332e-05 4.5409e-05 2.44027e-05 1.05737e-05 3.49154e-06 6.35442e-07 0 
0 0.000118421 0.000476139 0.00103358 0.00166391 0.00215221 0.00230013 0.00208404 0.00166652 0.00123905 0.00090356 0.000676653 0.000538481 0.000465208 0.000440156 0.000454677 0.00050557 0.00059042 0.000699304 0.000801417 0.000831051 0.000694863 0.000363255 6.31085e-05 9.1326e-07 1.69341e-10 4.26176e-16 3.09232e-18 9.03111e-19 4.52435e-17 1.46766e-13 7.5761e-09 2.80885e-06 2.73926e-05 4.36219e-05 3.26783e-05 1.76103e-05 7.63537e-06 2.52165e-06 4.58942e-07 0 
0 8.37073e-05 0.000340415 0.000758228 0.00128523 0.00181859 0.00222371 0.00239732 0.00233082 0.0021061 0.00183071 0.00158247 0.00139746 0.00128386 0.00123751 0.00125024 0.00131081 0.00140046 0.00148516 0.00150853 0.00139326 0.00106611 0.000547802 0.000112614 3.05595e-06 2.53178e-09 7.04016e-14 2.84132e-17 4.52435e-17 1.50932e-16 5.58123e-12 3.34458e-08 3.92752e-06 2.40521e-05 3.27297e-05 2.33749e-05 1.24249e-05 5.36647e-06 1.77045e-06 3.22128e-07 0 
0 5.71617e-05 0.000233826 0.000527692 0.000918415 0.00136242 0.00179436 0.00214296 0.00235878 0.00243522 0.00240551 0.00232033 0.00222524 0.00214987 0.00210721 0.00209639 0.00210467 0.00210793 0.00207108 0.00195077 0.00170173 0.00128999 0.00073713 0.000227896 1.96612e-05 2.09343e-07 3.19193e-10 8.26927e-13 1.46766e-13 5.58123e-12 2.72226e-09 4.91718e-07 8.61483e-06 2.40701e-05 2.50148e-05 1.64427e-05 8.53211e-06 3.66017e-06 1.20525e-06 2.19177e-07 0 
0 3.76378e-05 0.000154395 0.000350602 0.000617821 0.000937248 0.00127972 0.0016095 0.00189253 0.0021063 0.00224555 0.00232042 0.0023489 0.00234851 0.00233066 0.00229839 0.00224663 0.00216407 0.00203607 0.00184765 0.00158557 0.00123986 0.000815883 0.000381158 9.33076e-05 8.64977e-06 3.50168e-07 1.95034e-08 7.5761e-09 3.34458e-08 4.91718e-07 4.88482e-06 1.66818e-05 2.29842e-05 1.84987e-05 1.11947e-05 5.66504e-06 2.41246e-06 7.92719e-07 1.44072e-07 0 
0 2.38072e-05 9.7785e-05 0.000222659 0.000394491 0.000604288 0.000838205 0.00107878 0.00130746 0.00150799 0.00166936 0.00178694 0.00186143 0.00189643 0.00189583 0.00186219 0.00179626 0.00169772 0.00156615 0.00140182 0.00120555 0.000977814 0.000720527 0.000448904 0.000211538 6.86647e-05 1.68597e-05 4.81763e-06 2.80885e-06 3.92752e-06 8.61483e-06 1.66818e-05 2.15241e-05 1.89095e-05 1.27773e-05 7.27712e-06 3.61108e-06 1.52849e-06 5.01342e-07 9.10672e-08 0 
0 1.43796e-05 5.90945e-05 0.000134713 0.000239202 0.00036785 0.000513481 0.000667023 0.000818465 0.000958089 0.00107768 0.00117137 0.00123582 0.00126988 0.00127399 0.00124961 0.00119885 0.00112449 0.00102985 0.000918742 0.000794975 0.000661839 0.000522148 0.000380383 0.000247329 0.000140839 7.34598e-05 4.03132e-05 2.73926e-05 2.40521e-05 2.40701e-05 2.29842e-05 1.89095e-05 1.32605e-05 8.1454e-06 4.4755e-06 2.1933e-06 9.24567e-07 3.0286e-07 5.49915e-08 0 
0 8.21624e-06 3.3773e-05 7.70248e-05 0.000136885 0.000210817 0.000294979 0.000384515 0.000473997 0.000557956 0.000631419 0.000690355 0.000731951 0.000754685 0.000758259 0.000743445 0.000711905 0.000666012 0.000608645 0.000542941 0.000472012 0.000398672 0.000325356 0.000254428 0.000188933 0.000132949 9.01697e-05 6.1332e-05 4.36219e-05 3.27297e-05 2.50148e-05 1.84987e-05 1.27773e-05 8.1454e-06 4.78766e-06 2.58346e-06 1.25749e-06 5.28816e-07 1.73084e-07 3.14193e-08 0 
0 4.37555e-06 1.79874e-05 4.10301e-05 7.29397e-05 0.000112395 0.000157398 0.000205425 0.000253639 0.000299147 0.000339253 0.000371686 0.000394774 0.000407535 0.000409697 0.00040166 0.000384398 0.000359343 0.00032823 0.000292938 0.000255332 0.000217123 0.000179796 0.000144619 0.000112728 8.51651e-05 6.26853e-05 4.5409e-05 3.26783e-05 2.33749e-05 1.64427e-05 1.11947e-05 7.27712e-06 4.4755e-06 2.58346e-06 1.38287e-06 6.70907e-07 2.81789e-07 9.21901e-08 1.67324e-08 0 
0 2.11789e-06 8.7067e-06 1.98617e-05 3.53123e-05 5.44241e-05 7.62375e-05 9.95404e-05 0.000122969 0.000145126 0.000164698 0.000180567 0.000191895 0.00019818 0.000199272 0.000195362 0.000186937 0.000174719 0.000159582 0.000142475 0.000124335 0.000106028 8.82991e-05 7.17522e-05 5.685e-05 4.39135e-05 3.31049e-05 2.44027e-05 1.76103e-05 1.24249e-05 8.53211e-06 5.66504e-06 3.61108e-06 2.1933e-06 1.25749e-06 6.70907e-07 3.2503e-07 1.36437e-07 4.46269e-08 8.09906e-09 0 
0 8.88667e-07 3.65337e-06 8.33422e-06 1.48181e-05 2.28394e-05 3.19966e-05 4.17823e-05 5.16256e-05 6.09402e-05 6.9174e-05 7.58555e-05 8.06294e-05 8.32811e-05 8.37457e-05 8.2103e-05 7.85597e-05 7.34223e-05 6.7063e-05 5.98847e-05 5.22866e-05 4.46365e-05 3.7249e-05 3.03738e-05 2.41908e-05 1.88105e-05 1.4277e-05 1.05737e-05 7.63537e-06 5.36647e-06 3.66017e-06 2.41246e-06 1.52849e-06 9.24567e-07 5.28816e-07 2.81789e-07 1.36437e-07 5.72576e-08 1.87263e-08 3.3984e-09 0 
0 2.90623e-07 1.19477e-06 2.72559e-06 4.84611e-06 7.46957e-06 1.04647e-05 1.36658e-05 1.68862e-05 1.99341e-05 2.2629e-05 2.48164e-05 2.63797e-05 2.72484e-05 2.74011e-05 2.68637e-05 2.57042e-05 2.40232e-05 2.1943e-05 1.95958e-05 1.71129e-05 1.46148e-05 1.22046e-05 9.9631e-06 7.94764e-06 6.19197e-06 4.7085e-06 3.49154e-06 2.52165e-06 1.77045e-06 1.20525e-06 7.92719e-07 5.01342e-07 3.0286e-07 1.73084e-07 9.21901e-08 4.46269e-08 1.87263e-08 6.12426e-09 1.11139e-09 0 
0 5.27397e-08 2.16818e-07 4.94619e-07 8.79439e-07 1.35553e-06 1.89909e-06 2.48005e-06 3.06453e-06 3.61774e-06 4.10692e-06 4.50399e-06 4.7878e-06 4.94553e-06 4.97327e-06 4.87575e-06 4.66531e-06 4.36021e-06 3.9827e-06 3.5568e-06 3.10635e-06 2.65326e-06 2.21619e-06 1.80981e-06 1.44439e-06 1.12594e-06 8.56633e-07 6.35442e-07 4.58942e-07 3.22128e-07 2.19177e-07 1.44072e-07 9.10672e-08 5.49915e-08 3.14193e-08 1.67324e-08 8.09906e-09 3.3984e-09 1.11139e-09 2.01687e-10 0 
0 0 0 0 0 0 0 0 0 0 0 0 0 0 0 0 0 0 0 0 0 0 0 0 0 0 0 0 0 0 0 0 0 0 0 0 0 0 0 0 0 
