0 0 0 0 0 0 0 0 0 0 0 0 0 0 0 0 0 0 0 0 0 0 0 0 0 0 0 0 0 0 0 0 0 0 0 0 0 0 0 0 0 
0 1.35377e-05 5.43971e-05 0.000118841 0.000196508 0.00027195 0.000330456 0.00036442 0.000375081 0.00036932 0.00035525 0.000339463 0.000326259 0.000317955 0.000315472 0.000318786 0.000327145 0.000339097 0.000352425 0.000364143 0.000370714 0.00036859 0.000355066 0.000329198 0.000292363 0.000248083 0.000201057 0.000155848 0.000115813 8.26931e-05 5.68041e-05 3.75232e-05 2.37738e-05 1.43707e-05 8.21411e-06 4.37509e-06 2.11781e-06 8.88653e-07 2.90621e-07 5.27396e-08 0 
0 5.43971e-05 0.00021153 0.000432443 0.000636893 0.000741113 0.00071873 0.000611074 0.000479252 0.000363302 0.000276891 0.000218846 0.000183445 0.000165394 0.000161357 0.000170082 0.000192156 0.000229616 0.000285281 0.000361419 0.000457439 0.000566811 0.000674669 0.000758786 0.00079613 0.000773305 0.000694131 0.000577961 0.000449818 0.000330148 0.000230247 0.000153272 9.74661e-05 5.90124e-05 3.3754e-05 1.79834e-05 8.70597e-06 3.65326e-06 1.19476e-06 2.16817e-07 0 
0 0.000118841 0.000432443 0.00077114 0.000898531 0.000748671 0.000483612 0.000264983 0.000134166 6.75664e-05 3.59719e-05 2.12586e-05 1.44597e-05 1.15799e-05 1.10166e-05 1.23965e-05 1.62363e-05 2.41315e-05 3.94247e-05 6.83475e-05 0.000121285 0.000212779 0.000357308 0.000557648 0.000788243 0.000988914 0.00108892 0.00105322 0.00090592 0.00070646 0.00050945 0.00034492 0.000221076 0.000134316 7.69348e-05 4.10118e-05 1.98584e-05 8.33374e-06 2.72554e-06 4.94616e-07 0 
0 0.000196508 0.000636893 0.000898531 0.000717803 0.000365324 0.000135269 4.15374e-05 1.18687e-05 3.49137e-06 1.15542e-06 4.63354e-07 2.38246e-07 1.62759e-07 1.49737e-07 1.84021e-07 2.94001e-07 5.85277e-07 1.37724e-06 3.61557e-06 9.99263e-06 2.75435e-05 7.21948e-05 0.000172801 0.000364839 0.00065914 0.000993843 0.00123401 0.00126922 0.00110928 0.000853494 0.000597326 0.000388813 0.000237801 0.000136575 7.28784e-05 3.53016e-05 1.48165e-05 4.84594e-06 8.79429e-07 0 
0 0.00027195 0.000741113 0.000748671 0.000365324 0.000102272 1.96053e-05 3.01858e-06 4.3201e-07 6.59519e-08 1.21838e-08 3.03358e-09 1.10541e-09 6.20937e-10 5.48154e-10 7.50922e-10 1.53221e-09 4.3699e-09 1.60991e-08 7.02735e-08 3.33373e-07 1.58677e-06 7.0747e-06 2.79653e-05 9.39836e-05 0.000259936 0.000575099 0.000992997 0.00132337 0.00138394 0.00118652 0.000879336 0.000588074 0.000363875 0.000209951 0.000112228 5.43956e-05 2.28353e-05 7.46912e-06 1.35551e-06 0 
0 0.000330456 0.00071873 0.000483612 0.000135269 1.96053e-05 1.80421e-06 1.27268e-07 8.28725e-09 5.98103e-10 5.67364e-11 8.19026e-12 2.01283e-12 9.0381e-13 7.60941e-13 1.17997e-12 3.18409e-12 1.3696e-11 8.42266e-11 6.57376e-10 5.77998e-09 5.12749e-08 4.17573e-07 2.89809e-06 1.62533e-05 7.11343e-05 0.000237215 0.000589691 0.00107073 0.00141751 0.00141854 0.00114641 0.000799736 0.000504005 0.000292932 0.000157007 7.61722e-05 3.19874e-05 1.04637e-05 1.89904e-06 0 
0 0.00036442 0.000611074 0.000264983 4.15374e-05 3.01858e-06 1.27268e-07 3.89265e-09 1.08925e-10 3.51905e-12 1.63297e-13 1.3136e-14 2.11569e-15 7.46986e-16 5.97544e-16 1.0579e-15 3.85089e-15 2.57268e-14 2.74017e-13 3.98812e-12 6.79717e-11 1.17594e-09 1.82688e-08 2.31436e-07 2.23394e-06 1.57722e-05 7.98123e-05 0.000286088 0.000715724 0.0012341 0.0014934 0.00135352 0.00100113 0.000647576 0.000380319 0.000204631 9.94097e-05 4.17642e-05 1.36639e-05 2.47994e-06 0 
0 0.000375081 0.000479252 0.000134166 1.18687e-05 4.3201e-07 8.28725e-09 1.08925e-10 1.29783e-12 1.8609e-14 4.19235e-16 1.8677e-17 1.96405e-18 5.45208e-19 4.14397e-19 8.3617e-19 4.10872e-18 4.27931e-17 7.93607e-16 2.16743e-14 7.21054e-13 2.4507e-11 7.31666e-10 1.70348e-08 2.84432e-07 3.2424e-06 2.4735e-05 0.000125979 0.000427703 0.000958555 0.00142275 0.00147375 0.00117174 0.00078354 0.000466419 0.000252213 0.000122737 5.15938e-05 1.68828e-05 3.06434e-06 0 
0 0.00036932 0.000363302 6.75664e-05 3.49137e-06 6.59519e-08 5.98103e-10 3.51905e-12 1.8609e-14 1.23195e-16 1.39629e-18 3.58896e-20 2.70503e-21 6.77961e-22 5.09259e-22 1.05364e-21 6.17258e-21 9.43608e-20 2.95076e-18 1.46594e-16 9.21345e-15 5.95414e-13 3.311e-11 1.37649e-09 3.87408e-08 6.96424e-07 7.82328e-06 5.51368e-05 0.000246732 0.000702157 0.00126836 0.00150889 0.00129915 0.000902468 0.000545754 0.000296853 0.000144754 6.08897e-05 1.99289e-05 3.61745e-06 0 
0 0.00035525 0.000276891 3.59719e-05 1.15542e-06 1.21838e-08 5.67364e-11 1.63297e-13 4.19235e-16 1.39629e-18 8.73886e-21 1.55464e-22 1.14276e-23 3.20108e-24 2.46743e-24 4.65005e-24 2.45888e-23 4.278e-22 2.00244e-20 1.68311e-18 1.86243e-16 2.13199e-14 2.06245e-12 1.43706e-10 6.44115e-09 1.73761e-07 2.75278e-06 2.58089e-05 0.000146489 0.000510935 0.00109629 0.00148348 0.00138175 0.000998176 0.000613729 0.00033592 0.00016416 6.91014e-05 2.26216e-05 4.1065e-06 0 
0 0.000339463 0.000218846 2.12586e-05 4.63354e-07 3.03358e-09 8.19026e-12 1.3136e-14 1.8677e-17 3.58896e-20 1.55464e-22 2.36012e-24 1.57458e-25 4.41166e-26 3.41901e-26 6.17597e-26 3.22118e-25 5.99441e-24 3.46771e-22 4.30188e-20 7.53675e-18 1.37734e-15 2.09643e-13 2.22986e-11 1.46355e-09 5.50749e-08 1.1564e-06 1.36808e-05 9.3999e-05 0.000385166 0.000948496 0.00142942 0.00142671 0.00106821 0.000667068 0.000367283 0.000179857 7.576e-05 2.48067e-05 4.50345e-06 0 
0 0.000326259 0.000183445 1.44597e-05 2.38246e-07 1.10541e-09 2.01283e-12 2.11569e-15 1.96405e-18 2.70503e-21 1.14277e-23 1.57459e-25 6.93091e-27 1.36129e-27 9.87761e-28 1.9729e-27 1.37674e-26 3.24126e-25 2.0436e-23 3.04461e-21 7.31818e-19 1.87515e-16 3.96238e-14 5.72564e-12 4.95492e-10 2.37388e-08 6.11474e-07 8.56071e-06 6.74704e-05 0.000309963 0.000841998 0.0013733 0.00144517 0.00111312 0.000703896 0.000389447 0.000191036 8.05142e-05 2.6368e-05 4.78715e-06 0 
0 0.000317955 0.000165394 1.15799e-05 1.62759e-07 6.20937e-10 9.0381e-13 7.46986e-16 5.45208e-19 6.77962e-22 3.2011e-24 4.41173e-26 1.36131e-27 1.17452e-28 6.14151e-29 1.91392e-28 2.37932e-27 7.01012e-26 4.47468e-24 6.80212e-22 1.912e-19 5.93418e-17 1.51214e-14 2.60333e-12 2.63931e-10 1.45224e-08 4.20632e-07 6.48633e-06 5.52979e-05 0.000271162 0.000779285 0.00133167 0.00144741 0.00113495 0.000723549 0.0004016 0.000197222 8.31527e-05 2.72354e-05 4.94481e-06 0 
0 0.000315472 0.000161357 1.10166e-05 1.49737e-07 5.48154e-10 7.60941e-13 5.97544e-16 4.14397e-19 5.09259e-22 2.46745e-24 3.41907e-26 9.87783e-28 6.1416e-29 2.36833e-29 1.04521e-28 1.61459e-27 5.01152e-26 3.19869e-24 4.8388e-22 1.4e-19 4.52594e-17 1.20106e-14 2.14877e-12 2.25632e-10 1.28061e-08 3.80882e-07 6.00427e-06 5.21296e-05 0.000259684 0.000757335 0.00131153 0.00143996 0.00113588 0.000726243 0.000403579 0.000198282 8.36129e-05 2.73875e-05 4.97252e-06 0 
0 0.000318786 0.000170082 1.23965e-05 1.84021e-07 7.50922e-10 1.17997e-12 1.0579e-15 8.3617e-19 1.05364e-21 4.65007e-24 6.17604e-26 1.97293e-27 1.91392e-28 1.0452e-28 3.15084e-28 3.64517e-27 1.05102e-25 6.82573e-24 1.04381e-21 2.78964e-19 8.11685e-17 1.94467e-14 3.16455e-12 3.05231e-10 1.60924e-08 4.49846e-07 6.7417e-06 5.62242e-05 0.00027134 0.000771846 0.00131232 0.00142451 0.00111738 0.000712785 0.000395791 0.00019441 8.1975e-05 2.68506e-05 4.87503e-06 0 
0 0.000327145 0.000192156 1.62363e-05 2.94001e-07 1.53221e-09 3.18409e-12 3.85089e-15 4.10872e-18 6.17258e-21 2.45888e-23 3.22119e-25 1.37674e-26 2.37929e-27 1.61456e-27 3.64514e-27 2.84711e-26 6.939e-25 4.46347e-23 6.38473e-21 1.38218e-18 3.16346e-16 6.00611e-14 7.87089e-12 6.24811e-10 2.78025e-08 6.73613e-07 8.98046e-06 6.81988e-05 0.000305351 0.000817485 0.00132701 0.00139816 0.00107995 0.000684417 0.00037913 0.00018608 7.8444e-05 2.56923e-05 4.66464e-06 0 
0 0.000339097 0.000229616 2.41315e-05 5.85277e-07 4.3699e-09 1.3696e-11 2.57268e-14 4.27931e-17 9.43608e-20 4.278e-22 5.99441e-24 3.24125e-25 7.01006e-26 5.01147e-26 1.05101e-25 6.93899e-25 1.48218e-23 8.56765e-22 9.60973e-20 1.47767e-17 2.37106e-15 3.1919e-13 3.03555e-11 1.80507e-09 6.24334e-08 1.22282e-06 1.36959e-05 9.04424e-05 0.000361946 0.000885096 0.00134206 0.00135448 0.0010236 0.00064278 0.00035488 0.000173989 7.33231e-05 2.4013e-05 4.35964e-06 0 
0 0.000352425 0.000285281 3.94247e-05 1.37724e-06 1.60991e-08 8.42266e-11 2.74017e-13 7.93607e-16 2.95076e-18 2.00244e-20 3.46771e-22 2.04359e-23 4.47466e-24 3.19868e-24 6.82571e-24 4.46347e-23 8.56765e-22 3.79976e-20 2.87928e-18 2.85478e-16 2.93559e-14 2.5671e-12 1.63142e-10 6.74077e-09 1.69606e-07 2.53788e-06 2.27914e-05 0.000126042 0.000437643 0.000956478 0.00133714 0.00128519 0.000948467 0.000589923 0.000324613 0.000158986 6.69812e-05 2.19345e-05 3.98221e-06 0 
0 0.000364143 0.000361419 6.83475e-05 3.61557e-06 7.02735e-08 6.57376e-10 3.98812e-12 2.16743e-14 1.46594e-16 1.68311e-18 4.30188e-20 3.04461e-21 6.80212e-22 4.8388e-22 1.04381e-21 6.38473e-21 9.60973e-20 2.87928e-18 1.36591e-16 8.20619e-15 5.07937e-13 2.71173e-11 1.08494e-09 2.94593e-08 5.12568e-07 5.60464e-06 3.88806e-05 0.000174852 0.000516094 0.00099812 0.00128602 0.00118204 0.000855352 0.000528257 0.000290069 0.000141996 5.9818e-05 1.95888e-05 3.55639e-06 0 
0 0.000370714 0.000457439 0.000121285 9.99263e-06 3.33373e-07 5.77998e-09 6.79717e-11 7.21054e-13 9.21345e-15 1.86243e-16 7.53675e-18 7.31818e-19 1.912e-19 1.4e-19 2.78964e-19 1.38218e-18 1.47767e-17 2.85478e-16 8.20619e-15 2.88803e-13 1.03806e-11 3.25914e-10 7.89733e-09 1.35392e-07 1.56407e-06 1.20181e-05 6.22848e-05 0.000222676 0.000554715 0.000958196 0.00115974 0.00103838 0.000745905 0.000460403 0.000253018 0.000123942 5.22311e-05 1.7107e-05 3.106e-06 0 
0 0.00036859 0.000566811 0.000212779 2.75435e-05 1.58677e-06 5.12749e-08 1.17594e-09 2.4507e-11 5.95414e-13 2.13199e-14 1.37734e-15 1.87515e-16 5.93418e-17 4.52594e-17 8.11685e-17 3.16346e-16 2.37106e-15 2.93559e-14 5.07937e-13 1.03806e-11 2.14137e-10 3.88891e-09 5.57053e-08 5.82069e-07 4.25756e-06 2.17838e-05 8.05926e-05 0.000224813 0.000481178 0.000777858 0.000933766 0.000850266 0.000622368 0.000388961 0.000215134 0.000105684 4.45872e-05 1.46095e-05 2.65294e-06 0 
0 0.000355066 0.000674669 0.000357308 7.21948e-05 7.0747e-06 4.17573e-07 1.82688e-08 7.31666e-10 3.311e-11 2.06245e-12 2.09643e-13 3.96238e-14 1.51214e-14 1.20106e-14 1.94467e-14 6.00611e-14 3.1919e-13 2.5671e-12 2.71173e-11 3.25914e-10 3.88891e-09 4.0742e-08 3.37132e-07 2.02899e-06 8.51549e-06 2.55774e-05 6.08657e-05 0.000129536 0.000257521 0.000446768 0.00060846 0.00061991 0.000487738 0.000316408 0.000177912 8.7969e-05 3.72016e-05 1.21994e-05 2.21589e-06 0 
0 0.000329198 0.000758786 0.000557648 0.000172801 2.79653e-05 2.89809e-06 2.31436e-07 1.70348e-08 1.37649e-09 1.43706e-10 2.22986e-11 5.72564e-12 2.60333e-12 2.14877e-12 3.16455e-12 7.87089e-12 3.03555e-11 1.63142e-10 1.08494e-09 7.89733e-09 5.57053e-08 3.37132e-07 1.54225e-06 4.69533e-06 8.78612e-06 1.09449e-05 1.24324e-05 1.90409e-05 4.43959e-05 0.000120637 0.000261076 0.000369143 0.000348074 0.000245404 0.000142678 7.14125e-05 3.03254e-05 9.95793e-06 1.80951e-06 0 
0 0.000292363 0.00079613 0.000788243 0.000364839 9.39836e-05 1.62533e-05 2.23394e-06 2.84432e-07 3.87408e-08 6.44115e-09 1.46355e-09 4.95492e-10 2.63931e-10 2.25632e-10 3.05231e-10 6.24811e-10 1.80507e-09 6.74077e-09 2.94593e-08 1.35392e-07 5.82069e-07 2.02899e-06 4.69533e-06 5.49263e-06 2.5694e-06 5.61403e-07 1.3826e-07 1.2664e-07 6.20178e-07 6.7503e-06 5.08736e-05 0.000156936 0.000217224 0.000179562 0.000110672 5.64936e-05 2.4141e-05 7.94242e-06 1.44409e-06 0 
0 0.000248083 0.000773305 0.000988914 0.00065914 0.000259936 7.11343e-05 1.57722e-05 3.2424e-06 6.96424e-07 1.73761e-07 5.50749e-08 2.37388e-08 1.45224e-08 1.28061e-08 1.60924e-08 2.78025e-08 6.24334e-08 1.69606e-07 5.12568e-07 1.56407e-06 4.25756e-06 8.51549e-06 8.78612e-06 2.5694e-06 1.11419e-07 8.78335e-10 1.02914e-11 3.81941e-12 1.15897e-10 2.8517e-08 3.00724e-06 4.24563e-05 0.000115891 0.000123687 8.30643e-05 4.35537e-05 1.87614e-05 6.18693e-06 1.12566e-06 0 
0 0.000201057 0.000694131 0.00108892 0.000993843 0.000575099 0.000237215 7.98123e-05 2.4735e-05 7.82328e-06 2.75278e-06 1.1564e-06 6.11474e-07 4.20632e-07 3.80882e-07 4.49846e-07 6.73613e-07 1.22282e-06 2.53788e-06 5.60464e-06 1.20181e-05 2.17838e-05 2.55774e-05 1.09449e-05 5.61403e-07 8.78335e-10 5.02439e-14 1.16992e-16 9.33583e-16 3.30334e-16 1.09646e-11 6.39776e-08 8.1756e-06 5.58182e-05 8.19024e-05 6.07223e-05 3.27715e-05 1.42323e-05 4.70401e-06 8.56387e-07 0 
0 0.000155848 0.000577961 0.00105322 0.00123401 0.000992997 0.000589691 0.000286088 0.000125979 5.51368e-05 2.58089e-05 1.36808e-05 8.56071e-06 6.48633e-06 6.00427e-06 6.7417e-06 8.98046e-06 1.36959e-05 2.27914e-05 3.88806e-05 6.22848e-05 8.05926e-05 6.08657e-05 1.24324e-05 1.3826e-07 1.02914e-11 1.16992e-16 4.26161e-18 1.99751e-17 4.03469e-17 7.93318e-15 2.00403e-09 1.89778e-06 2.87442e-05 5.47341e-05 4.37828e-05 2.4128e-05 1.05373e-05 3.48794e-06 6.35247e-07 0 
0 0.000115813 0.000449818 0.00090592 0.00126922 0.00132337 0.00107073 0.000715724 0.000427703 0.000246732 0.000146489 9.3999e-05 6.74704e-05 5.52979e-05 5.21296e-05 5.62242e-05 6.81988e-05 9.04424e-05 0.000126042 0.000174852 0.000222676 0.000224813 0.000129536 1.90409e-05 1.2664e-07 3.81941e-12 9.33582e-16 1.99752e-17 3.52875e-18 1.94559e-17 9.92757e-16 6.78872e-10 1.05827e-06 1.9322e-05 3.88577e-05 3.15039e-05 1.74131e-05 7.60944e-06 2.51909e-06 4.58804e-07 0 
0 8.26931e-05 0.000330148 0.00070646 0.00110928 0.00138394 0.00141751 0.0012341 0.000958555 0.000702157 0.000510935 0.000385166 0.000309963 0.000271162 0.000259684 0.00027134 0.000305351 0.000361946 0.000437643 0.000516094 0.000554715 0.000481178 0.000257521 4.43959e-05 6.20178e-07 1.15897e-10 3.30334e-16 4.03468e-17 1.94559e-17 1.83378e-17 9.73919e-14 4.5487e-09 1.73182e-06 1.7879e-05 2.96349e-05 2.2645e-05 1.23032e-05 5.35042e-06 1.76885e-06 3.22042e-07 0 
0 5.68041e-05 0.000230247 0.00050945 0.000853494 0.00118652 0.00141854 0.0014934 0.00142275 0.00126836 0.00109629 0.000948496 0.000841998 0.000779285 0.000757335 0.000771846 0.000817485 0.000885096 0.000956478 0.00099812 0.000958196 0.000777858 0.000446768 0.000120637 6.7503e-06 2.8517e-08 1.09646e-11 7.93318e-15 9.92757e-16 9.73919e-14 2.09201e-10 1.33784e-07 4.95032e-06 1.95448e-05 2.32738e-05 1.60572e-05 8.46798e-06 3.6516e-06 1.20438e-06 2.19129e-07 0 
0 3.75232e-05 0.000153272 0.00034492 0.000597326 0.000879336 0.00114641 0.00135352 0.00147375 0.00150889 0.00148348 0.00142942 0.0013733 0.00133167 0.00131153 0.00131232 0.00132701 0.00134206 0.00133714 0.00128602 0.00115974 0.000933766 0.00060846 0.000261076 5.08736e-05 3.00724e-06 6.39776e-08 2.00403e-09 6.78872e-10 4.5487e-09 1.33784e-07 2.44986e-06 1.22371e-05 2.03235e-05 1.76874e-05 1.10233e-05 5.63624e-06 2.40851e-06 7.92311e-07 1.44049e-07 0 
0 2.37738e-05 9.74661e-05 0.000221076 0.000388813 0.000588074 0.000799736 0.00100113 0.00117174 0.00129915 0.00138175 0.00142671 0.00144517 0.00144741 0.00143996 0.00142451 0.00139816 0.00135448 0.00128519 0.00118204 0.00103838 0.000850266 0.00061991 0.000369143 0.000156936 4.24563e-05 8.1756e-06 1.89778e-06 1.05827e-06 1.73182e-06 4.95032e-06 1.22371e-05 1.85601e-05 1.77588e-05 1.24701e-05 7.21303e-06 3.60002e-06 1.52693e-06 5.01174e-07 9.10574e-08 0 
0 1.43707e-05 5.90124e-05 0.000134316 0.000237801 0.000363875 0.000504005 0.000647576 0.00078354 0.000902468 0.000998176 0.00106821 0.00111312 0.00113495 0.00113588 0.00111738 0.00107995 0.0010236 0.000948467 0.000855352 0.000745905 0.000622368 0.000487738 0.000348074 0.000217224 0.000115891 5.58182e-05 2.87442e-05 1.9322e-05 1.7879e-05 1.95448e-05 2.03235e-05 1.77588e-05 1.28881e-05 8.04993e-06 4.45518e-06 2.18965e-06 9.24027e-07 3.028e-07 5.49879e-08 0 
0 8.21411e-06 3.3754e-05 7.69348e-05 0.000136575 0.000209951 0.000292932 0.000380319 0.000466419 0.000545754 0.000613729 0.000667068 0.000703896 0.000723549 0.000726243 0.000712785 0.000684417 0.00064278 0.000589923 0.000528257 0.000460403 0.000388961 0.000316408 0.000245404 0.000179562 0.000123687 8.19024e-05 5.47341e-05 3.88577e-05 2.96349e-05 2.32738e-05 1.76874e-05 1.24701e-05 8.04993e-06 4.7628e-06 2.57795e-06 1.25645e-06 5.28655e-07 1.73066e-07 3.14182e-08 0 
0 4.37509e-06 1.79834e-05 4.10118e-05 7.28784e-05 0.000112228 0.000157007 0.000204631 0.000252213 0.000296853 0.00033592 0.000367283 0.000389447 0.0004016 0.000403579 0.000395791 0.00037913 0.00035488 0.000324613 0.000290069 0.000253018 0.000215134 0.000177912 0.000142678 0.000110672 8.30643e-05 6.07223e-05 4.37828e-05 3.15039e-05 2.2645e-05 1.60572e-05 1.10233e-05 7.21303e-06 4.45518e-06 2.57795e-06 1.38158e-06 6.70653e-07 2.81747e-07 9.2185e-08 1.6732e-08 0 
0 2.11781e-06 8.70597e-06 1.98584e-05 3.53016e-05 5.43956e-05 7.61722e-05 9.94097e-05 0.000122737 0.000144754 0.00016416 0.000179857 0.000191036 0.000197222 0.000198282 0.00019441 0.00018608 0.000173989 0.000158986 0.000141996 0.000123942 0.000105684 8.7969e-05 7.14125e-05 5.64936e-05 4.35537e-05 3.27715e-05 2.4128e-05 1.74131e-05 1.23032e-05 8.46798e-06 5.63624e-06 3.60002e-06 2.18965e-06 1.25645e-06 6.70653e-07 3.24977e-07 1.36428e-07 4.46257e-08 8.09898e-09 0 
0 8.88653e-07 3.65326e-06 8.33374e-06 1.48165e-05 2.28353e-05 3.19874e-05 4.17642e-05 5.15938e-05 6.08897e-05 6.91014e-05 7.576e-05 8.05142e-05 8.31527e-05 8.36129e-05 8.1975e-05 7.8444e-05 7.33231e-05 6.69812e-05 5.9818e-05 5.22311e-05 4.45872e-05 3.72016e-05 3.03254e-05 2.4141e-05 1.87614e-05 1.42323e-05 1.05373e-05 7.60944e-06 5.35042e-06 3.6516e-06 2.40851e-06 1.52693e-06 9.24027e-07 5.28655e-07 2.81747e-07 1.36428e-07 5.72559e-08 1.87261e-08 3.39838e-09 0 
0 2.90621e-07 1.19476e-06 2.72554e-06 4.84594e-06 7.46912e-06 1.04637e-05 1.36639e-05 1.68828e-05 1.99289e-05 2.26216e-05 2.48067e-05 2.6368e-05 2.72354e-05 2.73875e-05 2.68506e-05 2.56923e-05 2.4013e-05 2.19345e-05 1.95888e-05 1.7107e-05 1.46095e-05 1.21994e-05 9.95793e-06 7.94242e-06 6.18693e-06 4.70401e-06 3.48794e-06 2.51909e-06 1.76885e-06 1.20438e-06 7.92311e-07 5.01174e-07 3.028e-07 1.73066e-07 9.2185e-08 4.46257e-08 1.87261e-08 6.12423e-09 1.11139e-09 0 
0 5.27396e-08 2.16817e-07 4.94616e-07 8.79429e-07 1.35551e-06 1.89904e-06 2.47994e-06 3.06434e-06 3.61745e-06 4.1065e-06 4.50345e-06 4.78715e-06 4.94481e-06 4.97252e-06 4.87503e-06 4.66464e-06 4.35964e-06 3.98221e-06 3.55639e-06 3.106e-06 2.65294e-06 2.21589e-06 1.80951e-06 1.44409e-06 1.12566e-06 8.56387e-07 6.35247e-07 4.58804e-07 3.22042e-07 2.19129e-07 1.44049e-07 9.10574e-08 5.49879e-08 3.14182e-08 1.6732e-08 8.09898e-09 3.39838e-09 1.11139e-09 2.01687e-10 0 
0 0 0 0 0 0 0 0 0 0 0 0 0 0 0 0 0 0 0 0 0 0 0 0 0 0 0 0 0 0 0 0 0 0 0 0 0 0 0 0 0 
