0 0 0 0 0 0 0 0 0 0 0 0 0 0 0 0 0 0 0 0 0 0 0 0 0 0 0 0 0 0 0 0 0 0 0 0 0 0 0 0 0 
0 1.37879e-05 5.66661e-05 0.00012919 0.000229425 0.00035287 0.000492645 0.000640019 0.000785335 0.000919224 0.00103382 0.00112356 0.00118543 0.00121853 0.00122349 0.00120186 0.00115583 0.00108823 0.00100258 0.000903239 0.000795216 0.000683838 0.000574213 0.000470728 0.00037668 0.000294144 0.000224031 0.000166285 0.000120129 8.43185e-05 5.73624e-05 3.76983e-05 2.3824e-05 1.43838e-05 8.21722e-06 4.37575e-06 2.11793e-06 8.88673e-07 2.90623e-07 5.27398e-08 0 
0 5.66661e-05 0.000232787 0.000530197 0.000939667 0.00143982 0.00199727 0.00256928 0.00310999 0.00357946 0.00395179 0.00421845 0.00438512 0.00446459 0.00446952 0.00440785 0.00428187 0.00409039 0.00383267 0.00351259 0.00314118 0.00273647 0.00232058 0.00191557 0.00153974 0.00120561 0.000919628 0.000683126 0.000493702 0.000346594 0.000235809 0.000154978 9.79417e-05 5.91331e-05 3.37817e-05 1.79891e-05 8.70702e-06 3.65342e-06 1.19478e-06 2.16818e-07 0 
0 0.00012919 0.000530197 0.00120483 0.00212501 0.00322576 0.0044025 0.00552203 0.00645443 0.00711601 0.00749658 0.00765174 0.00766823 0.00762721 0.0075818 0.00755 0.00751685 0.00744196 0.00727189 0.00695756 0.00647328 0.00582921 0.00507 0.00425998 0.00346349 0.00273034 0.00209047 0.00155584 0.00112546 0.000790436 0.000537879 0.00035353 0.000223428 0.000134898 7.70651e-05 4.1038e-05 1.98631e-05 8.33443e-06 2.72561e-06 4.94621e-07 0 
0 0.000229425 0.000939667 0.00212501 0.00370836 0.00551264 0.00725234 0.0085938 0.00929608 0.0093395 0.00891863 0.00831069 0.00774688 0.00736488 0.00722324 0.00732947 0.00765506 0.00813347 0.00865137 0.00905147 0.00916562 0.00887622 0.00817108 0.00714817 0.00596558 0.00477627 0.003688 0.00275658 0.00199807 0.00140454 0.000956128 0.000628525 0.000397245 0.000239848 0.000137022 7.29661e-05 3.53168e-05 1.48187e-05 4.84618e-06 8.79443e-07 0 
0 0.00035287 0.00143982 0.00322576 0.00551264 0.00786085 0.00961978 0.0102199 0.00958365 0.00818166 0.00663623 0.0053526 0.00446741 0.00397091 0.00381867 0.00398399 0.00446863 0.00528757 0.00642897 0.00779172 0.00913189 0.0100902 0.0103446 0.00979669 0.00861851 0.00712255 0.00559596 0.0042193 0.00307074 0.00216239 0.00147309 0.00096863 0.000612265 0.000369686 0.0002112 0.000112467 5.44361e-05 2.28411e-05 7.46975e-06 1.35555e-06 0 
0 0.000492645 0.00199727 0.0044025 0.00725234 0.00961978 0.0104185 0.00928982 0.00703089 0.00477987 0.00312833 0.00210544 0.00153638 0.00126029 0.00118397 0.00127629 0.00155828 0.00210036 0.00301634 0.00442458 0.00633701 0.00849215 0.0103029 0.0111315 0.010735 0.00939254 0.00761778 0.00583669 0.00427955 0.00302328 0.00206221 0.00135667 0.0008577 0.000517913 0.000295888 0.000157566 7.62649e-05 3.20004e-05 1.04651e-05 1.89912e-06 0 
0 0.000640019 0.00256928 0.00552203 0.0085938 0.0102199 0.00928982 0.00655767 0.00381065 0.00199228 0.00102931 0.000570248 0.000360733 0.00027174 0.00024894 0.000277604 0.000370437 0.000572758 0.000982131 0.00177327 0.00318569 0.00537729 0.00809989 0.0105063 0.0116134 0.0111107 0.00948762 0.0074644 0.00554088 0.00393503 0.00268978 0.00177094 0.00111992 0.000676318 0.0003864 0.000205767 9.95955e-05 4.17898e-05 1.36666e-05 2.48009e-06 0 
0 0.000785335 0.00310999 0.00645443 0.00929608 0.00958365 0.00703089 0.00381065 0.0016745 0.000670556 0.000273551 0.000124815 6.84248e-05 4.72906e-05 4.22012e-05 4.86343e-05 7.08521e-05 0.000125469 0.000256295 0.00056818 0.00128014 0.00274033 0.00522172 0.00838642 0.0110163 0.0118954 0.0109308 0.00894072 0.00675972 0.0048386 0.00331778 0.00218696 0.00138358 0.000835657 0.000477457 0.000254261 0.000123068 5.16389e-05 1.68875e-05 3.0646e-06 0 
0 0.000919224 0.00357946 0.00711601 0.0093395 0.00818166 0.00477987 0.00199228 0.000670556 0.000208879 6.81588e-05 2.58441e-05 1.23428e-05 7.8432e-06 6.81452e-06 8.09303e-06 1.28069e-05 2.57833e-05 6.21111e-05 0.00016689 0.000464443 0.00124229 0.0029679 0.00591973 0.00938602 0.0116838 0.0117666 0.010124 0.00784394 0.00567455 0.0039074 0.00257965 0.00163291 0.000986433 0.000563637 0.000300161 0.000145285 6.09613e-05 1.99363e-05 3.61786e-06 0 
0 0.00103382 0.00395179 0.00749658 0.00891863 0.00663623 0.00312833 0.00102931 0.000273551 6.81588e-05 1.82001e-05 5.83412e-06 2.4554e-06 1.443e-06 1.22115e-06 1.48741e-06 2.53256e-06 5.71731e-06 1.59597e-05 5.08885e-05 0.000170688 0.000555288 0.00161994 0.00393385 0.00747146 0.0107652 0.0119884 0.010934 0.00872126 0.00639048 0.00442296 0.00292557 0.00185311 0.00111971 0.000639834 0.000340747 0.000164931 6.92048e-05 2.26321e-05 4.10709e-06 0 
0 0.00112356 0.00421845 0.00765174 0.00831069 0.0053526 0.00210544 0.000570248 0.000124815 2.58441e-05 5.83412e-06 1.62247e-06 6.1286e-07 3.36462e-07 2.77771e-07 3.44708e-07 6.22671e-07 1.54438e-06 4.86961e-06 1.78897e-05 6.99973e-05 0.000267393 0.000918549 0.00262502 0.00582033 0.00957665 0.0117518 0.0113719 0.00935192 0.00694746 0.00483528 0.00320495 0.00203156 0.00122783 0.000701676 0.00037369 0.000180878 7.58963e-05 2.48205e-05 4.50422e-06 0 
0 0.00118543 0.00438512 0.00766823 0.00774688 0.00446741 0.00153638 0.000360733 6.84248e-05 1.23428e-05 2.4554e-06 6.1286e-07 2.12949e-07 1.10756e-07 8.94537e-08 1.1219e-07 2.11161e-07 5.60411e-07 1.93148e-06 7.87565e-06 3.45297e-05 0.000148528 0.000575677 0.00185683 0.00463219 0.00847205 0.0112816 0.0115043 0.00973029 0.00732299 0.00512401 0.00340322 0.0021588 0.00130505 0.000745868 0.000397236 0.000192277 8.06793e-05 2.63847e-05 4.78808e-06 0 
0 0.00121853 0.00446459 0.00762721 0.00736488 0.00397091 0.00126029 0.00027174 4.72906e-05 7.8432e-06 1.443e-06 3.36462e-07 1.10756e-07 5.55157e-08 4.40432e-08 5.5331e-08 1.06288e-07 2.92731e-07 1.06141e-06 4.59985e-06 2.15796e-05 9.97084e-05 0.000415997 0.00144641 0.00389046 0.00763641 0.0107725 0.0114222 0.0098745 0.00750992 0.00527836 0.00351188 0.00222916 0.00134789 0.000770412 0.000410319 0.000198611 8.33376e-05 2.72541e-05 4.94584e-06 0 
0 0.00122349 0.00446952 0.0075818 0.00722324 0.00381867 0.00118397 0.00024894 4.22012e-05 6.81452e-06 1.22115e-06 2.77771e-07 8.94537e-08 4.40432e-08 3.44937e-08 4.30202e-08 8.25268e-08 2.28297e-07 8.35911e-07 3.67529e-06 1.75606e-05 8.29008e-05 0.000354406 0.00126658 0.00351272 0.00711935 0.0103384 0.0112002 0.00981043 0.0075121 0.00529642 0.00352855 0.00224093 0.00135529 0.0007747 0.000412615 0.000199725 8.38051e-05 2.7407e-05 4.9736e-06 0 
0 0.00120186 0.00440785 0.00755 0.00732947 0.00398399 0.00127629 0.000277604 4.86343e-05 8.09303e-06 1.48741e-06 3.44708e-07 1.1219e-07 5.5331e-08 4.30202e-08 5.28266e-08 9.90815e-08 2.66598e-07 9.46452e-07 4.03026e-06 1.86656e-05 8.56253e-05 0.000357085 0.00125125 0.00342377 0.00689375 0.0100061 0.0108726 0.00955812 0.0073394 0.00518356 0.00345654 0.00219619 0.0013285 0.00075946 0.000404514 0.000195806 8.21616e-05 2.68696e-05 4.87608e-06 0 
0 0.00115583 0.00428187 0.00751685 0.00765506 0.00446863 0.00155828 0.000370437 7.08521e-05 1.28069e-05 2.53256e-06 6.22671e-07 2.11161e-07 1.06288e-07 8.25268e-08 9.90815e-08 1.78281e-07 4.53075e-07 1.50201e-06 5.93213e-06 2.54206e-05 0.00010806 0.000419523 0.00137819 0.00356935 0.00688882 0.00972893 0.0104283 0.00912547 0.00700409 0.00495055 0.00330377 0.00210022 0.00127083 0.000726593 0.000387034 0.000187351 7.86147e-05 2.57098e-05 4.66562e-06 0 
0 0.00108823 0.00409039 0.00744196 0.00813347 0.00528757 0.00210036 0.000572758 0.000125469 2.57833e-05 5.71731e-06 1.54438e-06 5.60411e-07 2.92731e-07 2.28297e-07 2.66598e-07 4.53075e-07 1.06096e-06 3.18058e-06 1.1221e-05 4.27058e-05 0.000161228 0.000558511 0.00165131 0.00389969 0.00699482 0.00940456 0.00982151 0.00850928 0.0065187 0.00461149 0.00308141 0.00196071 0.00118707 0.000678908 0.000361685 0.000175092 7.34725e-05 2.40284e-05 4.36051e-06 0 
0 0.00100258 0.00383267 0.00727189 0.00865137 0.00642897 0.00301634 0.000982131 0.000256295 6.21111e-05 1.59597e-05 4.86961e-06 1.93148e-06 1.06141e-06 8.35911e-07 9.46452e-07 1.50201e-06 3.18058e-06 8.40869e-06 2.57154e-05 8.40455e-05 0.000271859 0.000809986 0.0020798 0.00433863 0.00705774 0.00889686 0.00898938 0.00769966 0.00589413 0.00418117 0.00280202 0.00178664 0.00108301 0.000619793 0.000330295 0.000159918 6.71091e-05 2.19478e-05 3.98298e-06 0 
0 0.000903239 0.00351259 0.00695756 0.00905147 0.00779172 0.00442458 0.00177327 0.00056818 0.00016689 5.08885e-05 1.78897e-05 7.87565e-06 4.59985e-06 3.67529e-06 4.03026e-06 5.93213e-06 1.1221e-05 2.57154e-05 6.67114e-05 0.000182526 0.000491621 0.00122219 0.00264576 0.00475343 0.00688974 0.00806905 0.00787163 0.00668219 0.00513536 0.00367086 0.002477 0.00158692 0.000964646 0.00055286 0.00029483 0.00014279 5.99291e-05 1.96006e-05 3.55708e-06 0 
0 0.000795216 0.00314118 0.00647328 0.00916562 0.00913189 0.00633701 0.00318569 0.00128014 0.000464443 0.000170688 6.99973e-05 3.45297e-05 2.15796e-05 1.75606e-05 1.86656e-05 2.54206e-05 4.27058e-05 8.40455e-05 0.000182526 0.000410946 0.000902611 0.00182926 0.00326285 0.00495301 0.00631361 0.00682433 0.00642473 0.00543445 0.00423299 0.00308182 0.00211308 0.00136885 0.000837504 0.000481598 0.000257225 0.00012466 5.23334e-05 1.7118e-05 3.10666e-06 0 
0 0.000683838 0.00273647 0.00582921 0.00887622 0.0100902 0.00849215 0.00537729 0.00274033 0.00124229 0.000555288 0.000267393 0.000148528 9.97084e-05 8.29008e-05 8.56253e-05 0.00010806 0.000161228 0.000271859 0.000491621 0.000902611 0.0015963 0.00259735 0.00375649 0.00474229 0.00523306 0.00514569 0.004639 0.00392915 0.00315786 0.00239879 0.00170848 0.00113643 0.000706009 0.000409089 0.000219239 0.000106398 4.46902e-05 1.46207e-05 2.65361e-06 0 
0 0.000574213 0.00232058 0.00507 0.00817108 0.0103446 0.0103029 0.00809989 0.00522172 0.0029679 0.00161994 0.000918549 0.000575677 0.000415997 0.000354406 0.000357085 0.000419523 0.000558511 0.000809986 0.00122219 0.00182926 0.00259735 0.00337344 0.00391288 0.00402093 0.0037023 0.00315813 0.00262409 0.002216 0.0019066 0.00160379 0.00125473 0.00089027 0.000573282 0.000337874 0.000182371 8.87484e-05 3.73138e-05 1.22116e-05 2.21661e-06 0 
0 0.000470728 0.00191557 0.00425998 0.00714817 0.00979669 0.0111315 0.0105063 0.00838642 0.00591973 0.00393385 0.00262502 0.00185683 0.00144641 0.00126658 0.00125125 0.00137819 0.00165131 0.0020798 0.00264576 0.00326285 0.00375649 0.00391288 0.0035988 0.00287529 0.00200338 0.00128729 0.000867697 0.000706269 0.000710203 0.000771753 0.000763997 0.000633145 0.000442157 0.000270087 0.000147836 7.23049e-05 3.0452e-05 9.97143e-06 1.81029e-06 0 
0 0.00037668 0.00153974 0.00346349 0.00596558 0.00861851 0.010735 0.0116134 0.0110163 0.00938602 0.00747146 0.00582033 0.00463219 0.00389046 0.00351272 0.00342377 0.00356935 0.00389969 0.00433863 0.00475343 0.00495301 0.00474229 0.00402093 0.00287529 0.00162013 0.000681357 0.000232135 9.07439e-05 6.44801e-05 9.3875e-05 0.000190813 0.000329332 0.000385361 0.000318013 0.00020789 0.000116613 5.75025e-05 2.42806e-05 7.95697e-06 1.44492e-06 0 
0 0.000294144 0.00120561 0.00273034 0.00477627 0.00712255 0.00939254 0.0111107 0.0118954 0.0116838 0.0107652 0.00957665 0.00847205 0.00763641 0.00711935 0.00689375 0.00688882 0.00699482 0.00705774 0.00688974 0.00631361 0.00523306 0.0037023 0.00200338 0.000681357 0.000116614 1.09827e-05 1.31208e-06 6.76146e-07 2.15853e-06 1.62965e-05 8.55906e-05 0.000191348 0.000211078 0.000153831 8.94772e-05 4.46224e-05 1.89056e-05 6.2016e-06 1.12647e-06 0 
0 0.000224031 0.000919628 0.00209047 0.003688 0.00559596 0.00761778 0.00948762 0.0109308 0.0117666 0.0119884 0.0117518 0.0112816 0.0107725 0.0103384 0.0100061 0.00972893 0.00940456 0.00889686 0.00806905 0.00682433 0.00514569 0.00315813 0.00128729 0.000232135 1.09827e-05 1.45181e-07 2.68672e-09 8.28243e-10 9.10096e-09 5.23953e-07 1.45327e-05 8.14619e-05 0.000132263 0.000110328 6.69314e-05 3.37924e-05 1.43672e-05 4.71745e-06 8.57119e-07 0 
0 0.000166285 0.000683126 0.00155584 0.00275658 0.0042193 0.00583669 0.0074644 0.00894072 0.010124 0.010934 0.0113719 0.0115043 0.0114222 0.0112002 0.0108726 0.0104283 0.00982151 0.00898938 0.00787163 0.00642473 0.004639 0.00262409 0.000867697 9.07439e-05 1.31208e-06 2.68672e-09 8.24345e-12 1.5389e-12 5.53817e-11 2.20334e-08 2.88424e-06 3.70491e-05 8.39571e-05 7.82262e-05 4.9036e-05 2.49847e-05 1.0649e-05 3.49893e-06 6.35838e-07 0 
0 0.000120129 0.000493702 0.00112546 0.00199807 0.00307074 0.00427955 0.00554088 0.00675972 0.00784394 0.00872126 0.00935192 0.00973029 0.0098745 0.00981043 0.00955812 0.00912547 0.00850928 0.00769966 0.00668219 0.00543445 0.00392915 0.002216 0.000706269 6.44801e-05 6.76146e-07 8.28243e-10 1.5389e-12 2.45788e-13 1.19043e-11 7.78634e-09 1.51417e-06 2.38995e-05 5.86167e-05 5.59808e-05 3.53317e-05 1.80342e-05 7.69e-06 2.52699e-06 4.59228e-07 0 
0 8.43185e-05 0.000346594 0.000790436 0.00140454 0.00216239 0.00302328 0.00393503 0.0048386 0.00567455 0.00639048 0.00694746 0.00732299 0.00750992 0.0075121 0.0073394 0.00700409 0.0065187 0.00589413 0.00513536 0.00423299 0.00315786 0.0019066 0.000710203 9.3875e-05 2.15853e-06 9.10096e-09 5.53817e-11 1.19043e-11 2.44062e-10 4.08765e-08 2.68146e-06 2.36849e-05 4.59563e-05 4.05846e-05 2.50227e-05 1.26882e-05 5.40062e-06 1.77381e-06 3.2231e-07 0 
0 5.73624e-05 0.000235809 0.000537879 0.000956128 0.00147309 0.00206221 0.00268978 0.00331778 0.0039074 0.00442296 0.00483528 0.00512401 0.00527836 0.00529642 0.00518356 0.00495055 0.00461149 0.00418117 0.00367086 0.00308182 0.00239879 0.00160379 0.000771753 0.000190813 1.62965e-05 5.23953e-07 2.20334e-08 7.78634e-09 4.08765e-08 7.6794e-07 8.59574e-06 2.9039e-05 3.79215e-05 2.92508e-05 1.73049e-05 8.67108e-06 3.67851e-06 1.20708e-06 2.19278e-07 0 
0 3.76983e-05 0.000154978 0.00035353 0.000628525 0.00096863 0.00135667 0.00177094 0.00218696 0.00257965 0.00292557 0.00320495 0.00340322 0.00351188 0.00352855 0.00345654 0.00330377 0.00308141 0.00280202 0.002477 0.00211308 0.00170848 0.00125473 0.000763997 0.000329332 8.55906e-05 1.45327e-05 2.88424e-06 1.51417e-06 2.68146e-06 8.59574e-06 2.22302e-05 3.28746e-05 3.00535e-05 2.03882e-05 1.15735e-05 5.72741e-06 2.42093e-06 7.9359e-07 1.44121e-07 0 
0 2.3824e-05 9.79417e-05 0.000223428 0.000397245 0.000612265 0.0008577 0.00111992 0.00138358 0.00163291 0.00185311 0.00203156 0.0021588 0.00222916 0.00224093 0.00219619 0.00210022 0.00196071 0.00178664 0.00158692 0.00136885 0.00113643 0.00089027 0.000633145 0.000385361 0.000191348 8.14619e-05 3.70491e-05 2.38995e-05 2.36849e-05 2.9039e-05 3.28746e-05 2.97432e-05 2.16764e-05 1.34692e-05 7.41739e-06 3.63498e-06 1.53186e-06 5.01701e-07 9.1088e-08 0 
0 1.43838e-05 5.91331e-05 0.000134898 0.000239848 0.000369686 0.000517913 0.000676318 0.000835657 0.000986433 0.00111971 0.00122783 0.00130505 0.00134789 0.00135529 0.0013285 0.00127083 0.00118707 0.00108301 0.000964646 0.000837504 0.000706009 0.000573282 0.000442157 0.000318013 0.000211078 0.000132263 8.39571e-05 5.86167e-05 4.59563e-05 3.79215e-05 3.00535e-05 2.16764e-05 1.41056e-05 8.35582e-06 4.51965e-06 2.20117e-06 9.25727e-07 3.02989e-07 5.49992e-08 0 
0 8.21722e-06 3.37817e-05 7.70651e-05 0.000137022 0.0002112 0.000295888 0.0003864 0.000477457 0.000563637 0.000639834 0.000701676 0.000745868 0.000770412 0.0007747 0.00075946 0.000726593 0.000678908 0.000619793 0.00055286 0.000481598 0.000409089 0.000337874 0.000270087 0.00020789 0.000153831 0.000110328 7.82262e-05 5.59808e-05 4.05846e-05 2.92508e-05 2.03882e-05 1.34692e-05 8.35582e-06 4.84179e-06 2.59538e-06 1.25973e-06 5.29163e-07 1.73125e-07 3.14219e-08 0 
0 4.37575e-06 1.79891e-05 4.1038e-05 7.29661e-05 0.000112467 0.000157566 0.000205767 0.000254261 0.000300161 0.000340747 0.00037369 0.000397236 0.000410319 0.000412615 0.000404514 0.000387034 0.000361685 0.000330295 0.00029483 0.000257225 0.000219239 0.000182371 0.000147836 0.000116613 8.94772e-05 6.69314e-05 4.9036e-05 3.53317e-05 2.50227e-05 1.73049e-05 1.15735e-05 7.41739e-06 4.51965e-06 2.59538e-06 1.38563e-06 6.71455e-07 2.81878e-07 9.22009e-08 1.67331e-08 0 
0 2.11793e-06 8.70702e-06 1.98631e-05 3.53168e-05 5.44361e-05 7.62649e-05 9.95955e-05 0.000123068 0.000145285 0.000164931 0.000180878 0.000192277 0.000198611 0.000199725 0.000195806 0.000187351 0.000175092 0.000159918 0.00014279 0.00012466 0.000106398 8.87484e-05 7.23049e-05 5.75025e-05 4.46224e-05 3.37924e-05 2.49847e-05 1.80342e-05 1.26882e-05 8.67108e-06 5.72741e-06 3.63498e-06 2.20117e-06 1.25973e-06 6.71455e-07 3.25144e-07 1.36457e-07 4.46294e-08 8.09923e-09 0 
0 8.88673e-07 3.65342e-06 8.33443e-06 1.48187e-05 2.28411e-05 3.20004e-05 4.17898e-05 5.16389e-05 6.09613e-05 6.92048e-05 7.58963e-05 8.06793e-05 8.33376e-05 8.38051e-05 8.21616e-05 7.86147e-05 7.34725e-05 6.71091e-05 5.99291e-05 5.23334e-05 4.46902e-05 3.73138e-05 3.0452e-05 2.42806e-05 1.89056e-05 1.43672e-05 1.0649e-05 7.69e-06 5.40062e-06 3.67851e-06 2.42093e-06 1.53186e-06 9.25727e-07 5.29163e-07 2.81878e-07 1.36457e-07 5.72611e-08 1.87268e-08 3.39843e-09 0 
0 2.90623e-07 1.19478e-06 2.72561e-06 4.84618e-06 7.46975e-06 1.04651e-05 1.36666e-05 1.68875e-05 1.99363e-05 2.26321e-05 2.48205e-05 2.63847e-05 2.72541e-05 2.7407e-05 2.68696e-05 2.57098e-05 2.40284e-05 2.19478e-05 1.96006e-05 1.7118e-05 1.46207e-05 1.22116e-05 9.97143e-06 7.95697e-06 6.2016e-06 4.71745e-06 3.49893e-06 2.52699e-06 1.77381e-06 1.20708e-06 7.9359e-07 5.01701e-07 3.02989e-07 1.73125e-07 9.22009e-08 4.46294e-08 1.87268e-08 6.12433e-09 1.1114e-09 0 
0 5.27398e-08 2.16818e-07 4.94621e-07 8.79443e-07 1.35555e-06 1.89912e-06 2.48009e-06 3.0646e-06 3.61786e-06 4.10709e-06 4.50422e-06 4.78808e-06 4.94584e-06 4.9736e-06 4.87608e-06 4.66562e-06 4.36051e-06 3.98298e-06 3.55708e-06 3.10666e-06 2.65361e-06 2.21661e-06 1.81029e-06 1.44492e-06 1.12647e-06 8.57119e-07 6.35838e-07 4.59228e-07 3.2231e-07 2.19278e-07 1.44121e-07 9.1088e-08 5.49992e-08 3.14219e-08 1.67331e-08 8.09923e-09 3.39843e-09 1.1114e-09 2.01687e-10 0 
0 0 0 0 0 0 0 0 0 0 0 0 0 0 0 0 0 0 0 0 0 0 0 0 0 0 0 0 0 0 0 0 0 0 0 0 0 0 0 0 0 
