0 0 0 0 0 0 0 0 0 0 0 0 0 0 0 0 0 0 0 0 0 0 0 0 0 0 0 0 0 0 0 0 0 0 0 0 0 0 0 0 0 
0 1.34467e-05 5.35964e-05 0.000115407 0.000186612 0.000250699 0.000294302 0.000313114 0.000311434 0.000297446 0.00027891 0.000261286 0.000247693 0.000239573 0.000237364 0.000240917 0.000249663 0.000262569 0.000278 0.000293583 0.000306241 0.000312508 0.00030922 0.000294422 0.000268176 0.000232813 0.000192371 0.000151416 0.000113787 8.18618e-05 5.64973e-05 3.74211e-05 2.37431e-05 1.43624e-05 8.21206e-06 4.37464e-06 2.11772e-06 8.88639e-07 2.90619e-07 5.27395e-08 0 
0 5.35964e-05 0.000204388 0.000402982 0.000561112 0.000607122 0.000543132 0.000426409 0.000310948 0.000221311 0.000160113 0.000121548 9.90758e-05 8.79709e-05 8.55902e-05 9.106e-05 0.000104984 0.000129256 0.000166811 0.000220981 0.000294019 0.00038457 0.00048462 0.000577856 0.000642336 0.000658692 0.000620144 0.000536776 0.000429996 0.000321833 0.000227176 0.000152264 9.71694e-05 5.89339e-05 3.37353e-05 1.79794e-05 8.70524e-06 3.65314e-06 1.19475e-06 2.16816e-07 0 
0 0.000115407 0.000402982 0.00066557 0.000692255 0.000503786 0.000283635 0.000136666 6.15913e-05 2.79795e-05 1.3645e-05 7.52083e-06 4.86964e-06 3.79509e-06 3.59318e-06 4.11136e-06 5.58315e-06 8.74699e-06 1.52617e-05 2.85275e-05 5.49358e-05 0.000105031 0.000192811 0.000329931 0.000512649 0.000707308 0.000852668 0.000892834 0.00081762 0.00066639 0.000494105 0.000339844 0.000219598 0.000133933 7.68462e-05 4.09936e-05 1.98551e-05 8.33324e-06 2.72548e-06 4.94612e-07 0 
0 0.000186612 0.000561112 0.000692255 0.000461446 0.000193098 5.90288e-05 1.50793e-05 3.61809e-06 9.06407e-07 2.60803e-07 9.34482e-08 4.43482e-08 2.8979e-08 2.64502e-08 3.34039e-08 5.66094e-08 1.22777e-07 3.21333e-07 9.51622e-07 2.99039e-06 9.39522e-06 2.80354e-05 7.62022e-05 0.000182489 0.000374507 0.000642545 0.00090398 0.0010371 0.00098544 0.000801531 0.000579421 0.000383555 0.000236451 0.000136268 7.28165e-05 3.52908e-05 1.48149e-05 4.84576e-06 8.79418e-07 0 
0 0.000250699 0.000607122 0.000503786 0.000193098 4.20022e-05 6.23303e-06 7.41628e-07 8.24919e-08 9.95517e-09 1.4966e-09 3.15516e-10 1.02119e-10 5.37077e-11 4.68575e-11 6.68267e-11 1.48783e-10 4.81691e-10 2.07695e-09 1.08333e-08 6.20916e-08 3.57813e-07 1.92145e-06 9.05682e-06 3.58922e-05 0.00011614 0.000300164 0.000606651 0.00094156 0.00112186 0.0010575 0.000830939 0.000573356 0.000360075 0.000209096 0.000112058 5.43664e-05 2.28311e-05 7.46866e-06 1.35548e-06 0 
0 0.000294302 0.000543132 0.000283635 5.90288e-05 6.23303e-06 4.10086e-07 2.04571e-08 9.45917e-10 4.95484e-11 3.54776e-12 4.0807e-13 8.53005e-14 3.50091e-14 2.90054e-14 4.75204e-14 1.44459e-13 7.3891e-13 5.63449e-12 5.61061e-11 6.3901e-10 7.36334e-09 7.72775e-08 6.80131e-07 4.73751e-06 2.52268e-05 0.000100903 0.000299748 0.00065156 0.00102302 0.00117563 0.00104236 0.000765981 0.000495088 0.000290924 0.000156614 7.61055e-05 3.19779e-05 1.04627e-05 1.89898e-06 0 
0 0.000313114 0.000426409 0.000136666 1.50793e-05 7.41628e-07 2.04571e-08 4.01993e-10 7.25467e-12 1.55397e-13 5.02738e-15 3.02216e-16 3.9554e-17 1.24489e-17 9.75765e-18 1.8535e-17 7.86155e-17 6.56034e-16 9.20941e-15 1.83263e-13 4.35561e-12 1.05485e-10 2.27123e-09 3.90459e-08 4.96997e-07 4.48248e-06 2.81624e-05 0.00012317 0.000374881 0.000786428 0.00113476 0.00117094 0.000936115 0.000629695 0.000376248 0.000203837 9.92765e-05 4.17456e-05 1.36619e-05 2.47982e-06 0 
0 0.000311434 0.000310948 6.15913e-05 3.61809e-06 8.24919e-08 9.45917e-10 7.25467e-12 5.06465e-14 4.40043e-16 6.38822e-18 2.01935e-19 1.80884e-20 5.22968e-21 4.09063e-21 7.78903e-21 3.98058e-20 5.20938e-19 1.34809e-17 5.39286e-16 2.69227e-14 1.37996e-12 6.14008e-11 2.07698e-09 4.86374e-08 7.46493e-07 7.36278e-06 4.6957e-05 0.000196664 0.000543757 0.000987775 0.00120478 0.00106436 0.000752348 0.000459176 0.000250798 0.000122501 5.15611e-05 1.68794e-05 3.06414e-06 0 
0 0.000297446 0.000221311 2.79795e-05 9.06407e-07 9.95517e-09 4.95484e-11 1.55397e-13 4.40043e-16 1.62357e-18 1.1504e-20 3.05407e-22 4.39811e-23 1.82921e-23 1.52307e-23 2.33003e-23 7.43037e-23 7.25915e-22 2.69274e-20 2.05615e-18 2.07681e-16 2.17023e-14 1.92517e-12 1.23978e-10 5.18757e-09 1.3211e-07 1.99978e-06 1.81697e-05 0.000101895 0.000360884 0.000810144 0.00116486 0.00114378 0.000854374 0.000534292 0.000294599 0.00014438 6.08381e-05 1.99235e-05 3.61714e-06 0 
0 0.00027891 0.000160113 1.3645e-05 2.60803e-07 1.4966e-09 3.54776e-12 5.02738e-15 6.38822e-18 1.1504e-20 6.55178e-23 2.4064e-24 5.03225e-25 2.74975e-25 2.40797e-25 3.09326e-25 6.87468e-25 4.40848e-24 1.30145e-22 1.44952e-20 2.70111e-18 5.31433e-16 8.70409e-14 9.93652e-12 6.96911e-10 2.78626e-08 6.17652e-07 7.67952e-06 5.55506e-05 0.000242923 0.000653097 0.00108735 0.00118029 0.000931632 0.000597406 0.000332679 0.000163621 6.90275e-05 2.26139e-05 4.10607e-06 0 
0 0.000261286 0.000121548 7.52083e-06 9.34482e-08 3.15516e-10 4.0807e-13 3.02216e-16 2.01935e-19 3.05407e-22 2.40641e-24 8.2542e-26 1.59006e-26 9.74657e-27 8.78946e-27 1.00659e-26 1.83309e-26 1.03824e-25 2.75019e-24 2.82895e-22 7.70695e-20 2.5318e-17 6.84452e-15 1.24774e-12 1.33529e-10 7.72299e-09 2.3401e-07 3.76061e-06 3.34396e-05 0.000172948 0.00053595 0.00100457 0.00118743 0.000984394 0.000645932 0.000363043 0.000179151 7.56634e-05 2.47967e-05 4.50289e-06 0 
0 0.000247693 9.90758e-05 4.86964e-06 4.43482e-08 1.02119e-10 8.53005e-14 3.9554e-17 1.80884e-20 4.39813e-23 5.03229e-25 1.59007e-26 1.39515e-27 5.77381e-28 5.01852e-28 5.49371e-28 1.13796e-27 9.8957e-27 2.82109e-25 2.25485e-23 6.00913e-21 2.7832e-18 1.08044e-15 2.76239e-13 4.01264e-11 3.0317e-09 1.15192e-07 2.2291e-06 2.30021e-05 0.000134073 0.000459249 0.000936913 0.00117977 0.00101576 0.000678786 0.000384364 0.000190188 8.03981e-05 2.63561e-05 4.78648e-06 0 
0 0.000239573 8.79709e-05 3.79509e-06 2.8979e-08 5.37077e-11 3.50091e-14 1.24489e-17 5.22968e-21 1.82921e-23 2.74977e-25 9.74669e-27 5.77389e-28 7.25657e-29 3.81803e-29 4.92601e-29 2.41113e-28 3.52863e-27 9.91188e-26 6.57379e-24 1.45552e-21 7.85889e-19 3.74596e-16 1.1611e-13 2.00737e-11 1.76633e-09 7.63702e-08 1.64327e-06 1.84589e-05 0.000115141 0.000417373 0.00089385 0.00116847 0.0010296 0.000695967 0.000395981 0.000196282 8.30241e-05 2.72221e-05 4.94407e-06 0 
0 0.000237364 8.55902e-05 3.59318e-06 2.64502e-08 4.68575e-11 2.90054e-14 9.75765e-18 4.09064e-21 1.52308e-23 2.408e-25 8.78957e-27 5.0186e-28 3.81809e-29 7.10633e-30 1.65578e-29 1.71445e-28 2.84163e-27 7.9189e-26 5.05736e-24 1.06864e-21 5.91879e-19 2.94624e-16 9.51558e-14 1.70788e-11 1.5532e-09 6.90686e-08 1.52097e-06 1.74058e-05 0.000110224 0.000404867 0.000877834 0.00115956 0.0010289 0.000698063 0.000397818 0.000197317 8.34807e-05 2.73739e-05 4.97176e-06 0 
0 0.000240917 9.106e-05 4.11136e-06 3.34039e-08 6.68267e-11 4.75204e-14 1.8535e-17 7.78904e-21 2.33004e-23 3.09329e-25 1.0066e-26 5.49379e-28 4.92604e-29 1.65576e-29 3.32014e-29 2.59817e-28 4.21268e-27 1.27037e-25 9.2328e-24 2.2383e-21 1.15484e-18 5.13171e-16 1.49058e-13 2.43182e-11 2.03506e-09 8.43543e-08 1.7537e-06 1.91714e-05 0.000117137 0.000418293 0.000887145 0.0011539 0.00101497 0.000685887 0.000390292 0.000193488 8.18484e-05 2.68376e-05 4.87429e-06 0 
0 0.000249663 0.000104984 5.58315e-06 5.66094e-08 1.48783e-10 1.44459e-13 7.86155e-17 3.98058e-20 7.43038e-23 6.87472e-25 1.8331e-26 1.13797e-27 2.4111e-28 1.71442e-28 2.59814e-28 1.07444e-27 1.41153e-26 4.8043e-25 4.51479e-23 1.28983e-20 5.34902e-18 1.83765e-15 4.19761e-13 5.51428e-11 3.81917e-09 1.34892e-07 2.45959e-06 2.42213e-05 0.000136313 0.000455709 0.000916635 0.0011477 0.000987377 0.000660345 0.000374221 0.000185256 7.83305e-05 2.56806e-05 4.66398e-06 0 
0 0.000262569 0.000129256 8.74699e-06 1.22777e-07 4.81691e-10 7.3891e-13 6.56034e-16 5.20938e-19 7.25915e-22 4.40849e-24 1.03824e-25 9.89565e-27 3.52859e-27 2.84159e-27 4.21264e-27 1.41153e-26 1.52913e-25 5.81904e-24 7.10445e-22 1.80497e-19 5.13418e-17 1.20651e-14 1.93319e-12 1.84395e-10 9.6542e-09 2.6907e-07 4.04034e-06 3.4084e-05 0.000169761 0.000514404 0.000956626 0.00113321 0.000944535 0.000622507 0.000350759 0.000173296 7.32273e-05 2.4003e-05 4.35907e-06 0 
0 0.000278 0.000166811 1.52617e-05 3.21333e-07 2.07695e-09 5.63449e-12 9.20941e-15 1.34809e-17 2.69274e-20 1.30145e-22 2.75019e-24 2.82108e-25 9.91181e-26 7.91884e-26 1.27036e-25 4.80429e-25 5.81904e-24 2.6047e-22 2.96834e-20 4.94278e-18 8.62445e-16 1.25977e-13 1.29405e-11 8.25711e-10 3.04032e-08 6.28738e-07 7.39096e-06 5.12903e-05 0.000218932 0.000586387 0.000990717 0.00109976 0.000884566 0.00057376 0.000321334 0.000158432 6.69042e-05 2.19264e-05 3.98175e-06 0 
0 0.000293583 0.000220981 2.85275e-05 9.51622e-07 1.08333e-08 5.61061e-11 1.83263e-13 5.39286e-16 2.05615e-18 1.44952e-20 2.82895e-22 2.25485e-23 6.57378e-24 5.05734e-24 9.23278e-24 4.51478e-23 7.10444e-22 2.96834e-20 2.18891e-18 2.1103e-16 2.10681e-14 1.78864e-12 1.1046e-10 4.44135e-09 1.0895e-07 1.59464e-06 1.41085e-05 7.807e-05 0.00027904 0.000650991 0.000993906 0.00103532 0.000806204 0.000515914 0.000287556 0.000141568 5.9758e-05 1.95824e-05 3.55603e-06 0 
0 0.000306241 0.000294019 5.49358e-05 2.99039e-06 6.20916e-08 6.3901e-10 4.35561e-12 2.69227e-14 2.07681e-16 2.70111e-18 7.70695e-20 6.00913e-21 1.45552e-21 1.06864e-21 2.2383e-21 1.28983e-20 1.80497e-19 4.94278e-18 2.1103e-16 1.13028e-14 6.21294e-13 2.94676e-11 1.05059e-09 2.55353e-08 4.00192e-07 3.98296e-06 2.56318e-05 0.000110404 0.000326811 0.000666427 0.000933278 0.000928566 0.000709357 0.00045116 0.000251115 0.000123614 5.21845e-05 1.7102e-05 3.10572e-06 0 
0 0.000312508 0.00038457 0.000105031 9.39522e-06 3.57813e-07 7.36334e-09 1.05485e-10 1.37996e-12 2.17023e-14 5.31433e-16 2.5318e-17 2.7832e-18 7.85889e-19 5.91879e-19 1.15484e-18 5.34902e-18 5.13418e-17 8.62445e-16 2.10681e-14 6.21294e-13 1.85856e-11 4.84522e-10 9.73652e-09 1.38076e-07 1.31732e-06 8.43545e-06 3.76623e-05 0.000123608 0.000307234 0.000571708 0.000775288 0.000771421 0.000595231 0.000381899 0.000213648 0.000105423 4.45498e-05 1.46055e-05 2.65271e-06 0 
0 0.00030922 0.00048462 0.000192811 2.80354e-05 1.92145e-06 7.72775e-08 2.27123e-09 6.14008e-11 1.92517e-12 8.70409e-14 6.84452e-15 1.08044e-15 3.74596e-16 2.94624e-16 5.13171e-16 1.83765e-15 1.20651e-14 1.25977e-13 1.78864e-12 2.94676e-11 4.84522e-10 6.93746e-09 7.68493e-08 5.99807e-07 3.13843e-06 1.12922e-05 3.12093e-05 7.59024e-05 0.00017153 0.000336566 0.000510752 0.000564271 0.000466698 0.000310628 0.000176662 8.77471e-05 3.71695e-05 1.2196e-05 2.21569e-06 0 
0 0.000294422 0.000577856 0.000329931 7.62022e-05 9.05682e-06 6.80131e-07 3.90459e-08 2.07698e-09 1.23978e-10 9.93652e-12 1.24774e-12 2.76239e-13 1.1611e-13 9.51558e-14 1.49058e-13 4.19761e-13 1.93319e-12 1.29405e-11 1.1046e-10 1.05059e-09 9.73652e-09 7.68493e-08 4.48434e-07 1.67509e-06 3.64931e-06 5.03186e-06 6.18296e-06 1.04126e-05 2.76015e-05 8.65495e-05 0.000212891 0.000330881 0.000330678 0.000240218 0.000141525 7.12071e-05 3.02959e-05 9.95477e-06 1.80933e-06 0 
0 0.000268176 0.000642336 0.000512649 0.000182489 3.58922e-05 4.73751e-06 4.96997e-07 4.86374e-08 5.18757e-09 6.96911e-10 1.33529e-10 4.01264e-11 2.00737e-11 1.70788e-11 2.43182e-11 5.51428e-11 1.84395e-10 8.25711e-10 4.44135e-09 2.55353e-08 1.38076e-07 5.99807e-07 1.67509e-06 2.21424e-06 1.06136e-06 2.17274e-07 4.98042e-08 4.73941e-08 2.80039e-07 3.95087e-06 3.73973e-05 0.000134407 0.000202699 0.000174644 0.000109545 5.62941e-05 2.41128e-05 7.93945e-06 1.44392e-06 0 
0 0.000232813 0.000658692 0.000707308 0.000374507 0.00011614 2.52268e-05 4.48248e-06 7.46493e-07 1.3211e-07 2.78626e-08 7.72299e-09 3.0317e-09 1.76633e-09 1.5532e-09 2.03506e-09 3.81917e-09 9.6542e-09 3.04032e-08 1.0895e-07 4.00192e-07 1.31732e-06 3.13843e-06 3.64931e-06 1.06136e-06 3.75936e-08 2.0238e-10 1.64701e-12 5.75539e-13 2.50822e-11 1.06077e-08 1.77773e-06 3.3347e-05 0.000104897 0.00011912 8.1973e-05 4.33621e-05 1.87348e-05 6.18419e-06 1.12551e-06 0 
0 0.000192371 0.000620144 0.000852668 0.000642545 0.000300164 0.000100903 2.81624e-05 7.36278e-06 1.99978e-06 6.17652e-07 2.3401e-07 1.15192e-07 7.63702e-08 6.90686e-08 8.43543e-08 1.34892e-07 2.6907e-07 6.28738e-07 1.59464e-06 3.98296e-06 8.43545e-06 1.12922e-05 5.03186e-06 2.17274e-07 2.0238e-10 5.00829e-15 7.26244e-16 2.57599e-15 3.96815e-17 2.06552e-12 2.75348e-08 5.70336e-06 4.86272e-05 7.79902e-05 5.97343e-05 3.25991e-05 1.42089e-05 4.70164e-06 8.56257e-07 0 
0 0.000151416 0.000536776 0.000892834 0.00090398 0.000606651 0.000299748 0.00012317 4.6957e-05 1.81697e-05 7.67952e-06 3.76061e-06 2.2291e-06 1.64327e-06 1.52097e-06 1.7537e-06 2.45959e-06 4.04034e-06 7.39096e-06 1.41085e-05 2.56318e-05 3.76623e-05 3.12093e-05 6.18296e-06 4.98042e-08 1.64701e-12 7.26243e-16 4.67463e-17 9.97518e-17 2.50976e-17 7.59391e-16 6.47162e-10 1.19469e-06 2.42802e-05 5.16863e-05 4.29786e-05 2.39883e-05 1.05186e-05 3.48608e-06 6.35146e-07 0 
0 0.000113787 0.000429996 0.00081762 0.0010371 0.00094156 0.00065156 0.000374881 0.000196664 0.000101895 5.55506e-05 3.34396e-05 2.30021e-05 1.84589e-05 1.74058e-05 1.91714e-05 2.42213e-05 3.4084e-05 5.12903e-05 7.807e-05 0.000110404 0.000123608 7.59024e-05 1.04126e-05 4.73941e-08 5.75539e-13 2.57599e-15 9.97519e-17 1.4305e-17 7.19972e-18 1.04558e-16 2.04427e-10 6.51651e-07 1.62401e-05 3.66708e-05 3.09276e-05 1.73138e-05 7.59624e-06 2.51778e-06 4.58733e-07 0 
0 8.18618e-05 0.000321833 0.00066639 0.00098544 0.00112186 0.00102302 0.000786428 0.000543757 0.000360884 0.000242923 0.000172948 0.000134073 0.000115141 0.000110224 0.000117137 0.000136313 0.000169761 0.000218932 0.00027904 0.000326811 0.000307234 0.00017153 2.76015e-05 2.80039e-07 2.50822e-11 3.96815e-17 2.50976e-17 7.19971e-18 5.11125e-17 1.30726e-14 1.69027e-09 1.15358e-06 1.54271e-05 2.82e-05 2.22869e-05 1.22422e-05 5.34229e-06 1.76804e-06 3.21998e-07 0 
0 5.64973e-05 0.000227176 0.000494105 0.000801531 0.0010575 0.00117563 0.00113476 0.000987775 0.000810144 0.000653097 0.00053595 0.000459249 0.000417373 0.000404867 0.000418293 0.000455709 0.000514404 0.000586387 0.000650991 0.000666427 0.000571708 0.000336566 8.65495e-05 3.95087e-06 1.06077e-08 2.06552e-12 7.59391e-16 1.04558e-16 1.30726e-14 5.87242e-11 7.02185e-08 3.76146e-06 1.76227e-05 2.24508e-05 1.58674e-05 8.43589e-06 3.64727e-06 1.20394e-06 2.19105e-07 0 
0 3.74211e-05 0.000152264 0.000339844 0.000579421 0.000830939 0.00104236 0.00117094 0.00120478 0.00116486 0.00108735 0.00100457 0.000936913 0.00089385 0.000877834 0.000887145 0.000916635 0.000956626 0.000990717 0.000993906 0.000933278 0.000775288 0.000510752 0.000212891 3.73973e-05 1.77773e-06 2.75348e-08 6.47162e-10 2.04427e-10 1.69027e-09 7.02185e-08 1.74078e-06 1.04943e-05 1.91173e-05 1.7296e-05 1.09385e-05 5.62182e-06 2.40652e-06 7.92104e-07 1.44037e-07 0 
0 2.37431e-05 9.71694e-05 0.000219598 0.000383555 0.000573356 0.000765981 0.000936115 0.00106436 0.00114378 0.00118029 0.00118743 0.00117977 0.00116847 0.00115956 0.0011539 0.0011477 0.00113321 0.00109976 0.00103532 0.000928566 0.000771421 0.000564271 0.000330881 0.000134407 3.3347e-05 5.70336e-06 1.19469e-06 6.51651e-07 1.15358e-06 3.76146e-06 1.04943e-05 1.72433e-05 1.72122e-05 1.23195e-05 7.18116e-06 3.59448e-06 1.52614e-06 5.01089e-07 9.10525e-08 0 
0 1.43624e-05 5.89339e-05 0.000133933 0.000236451 0.000360075 0.000495088 0.000629695 0.000752348 0.000854374 0.000931632 0.000984394 0.00101576 0.0010296 0.0010289 0.00101497 0.000987377 0.000944535 0.000884566 0.000806204 0.000709357 0.000595231 0.000466698 0.000330678 0.000202699 0.000104897 4.86272e-05 2.42802e-05 1.62401e-05 1.54271e-05 1.76227e-05 1.91173e-05 1.72122e-05 1.27064e-05 8.00265e-06 4.44504e-06 2.18782e-06 9.23756e-07 3.0277e-07 5.4986e-08 0 
0 8.21206e-06 3.37353e-05 7.68462e-05 0.000136268 0.000209096 0.000290924 0.000376248 0.000459176 0.000534292 0.000597406 0.000645932 0.000678786 0.000695967 0.000698063 0.000685887 0.000660345 0.000622507 0.00057376 0.000515914 0.00045116 0.000381899 0.000310628 0.000240218 0.000174644 0.00011912 7.79902e-05 5.16863e-05 3.66708e-05 2.82e-05 2.24508e-05 1.7296e-05 1.23195e-05 8.00265e-06 4.75041e-06 2.57519e-06 1.25593e-06 5.28574e-07 1.73056e-07 3.14176e-08 0 
0 4.37464e-06 1.79794e-05 4.09936e-05 7.28165e-05 0.000112058 0.000156614 0.000203837 0.000250798 0.000294599 0.000332679 0.000363043 0.000384364 0.000395981 0.000397818 0.000390292 0.000374221 0.000350759 0.000321334 0.000287556 0.000251115 0.000213648 0.000176662 0.000141525 0.000109545 8.1973e-05 5.97343e-05 4.29786e-05 3.09276e-05 2.22869e-05 1.58674e-05 1.09385e-05 7.18116e-06 4.44504e-06 2.57519e-06 1.38094e-06 6.70525e-07 2.81727e-07 9.21825e-08 1.67319e-08 0 
0 2.11772e-06 8.70524e-06 1.98551e-05 3.52908e-05 5.43664e-05 7.61055e-05 9.92765e-05 0.000122501 0.00014438 0.000163621 0.000179151 0.000190188 0.000196282 0.000197317 0.000193488 0.000185256 0.000173296 0.000158432 0.000141568 0.000123614 0.000105423 8.77471e-05 7.12071e-05 5.62941e-05 4.33621e-05 3.25991e-05 2.39883e-05 1.73138e-05 1.22422e-05 8.43589e-06 5.62182e-06 3.59448e-06 2.18782e-06 1.25593e-06 6.70525e-07 3.2495e-07 1.36423e-07 4.46251e-08 8.09894e-09 0 
0 8.88639e-07 3.65314e-06 8.33324e-06 1.48149e-05 2.28311e-05 3.19779e-05 4.17456e-05 5.15611e-05 6.08381e-05 6.90275e-05 7.56634e-05 8.03981e-05 8.30241e-05 8.34807e-05 8.18484e-05 7.83305e-05 7.32273e-05 6.69042e-05 5.9758e-05 5.21845e-05 4.45498e-05 3.71695e-05 3.02959e-05 2.41128e-05 1.87348e-05 1.42089e-05 1.05186e-05 7.59624e-06 5.34229e-06 3.64727e-06 2.40652e-06 1.52614e-06 9.23756e-07 5.28574e-07 2.81727e-07 1.36423e-07 5.72551e-08 1.8726e-08 3.39837e-09 0 
0 2.90619e-07 1.19475e-06 2.72548e-06 4.84576e-06 7.46866e-06 1.04627e-05 1.36619e-05 1.68794e-05 1.99235e-05 2.26139e-05 2.47967e-05 2.63561e-05 2.72221e-05 2.73739e-05 2.68376e-05 2.56806e-05 2.4003e-05 2.19264e-05 1.95824e-05 1.7102e-05 1.46055e-05 1.2196e-05 9.95477e-06 7.93945e-06 6.18419e-06 4.70164e-06 3.48608e-06 2.51778e-06 1.76804e-06 1.20394e-06 7.92104e-07 5.01089e-07 3.0277e-07 1.73056e-07 9.21825e-08 4.46251e-08 1.8726e-08 6.12422e-09 1.11139e-09 0 
0 5.27395e-08 2.16816e-07 4.94612e-07 8.79418e-07 1.35548e-06 1.89898e-06 2.47982e-06 3.06414e-06 3.61714e-06 4.10607e-06 4.50289e-06 4.78648e-06 4.94407e-06 4.97176e-06 4.87429e-06 4.66398e-06 4.35907e-06 3.98175e-06 3.55603e-06 3.10572e-06 2.65271e-06 2.21569e-06 1.80933e-06 1.44392e-06 1.12551e-06 8.56257e-07 6.35146e-07 4.58733e-07 3.21998e-07 2.19105e-07 1.44037e-07 9.10525e-08 5.4986e-08 3.14176e-08 1.67319e-08 8.09894e-09 3.39837e-09 1.11139e-09 2.01686e-10 0 
0 0 0 0 0 0 0 0 0 0 0 0 0 0 0 0 0 0 0 0 0 0 0 0 0 0 0 0 0 0 0 0 0 0 0 0 0 0 0 0 0 
