0 0 0 0 0 0 0 0 0 0 0 0 0 0 0 0 0 0 0 0 0 0 0 0 0 0 0 0 0 0 0 0 0 0 0 0 0 0 0 0 0 
0 1.33121e-05 5.24328e-05 0.000110585 0.000173416 0.000224133 0.000252157 0.00025721 0.000246121 0.000227298 0.000207308 0.000190103 0.000177573 0.000170374 0.000168558 0.000171911 0.000180051 0.000192356 0.000207784 0.000224674 0.000240639 0.000252679 0.000257632 0.000252928 0.000237449 0.000212113 0.000179812 0.000144598 0.000110486 8.04371e-05 5.59479e-05 3.72311e-05 2.36841e-05 1.43459e-05 8.20794e-06 4.37372e-06 2.11754e-06 8.8861e-07 2.90616e-07 5.27393e-08 0 
0 5.24328e-05 0.000194318 0.00036397 0.000470031 0.000464294 0.000378003 0.000271772 0.00018336 0.000122103 8.36129e-05 6.08141e-05 4.81128e-05 4.20272e-05 4.07749e-05 4.38224e-05 5.16416e-05 6.56516e-05 8.82191e-05 0.000122491 0.000171708 0.000237623 0.000317958 0.000403764 0.000478815 0.00052354 0.000523501 0.000477573 0.000398978 0.000307856 0.000221705 0.000150383 9.65958e-05 5.87779e-05 3.36974e-05 1.79712e-05 8.7037e-06 3.6529e-06 1.19472e-06 2.16814e-07 0 
0 0.000110585 0.00036397 0.000541322 0.000487845 0.000303744 0.00014742 6.20143e-05 2.46891e-05 1.0031e-05 4.44237e-06 2.26628e-06 1.38889e-06 1.04996e-06 9.88816e-07 1.15293e-06 1.63053e-06 2.70945e-06 5.08534e-06 1.03251e-05 2.17203e-05 4.54821e-05 9.15468e-05 0.000172009 0.000294381 0.000449254 0.000600351 0.000693874 0.000692293 0.000602798 0.000467554 0.000330481 0.000216744 0.000133169 7.66647e-05 4.09555e-05 1.98482e-05 8.33217e-06 2.72535e-06 4.94605e-07 0 
0 0.000173416 0.000470031 0.000487845 0.000263339 8.91354e-05 2.22046e-05 4.64405e-06 9.18188e-07 1.92091e-07 4.71868e-08 1.48785e-08 6.44563e-09 4.00385e-09 3.62174e-09 4.71832e-09 8.5522e-09 2.04489e-08 6.03886e-08 2.04954e-07 7.4395e-07 2.70277e-06 9.28685e-06 2.88667e-05 7.85857e-05 0.000183099 0.000358306 0.000578272 0.000758734 0.000809354 0.00071713 0.00054743 0.000373532 0.000233764 0.000135639 7.26874e-05 3.52677e-05 1.48115e-05 4.84537e-06 8.79394e-07 0 
0 0.000224133 0.000464294 0.000303744 8.91354e-05 1.47624e-05 1.65336e-06 1.4741e-07 1.23275e-08 1.1385e-09 1.35282e-10 2.35797e-11 6.6632e-12 3.24977e-12 2.79728e-12 4.17782e-12 1.02793e-11 3.84787e-11 1.98619e-10 1.2696e-09 9.02567e-09 6.46045e-08 4.27618e-07 2.4487e-06 1.1582e-05 4.4027e-05 0.000132655 0.000313743 0.000574655 0.000804938 0.000868369 0.00074926 0.00054608 0.000352604 0.000207351 0.000111704 5.43045e-05 2.28221e-05 7.46766e-06 1.35542e-06 0 
0 0.000252157 0.000378003 0.00014742 2.22046e-05 1.65336e-06 7.46209e-08 2.51229e-09 7.86134e-11 2.85436e-12 1.4808e-13 1.31245e-14 2.2777e-15 8.42891e-16 6.85523e-16 1.19655e-15 4.17213e-15 2.60413e-14 2.5415e-13 3.34539e-12 5.12297e-11 7.95799e-10 1.1147e-08 1.28324e-07 1.13782e-06 7.48751e-06 3.60914e-05 0.000127651 0.000331963 0.000629606 0.000864835 0.000880595 0.000706105 0.000477927 0.000286866 0.000155796 7.59642e-05 3.19576e-05 1.04605e-05 1.89885e-06 0 
0 0.00025721 0.000271772 6.20143e-05 4.64405e-06 1.4741e-07 2.51229e-09 2.97972e-11 3.25563e-13 4.354e-15 9.30751e-17 4.00965e-18 4.26078e-19 1.27727e-19 1.00585e-19 1.92338e-19 9.17551e-19 9.78309e-18 1.88643e-16 5.37681e-15 1.87098e-13 6.65983e-12 2.08236e-10 5.06976e-09 8.82582e-08 1.04554e-06 8.28774e-06 4.43382e-05 0.000163245 0.000418066 0.000740904 0.000914335 0.000827223 0.000596294 0.000368147 0.000202199 9.89957e-05 4.17057e-05 1.36576e-05 2.47957e-06 0 
0 0.000246121 0.00018336 2.46891e-05 9.18188e-07 1.23275e-08 7.86134e-11 3.25563e-13 1.23157e-15 6.0207e-18 5.61017e-20 2.62415e-21 6.90253e-22 3.66729e-22 3.18165e-22 4.32776e-22 9.60052e-22 5.0306e-21 1.2889e-19 7.82685e-18 6.22778e-16 5.11291e-14 3.59249e-12 1.86263e-10 6.41279e-09 1.37739e-07 1.80495e-06 1.45947e-05 7.52273e-05 0.000255269 0.000576387 0.000865737 0.000896024 0.000696134 0.000445031 0.000247907 0.000122007 5.14915e-05 1.6872e-05 3.06372e-06 0 
0 0.000227298 0.000122103 1.0031e-05 1.92091e-07 1.1385e-09 2.85436e-12 4.354e-15 6.0207e-18 1.25348e-20 1.7049e-22 2.1893e-23 1.14818e-23 9.01997e-24 8.37224e-24 9.04416e-24 1.16834e-23 2.86578e-23 2.66772e-22 1.6121e-20 2.69249e-18 4.88467e-16 7.40112e-14 7.866e-12 5.17798e-10 1.95966e-08 4.14661e-07 4.96529e-06 3.50587e-05 0.000153475 0.00042988 0.000774292 0.000916251 0.000770978 0.000512365 0.000290047 0.0001436 6.07289e-05 1.9912e-05 3.61649e-06 0 
0 0.000207308 8.36129e-05 4.44237e-06 4.71868e-08 1.35282e-10 1.4808e-13 9.30751e-17 5.61017e-20 1.7049e-22 4.41324e-24 8.86779e-25 6.37627e-25 6.11799e-25 5.90497e-25 5.62627e-25 5.48686e-25 8.21726e-25 3.73513e-24 1.13232e-22 2.16158e-20 7.73411e-18 2.31793e-15 4.65881e-13 5.45368e-11 3.41551e-09 1.10737e-07 1.88144e-06 1.75533e-05 9.58091e-05 0.000321831 0.000676704 0.000903383 0.000820478 0.00056682 0.000326213 0.000162509 6.88722e-05 2.25977e-05 4.10515e-06 0 
0 0.000190103 6.08141e-05 2.26628e-06 1.48785e-08 2.35797e-11 1.31245e-14 4.00965e-18 2.62415e-21 2.1893e-23 8.8678e-25 1.21517e-25 6.80365e-26 6.75225e-26 6.61193e-26 5.89744e-26 5.02717e-26 6.25522e-26 2.62098e-25 5.52486e-24 5.51778e-22 2.60625e-19 1.35789e-16 4.59111e-14 8.59898e-12 8.12689e-10 3.73557e-08 8.45265e-07 9.90358e-06 6.4595e-05 0.000250414 0.000594551 0.000875509 0.000848881 0.000607059 0.000354678 0.000177705 7.54614e-05 2.47756e-05 4.5017e-06 0 
0 0.000177573 4.81128e-05 1.38889e-06 6.44563e-09 6.6632e-12 2.2777e-15 4.26078e-19 6.90254e-22 1.14818e-23 6.37629e-25 6.80367e-26 1.55039e-26 1.01043e-26 9.23258e-27 7.91177e-27 6.73918e-27 1.1245e-26 7.05335e-26 1.21813e-24 7.04835e-23 2.31354e-20 1.74312e-17 8.57644e-15 2.25464e-12 2.86768e-10 1.69612e-08 4.72135e-07 6.52204e-06 4.83455e-05 0.000207398 0.000536175 0.000847028 0.00086227 0.000633286 0.000374427 0.000188461 8.01568e-05 2.63309e-05 4.78507e-06 0 
0 0.000170374 4.20272e-05 1.04996e-06 4.00385e-09 3.24977e-12 8.42891e-16 1.27727e-19 3.66729e-22 9.01998e-24 6.11801e-25 6.75227e-26 1.01043e-26 2.67582e-27 1.5807e-27 1.27443e-27 1.48046e-27 5.24867e-27 4.28704e-26 6.52772e-25 2.76843e-23 6.13983e-21 5.41304e-18 3.29443e-15 1.04976e-12 1.58033e-10 1.0786e-08 3.37758e-07 5.1235e-06 4.08334e-05 0.000185424 0.000502765 0.000826727 0.00086612 0.000646492 0.000385068 0.000194378 8.27577e-05 2.71944e-05 4.94251e-06 0 
0 0.000168558 4.07749e-05 9.88816e-07 3.62174e-09 2.79728e-12 6.85523e-16 1.00585e-19 3.18165e-22 8.37225e-24 5.90499e-25 6.61195e-26 9.23261e-27 1.58071e-27 4.49406e-28 3.17928e-28 7.53563e-28 4.3651e-27 3.80976e-26 5.67028e-25 2.26989e-23 4.65886e-21 4.20962e-18 2.67789e-15 8.88272e-13 1.38528e-10 9.74317e-09 3.12735e-07 4.83774e-06 3.91429e-05 0.000179888 0.000492919 0.000818397 0.000863879 0.000647768 0.000386681 0.000195369 8.32079e-05 2.73455e-05 4.97016e-06 0 
0 0.000171911 4.38224e-05 1.15293e-06 4.71832e-09 4.17782e-12 1.19655e-15 1.92338e-19 4.32776e-22 9.04418e-24 5.62629e-25 5.89746e-26 7.9118e-27 1.27444e-27 3.17928e-28 2.5311e-28 7.82721e-28 4.82912e-27 4.4415e-26 7.364e-25 3.5839e-23 9.45448e-21 7.97258e-18 4.50231e-15 1.34123e-12 1.90397e-10 1.23642e-08 3.71643e-07 5.45602e-06 4.23927e-05 0.000188826 0.00050471 0.000821917 0.0008565 0.000637893 0.000379685 0.000191632 8.15882e-05 2.68104e-05 4.87276e-06 0 
0 0.000180051 5.16416e-05 1.63053e-06 8.5522e-09 1.02793e-11 4.17213e-15 9.17551e-19 9.60053e-22 1.16834e-23 5.48687e-25 5.02718e-26 6.7392e-27 1.48046e-27 7.5356e-28 7.82719e-28 1.6248e-27 7.87309e-27 7.6783e-26 1.64247e-24 1.22499e-22 5.06035e-20 3.38352e-17 1.46186e-14 3.41941e-12 3.92787e-10 2.13101e-08 5.5249e-07 7.21051e-06 5.11452e-05 0.00021225 0.000535811 0.000833834 0.000842606 0.000617264 0.000364763 0.000183603 7.80984e-05 2.56563e-05 4.66261e-06 0 
0 0.000192356 6.56516e-05 2.70945e-06 2.04489e-08 3.84787e-11 2.60413e-14 9.78309e-18 5.0306e-21 2.86578e-23 8.21727e-25 6.25523e-26 1.1245e-26 5.24865e-27 4.36508e-27 4.8291e-27 7.87307e-27 2.75312e-26 2.78868e-25 9.32237e-24 1.33482e-21 6.36145e-19 2.8315e-16 8.25059e-14 1.35188e-11 1.13686e-09 4.73265e-08 9.86846e-07 1.08308e-05 6.71725e-05 0.000251029 0.000582094 0.000847305 0.000819043 0.00058609 0.00034284 0.000171914 7.30328e-05 2.39826e-05 4.35791e-06 0 
0 0.000207784 8.82191e-05 5.08534e-06 6.03886e-08 1.98619e-10 2.5415e-13 1.88643e-16 1.2889e-19 2.66772e-22 3.73513e-24 2.62098e-25 7.05333e-26 4.28702e-26 3.80975e-26 4.44148e-26 7.67828e-26 2.78868e-25 3.52242e-24 2.06762e-22 4.77133e-20 1.51566e-17 3.98838e-15 7.10235e-13 7.45263e-11 4.23929e-09 1.26582e-07 2.00839e-06 1.77401e-05 9.29634e-05 0.000304458 0.000634754 0.000851813 0.000781725 0.000544718 0.000315077 0.000157341 6.675e-05 2.19101e-05 3.98082e-06 0 
0 0.000224674 0.000122491 1.03251e-05 2.04954e-07 1.2696e-09 3.34539e-12 5.37681e-15 7.82685e-18 1.6121e-20 1.13232e-22 5.52486e-24 1.21812e-24 6.52771e-25 5.67026e-25 7.36399e-25 1.64247e-24 9.32236e-24 2.06762e-22 1.94381e-20 3.18292e-18 5.50038e-16 7.94752e-14 8.06926e-12 5.08422e-10 1.8459e-08 3.75883e-07 4.35281e-06 2.99534e-05 0.00012941 0.000364762 0.000676118 0.000833325 0.000726665 0.000493947 0.00028285 0.000140745 5.96411e-05 1.957e-05 3.55531e-06 0 
0 0.000240639 0.000171708 2.17203e-05 7.4395e-07 9.02567e-09 5.12297e-11 1.87098e-13 6.22778e-16 2.69249e-18 2.16158e-20 5.51777e-22 7.04834e-23 2.76843e-23 2.26989e-23 3.58389e-23 1.22499e-22 1.33482e-21 4.77133e-20 3.18292e-18 2.76068e-16 2.46975e-14 1.87918e-12 1.04252e-10 3.77725e-09 8.38198e-08 1.11732e-06 9.12496e-06 4.77631e-05 0.000168009 0.000406808 0.000675774 0.000775673 0.000651002 0.000435178 0.000247681 0.000123009 5.20978e-05 1.70927e-05 3.10517e-06 0 
0 0.000252679 0.000237623 4.54821e-05 2.70277e-06 6.46045e-08 7.95799e-10 6.65983e-12 5.11291e-14 4.88467e-16 7.73411e-18 2.60625e-19 2.31354e-20 6.13983e-21 4.65886e-21 9.45448e-21 5.06035e-20 6.36145e-19 1.51566e-17 5.50038e-16 2.46975e-14 1.13101e-12 4.46079e-11 1.32067e-09 2.65554e-08 3.429e-07 2.8278e-06 1.55258e-05 6.05008e-05 0.000175318 0.000378866 0.000593129 0.000664107 0.000553812 0.000370376 0.000211136 0.000104976 4.4485e-05 1.45984e-05 2.6523e-06 0 
0 0.000257632 0.000317958 9.15468e-05 9.28685e-06 4.27618e-07 1.1147e-08 2.08236e-10 3.59249e-12 7.40112e-14 2.31793e-15 1.35789e-16 1.74312e-17 5.41304e-18 4.20962e-18 7.97258e-18 3.38352e-17 2.8315e-16 3.98838e-15 7.94752e-14 1.87918e-12 4.46079e-11 9.13356e-10 1.41269e-08 1.48396e-07 9.98017e-07 4.40182e-06 1.43579e-05 4.03382e-05 0.00010452 0.000234478 0.000403318 0.000493583 0.000437129 0.000301999 0.000174733 8.73989e-05 3.71187e-05 1.21904e-05 2.21537e-06 0 
0 0.000252928 0.000403764 0.000172009 2.88667e-05 2.4487e-06 1.28324e-07 5.06976e-09 1.86263e-10 7.866e-12 4.65881e-13 4.59111e-14 8.57644e-15 3.29443e-15 2.67789e-15 4.50231e-15 1.46186e-14 8.25059e-14 7.10235e-13 8.06926e-12 1.04252e-10 1.32067e-09 1.41269e-08 1.08897e-07 5.13781e-07 1.33044e-06 2.05593e-06 2.75456e-06 5.15079e-06 1.57545e-05 5.80212e-05 0.000165147 0.00028713 0.000308637 0.000233219 0.000139913 7.09142e-05 3.02533e-05 9.95016e-06 1.80906e-06 0 
0 0.000237449 0.000478815 0.000294381 7.85857e-05 1.1582e-05 1.13782e-06 8.82582e-08 6.41279e-09 5.17798e-10 5.45368e-11 8.59898e-12 2.25464e-12 1.04976e-12 8.88272e-13 1.34123e-12 3.41941e-12 1.35188e-11 7.45263e-11 5.08422e-10 3.77725e-09 2.65554e-08 1.48396e-07 5.13781e-07 7.80563e-07 3.84096e-07 7.27348e-08 1.52813e-08 1.51368e-08 1.1108e-07 2.11357e-06 2.59957e-05 0.000111431 0.000185952 0.000168548 0.000108092 5.60309e-05 2.40751e-05 7.93543e-06 1.44369e-06 0 
0 0.000212113 0.00052354 0.000449254 0.000183099 4.4027e-05 7.48751e-06 1.04554e-06 1.37739e-07 1.95966e-08 3.41551e-09 8.12689e-10 2.86768e-10 1.58033e-10 1.38528e-10 1.90397e-10 3.92787e-10 1.13686e-09 4.23929e-09 1.8459e-08 8.38198e-08 3.429e-07 9.98017e-07 1.33044e-06 3.84096e-07 1.07561e-08 3.71706e-11 1.93368e-13 5.9772e-14 4.24931e-12 3.36901e-09 9.64556e-07 2.5116e-05 9.31176e-05 0.000113774 8.06373e-05 4.3122e-05 1.87011e-05 6.18068e-06 1.12531e-06 0 
0 0.000179812 0.000523501 0.000600351 0.000358306 0.000132655 3.60914e-05 8.28774e-06 1.80495e-06 4.14661e-07 1.10737e-07 3.73557e-08 1.69612e-08 1.0786e-08 9.74317e-09 1.23642e-08 2.13101e-08 4.73265e-08 1.26582e-07 3.75883e-07 1.11732e-06 2.8278e-06 4.40182e-06 2.05593e-06 7.27348e-08 3.71706e-11 3.84449e-16 2.48683e-15 2.24322e-15 7.08602e-16 2.987e-13 1.03365e-08 3.74923e-06 4.13527e-05 7.35726e-05 5.85624e-05 3.23897e-05 1.418e-05 4.6987e-06 8.56094e-07 0 
0 0.000144598 0.000477573 0.000693874 0.000578272 0.000313743 0.000127651 4.43382e-05 1.45947e-05 4.96529e-06 1.88144e-06 8.45265e-07 4.72135e-07 3.37758e-07 3.12735e-07 3.71643e-07 5.5249e-07 9.86846e-07 2.00839e-06 4.35281e-06 9.12496e-06 1.55258e-05 1.43579e-05 2.75456e-06 1.52813e-08 1.93368e-13 2.48683e-15 3.13252e-16 2.18926e-16 5.61892e-17 2.3571e-16 1.73104e-10 6.96868e-07 1.99352e-05 4.8312e-05 4.20408e-05 2.38217e-05 1.0496e-05 3.4838e-06 6.35022e-07 0 
0 0.000110486 0.000398978 0.000692293 0.000758734 0.000574655 0.000331963 0.000163245 7.52273e-05 3.50587e-05 1.75533e-05 9.90358e-06 6.52204e-06 5.1235e-06 4.83774e-06 5.45602e-06 7.21051e-06 1.08308e-05 1.77401e-05 2.99534e-05 4.77631e-05 6.05008e-05 4.03382e-05 5.15079e-06 1.51368e-08 5.9772e-14 2.24322e-15 2.18926e-16 7.60043e-17 2.24459e-16 7.69586e-15 5.0326e-11 3.70525e-07 1.32623e-05 3.42632e-05 3.02607e-05 1.71965e-05 7.58047e-06 2.51621e-06 4.58648e-07 0 
0 8.04371e-05 0.000307856 0.000602798 0.000809354 0.000804938 0.000629606 0.000418066 0.000255269 0.000153475 9.58091e-05 6.4595e-05 4.83455e-05 4.08334e-05 3.91429e-05 4.23927e-05 5.11452e-05 6.71725e-05 9.29634e-05 0.00012941 0.000168009 0.000175318 0.00010452 1.57545e-05 1.1108e-07 4.24931e-12 7.08601e-16 5.61893e-17 2.24458e-16 8.19549e-17 1.22478e-15 5.34961e-10 7.19517e-07 1.29937e-05 2.66102e-05 2.18732e-05 1.21705e-05 5.33266e-06 1.76708e-06 3.21945e-07 0 
0 5.59479e-05 0.000221705 0.000467554 0.00071713 0.000868369 0.000864835 0.000740904 0.000576387 0.00042988 0.000321831 0.000250414 0.000207398 0.000185424 0.000179888 0.000188826 0.00021225 0.000251029 0.000304458 0.000364762 0.000406808 0.000378866 0.000234478 5.80212e-05 2.11357e-06 3.36901e-09 2.987e-13 2.3571e-16 7.69587e-15 1.22478e-15 1.35042e-11 3.32852e-08 2.73575e-06 1.56245e-05 2.15267e-05 1.56476e-05 8.39825e-06 3.64217e-06 1.20342e-06 2.19076e-07 0 
0 3.72311e-05 0.000150383 0.000330481 0.00054743 0.00074926 0.000880595 0.000914335 0.000865737 0.000774292 0.000676704 0.000594551 0.000536175 0.000502765 0.000492919 0.00050471 0.000535811 0.000582094 0.000634754 0.000676118 0.000675774 0.000593129 0.000403318 0.000165147 2.59957e-05 9.64556e-07 1.03365e-08 1.73104e-10 5.0326e-11 5.34961e-10 3.32852e-08 1.17222e-06 8.78249e-06 1.78049e-05 1.68502e-05 1.084e-05 5.60493e-06 2.40419e-06 7.91861e-07 1.44024e-07 0 
0 2.36841e-05 9.65958e-05 0.000216744 0.000373532 0.00054608 0.000706105 0.000827223 0.000896024 0.000916251 0.000903383 0.000875509 0.000847028 0.000826727 0.000818397 0.000821917 0.000833834 0.000847305 0.000851813 0.000833325 0.000775673 0.000664107 0.000493583 0.00028713 0.000111431 2.5116e-05 3.74923e-06 6.96868e-07 3.70525e-07 7.19517e-07 2.73575e-06 8.78249e-06 1.58317e-05 1.65974e-05 1.2146e-05 7.14404e-06 3.588e-06 1.52521e-06 5.00989e-07 9.10467e-08 0 
0 1.43459e-05 5.87779e-05 0.000133169 0.000233764 0.000352604 0.000477927 0.000596294 0.000696134 0.000770978 0.000820478 0.000848881 0.00086227 0.00086612 0.000863879 0.0008565 0.000842606 0.000819043 0.000781725 0.000726665 0.000651002 0.000553812 0.000437129 0.000308637 0.000185952 9.31176e-05 4.13527e-05 1.99352e-05 1.32623e-05 1.29937e-05 1.56245e-05 1.78049e-05 1.65974e-05 1.24977e-05 7.94778e-06 4.43321e-06 2.18568e-06 9.23437e-07 3.02734e-07 5.49839e-08 0 
0 8.20794e-06 3.36974e-05 7.66647e-05 0.000135639 0.000207351 0.000286866 0.000368147 0.000445031 0.000512365 0.00056682 0.000607059 0.000633286 0.000646492 0.000647768 0.000637893 0.000617264 0.00058609 0.000544718 0.000493947 0.000435178 0.000370376 0.000301999 0.000233219 0.000168548 0.000113774 7.35726e-05 4.8312e-05 3.42632e-05 2.66102e-05 2.15267e-05 1.68502e-05 1.2146e-05 7.94778e-06 4.73596e-06 2.57197e-06 1.25532e-06 5.28479e-07 1.73045e-07 3.14169e-08 0 
0 4.37372e-06 1.79712e-05 4.09555e-05 7.26874e-05 0.000111704 0.000155796 0.000202199 0.000247907 0.000290047 0.000326213 0.000354678 0.000374427 0.000385068 0.000386681 0.000379685 0.000364763 0.00034284 0.000315077 0.00028285 0.000247681 0.000211136 0.000174733 0.000139913 0.000108092 8.06373e-05 5.85624e-05 4.20408e-05 3.02607e-05 2.18732e-05 1.56476e-05 1.084e-05 7.14404e-06 4.43321e-06 2.57197e-06 1.38019e-06 6.70376e-07 2.81702e-07 9.21795e-08 1.67317e-08 0 
0 2.11754e-06 8.7037e-06 1.98482e-05 3.52677e-05 5.43045e-05 7.59642e-05 9.89957e-05 0.000122007 0.0001436 0.000162509 0.000177705 0.000188461 0.000194378 0.000195369 0.000191632 0.000183603 0.000171914 0.000157341 0.000140745 0.000123009 0.000104976 8.73989e-05 7.09142e-05 5.60309e-05 4.3122e-05 3.23897e-05 2.38217e-05 1.71965e-05 1.21705e-05 8.39825e-06 5.60493e-06 3.588e-06 2.18568e-06 1.25532e-06 6.70376e-07 3.24919e-07 1.36418e-07 4.46245e-08 8.09889e-09 0 
0 8.8861e-07 3.6529e-06 8.33217e-06 1.48115e-05 2.28221e-05 3.19576e-05 4.17057e-05 5.14915e-05 6.07289e-05 6.88722e-05 7.54614e-05 8.01568e-05 8.27577e-05 8.32079e-05 8.15882e-05 7.80984e-05 7.30328e-05 6.675e-05 5.96411e-05 5.20978e-05 4.4485e-05 3.71187e-05 3.02533e-05 2.40751e-05 1.87011e-05 1.418e-05 1.0496e-05 7.58047e-06 5.33266e-06 3.64217e-06 2.40419e-06 1.52521e-06 9.23437e-07 5.28479e-07 2.81702e-07 1.36418e-07 5.72542e-08 1.87259e-08 3.39836e-09 0 
0 2.90616e-07 1.19472e-06 2.72535e-06 4.84537e-06 7.46766e-06 1.04605e-05 1.36576e-05 1.6872e-05 1.9912e-05 2.25977e-05 2.47756e-05 2.63309e-05 2.71944e-05 2.73455e-05 2.68104e-05 2.56563e-05 2.39826e-05 2.19101e-05 1.957e-05 1.70927e-05 1.45984e-05 1.21904e-05 9.95016e-06 7.93543e-06 6.18068e-06 4.6987e-06 3.4838e-06 2.51621e-06 1.76708e-06 1.20342e-06 7.91861e-07 5.00989e-07 3.02734e-07 1.73045e-07 9.21795e-08 4.46245e-08 1.87259e-08 6.1242e-09 1.11139e-09 0 
0 5.27393e-08 2.16814e-07 4.94605e-07 8.79394e-07 1.35542e-06 1.89885e-06 2.47957e-06 3.06372e-06 3.61649e-06 4.10515e-06 4.5017e-06 4.78507e-06 4.94251e-06 4.97016e-06 4.87276e-06 4.66261e-06 4.35791e-06 3.98082e-06 3.55531e-06 3.10517e-06 2.6523e-06 2.21537e-06 1.80906e-06 1.44369e-06 1.12531e-06 8.56094e-07 6.35022e-07 4.58648e-07 3.21945e-07 2.19076e-07 1.44024e-07 9.10467e-08 5.49839e-08 3.14169e-08 1.67317e-08 8.09889e-09 3.39836e-09 1.11139e-09 2.01686e-10 0 
0 0 0 0 0 0 0 0 0 0 0 0 0 0 0 0 0 0 0 0 0 0 0 0 0 0 0 0 0 0 0 0 0 0 0 0 0 0 0 0 0 
