0 0 0 0 0 0 0 0 0 0 0 0 0 0 0 0 0 0 0 0 0 0 0 0 0 0 0 0 0 0 0 0 0 0 0 0 0 0 0 0 0 
0 1.37908e-05 5.66935e-05 0.000129325 0.000229915 0.000354306 0.000496195 0.000647606 0.000799555 0.000942857 0.00106897 0.00117078 0.0012431 0.00128302 0.00128982 0.00126486 0.00121118 0.00113323 0.00103644 0.000926782 0.00081033 0.000692787 0.000579098 0.000473186 0.000377821 0.000294633 0.000224225 0.000166356 0.000120153 8.43263e-05 5.73647e-05 3.7699e-05 2.38241e-05 1.43839e-05 8.21723e-06 4.37575e-06 2.11793e-06 8.88673e-07 2.90623e-07 5.27398e-08 0 
0 5.66935e-05 0.000233056 0.000531582 0.000944859 0.00145549 0.00203693 0.00265543 0.00327286 0.0038506 0.00435372 0.0047547 0.00503558 0.00518806 0.00521213 0.00511411 0.00490518 0.00460054 0.00421908 0.0037827 0.00331495 0.00283913 0.00237622 0.00194323 0.00155237 0.00121092 0.000921685 0.000683863 0.000493947 0.000346669 0.000235831 0.000154984 9.79432e-05 5.91334e-05 3.37818e-05 1.79891e-05 8.70702e-06 3.65342e-06 1.19478e-06 2.16818e-07 0 
0 0.000129325 0.000531582 0.00121222 0.00215361 0.00331418 0.00462959 0.00601654 0.00738044 0.00862753 0.00967942 0.010485 0.0110238 0.0113003 0.0113314 0.0111364 0.0107319 0.0101345 0.00936641 0.00846066 0.00746204 0.00642253 0.00539395 0.00442089 0.00353633 0.0027605 0.00210193 0.00155985 0.00112676 0.000790827 0.000537988 0.000353558 0.000223435 0.000134899 7.70654e-05 4.10381e-05 1.98631e-05 8.33443e-06 2.72561e-06 4.94621e-07 0 
0 0.000229915 0.000944859 0.00215361 0.00382178 0.00586752 0.00815967 0.0105225 0.0127547 0.0146679 0.0161343 0.0171183 0.0176699 0.0178839 0.017849 0.0176134 0.0171761 0.016502 0.0155525 0.0143174 0.0128341 0.0111847 0.00947535 0.00780896 0.00626666 0.00490034 0.00373454 0.00277257 0.00200314 0.00140603 0.000956533 0.000628628 0.000397269 0.000239853 0.000137023 7.29663e-05 3.53168e-05 1.48187e-05 4.84619e-06 8.79444e-07 0 
0 0.000354306 0.00145549 0.00331418 0.00586752 0.00896274 0.0123412 0.0156415 0.0184571 0.0204607 0.0215404 0.0218401 0.0216678 0.0213444 0.0210924 0.0209934 0.0209923 0.0209264 0.0205779 0.019752 0.0183591 0.0164557 0.0142172 0.0118636 0.0095894 0.00752749 0.00574759 0.00427083 0.00308678 0.002167 0.00147431 0.000968933 0.000612335 0.000369701 0.000211203 0.000112468 5.44362e-05 2.28411e-05 7.46975e-06 1.35555e-06 0 
0 0.000496195 0.00203693 0.00462959 0.00815967 0.0123412 0.016663 0.0204052 0.0228379 0.0235858 0.022868 0.0213494 0.0197488 0.0185651 0.0180367 0.0182135 0.0190119 0.0202152 0.0214559 0.022255 0.0221706 0.0209991 0.0188689 0.0161461 0.0132426 0.0104757 0.00802893 0.00597624 0.00432253 0.00303542 0.00206538 0.00135744 0.000857874 0.000517949 0.000295895 0.000157567 7.62651e-05 3.20004e-05 1.04651e-05 1.89912e-06 0 
0 0.000647606 0.00265543 0.00601654 0.0105225 0.0156415 0.0204052 0.0235408 0.024095 0.0221794 0.0189303 0.0156458 0.0131056 0.0115506 0.0109632 0.0112843 0.0124857 0.0145279 0.0172289 0.0201095 0.0223818 0.0232484 0.022363 0.0200117 0.0168508 0.0135179 0.0104313 0.00778817 0.00564031 0.00396282 0.00269693 0.00177264 0.0011203 0.000676396 0.000386415 0.00020577 9.95959e-05 4.17899e-05 1.36666e-05 2.48009e-06 0 
0 0.000799555 0.00327286 0.00738044 0.0127547 0.0184571 0.0228379 0.024095 0.0216972 0.0170923 0.0124025 0.00884986 0.0066081 0.00541398 0.00500384 0.0052557 0.00620097 0.00799226 0.010806 0.0146093 0.0188277 0.022268 0.0237031 0.0227356 0.0199655 0.0163838 0.0127834 0.0095917 0.00696079 0.00489452 0.00333201 0.0021903 0.00138431 0.000835805 0.000477485 0.000254266 0.000123069 5.1639e-05 1.68875e-05 3.0646e-06 0 
0 0.000942857 0.0038506 0.00862753 0.0146679 0.0204607 0.0235858 0.0221794 0.0170923 0.0112773 0.00687592 0.00422011 0.00280941 0.00214122 0.00192617 0.00206005 0.0025832 0.00367722 0.00566922 0.00893759 0.0135498 0.0186907 0.0226201 0.0238155 0.0221803 0.018804 0.0149101 0.0112687 0.00820243 0.00577433 0.00393264 0.00258552 0.00163418 0.000986687 0.000563684 0.000300169 0.000145287 6.09615e-05 1.99363e-05 3.61786e-06 0 
0 0.00106897 0.00435372 0.00967942 0.0161343 0.0215404 0.022868 0.0189303 0.0124025 0.00687592 0.00356065 0.00190392 0.00114204 0.000814718 0.000714038 0.000774412 0.00102302 0.00158835 0.00275226 0.00499411 0.00884296 0.0142584 0.0198382 0.0232707 0.0232886 0.0205766 0.0166602 0.0127115 0.00928927 0.00654949 0.00446309 0.00293485 0.0018551 0.0011201 0.000639906 0.000340759 0.000164933 6.9205e-05 2.26322e-05 4.10709e-06 0 
0 0.00117078 0.0047547 0.010485 0.0171183 0.0218401 0.0213494 0.0156458 0.00884986 0.00422011 0.00190392 0.000906892 0.000498156 0.00033567 0.000287144 0.00031417 0.000432124 0.000719007 0.00136937 0.00278951 0.00563286 0.0104289 0.0165451 0.0216344 0.0233744 0.0216248 0.0179336 0.0138358 0.0101582 0.0071753 0.00489285 0.00321823 0.00203439 0.00122839 0.000701778 0.000373707 0.000180881 7.58967e-05 2.48205e-05 4.50422e-06 0 
0 0.0012431 0.00503558 0.0110238 0.0176699 0.0216678 0.0197488 0.0131056 0.0066081 0.00280941 0.00114204 0.000498156 0.000255585 0.000164508 0.000137712 0.000151122 0.000213494 0.000372917 0.000760137 0.00168508 0.00375382 0.00773555 0.0136588 0.0196244 0.0227516 0.0220068 0.018695 0.0145894 0.0107646 0.00761861 0.00519902 0.00342054 0.00216248 0.00130578 0.000746 0.000397258 0.00019228 8.06798e-05 2.63848e-05 4.78808e-06 0 
0 0.00128302 0.00518806 0.0113003 0.0178839 0.0213444 0.0185651 0.0115506 0.00541398 0.00214122 0.000814718 0.00033567 0.000164508 0.00010248 8.4239e-05 9.21587e-05 0.000131751 0.00023618 0.000500428 0.00116651 0.00276082 0.00609527 0.0115748 0.0178044 0.0217973 0.0218666 0.0189649 0.0149533 0.0110842 0.00785992 0.00536779 0.00353261 0.00223359 0.00134877 0.000770573 0.000410346 0.000198615 8.33381e-05 2.72541e-05 4.94585e-06 0 
0 0.00128982 0.00521213 0.0113314 0.017849 0.0210924 0.0180367 0.0109632 0.00500384 0.00192617 0.000714038 0.000287144 0.000137712 8.4239e-05 6.82885e-05 7.4046e-05 0.000105497 0.000189568 0.000405044 0.000958062 0.00231612 0.0052588 0.0103285 0.0164621 0.0208007 0.0213581 0.0187934 0.0149342 0.0111123 0.00789361 0.00539489 0.0035516 0.0022459 0.00135628 0.000774884 0.000412646 0.000199729 8.38057e-05 2.74071e-05 4.9736e-06 0 
0 0.00126486 0.00511411 0.0111364 0.0176134 0.0209934 0.0182135 0.0112843 0.0052557 0.00206005 0.000774412 0.00031417 0.000151122 9.21587e-05 7.4046e-05 7.91679e-05 0.000110772 0.000194979 0.000407726 0.000944738 0.00224379 0.00502962 0.00981665 0.0156565 0.0198964 0.0205836 0.0182316 0.0145547 0.0108604 0.00772663 0.00528505 0.00348069 0.00220149 0.00132959 0.000759665 0.000404549 0.000195812 8.21623e-05 2.68697e-05 4.87609e-06 0 
0 0.00121118 0.00490518 0.0107319 0.0171761 0.0209923 0.0190119 0.0124857 0.00620097 0.0025832 0.00102302 0.000432124 0.000213494 0.000131751 0.000105497 0.000110772 0.00015024 0.000253634 0.000504845 0.00110866 0.00249344 0.00530835 0.00991212 0.0152993 0.0190696 0.0195707 0.0173139 0.013844 0.0103509 0.00737593 0.00505043 0.00332822 0.00210577 0.001272 0.000726824 0.000387076 0.000187358 7.86157e-05 2.57099e-05 4.66563e-06 0 
0 0.00113323 0.00460054 0.0101345 0.016502 0.0209264 0.0202152 0.0145279 0.00799226 0.00367722 0.00158835 0.000719007 0.000372917 0.00023618 0.000189568 0.000194979 0.000253634 0.00040338 0.00074595 0.00150768 0.00310671 0.00606699 0.0104792 0.0152053 0.0181952 0.0182843 0.0160559 0.0128315 0.00961238 0.00686461 0.00470832 0.00310626 0.00196665 0.0011884 0.000679183 0.000361738 0.000175101 7.34738e-05 2.40285e-05 4.36052e-06 0 
0 0.00103644 0.00421908 0.00936641 0.0155525 0.0205779 0.0214559 0.0172289 0.010806 0.00566922 0.00275226 0.00136937 0.000760137 0.000500428 0.000405044 0.000407726 0.000504845 0.00074595 0.00125674 0.00228153 0.0041895 0.00729069 0.0113356 0.0151183 0.0170933 0.0166619 0.0144621 0.011543 0.0086724 0.00621674 0.00427771 0.00282865 0.00179347 0.00108464 0.000620153 0.000330367 0.000159931 6.71111e-05 2.19481e-05 3.98299e-06 0 
0 0.000926782 0.0037827 0.00846066 0.0143174 0.019752 0.022255 0.0201095 0.0146093 0.00893759 0.00499411 0.00278951 0.00168508 0.00116651 0.000958062 0.000944738 0.00110866 0.00150768 0.00228153 0.00365326 0.00585511 0.00889056 0.012212 0.0147518 0.0155964 0.0146526 0.0125355 0.00999422 0.00754816 0.00544948 0.0037745 0.00250841 0.00159567 0.000966878 0.000553378 0.000294937 0.00014281 5.99322e-05 1.9601e-05 3.5571e-06 0 
0 0.00081033 0.00331495 0.00746204 0.0128341 0.0183591 0.0221706 0.0223818 0.0188277 0.0135498 0.00884296 0.00563286 0.00375382 0.00276082 0.00231612 0.00224379 0.00249344 0.00310671 0.0041895 0.00585511 0.00809652 0.0106125 0.0127653 0.0138652 0.0136137 0.0122476 0.0102806 0.00818038 0.006232 0.00456146 0.00320449 0.00215435 0.00138128 0.000840841 0.000482395 0.000257393 0.000124691 5.23381e-05 1.71186e-05 3.10669e-06 0 
0 0.000692787 0.00283913 0.00642253 0.0111847 0.0164557 0.0209991 0.0232484 0.022268 0.0186907 0.0142584 0.0104289 0.00773555 0.00609527 0.0052588 0.00502962 0.00530835 0.00606699 0.00729069 0.00889056 0.0106125 0.0120268 0.0126822 0.0123551 0.0111712 0.00949452 0.00771024 0.00607421 0.00468148 0.00352097 0.00255519 0.00176703 0.00115528 0.000711242 0.000410351 0.000219504 0.000106445 4.46974e-05 1.46215e-05 2.65366e-06 0 
0 0.000579098 0.00237622 0.00539395 0.00947535 0.0142172 0.0188689 0.022363 0.0237031 0.0226201 0.0198382 0.0165451 0.0136588 0.0115748 0.0103285 0.00981665 0.00991212 0.0104792 0.0113356 0.012212 0.0127653 0.0126822 0.0118242 0.0103014 0.00841453 0.00652067 0.00490611 0.00370326 0.00287766 0.00229115 0.00180069 0.00133836 0.000919139 0.000581492 0.000339844 0.000182776 8.88198e-05 3.73243e-05 1.22128e-05 2.21668e-06 0 
0 0.000473186 0.00194323 0.00442089 0.00780896 0.0118636 0.0161461 0.0200117 0.0227356 0.0238155 0.0232707 0.0216344 0.0196244 0.0178044 0.0164621 0.0156565 0.0152993 0.0152053 0.0151183 0.0147518 0.0138652 0.0123551 0.0103014 0.00794146 0.00560269 0.00362565 0.00224311 0.00146254 0.00111679 0.00101136 0.000973998 0.00087052 0.00067458 0.000454417 0.00027301 0.000148422 7.24048e-05 3.04661e-05 9.97294e-06 1.81038e-06 0 
0 0.000377821 0.00155237 0.00353633 0.00626666 0.0095894 0.0132426 0.0168508 0.0199655 0.0221803 0.0232886 0.0233744 0.0227516 0.0217973 0.0208007 0.0198964 0.0190696 0.0181952 0.0170933 0.0155964 0.0136137 0.0111712 0.00841453 0.00560269 0.00312209 0.00139552 0.000534735 0.000230824 0.000160342 0.000195784 0.000309764 0.000429056 0.000435812 0.000334477 0.000211854 0.000117388 5.763e-05 2.42981e-05 7.95877e-06 1.44502e-06 0 
0 0.000294633 0.00121092 0.0027605 0.00490034 0.00752749 0.0104757 0.0135179 0.0163838 0.018804 0.0205766 0.0216248 0.0220068 0.0218666 0.0213581 0.0205836 0.0195707 0.0182843 0.0166619 0.0146526 0.0122476 0.00949452 0.00652067 0.00362565 0.00139552 0.000313832 4.46039e-05 7.71403e-06 4.20939e-06 9.57013e-06 4.25145e-05 0.00014126 0.000238613 0.000229932 0.00015857 9.03891e-05 4.47681e-05 1.89249e-05 6.20354e-06 1.12658e-06 0 
0 0.000224225 0.000921685 0.00210193 0.00373454 0.00574759 0.00802893 0.0104313 0.0127834 0.0149101 0.0166602 0.0179336 0.018695 0.0189649 0.0187934 0.0182316 0.0173139 0.0160559 0.0144621 0.0125355 0.0102806 0.00771024 0.00490611 0.00224311 0.000534735 4.46039e-05 1.38282e-06 5.61794e-08 2.06481e-08 1.23958e-07 2.70561e-06 3.31325e-05 0.000115121 0.000150244 0.000115191 6.78648e-05 3.39382e-05 1.4386e-05 4.71931e-06 8.57219e-07 0 
0 0.000166356 0.000683863 0.00155985 0.00277257 0.00427083 0.00597624 0.00778817 0.0095917 0.0112687 0.0127115 0.0138358 0.0145894 0.0149533 0.0149342 0.0145547 0.013844 0.0128315 0.011543 0.00999422 0.00818038 0.00607421 0.00370326 0.00146254 0.000230824 7.71403e-06 5.61794e-08 5.63471e-10 1.40437e-10 2.13683e-09 2.1179e-07 8.73883e-06 5.81564e-05 9.86032e-05 8.24655e-05 4.98523e-05 2.51106e-05 1.0665e-05 3.50049e-06 6.35922e-07 0 
0 0.000120153 0.000493947 0.00112676 0.00200314 0.00308678 0.00432253 0.00564031 0.00696079 0.00820243 0.00928927 0.0101582 0.0107646 0.0110842 0.0111123 0.0108604 0.0103509 0.00961238 0.0086724 0.00754816 0.006232 0.00468148 0.00287766 0.00111679 0.000160342 4.20939e-06 2.06481e-08 1.40437e-10 3.10458e-11 5.96524e-10 8.72693e-08 4.90919e-06 3.84021e-05 6.93063e-05 5.91166e-05 3.59349e-05 1.81268e-05 7.70175e-06 2.52813e-06 4.59289e-07 0 
0 8.43263e-05 0.000346669 0.000790827 0.00140603 0.002167 0.00303542 0.00396282 0.00489452 0.00577433 0.00654949 0.0071753 0.00761861 0.00785992 0.00789361 0.00772663 0.00737593 0.00686461 0.00621674 0.00544948 0.00456146 0.00352097 0.00229115 0.00101136 0.000195784 9.57013e-06 1.23958e-07 2.13683e-09 5.96524e-10 5.85439e-09 2.95179e-07 7.09849e-06 3.52683e-05 5.30106e-05 4.25444e-05 2.53969e-05 1.2746e-05 5.40802e-06 1.77453e-06 3.22348e-07 0 
0 5.73647e-05 0.000235831 0.000537988 0.000956533 0.00147431 0.00206538 0.00269693 0.00333201 0.00393264 0.00446309 0.00489285 0.00519902 0.00536779 0.00539489 0.00528505 0.00505043 0.00470832 0.00427771 0.0037745 0.00320449 0.00255519 0.00180069 0.000973998 0.000309764 4.25145e-05 2.70561e-06 2.1179e-07 8.72693e-08 2.95179e-07 2.68929e-06 1.6221e-05 3.80051e-05 4.19204e-05 3.02728e-05 1.74992e-05 8.70162e-06 3.6825e-06 1.20748e-06 2.19299e-07 0 
0 3.7699e-05 0.000154984 0.000353558 0.000628628 0.000968933 0.00135744 0.00177264 0.0021903 0.00258552 0.00293485 0.00321823 0.00342054 0.00353261 0.0035516 0.00348069 0.00332822 0.00310626 0.00282865 0.00250841 0.00215435 0.00176703 0.00133836 0.00087052 0.000429056 0.00014126 3.31325e-05 8.73883e-06 4.90919e-06 7.09849e-06 1.6221e-05 3.11039e-05 3.81945e-05 3.1883e-05 2.08282e-05 1.16581e-05 5.7411e-06 2.42277e-06 7.9378e-07 1.44131e-07 0 
0 2.38241e-05 9.79432e-05 0.000223435 0.000397269 0.000612335 0.000857874 0.0011203 0.00138431 0.00163418 0.0018551 0.00203439 0.00216248 0.00223359 0.0022459 0.00220149 0.00210577 0.00196665 0.00179347 0.00159567 0.00138128 0.00115528 0.000919139 0.00067458 0.000435812 0.000238613 0.000115121 5.81564e-05 3.84021e-05 3.52683e-05 3.80051e-05 3.81945e-05 3.1943e-05 2.23377e-05 1.3626e-05 7.44846e-06 3.64022e-06 1.5326e-06 5.01779e-07 9.10925e-08 0 
0 1.43839e-05 5.91334e-05 0.000134899 0.000239853 0.000369701 0.000517949 0.000676396 0.000835805 0.000986687 0.0011201 0.00122839 0.00130578 0.00134877 0.00135628 0.00132959 0.001272 0.0011884 0.00108464 0.000966878 0.000840841 0.000711242 0.000581492 0.000454417 0.000334477 0.000229932 0.000150244 9.86032e-05 6.93063e-05 5.30106e-05 4.19204e-05 3.1883e-05 2.23377e-05 1.42984e-05 8.40268e-06 4.52937e-06 2.20289e-06 9.25981e-07 3.03017e-07 5.50009e-08 0 
0 8.21723e-06 3.37818e-05 7.70654e-05 0.000137023 0.000211203 0.000295895 0.000386415 0.000477485 0.000563684 0.000639906 0.000701778 0.000746 0.000770573 0.000774884 0.000759665 0.000726824 0.000679183 0.000620153 0.000553378 0.000482395 0.000410351 0.000339844 0.00027301 0.000211854 0.00015857 0.000115191 8.24655e-05 5.91166e-05 4.25444e-05 3.02728e-05 2.08282e-05 1.3626e-05 8.40268e-06 4.85373e-06 2.59799e-06 1.26022e-06 5.29238e-07 1.73133e-07 3.14224e-08 0 
0 4.37575e-06 1.79891e-05 4.10381e-05 7.29663e-05 0.000112468 0.000157567 0.00020577 0.000254266 0.000300169 0.000340759 0.000373707 0.000397258 0.000410346 0.000412646 0.000404549 0.000387076 0.000361738 0.000330367 0.000294937 0.000257393 0.000219504 0.000182776 0.000148422 0.000117388 9.03891e-05 6.78648e-05 4.98523e-05 3.59349e-05 2.53969e-05 1.74992e-05 1.16581e-05 7.44846e-06 4.52937e-06 2.59799e-06 1.38624e-06 6.71575e-07 2.81898e-07 9.22033e-08 1.67332e-08 0 
0 2.11793e-06 8.70702e-06 1.98631e-05 3.53168e-05 5.44362e-05 7.62651e-05 9.95959e-05 0.000123069 0.000145287 0.000164933 0.000180881 0.00019228 0.000198615 0.000199729 0.000195812 0.000187358 0.000175101 0.000159931 0.00014281 0.000124691 0.000106445 8.88198e-05 7.24048e-05 5.763e-05 4.47681e-05 3.39382e-05 2.51106e-05 1.81268e-05 1.2746e-05 8.70162e-06 5.7411e-06 3.64022e-06 2.20289e-06 1.26022e-06 6.71575e-07 3.25169e-07 1.36461e-07 4.46299e-08 8.09926e-09 0 
0 8.88673e-07 3.65342e-06 8.33443e-06 1.48187e-05 2.28411e-05 3.20004e-05 4.17899e-05 5.1639e-05 6.09615e-05 6.9205e-05 7.58967e-05 8.06798e-05 8.33381e-05 8.38057e-05 8.21623e-05 7.86157e-05 7.34738e-05 6.71111e-05 5.99322e-05 5.23381e-05 4.46974e-05 3.73243e-05 3.04661e-05 2.42981e-05 1.89249e-05 1.4386e-05 1.0665e-05 7.70175e-06 5.40802e-06 3.6825e-06 2.42277e-06 1.5326e-06 9.25981e-07 5.29238e-07 2.81898e-07 1.36461e-07 5.72619e-08 1.87269e-08 3.39844e-09 0 
0 2.90623e-07 1.19478e-06 2.72561e-06 4.84619e-06 7.46975e-06 1.04651e-05 1.36666e-05 1.68875e-05 1.99363e-05 2.26322e-05 2.48205e-05 2.63848e-05 2.72541e-05 2.74071e-05 2.68697e-05 2.57099e-05 2.40285e-05 2.19481e-05 1.9601e-05 1.71186e-05 1.46215e-05 1.22128e-05 9.97294e-06 7.95877e-06 6.20354e-06 4.71931e-06 3.50049e-06 2.52813e-06 1.77453e-06 1.20748e-06 7.9378e-07 5.01779e-07 3.03017e-07 1.73133e-07 9.22033e-08 4.46299e-08 1.87269e-08 6.12434e-09 1.1114e-09 0 
0 5.27398e-08 2.16818e-07 4.94621e-07 8.79444e-07 1.35555e-06 1.89912e-06 2.48009e-06 3.0646e-06 3.61786e-06 4.10709e-06 4.50422e-06 4.78808e-06 4.94585e-06 4.9736e-06 4.87609e-06 4.66563e-06 4.36052e-06 3.98299e-06 3.5571e-06 3.10669e-06 2.65366e-06 2.21668e-06 1.81038e-06 1.44502e-06 1.12658e-06 8.57219e-07 6.35922e-07 4.59289e-07 3.22348e-07 2.19299e-07 1.44131e-07 9.10925e-08 5.50009e-08 3.14224e-08 1.67332e-08 8.09926e-09 3.39844e-09 1.1114e-09 2.01687e-10 0 
0 0 0 0 0 0 0 0 0 0 0 0 0 0 0 0 0 0 0 0 0 0 0 0 0 0 0 0 0 0 0 0 0 0 0 0 0 0 0 0 0 
