0 0 0 0 0 0 0 0 0 0 0 0 0 0 0 0 0 0 0 0 0 0 0 0 0 0 0 0 0 0 0 0 0 0 0 0 0 0 0 0 0 
0 1.33594e-05 5.28387e-05 0.000112245 0.000177867 0.000232869 0.000265643 0.000274635 0.000266011 0.000248249 0.000228368 0.000210801 0.000197804 0.000190256 0.00018831 0.000191767 0.000200189 0.000212833 0.000228484 0.000245261 0.000260549 0.00027117 0.000273906 0.000266315 0.000247604 0.000219127 0.000184174 0.000147023 0.000111685 8.09649e-05 5.61548e-05 3.73037e-05 2.37069e-05 1.43523e-05 8.20956e-06 4.37409e-06 2.11761e-06 8.88622e-07 2.90617e-07 5.27394e-08 0 
0 5.28387e-05 0.000197789 0.00037709 0.000499504 0.000508355 0.000426465 0.000315111 0.000217732 0.000147972 0.00010305 7.59451e-05 6.06398e-05 5.3238e-05 5.1696e-05 5.53846e-05 6.48249e-05 8.15987e-05 0.000108293 0.000148214 0.00020449 0.000278182 0.000365498 0.00045526 0.000529111 0.000566825 0.000555713 0.000498054 0.000410066 0.000312991 0.00022376 0.000151101 9.68179e-05 5.88389e-05 3.37123e-05 1.79745e-05 8.70431e-06 3.653e-06 1.19473e-06 2.16815e-07 0 
0 0.000112245 0.00037709 0.000581176 0.00054901 0.000359105 0.000182445 8.00074e-05 3.30935e-05 1.39203e-05 6.35351e-06 3.32094e-06 2.07076e-06 1.58052e-06 1.49097e-06 1.72811e-06 2.41288e-06 3.93582e-06 7.21972e-06 1.42845e-05 2.92355e-05 5.95286e-05 0.000116512 0.000212846 0.000353873 0.000523768 0.000677771 0.000758661 0.000735335 0.000625615 0.000477405 0.000334041 0.000217848 0.000133468 7.67364e-05 4.09706e-05 1.98509e-05 8.3326e-06 2.7254e-06 4.94608e-07 0 
0 0.000177867 0.000499504 0.00054901 0.000316902 0.000114531 3.03899e-05 6.76425e-06 1.42113e-06 3.14697e-07 8.12687e-08 2.66838e-08 1.18989e-08 7.51099e-09 6.81358e-09 8.78939e-09 1.5595e-08 3.61529e-08 1.02758e-07 3.34035e-07 1.15857e-06 4.02134e-06 1.32232e-05 3.94404e-05 0.000103292 0.000231749 0.000436072 0.000674749 0.0008479 0.000869739 0.000747641 0.000559433 0.000377387 0.000234814 0.000135887 7.27388e-05 3.52769e-05 1.48129e-05 4.84553e-06 8.79403e-07 0 
0 0.000232869 0.000508355 0.000359105 0.000114531 2.06407e-05 2.52439e-06 2.46491e-07 2.25599e-08 2.26791e-09 2.90372e-10 5.37647e-11 1.58628e-11 7.92448e-12 6.85044e-12 1.00822e-11 2.40304e-11 8.58969e-11 4.18748e-10 2.50938e-09 1.66615e-08 1.11349e-07 6.8994e-07 3.7168e-06 1.66418e-05 6.02394e-05 0.000173423 0.000391547 0.000681858 0.000906565 0.000933915 0.0007792 0.000556451 0.00035551 0.000208039 0.000111845 5.43293e-05 2.28257e-05 7.46806e-06 1.35544e-06 0 
0 0.000265643 0.000426465 0.000182445 3.03899e-05 2.52439e-06 1.28316e-07 4.89287e-09 1.73298e-10 7.06905e-12 4.06294e-13 3.91254e-14 7.20495e-15 2.75586e-15 2.25466e-15 3.85662e-15 1.28715e-14 7.54019e-14 6.80303e-13 8.19451e-12 1.14222e-10 1.61383e-09 2.06283e-08 2.18139e-07 1.79279e-06 1.1046e-05 5.03083e-05 0.000168986 0.000416839 0.000746061 0.000966659 0.000937936 0.000728471 0.000484544 0.00028846 0.000156121 7.60207e-05 3.19658e-05 1.04614e-05 1.8989e-06 0 
0 0.000274635 0.000315111 8.00074e-05 6.76425e-06 2.46491e-07 4.89287e-09 6.81159e-11 8.7286e-13 1.356e-14 3.30773e-16 1.58277e-17 1.76916e-18 5.1709e-19 4.01242e-19 7.93354e-19 3.75404e-18 3.724e-17 6.491e-16 1.65004e-14 5.08601e-13 1.60186e-11 4.44908e-10 9.7e-09 1.52935e-07 1.66278e-06 1.22632e-05 6.17309e-05 0.000214917 0.000518795 0.000862027 0.0010016 0.000866965 0.000609021 0.00037131 0.000202847 9.91077e-05 4.17217e-05 1.36593e-05 2.47967e-06 0 
0 0.000266011 0.000217732 3.30935e-05 1.42113e-06 2.25599e-08 1.73298e-10 8.7286e-13 4.01233e-15 2.35526e-17 2.45333e-19 7.65712e-21 1.29749e-21 6.21536e-22 5.3121e-22 7.59425e-22 2.0651e-21 1.84596e-20 5.59113e-19 3.00469e-17 2.06111e-15 1.45668e-13 8.852e-12 4.00756e-10 1.221e-08 2.35812e-07 2.82648e-06 2.12431e-05 0.000102921 0.000328922 0.000695339 0.000975996 0.000955839 0.00071725 0.000450514 0.000249047 0.000122203 5.15193e-05 1.6875e-05 3.06389e-06 0 
0 0.000248249 0.000147972 1.39203e-05 3.14697e-07 2.26791e-09 7.06905e-12 1.356e-14 2.35526e-17 5.62349e-20 4.56466e-22 3.39991e-23 1.08768e-23 7.46029e-24 6.82572e-24 7.76596e-24 1.32156e-23 5.49899e-23 8.88824e-22 7.38156e-20 1.07125e-17 1.63063e-15 2.08395e-13 1.88893e-11 1.07684e-09 3.5945e-08 6.84293e-07 7.51812e-06 4.9499e-05 0.000203613 0.000534105 0.000895958 0.000994893 0.000801829 0.000520796 0.000291834 0.000143909 6.07725e-05 1.99166e-05 3.61675e-06 0 
0 0.000228368 0.00010305 6.35351e-06 8.12687e-08 2.90372e-10 4.06294e-13 3.30773e-16 2.45333e-19 4.56466e-22 6.57636e-24 7.70559e-25 3.7084e-25 3.11653e-25 2.96184e-25 2.96619e-25 3.70497e-25 8.6665e-25 7.6526e-24 4.29558e-22 9.915e-20 2.9661e-17 7.33456e-15 1.23158e-12 1.22523e-10 6.65483e-09 1.91306e-07 2.94684e-06 2.54245e-05 0.000129938 0.00040886 0.000799945 0.000996663 0.000860992 0.000578487 0.00032874 0.000162949 6.89341e-05 2.26042e-05 4.10551e-06 0 
0 0.000210801 7.59451e-05 3.32094e-06 2.66838e-08 5.37647e-11 3.91254e-14 1.58277e-17 7.65712e-21 3.39992e-23 7.70561e-25 6.74014e-26 2.76767e-26 2.44651e-26 2.35998e-26 2.20464e-26 2.3146e-26 4.35508e-26 3.46606e-25 1.34223e-23 2.33916e-21 1.11391e-18 4.71859e-16 1.31084e-13 2.05517e-11 1.66197e-09 6.69441e-08 1.35997e-06 1.46287e-05 8.90057e-05 0.00032315 0.000714076 0.000978353 0.000897638 0.000621781 0.000357934 0.000178276 7.55418e-05 2.4784e-05 4.50217e-06 0 
0 0.000197804 6.06398e-05 2.07076e-06 1.18989e-08 1.58628e-11 7.20495e-15 1.76916e-18 1.29749e-21 1.08768e-23 3.70842e-25 2.76768e-26 4.79482e-27 2.78409e-27 2.52528e-27 2.27431e-27 2.40847e-27 6.61392e-27 7.06184e-26 2.06492e-24 2.11904e-22 1.04271e-19 6.46931e-17 2.58457e-14 5.62715e-12 6.06619e-10 3.11821e-08 7.73887e-07 9.76231e-06 6.72994e-05 0.00027028 0.000650678 0.000955028 0.000916952 0.00065042 0.000378281 0.000189141 8.02526e-05 2.63409e-05 4.78563e-06 0 
0 0.000190256 5.3238e-05 1.58052e-06 7.51099e-09 7.92448e-12 2.75586e-15 5.1709e-19 6.21537e-22 7.46032e-24 3.11654e-25 2.44653e-26 2.78411e-27 5.9503e-28 3.3895e-28 3.00557e-28 5.16532e-28 3.02828e-27 3.66563e-26 8.92958e-25 6.82812e-23 2.73814e-20 2.08058e-17 1.02164e-14 2.68044e-12 3.40252e-10 2.00924e-08 5.58853e-07 7.71864e-06 5.71124e-05 0.00024275 0.000613295 0.000936637 0.000924004 0.000665053 0.000389291 0.000195126 8.28633e-05 2.72054e-05 4.94313e-06 0 
0 0.00018831 5.1696e-05 1.49097e-06 6.81358e-09 6.85044e-12 2.25466e-15 4.01242e-19 5.31211e-22 6.82574e-24 2.96185e-25 2.35999e-26 2.5253e-27 3.38951e-28 8.27991e-29 7.60956e-29 3.0877e-28 2.54974e-27 3.16093e-26 7.4637e-25 5.41068e-23 2.05367e-20 1.62383e-17 8.32612e-15 2.27204e-12 2.98553e-10 1.81563e-08 5.17363e-07 7.2842e-06 5.4713e-05 0.000235427 0.000601466 0.000927846 0.000922185 0.000666605 0.000390985 0.000196134 8.3316e-05 2.73568e-05 4.9708e-06 0 
0 0.000191767 5.53846e-05 1.72811e-06 8.78939e-09 1.00822e-11 3.85662e-15 7.93354e-19 7.59425e-22 7.76598e-24 2.9662e-25 2.20465e-26 2.27433e-27 3.00558e-28 7.60955e-29 8.43603e-29 3.65168e-28 3.05759e-27 4.05738e-26 1.08835e-24 9.44026e-23 4.21881e-20 2.9947e-17 1.36873e-14 3.36726e-12 4.04153e-10 2.27621e-08 6.0896e-07 8.15407e-06 5.89051e-05 0.000245889 0.000613201 0.000928828 0.000912584 0.000655873 0.000383782 0.00019236 8.16911e-05 2.68212e-05 4.87337e-06 0 
0 0.000200189 6.48249e-05 2.41288e-06 1.5595e-08 2.40304e-11 1.28715e-14 3.75404e-18 2.06511e-21 1.32157e-23 3.70498e-25 2.31461e-26 2.40848e-27 5.16531e-28 3.08768e-28 3.65166e-28 9.12592e-28 6.01188e-27 8.86447e-26 3.23328e-24 4.23615e-22 2.20941e-19 1.20407e-16 4.24749e-14 8.27096e-12 8.09075e-10 3.83097e-08 8.88773e-07 1.06253e-05 7.02792e-05 0.00027373 0.000645301 0.000935852 0.000894089 0.000633431 0.000368416 0.000184251 7.81901e-05 2.56659e-05 4.66316e-06 0 
0 0.000212833 8.15987e-05 3.93582e-06 3.61529e-08 8.58969e-11 7.54019e-14 3.724e-17 1.84596e-20 5.499e-23 8.66653e-25 4.35509e-26 6.6139e-27 3.02826e-27 2.54972e-27 3.05757e-27 6.01186e-27 2.95305e-26 4.75807e-25 2.67366e-23 5.97673e-21 2.56665e-18 9.32737e-16 2.2472e-13 3.10055e-11 2.2432e-09 8.22311e-08 1.54606e-06 1.56377e-05 9.08013e-05 0.000319086 0.000691922 0.000941485 0.000863972 0.000599787 0.000345898 0.000172455 7.31095e-05 2.39906e-05 4.35837e-06 0 
0 0.000228484 0.000108293 7.21972e-06 1.02758e-07 4.18748e-10 6.80303e-13 6.491e-16 5.59113e-19 8.88824e-22 7.6526e-24 3.46605e-25 7.06182e-26 3.66561e-26 3.16091e-26 4.05736e-26 8.86444e-26 4.75806e-25 9.91893e-24 9.00109e-22 2.07706e-19 5.47424e-17 1.19449e-14 1.78584e-12 1.60003e-10 7.92782e-09 2.10718e-07 3.04227e-06 2.49428e-05 0.000122942 0.000379509 0.000741699 0.000934746 0.000818797 0.000555656 0.000317489 0.000157767 6.68106e-05 2.19165e-05 3.98119e-06 0 
0 0.000245261 0.000148214 1.42845e-05 3.34035e-07 2.50938e-09 8.19451e-12 1.65004e-14 3.00469e-17 7.38156e-20 4.29558e-22 1.34222e-23 2.06491e-24 8.92955e-25 7.46368e-25 1.08835e-24 3.23327e-24 2.67366e-23 9.00109e-22 8.6687e-20 1.20689e-17 1.7515e-15 2.1371e-13 1.85276e-11 1.01217e-09 3.24494e-08 5.95205e-07 6.33422e-06 4.07644e-05 0.00016646 0.000443629 0.000774062 0.000901835 0.000755462 0.000502208 0.000284656 0.000141064 5.96867e-05 1.95749e-05 3.55559e-06 0 
0 0.000260549 0.00020449 2.92355e-05 1.15857e-06 1.66615e-08 1.14222e-10 5.08601e-13 2.06111e-15 1.07125e-17 9.915e-20 2.33916e-21 2.11904e-22 6.82812e-23 5.41068e-23 9.44025e-23 4.23615e-22 5.97673e-21 2.07706e-19 1.20689e-17 8.97923e-16 6.88041e-14 4.50502e-12 2.17175e-10 6.9318e-09 1.37754e-07 1.67424e-06 1.26901e-05 6.25747e-05 0.000209076 0.00048084 0.000756853 0.000827941 0.000672087 0.000441141 0.000248984 0.00012324 5.21312e-05 1.70962e-05 3.10538e-06 0 
0 0.00027117 0.000278182 5.95286e-05 4.02134e-06 1.11349e-07 1.61383e-09 1.60186e-11 1.45668e-13 1.63063e-15 2.9661e-17 1.11391e-18 1.04271e-19 2.73814e-20 2.05367e-20 4.21881e-20 2.20941e-19 2.56665e-18 5.47424e-17 1.7515e-15 6.88041e-14 2.75203e-12 9.51644e-11 2.49117e-09 4.48351e-08 5.2596e-07 4.00427e-06 2.06075e-05 7.61786e-05 0.000210772 0.000435238 0.000651003 0.000700629 0.000568581 0.000374599 0.00021207 0.000105143 4.45094e-05 1.46011e-05 2.65245e-06 0 
0 0.000273906 0.000365498 0.000116512 1.32232e-05 6.8994e-07 2.06283e-08 4.44908e-10 8.852e-12 2.08395e-13 7.33456e-15 4.71859e-16 6.46931e-17 2.08058e-17 1.62383e-17 2.9947e-17 1.20407e-16 9.32737e-16 1.19449e-14 2.1371e-13 4.50502e-12 9.51644e-11 1.73924e-09 2.41952e-08 2.31289e-07 1.43654e-06 5.94134e-06 1.83989e-05 4.94307e-05 0.000122809 0.000264348 0.00043701 0.000517095 0.000447378 0.000305065 0.000175428 8.75253e-05 3.71373e-05 1.21925e-05 2.21549e-06 0 
0 0.000266315 0.00045526 0.000212846 3.94404e-05 3.7168e-06 2.18139e-07 9.7e-09 4.00756e-10 1.88893e-11 1.23158e-12 1.31084e-13 2.58457e-14 1.02164e-14 8.32612e-15 1.36873e-14 4.24749e-14 2.2472e-13 1.78584e-12 1.85276e-11 2.17175e-10 2.49117e-09 2.41952e-08 1.70729e-07 7.47982e-07 1.8338e-06 2.73393e-06 3.56547e-06 6.45277e-06 1.88691e-05 6.60614e-05 0.000179548 0.000301111 0.000315981 0.000235612 0.000140472 7.10167e-05 3.02683e-05 9.95179e-06 1.80916e-06 0 
0 0.000247604 0.000529111 0.000353873 0.000103292 1.66418e-05 1.79279e-06 1.52935e-07 1.221e-08 1.07684e-09 1.22523e-10 2.05517e-11 5.62715e-12 2.68044e-12 2.27204e-12 3.36726e-12 8.27096e-12 3.10055e-11 1.60003e-10 1.01217e-09 6.9318e-09 4.48351e-08 2.31289e-07 7.47982e-07 1.08737e-06 5.30772e-07 1.03086e-07 2.22857e-08 2.18104e-08 1.49341e-07 2.58288e-06 2.92273e-05 0.000118444 0.00019132 0.00017056 0.00010858 5.61201e-05 2.40879e-05 7.93681e-06 1.44377e-06 0 
0 0.000219127 0.000566825 0.000523768 0.000231749 6.02394e-05 1.1046e-05 1.66278e-06 2.35812e-07 3.5945e-08 6.65483e-09 1.66197e-09 6.06619e-10 3.40252e-10 2.98553e-10 4.04153e-10 8.09075e-10 2.2432e-09 7.92782e-09 3.24494e-08 1.37754e-07 5.2596e-07 1.43654e-06 1.8338e-06 5.30772e-07 1.60236e-08 6.38062e-11 3.8587e-13 1.25181e-13 7.49586e-12 4.86097e-09 1.17302e-06 2.75109e-05 9.67808e-05 0.000115495 8.10753e-05 4.32016e-05 1.87123e-05 6.18186e-06 1.12538e-06 0 
0 0.000184174 0.000555713 0.000677771 0.000436072 0.000173423 5.03083e-05 1.22632e-05 2.82648e-06 6.84293e-07 1.91306e-07 6.69441e-08 3.11821e-08 2.00924e-08 1.81563e-08 2.27621e-08 3.83097e-08 8.22311e-08 2.10718e-07 5.95205e-07 1.67424e-06 4.00427e-06 5.94134e-06 2.73393e-06 1.03086e-07 6.38062e-11 8.20802e-16 1.93342e-15 2.74883e-15 2.14349e-16 5.54032e-13 1.4142e-08 4.28833e-06 4.35639e-05 7.49736e-05 5.89414e-05 3.24581e-05 1.41895e-05 4.69967e-06 8.56148e-07 0 
0 0.000147023 0.000498054 0.000758661 0.000674749 0.000391547 0.000168986 6.17309e-05 2.12431e-05 7.51812e-06 2.94684e-06 1.35997e-06 7.73887e-07 5.58853e-07 5.17363e-07 6.0896e-07 8.88773e-07 1.54606e-06 3.04227e-06 6.33422e-06 1.26901e-05 2.06075e-05 1.83989e-05 3.56547e-06 2.22857e-08 3.8587e-13 1.93341e-15 1.90056e-16 1.92738e-16 2.83187e-17 1.29757e-16 2.6415e-10 8.28157e-07 2.12362e-05 4.93734e-05 4.23418e-05 2.38757e-05 1.05034e-05 3.48455e-06 6.35062e-07 0 
0 0.000111685 0.000410066 0.000735335 0.0008479 0.000681858 0.000416839 0.000214917 0.000102921 4.9499e-05 2.54245e-05 1.46287e-05 9.76231e-06 7.71864e-06 7.2842e-06 8.15407e-06 1.06253e-05 1.56377e-05 2.49428e-05 4.07644e-05 6.25747e-05 7.61786e-05 4.94307e-05 6.45277e-06 2.18104e-08 1.25181e-13 2.74883e-15 1.92738e-16 4.13068e-17 4.37826e-17 1.64788e-15 7.88762e-11 4.43932e-07 1.41513e-05 3.50186e-05 3.0474e-05 1.72344e-05 7.58558e-06 2.51672e-06 4.58675e-07 0 
0 8.09649e-05 0.000312991 0.000625615 0.000869739 0.000906565 0.000746061 0.000518795 0.000328922 0.000203613 0.000129938 8.90057e-05 6.72994e-05 5.71124e-05 5.4713e-05 5.89051e-05 7.02792e-05 9.08013e-05 0.000122942 0.00016646 0.000209076 0.000210772 0.000122809 1.88691e-05 1.49341e-07 7.49586e-12 2.14349e-16 2.83187e-17 4.37825e-17 7.41533e-17 2.6382e-15 7.73e-10 8.36788e-07 1.37276e-05 2.71101e-05 2.20054e-05 1.21936e-05 5.33577e-06 1.76739e-06 3.21962e-07 0 
0 5.61548e-05 0.00022376 0.000477405 0.000747641 0.000933915 0.000966659 0.000862027 0.000695339 0.000534105 0.00040886 0.00032315 0.00027028 0.00024275 0.000235427 0.000245889 0.00027373 0.000319086 0.000379509 0.000443629 0.00048084 0.000435238 0.000264348 6.60614e-05 2.58288e-06 4.86097e-09 5.54032e-13 1.29757e-16 1.64788e-15 2.6382e-15 2.15909e-11 4.22497e-08 3.0288e-06 1.62378e-05 2.18187e-05 1.57179e-05 8.41034e-06 3.64381e-06 1.20359e-06 2.19086e-07 0 
0 3.73037e-05 0.000151101 0.000334041 0.000559433 0.0007792 0.000937936 0.0010016 0.000975996 0.000895958 0.000799945 0.000714076 0.000650678 0.000613295 0.000601466 0.000613201 0.000645301 0.000691922 0.000741699 0.000774062 0.000756853 0.000651003 0.00043701 0.000179548 2.92273e-05 1.17302e-06 1.4142e-08 2.6415e-10 7.88762e-11 7.73e-10 4.22497e-08 1.33001e-06 9.29672e-06 1.82147e-05 1.69918e-05 1.08715e-05 5.61035e-06 2.40494e-06 7.91939e-07 1.44028e-07 0 
0 2.37069e-05 9.68179e-05 0.000217848 0.000377387 0.000556451 0.000728471 0.000866965 0.000955839 0.000994893 0.000996663 0.000978353 0.000955028 0.000936637 0.000927846 0.000928828 0.000935852 0.000941485 0.000934746 0.000901835 0.000827941 0.000700629 0.000517095 0.000301111 0.000118444 2.75109e-05 4.28833e-06 8.28157e-07 4.43932e-07 8.36788e-07 3.0288e-06 9.29672e-06 1.62701e-05 1.67918e-05 1.22014e-05 7.15593e-06 3.59008e-06 1.52551e-06 5.01022e-07 9.10485e-08 0 
0 1.43523e-05 5.88389e-05 0.000133468 0.000234814 0.00035551 0.000484544 0.000609021 0.00071725 0.000801829 0.000860992 0.000897638 0.000916952 0.000924004 0.000922185 0.000912584 0.000894089 0.000863972 0.000818797 0.000755462 0.000672087 0.000568581 0.000447378 0.000315981 0.00019132 9.67808e-05 4.35639e-05 2.12362e-05 1.41513e-05 1.37276e-05 1.62378e-05 1.82147e-05 1.67918e-05 1.25642e-05 7.96534e-06 4.437e-06 2.18637e-06 9.2354e-07 3.02746e-07 5.49846e-08 0 
0 8.20956e-06 3.37123e-05 7.67364e-05 0.000135887 0.000208039 0.00028846 0.00037131 0.000450514 0.000520796 0.000578487 0.000621781 0.00065042 0.000665053 0.000666605 0.000655873 0.000633431 0.000599787 0.000555656 0.000502208 0.000441141 0.000374599 0.000305065 0.000235612 0.00017056 0.000115495 7.49736e-05 4.93734e-05 3.50186e-05 2.71101e-05 2.18187e-05 1.69918e-05 1.22014e-05 7.96534e-06 4.7406e-06 2.573e-06 1.25552e-06 5.2851e-07 1.73049e-07 3.14171e-08 0 
0 4.37409e-06 1.79745e-05 4.09706e-05 7.27388e-05 0.000111845 0.000156121 0.000202847 0.000249047 0.000291834 0.00032874 0.000357934 0.000378281 0.000389291 0.000390985 0.000383782 0.000368416 0.000345898 0.000317489 0.000284656 0.000248984 0.00021207 0.000175428 0.000140472 0.00010858 8.10753e-05 5.89414e-05 4.23418e-05 3.0474e-05 2.20054e-05 1.57179e-05 1.08715e-05 7.15593e-06 4.437e-06 2.573e-06 1.38043e-06 6.70424e-07 2.8171e-07 9.21804e-08 1.67317e-08 0 
0 2.11761e-06 8.70431e-06 1.98509e-05 3.52769e-05 5.43293e-05 7.60207e-05 9.91077e-05 0.000122203 0.000143909 0.000162949 0.000178276 0.000189141 0.000195126 0.000196134 0.00019236 0.000184251 0.000172455 0.000157767 0.000141064 0.00012324 0.000105143 8.75253e-05 7.10167e-05 5.61201e-05 4.32016e-05 3.24581e-05 2.38757e-05 1.72344e-05 1.21936e-05 8.41034e-06 5.61035e-06 3.59008e-06 2.18637e-06 1.25552e-06 6.70424e-07 3.24929e-07 1.3642e-07 4.46247e-08 8.09891e-09 0 
0 8.88622e-07 3.653e-06 8.3326e-06 1.48129e-05 2.28257e-05 3.19658e-05 4.17217e-05 5.15193e-05 6.07725e-05 6.89341e-05 7.55418e-05 8.02526e-05 8.28633e-05 8.3316e-05 8.16911e-05 7.81901e-05 7.31095e-05 6.68106e-05 5.96867e-05 5.21312e-05 4.45094e-05 3.71373e-05 3.02683e-05 2.40879e-05 1.87123e-05 1.41895e-05 1.05034e-05 7.58558e-06 5.33577e-06 3.64381e-06 2.40494e-06 1.52551e-06 9.2354e-07 5.2851e-07 2.8171e-07 1.3642e-07 5.72545e-08 1.87259e-08 3.39837e-09 0 
0 2.90617e-07 1.19473e-06 2.7254e-06 4.84553e-06 7.46806e-06 1.04614e-05 1.36593e-05 1.6875e-05 1.99166e-05 2.26042e-05 2.4784e-05 2.63409e-05 2.72054e-05 2.73568e-05 2.68212e-05 2.56659e-05 2.39906e-05 2.19165e-05 1.95749e-05 1.70962e-05 1.46011e-05 1.21925e-05 9.95179e-06 7.93681e-06 6.18186e-06 4.69967e-06 3.48455e-06 2.51672e-06 1.76739e-06 1.20359e-06 7.91939e-07 5.01022e-07 3.02746e-07 1.73049e-07 9.21804e-08 4.46247e-08 1.87259e-08 6.1242e-09 1.11139e-09 0 
0 5.27394e-08 2.16815e-07 4.94608e-07 8.79403e-07 1.35544e-06 1.8989e-06 2.47967e-06 3.06389e-06 3.61675e-06 4.10551e-06 4.50217e-06 4.78563e-06 4.94313e-06 4.9708e-06 4.87337e-06 4.66316e-06 4.35837e-06 3.98119e-06 3.55559e-06 3.10538e-06 2.65245e-06 2.21549e-06 1.80916e-06 1.44377e-06 1.12538e-06 8.56148e-07 6.35062e-07 4.58675e-07 3.21962e-07 2.19086e-07 1.44028e-07 9.10485e-08 5.49846e-08 3.14171e-08 1.67317e-08 8.09891e-09 3.39837e-09 1.11139e-09 2.01686e-10 0 
0 0 0 0 0 0 0 0 0 0 0 0 0 0 0 0 0 0 0 0 0 0 0 0 0 0 0 0 0 0 0 0 0 0 0 0 0 0 0 0 0 
