0 0 0 0 0 0 0 0 0 0 0 0 0 0 0 0 0 0 0 0 0 0 0 0 0 0 0 0 0 0 0 0 0 0 0 0 0 0 0 0 0 
0 1.33641e-05 5.28795e-05 0.000112413 0.000178323 0.000233778 0.000267067 0.000276501 0.000268166 0.000250542 0.00023069 0.000213096 0.000200056 0.000192474 0.000190514 0.00019398 0.000202427 0.000215101 0.000230764 0.000247514 0.00026271 0.000273159 0.000275637 0.000267723 0.000248658 0.000219845 0.000184614 0.000147264 0.000111803 8.1016e-05 5.61746e-05 3.73106e-05 2.3709e-05 1.43529e-05 8.20971e-06 4.37412e-06 2.11762e-06 8.88623e-07 2.90617e-07 5.27394e-08 0 
0 5.28795e-05 0.00019814 0.000378437 0.000502597 0.000513099 0.000431817 0.000320006 0.000221685 0.000150992 0.000105345 7.77468e-05 6.21401e-05 5.45849e-05 5.30088e-05 5.67719e-05 6.64001e-05 8.34923e-05 0.000110657 0.000151215 0.000208269 0.000282795 0.000370823 0.000460927 0.000534537 0.000571396 0.000559041 0.000500125 0.000411165 0.000313492 0.000223957 0.00015117 9.68388e-05 5.88446e-05 3.37137e-05 1.79748e-05 8.70437e-06 3.653e-06 1.19473e-06 2.16815e-07 0 
0 0.000112413 0.000378437 0.000585379 0.000555701 0.000365398 0.000186561 8.21818e-05 3.41333e-05 1.44113e-05 6.59884e-06 3.45813e-06 2.16029e-06 1.65053e-06 1.5573e-06 1.80384e-06 2.51519e-06 4.09461e-06 7.49264e-06 1.47835e-05 3.01678e-05 6.12416e-05 0.0001195 0.000217635 0.000360687 0.000532072 0.00068614 0.000765445 0.000739708 0.000627873 0.000478359 0.00033438 0.000217952 0.000133496 7.6743e-05 4.0972e-05 1.98512e-05 8.33264e-06 2.72541e-06 4.94608e-07 0 
0 0.000178323 0.000502597 0.000555701 0.000323057 0.000117584 3.1413e-05 7.03882e-06 1.48844e-06 3.31603e-07 8.6091e-08 2.8389e-08 1.26983e-08 8.02923e-09 7.2859e-09 9.38885e-09 1.66209e-08 3.84049e-08 1.08716e-07 3.51787e-07 1.21424e-06 4.19412e-06 1.37265e-05 4.07597e-05 0.000106297 0.000237502 0.000444971 0.000685374 0.000857328 0.000875882 0.000750647 0.000560588 0.000377752 0.000234913 0.00013591 7.27435e-05 3.52778e-05 1.4813e-05 4.84554e-06 8.79404e-07 0 
0 0.000233778 0.000513099 0.000365398 0.000117584 2.13843e-05 2.64006e-06 2.60296e-07 2.4053e-08 2.43989e-09 3.14875e-10 5.86767e-11 1.73914e-11 8.71022e-12 7.53312e-12 1.10697e-11 2.62953e-11 9.35341e-11 4.53223e-10 2.69744e-09 1.77807e-08 1.17965e-07 7.25817e-07 3.88466e-06 1.72911e-05 6.2258e-05 0.000178337 0.000400577 0.000693753 0.000917309 0.000940544 0.000782125 0.000557441 0.000355783 0.000208103 0.000111858 5.43316e-05 2.2826e-05 7.4681e-06 1.35545e-06 0 
0 0.000267067 0.000431817 0.000186561 3.1413e-05 2.64006e-06 1.35905e-07 5.2513e-09 1.88455e-10 7.78284e-12 4.52204e-13 4.39307e-14 8.14078e-15 3.1247e-15 2.55803e-15 4.36619e-15 1.45049e-14 8.44019e-14 7.55196e-13 9.01146e-12 1.24363e-10 1.73952e-09 2.20198e-08 2.3076e-07 1.88123e-06 1.15093e-05 5.20965e-05 0.000173998 0.000426695 0.000758904 0.0009773 0.000943658 0.00073063 0.000485169 0.000288609 0.000156151 7.60259e-05 3.19665e-05 1.04615e-05 1.8989e-06 0 
0 0.000276501 0.000320006 8.21818e-05 7.03882e-06 2.60296e-07 5.2513e-09 7.43595e-11 9.69118e-13 1.52964e-14 3.78379e-16 1.83107e-17 2.06137e-18 6.03523e-19 4.68223e-19 9.25606e-19 4.36199e-18 4.29119e-17 7.3999e-16 1.85843e-14 5.6552e-13 1.75816e-11 4.82221e-10 1.0391e-08 1.62114e-07 1.74652e-06 1.27815e-05 6.3914e-05 0.000221143 0.00053034 0.00087513 0.00101053 0.00087086 0.000610233 0.000371607 0.000202907 9.9118e-05 4.17231e-05 1.36595e-05 2.47968e-06 0 
0 0.000268166 0.000221685 3.41333e-05 1.48844e-06 2.4053e-08 1.88455e-10 9.69118e-13 4.54777e-15 2.72186e-17 2.87801e-19 8.79828e-21 1.41331e-21 6.65516e-22 5.67714e-22 8.17496e-22 2.29576e-21 2.15433e-20 6.54022e-19 3.46545e-17 2.34009e-15 1.62779e-13 9.74068e-12 4.34689e-10 1.3073e-08 2.49643e-07 2.96391e-06 2.21011e-05 0.000106352 0.000337629 0.000708617 0.00098757 0.0009618 0.000719281 0.00045103 0.000249153 0.000122221 5.15219e-05 1.68753e-05 3.0639e-06 0 
0 0.000250542 0.000150992 1.44113e-05 3.31603e-07 2.43989e-09 7.78284e-12 1.52964e-14 2.72186e-17 6.62441e-20 5.18587e-22 3.65517e-23 1.11185e-23 7.44434e-24 6.79047e-24 7.8115e-24 1.3814e-23 6.01438e-23 1.03127e-21 8.69187e-20 1.24023e-17 1.85305e-15 2.32584e-13 2.0729e-11 1.16381e-09 3.83335e-08 7.21598e-07 7.85522e-06 5.13268e-05 0.00020968 0.000546041 0.000909032 0.00100286 0.000804827 0.000521594 0.000292 0.000143938 6.07765e-05 1.99171e-05 3.61678e-06 0 
0 0.00023069 0.000105345 6.59884e-06 8.6091e-08 3.14875e-10 4.52204e-13 3.78379e-16 2.87801e-19 5.18587e-22 7.06238e-24 7.79332e-25 3.60138e-25 2.96018e-25 2.8039e-25 2.83872e-25 3.66163e-25 8.94686e-25 8.46853e-24 5.03458e-22 1.16672e-19 3.4206e-17 8.28786e-15 1.36537e-12 1.33508e-10 7.14272e-09 2.02722e-07 3.09019e-06 2.64371e-05 0.000134138 0.00041902 0.000813448 0.00100626 0.000864966 0.000579598 0.000328977 0.00016299 6.89398e-05 2.26048e-05 4.10555e-06 0 
0 0.000213096 7.77468e-05 3.45813e-06 2.8389e-08 5.86767e-11 4.39307e-14 1.83107e-17 8.79828e-21 3.65518e-23 7.79335e-25 6.49299e-26 2.58303e-26 2.24319e-26 2.15724e-26 2.03428e-26 2.19149e-26 4.31424e-26 3.67032e-25 1.50619e-23 2.75837e-21 1.2997e-18 5.38506e-16 1.46516e-13 2.2542e-11 1.79301e-09 7.12163e-08 1.43024e-06 1.52439e-05 9.20452e-05 0.000331758 0.000727364 0.000989066 0.00090246 0.00062319 0.00035824 0.000178329 7.55492e-05 2.47848e-05 4.50222e-06 0 
0 0.000200056 6.21401e-05 2.16029e-06 1.26983e-08 1.73914e-11 8.14078e-15 2.06137e-18 1.41331e-21 1.11185e-23 3.6014e-25 2.58305e-26 4.34032e-27 2.48143e-27 2.24628e-27 2.04021e-27 2.21757e-27 6.42987e-27 7.2465e-26 2.23958e-24 2.43438e-22 1.22541e-19 7.43471e-17 2.90542e-14 6.20051e-12 6.56801e-10 3.32624e-08 8.15493e-07 1.01875e-05 6.96769e-05 0.000277786 0.000663533 0.000966377 0.000922392 0.000652065 0.000378644 0.000189204 8.02615e-05 2.63419e-05 4.78569e-06 0 
0 0.000192474 5.45849e-05 1.65053e-06 8.02923e-09 8.71022e-12 3.1247e-15 6.03523e-19 6.65516e-22 7.44436e-24 2.9602e-25 2.24321e-26 2.48145e-27 5.18284e-28 2.94004e-28 2.64164e-28 4.75039e-28 2.92936e-27 3.69754e-26 9.47049e-25 7.66598e-23 3.22408e-20 2.39997e-17 1.15196e-14 2.96071e-12 3.69091e-10 2.14629e-08 5.89489e-07 8.06046e-06 5.91616e-05 0.000249621 0.000625769 0.000948244 0.000929785 0.00066684 0.000389689 0.000195196 8.28731e-05 2.72065e-05 4.94319e-06 0 
0 0.000190514 5.30088e-05 1.5573e-06 7.2859e-09 7.53312e-12 2.55803e-15 4.68223e-19 5.67715e-22 6.79049e-24 2.80391e-25 2.15726e-26 2.2463e-27 2.94006e-28 7.07286e-29 6.72818e-29 2.881e-28 2.46592e-27 3.1772e-26 7.87925e-25 6.04792e-23 2.41732e-20 1.87382e-17 9.3908e-15 2.51007e-12 3.23892e-10 1.93955e-08 5.45717e-07 7.60639e-06 5.66729e-05 0.000242087 0.000613727 0.00093942 0.000928015 0.00066842 0.000391391 0.000196206 8.3326e-05 2.73578e-05 4.97086e-06 0 
0 0.00019398 5.67719e-05 1.80384e-06 9.38885e-09 1.10697e-11 4.36619e-15 9.25606e-19 8.17497e-22 7.81153e-24 2.83874e-25 2.03429e-26 2.04022e-27 2.64165e-28 6.72817e-29 7.71057e-29 3.4468e-28 2.9825e-27 4.12165e-26 1.16424e-24 1.06849e-22 4.96021e-20 3.44599e-17 1.54007e-14 3.71268e-12 4.37747e-10 2.42842e-08 6.41681e-07 8.50797e-06 6.09764e-05 0.000252709 0.00062542 0.000940108 0.000918186 0.000657605 0.000384169 0.000192428 8.17007e-05 2.68222e-05 4.87343e-06 0 
0 0.000202427 6.64001e-05 2.51519e-06 1.66209e-08 2.62953e-11 1.45049e-14 4.36199e-18 2.29577e-21 1.38141e-23 3.66164e-25 2.1915e-26 2.21758e-27 4.75038e-28 2.88098e-28 3.44678e-28 8.79294e-28 5.99045e-27 9.22691e-26 3.55367e-24 4.92604e-22 2.58528e-19 1.3776e-16 4.75634e-14 9.08347e-12 8.73537e-10 4.07685e-08 9.34697e-07 1.10697e-05 7.26632e-05 0.00028103 0.000657551 0.00094656 0.000899215 0.000634986 0.000368761 0.000184312 7.81986e-05 2.56668e-05 4.66321e-06 0 
0 0.000215101 8.34923e-05 4.09461e-06 3.84049e-08 9.35341e-11 8.44019e-14 4.29119e-17 2.15433e-20 6.01439e-23 8.94688e-25 4.31425e-26 6.42986e-27 2.92934e-27 2.46591e-27 2.98248e-27 5.99043e-27 3.05889e-26 5.17079e-25 3.05286e-23 7.04841e-21 2.97606e-18 1.05847e-15 2.49922e-13 3.38597e-11 2.4109e-09 8.7193e-08 1.62138e-06 1.62563e-05 9.37155e-05 0.000327084 0.000704089 0.000951295 0.000868426 0.000601102 0.000346187 0.000172506 7.31166e-05 2.39914e-05 4.35841e-06 0 
0 0.000230764 0.000110657 7.49264e-06 1.08716e-07 4.53223e-10 7.55196e-13 7.3999e-16 6.54022e-19 1.03127e-21 8.46854e-24 3.67031e-25 7.24647e-26 3.69752e-26 3.17718e-26 4.12163e-26 9.22688e-26 5.17078e-25 1.13078e-23 1.06252e-21 2.42874e-19 6.27304e-17 1.3419e-14 1.96936e-12 1.73512e-10 8.47213e-09 2.22419e-07 3.17906e-06 2.5856e-05 0.00012659 0.00038821 0.000753399 0.000943307 0.000822456 0.000556706 0.000317717 0.000157807 6.68162e-05 2.19171e-05 3.98122e-06 0 
0 0.000247514 0.000151215 1.47835e-05 3.51787e-07 2.69744e-09 9.01146e-12 1.85843e-14 3.46545e-17 8.69187e-20 5.03458e-22 1.50619e-23 2.23958e-24 9.47047e-25 7.87923e-25 1.16423e-24 3.55367e-24 3.05286e-23 1.06252e-21 1.01649e-19 1.39015e-17 1.98047e-15 2.37355e-13 2.02356e-11 1.08887e-09 3.44504e-08 6.24929e-07 6.59084e-06 4.21102e-05 0.000170891 0.000452624 0.000784633 0.000908847 0.000758295 0.000503001 0.000284827 0.000141094 5.9691e-05 1.95753e-05 3.55562e-06 0 
0 0.00026271 0.000208269 3.01678e-05 1.21424e-06 1.77807e-08 1.24363e-10 5.6552e-13 2.34009e-15 1.24023e-17 1.16672e-19 2.75837e-21 2.43438e-22 7.66597e-23 6.04792e-23 1.06849e-22 4.92604e-22 7.04841e-21 2.42874e-19 1.39015e-17 1.01759e-15 7.67039e-14 4.94291e-12 2.3476e-10 7.39296e-09 1.45208e-07 1.74757e-06 1.31408e-05 6.43795e-05 0.000213893 0.000489142 0.000765499 0.000833262 0.000674163 0.000441716 0.000249108 0.000123262 5.21343e-05 1.70966e-05 3.1054e-06 0 
0 0.000273159 0.000282795 6.12416e-05 4.19412e-06 1.17965e-07 1.73952e-09 1.75816e-11 1.62779e-13 1.85305e-15 3.4206e-17 1.2997e-18 1.22541e-19 3.22408e-20 2.41732e-20 4.96021e-20 2.58528e-19 2.97606e-18 6.27304e-17 1.98047e-15 7.67039e-14 3.0243e-12 1.0313e-10 2.66467e-09 4.73968e-08 5.50374e-07 4.15466e-06 2.1234e-05 7.80485e-05 0.000214857 0.000441478 0.000657139 0.000704353 0.000570045 0.00037501 0.00021216 0.00010516 4.45117e-05 1.46013e-05 2.65247e-06 0 
0 0.000275637 0.000370823 0.0001195 1.37265e-05 7.25817e-07 2.20198e-08 4.82221e-10 9.74068e-12 2.32584e-13 8.28786e-15 5.38506e-16 7.43471e-17 2.39997e-17 1.87382e-17 3.44599e-17 1.3776e-16 1.05847e-15 1.3419e-14 2.37355e-13 4.94291e-12 1.0313e-10 1.86224e-09 2.56165e-08 2.42438e-07 1.49311e-06 6.1332e-06 1.88879e-05 5.0501e-05 0.000124899 0.00026765 0.000440604 0.000519522 0.000448411 0.00030537 0.000175496 8.75377e-05 3.71391e-05 1.21927e-05 2.2155e-06 0 
0 0.000267723 0.000460927 0.000217635 4.07597e-05 3.88466e-06 2.3076e-07 1.0391e-08 4.34689e-10 2.0729e-11 1.36537e-12 1.46516e-13 2.90542e-14 1.15196e-14 9.3908e-15 1.54007e-14 4.75634e-14 2.49922e-13 1.96936e-12 2.02356e-11 2.3476e-10 2.66467e-09 2.56165e-08 1.7907e-07 7.78381e-07 1.89726e-06 2.81774e-06 3.66416e-06 6.60819e-06 1.92311e-05 6.69661e-05 0.000181115 0.000302587 0.000316738 0.000235855 0.000140529 7.1027e-05 3.02698e-05 9.95195e-06 1.80916e-06 0 
0 0.000248658 0.000534537 0.000360687 0.000106297 1.72911e-05 1.88123e-06 1.62114e-07 1.3073e-08 1.16381e-09 1.33508e-10 2.2542e-11 6.20051e-12 2.96071e-12 2.51007e-12 3.71268e-12 9.08347e-12 3.38597e-11 1.73512e-10 1.08887e-09 7.39296e-09 4.73968e-08 2.42438e-07 7.78381e-07 1.12627e-06 5.49281e-07 1.06963e-07 2.31928e-08 2.26682e-08 1.54083e-07 2.63812e-06 2.95899e-05 0.000119203 0.000191886 0.000170769 0.00010863 5.61292e-05 2.40892e-05 7.93695e-06 1.44378e-06 0 
0 0.000219845 0.000571396 0.000532072 0.000237502 6.2258e-05 1.15093e-05 1.74652e-06 2.49643e-07 3.83335e-08 7.14272e-09 1.79301e-09 6.56801e-10 3.69091e-10 3.23892e-10 4.37747e-10 8.73537e-10 2.4109e-09 8.47213e-09 3.44504e-08 1.45208e-07 5.50374e-07 1.49311e-06 1.89726e-06 5.49281e-07 1.67146e-08 6.75619e-11 4.14875e-13 1.35217e-13 7.95928e-12 5.05306e-09 1.19752e-06 2.77763e-05 9.71733e-05 0.000115676 8.11209e-05 4.32098e-05 1.87135e-05 6.18198e-06 1.12538e-06 0 
0 0.000184614 0.000559041 0.00068614 0.000444971 0.000178337 5.20965e-05 1.27815e-05 2.96391e-06 7.21598e-07 2.02722e-07 7.12163e-08 3.32624e-08 2.14629e-08 1.93955e-08 2.42842e-08 4.07685e-08 8.7193e-08 2.22419e-07 6.24929e-07 1.74757e-06 4.15466e-06 6.1332e-06 2.81774e-06 1.06963e-07 6.75619e-11 8.96134e-16 1.86577e-15 2.78644e-15 1.89658e-16 5.91431e-13 1.46182e-08 4.3496e-06 4.38036e-05 7.51222e-05 5.89812e-05 3.24652e-05 1.41905e-05 4.69977e-06 8.56154e-07 0 
0 0.000147264 0.000500125 0.000765445 0.000685374 0.000400577 0.000173998 6.3914e-05 2.21011e-05 7.85522e-06 3.09019e-06 1.43024e-06 8.15493e-07 5.89489e-07 5.45717e-07 6.41681e-07 9.34697e-07 1.62138e-06 3.17906e-06 6.59084e-06 1.31408e-05 2.1234e-05 1.88879e-05 3.66416e-06 2.31928e-08 4.14875e-13 1.86577e-15 1.79143e-16 1.89096e-16 2.71775e-17 1.37055e-16 2.76202e-10 8.43393e-07 2.13783e-05 4.94865e-05 4.23735e-05 2.38814e-05 1.05041e-05 3.48462e-06 6.35067e-07 0 
0 0.000111803 0.000411165 0.000739708 0.000857328 0.000693753 0.000426695 0.000221143 0.000106352 5.13268e-05 2.64371e-05 1.52439e-05 1.01875e-05 8.06046e-06 7.60639e-06 8.50797e-06 1.10697e-05 1.62563e-05 2.5856e-05 4.21102e-05 6.43795e-05 7.80485e-05 5.0501e-05 6.60819e-06 2.26682e-08 1.35217e-13 2.78644e-15 1.89097e-16 3.92568e-17 3.7085e-17 1.3842e-15 8.27067e-11 4.52489e-07 1.42486e-05 3.50992e-05 3.04965e-05 1.72383e-05 7.58611e-06 2.51677e-06 4.58678e-07 0 
0 8.1016e-05 0.000313492 0.000627873 0.000875882 0.000917309 0.000758904 0.00053034 0.000337629 0.00020968 0.000134138 9.20452e-05 6.96769e-05 5.91616e-05 5.66729e-05 6.09764e-05 7.26632e-05 9.37155e-05 0.00012659 0.000170891 0.000213893 0.000214857 0.000124899 1.92311e-05 1.54083e-07 7.95928e-12 1.89658e-16 2.71775e-17 3.70849e-17 7.3713e-17 2.85902e-15 8.0365e-10 8.50246e-07 1.38075e-05 2.71634e-05 2.20194e-05 1.2196e-05 5.3361e-06 1.76742e-06 3.21964e-07 0 
0 5.61746e-05 0.000223957 0.000478359 0.000750647 0.000940544 0.0009773 0.00087513 0.000708617 0.000546041 0.00041902 0.000331758 0.000277786 0.000249621 0.000242087 0.000252709 0.00028103 0.000327084 0.00038821 0.000452624 0.000489142 0.000441478 0.00026765 6.69661e-05 2.63812e-06 5.05306e-09 5.91431e-13 1.37055e-16 1.3842e-15 2.85902e-15 2.26896e-11 4.33285e-08 3.06155e-06 1.6304e-05 2.18498e-05 1.57253e-05 8.41162e-06 3.64399e-06 1.20361e-06 2.19087e-07 0 
0 3.73106e-05 0.00015117 0.00033438 0.000560588 0.000782125 0.000943658 0.00101053 0.00098757 0.000909032 0.000813448 0.000727364 0.000663533 0.000625769 0.000613727 0.00062542 0.000657551 0.000704089 0.000753399 0.000784633 0.000765499 0.000657139 0.000440604 0.000181115 2.95899e-05 1.19752e-06 1.46182e-08 2.76202e-10 8.27067e-11 8.0365e-10 4.33285e-08 1.34789e-06 9.35281e-06 1.82586e-05 1.70068e-05 1.08749e-05 5.61093e-06 2.40502e-06 7.91947e-07 1.44028e-07 0 
0 2.3709e-05 9.68388e-05 0.000217952 0.000377752 0.000557441 0.00073063 0.00087086 0.0009618 0.00100286 0.00100626 0.000989066 0.000966377 0.000948244 0.00093942 0.000940108 0.00094656 0.000951295 0.000943307 0.000908847 0.000833262 0.000704353 0.000519522 0.000302587 0.000119203 2.77763e-05 4.3496e-06 8.43393e-07 4.52489e-07 8.50246e-07 3.06155e-06 9.35281e-06 1.63171e-05 1.68125e-05 1.22072e-05 7.15719e-06 3.5903e-06 1.52554e-06 5.01025e-07 9.10487e-08 0 
0 1.43529e-05 5.88446e-05 0.000133496 0.000234913 0.000355783 0.000485169 0.000610233 0.000719281 0.000804827 0.000864966 0.00090246 0.000922392 0.000929785 0.000928015 0.000918186 0.000899215 0.000868426 0.000822456 0.000758295 0.000674163 0.000570045 0.000448411 0.000316738 0.000191886 9.71733e-05 4.38036e-05 2.13783e-05 1.42486e-05 1.38075e-05 1.6304e-05 1.82586e-05 1.68125e-05 1.25712e-05 7.96719e-06 4.43741e-06 2.18644e-06 9.2355e-07 3.02747e-07 5.49847e-08 0 
0 8.20971e-06 3.37137e-05 7.6743e-05 0.00013591 0.000208103 0.000288609 0.000371607 0.00045103 0.000521594 0.000579598 0.00062319 0.000652065 0.00066684 0.00066842 0.000657605 0.000634986 0.000601102 0.000556706 0.000503001 0.000441716 0.00037501 0.00030537 0.000235855 0.000170769 0.000115676 7.51222e-05 4.94865e-05 3.50992e-05 2.71634e-05 2.18498e-05 1.70068e-05 1.22072e-05 7.96719e-06 4.74108e-06 2.57311e-06 1.25554e-06 5.28513e-07 1.73049e-07 3.14171e-08 0 
0 4.37412e-06 1.79748e-05 4.0972e-05 7.27435e-05 0.000111858 0.000156151 0.000202907 0.000249153 0.000292 0.000328977 0.00035824 0.000378644 0.000389689 0.000391391 0.000384169 0.000368761 0.000346187 0.000317717 0.000284827 0.000249108 0.00021216 0.000175496 0.000140529 0.00010863 8.11209e-05 5.89812e-05 4.23735e-05 3.04965e-05 2.20194e-05 1.57253e-05 1.08749e-05 7.15719e-06 4.43741e-06 2.57311e-06 1.38045e-06 6.70429e-07 2.81711e-07 9.21805e-08 1.67317e-08 0 
0 2.11762e-06 8.70437e-06 1.98512e-05 3.52778e-05 5.43316e-05 7.60259e-05 9.9118e-05 0.000122221 0.000143938 0.00016299 0.000178329 0.000189204 0.000195196 0.000196206 0.000192428 0.000184312 0.000172506 0.000157807 0.000141094 0.000123262 0.00010516 8.75377e-05 7.1027e-05 5.61292e-05 4.32098e-05 3.24652e-05 2.38814e-05 1.72383e-05 1.2196e-05 8.41162e-06 5.61093e-06 3.5903e-06 2.18644e-06 1.25554e-06 6.70429e-07 3.2493e-07 1.3642e-07 4.46247e-08 8.09891e-09 0 
0 8.88623e-07 3.653e-06 8.33264e-06 1.4813e-05 2.2826e-05 3.19665e-05 4.17231e-05 5.15219e-05 6.07765e-05 6.89398e-05 7.55492e-05 8.02615e-05 8.28731e-05 8.3326e-05 8.17007e-05 7.81986e-05 7.31166e-05 6.68162e-05 5.9691e-05 5.21343e-05 4.45117e-05 3.71391e-05 3.02698e-05 2.40892e-05 1.87135e-05 1.41905e-05 1.05041e-05 7.58611e-06 5.3361e-06 3.64399e-06 2.40502e-06 1.52554e-06 9.2355e-07 5.28513e-07 2.81711e-07 1.3642e-07 5.72545e-08 1.87259e-08 3.39837e-09 0 
0 2.90617e-07 1.19473e-06 2.72541e-06 4.84554e-06 7.4681e-06 1.04615e-05 1.36595e-05 1.68753e-05 1.99171e-05 2.26048e-05 2.47848e-05 2.63419e-05 2.72065e-05 2.73578e-05 2.68222e-05 2.56668e-05 2.39914e-05 2.19171e-05 1.95753e-05 1.70966e-05 1.46013e-05 1.21927e-05 9.95195e-06 7.93695e-06 6.18198e-06 4.69977e-06 3.48462e-06 2.51677e-06 1.76742e-06 1.20361e-06 7.91947e-07 5.01025e-07 3.02747e-07 1.73049e-07 9.21805e-08 4.46247e-08 1.87259e-08 6.12421e-09 1.11139e-09 0 
0 5.27394e-08 2.16815e-07 4.94608e-07 8.79404e-07 1.35545e-06 1.8989e-06 2.47968e-06 3.0639e-06 3.61678e-06 4.10555e-06 4.50222e-06 4.78569e-06 4.94319e-06 4.97086e-06 4.87343e-06 4.66321e-06 4.35841e-06 3.98122e-06 3.55562e-06 3.1054e-06 2.65247e-06 2.2155e-06 1.80916e-06 1.44378e-06 1.12538e-06 8.56154e-07 6.35067e-07 4.58678e-07 3.21964e-07 2.19087e-07 1.44028e-07 9.10487e-08 5.49847e-08 3.14171e-08 1.67317e-08 8.09891e-09 3.39837e-09 1.11139e-09 2.01686e-10 0 
0 0 0 0 0 0 0 0 0 0 0 0 0 0 0 0 0 0 0 0 0 0 0 0 0 0 0 0 0 0 0 0 0 0 0 0 0 0 0 0 0 
