0 0 0 0 0 0 0 0 0 0 0 0 0 0 0 0 0 0 0 0 0 0 0 0 0 0 0 0 0 0 0 0 0 0 0 0 0 0 0 0 0 
0 1.31883e-05 5.13837e-05 0.000106411 0.000162664 0.000204014 0.000222577 0.000220651 0.000205926 0.000186207 0.000166944 0.00015109 0.000139859 0.000133532 0.000132 0.000135039 0.000142372 0.000153591 0.000167975 0.000184289 0.000200626 0.000214434 0.000222823 0.000223166 0.000213877 0.000195053 0.000168667 0.000138091 0.000107111 7.88863e-05 5.53159e-05 3.70022e-05 2.36101e-05 1.43246e-05 8.20245e-06 4.37248e-06 2.1173e-06 8.8857e-07 2.90611e-07 5.27389e-08 0 
0 5.13837e-05 0.000185554 0.000332415 0.000404011 0.000373335 0.000285469 0.000194339 0.00012514 8.00789e-05 5.30391e-05 3.75747e-05 2.91802e-05 2.52303e-05 2.44371e-05 2.64345e-05 3.15855e-05 4.0967e-05 5.64355e-05 8.06175e-05 0.000116558 0.000166692 0.000230954 0.000304401 0.000375713 0.000428638 0.000447647 0.000425749 0.000368946 0.00029308 0.000215482 0.000148113 9.58712e-05 5.85735e-05 3.36463e-05 1.796e-05 8.70155e-06 3.65256e-06 1.19468e-06 2.16812e-07 0 
0 0.000106411 0.000332415 0.000453428 0.00036767 0.000206738 9.16843e-05 3.55359e-05 1.31032e-05 4.95921e-06 2.06335e-06 1.00058e-06 5.91357e-07 4.38124e-07 4.11174e-07 4.85477e-07 7.0536e-07 1.21861e-06 2.39933e-06 5.13955e-06 1.14359e-05 2.53284e-05 5.38382e-05 0.000106665 0.000192576 0.000311179 0.000443026 0.000548291 0.00058535 0.000540698 0.000438635 0.000319402 0.000213156 0.000132165 7.64189e-05 4.09027e-05 1.98384e-05 8.33065e-06 2.72518e-06 4.94593e-07 0 
0 0.000162664 0.000404011 0.00036767 0.00017247 5.12299e-05 1.12454e-05 2.07025e-06 3.60658e-07 6.69508e-08 1.47958e-08 4.28112e-09 1.74405e-09 1.04691e-09 9.41261e-10 1.25235e-09 2.37552e-09 6.06638e-09 1.94305e-08 7.22437e-08 2.88598e-07 1.15331e-06 4.33808e-06 1.46475e-05 4.29597e-05 0.000107268 0.000225277 0.00039364 0.000565023 0.00066038 0.000632993 0.000511341 0.000361203 0.000230262 0.000134787 7.25079e-05 3.52352e-05 1.48066e-05 4.84481e-06 8.79359e-07 0 
0 0.000204014 0.000373335 0.000206738 5.12299e-05 7.14949e-06 6.67457e-07 4.91697e-08 3.39745e-09 2.62043e-10 2.65578e-11 4.06815e-12 1.04803e-12 4.85446e-13 4.14002e-13 6.38161e-13 1.68113e-12 6.94711e-12 4.05186e-11 2.97205e-10 2.44302e-09 2.02244e-08 1.53841e-07 1.00055e-06 5.29233e-06 2.21365e-05 7.25219e-05 0.000186221 0.000374494 0.000584604 0.000703724 0.000664275 0.000513929 0.000343057 0.000205006 0.000111214 5.4217e-05 2.28091e-05 7.46621e-06 1.35533e-06 0 
0 0.000222577 0.000285469 9.16843e-05 1.12454e-05 6.67457e-07 2.34594e-08 6.06651e-10 1.45847e-11 4.1305e-13 1.72047e-14 1.27522e-15 1.94579e-16 6.69963e-17 5.37839e-17 9.81079e-17 3.763e-16 2.69483e-15 3.11457e-14 4.95819e-13 9.28139e-12 1.7643e-10 3.0015e-09 4.13492e-08 4.29837e-07 3.23731e-06 1.74382e-05 6.77657e-05 0.000193323 0.000408571 0.000636054 0.000729907 0.000639838 0.000456698 0.000281499 0.00015467 7.57652e-05 3.19286e-05 1.04573e-05 1.89866e-06 0 
0 0.000220651 0.000194339 3.55359e-05 2.07025e-06 4.91697e-08 6.06651e-10 5.1167e-12 3.97757e-14 3.85745e-16 6.21545e-18 2.40211e-19 4.54176e-20 2.80351e-20 2.55823e-20 3.06128e-20 6.83613e-20 5.82489e-19 1.34916e-17 4.92102e-16 2.22114e-14 1.02684e-12 4.1324e-11 1.27202e-09 2.73103e-08 3.87244e-07 3.55736e-06 2.14104e-05 8.71132e-05 0.000247504 0.000497301 0.000704133 0.000715888 0.000556723 0.000357666 0.000199969 9.86025e-05 4.1649e-05 1.36515e-05 2.47921e-06 0 
0 0.000205926 0.00012514 1.31032e-05 3.60658e-07 3.39745e-09 1.45847e-11 3.97757e-14 9.90803e-17 3.34333e-19 5.85126e-21 1.28444e-21 7.1944e-22 6.8997e-22 6.78617e-22 6.32297e-22 7.19291e-22 1.56914e-21 9.04969e-21 4.47848e-19 4.85189e-17 5.49304e-15 5.2625e-13 3.64223e-11 1.62585e-09 4.37202e-08 6.90118e-07 6.46691e-06 3.74392e-05 0.000141041 0.000358971 0.00062194 0.000738327 0.000632806 0.000427218 0.000244031 0.000121321 5.13931e-05 1.68615e-05 3.0631e-06 0 
0 0.000186207 8.00789e-05 4.95921e-06 6.69508e-08 2.62043e-10 4.1305e-13 3.85745e-16 3.34333e-19 1.35871e-21 1.17692e-22 7.11642e-23 6.06477e-23 6.5384e-23 6.56528e-23 5.75636e-23 5.27943e-23 6.0862e-23 1.00607e-22 1.13543e-21 1.43232e-19 3.73811e-17 8.1562e-15 1.21744e-12 1.08853e-10 5.37772e-09 1.42179e-07 2.03342e-06 1.64606e-05 8.05522e-05 0.000253124 0.000524712 0.000720737 0.000681837 0.000485546 0.000284043 0.000142529 6.05755e-05 1.98957e-05 3.61555e-06 0 
0 0.000166944 5.30391e-05 2.06335e-06 1.47958e-08 2.65578e-11 1.72047e-14 6.21545e-18 5.85126e-21 1.17692e-22 1.5973e-23 9.95647e-24 9.84154e-24 1.09254e-23 1.10029e-23 9.53494e-24 7.8888e-24 6.66471e-24 7.06924e-24 3.06623e-23 1.24962e-21 4.41276e-19 1.99017e-16 5.87522e-14 9.72839e-12 8.24711e-10 3.44919e-08 7.19112e-07 7.85034e-06 4.83909e-05 0.000182105 0.000438586 0.000683078 0.000707409 0.000530459 0.000317822 0.000160997 6.86554e-05 2.25746e-05 4.10383e-06 0 
0 0.00015109 3.75747e-05 1.00058e-06 4.28112e-09 4.06815e-12 1.27522e-15 2.40211e-19 1.28444e-21 7.11643e-23 9.95648e-24 3.17714e-24 2.31137e-24 2.36641e-24 2.33912e-24 2.01683e-24 1.58826e-24 1.21025e-24 1.32612e-24 5.51156e-24 9.67373e-23 1.31253e-20 9.53716e-18 4.91208e-15 1.34455e-12 1.7707e-10 1.07698e-08 3.05631e-07 4.2632e-06 3.17295e-05 0.000137949 0.000373515 0.000642277 0.000716709 0.000561988 0.000343981 0.000175756 7.51815e-05 2.47459e-05 4.50001e-06 0 
0 0.000139859 2.91802e-05 5.91357e-07 1.74405e-09 1.04803e-12 1.94579e-16 4.54176e-20 7.1944e-22 6.06477e-23 9.84155e-24 2.31137e-24 9.09803e-25 6.49667e-25 5.76702e-25 4.85329e-25 3.77241e-25 3.12382e-25 5.23181e-25 2.54929e-24 2.97294e-23 1.6389e-21 1.06525e-18 8.17508e-16 3.21455e-13 5.81485e-11 4.63293e-09 1.64248e-07 2.73518e-06 2.33251e-05 0.000112424 0.000330413 0.000608949 0.000717189 0.000581546 0.00036187 0.000186152 7.98244e-05 2.62957e-05 4.78306e-06 0 
0 0.000133532 2.52303e-05 4.38124e-07 1.04691e-09 4.85446e-13 6.69963e-17 2.80351e-20 6.8997e-22 6.53841e-23 1.09255e-23 2.36641e-24 6.49667e-25 2.6789e-25 1.7181e-25 1.31168e-25 1.06582e-25 1.25733e-25 3.53622e-25 1.88955e-24 1.89845e-23 6.89016e-22 3.09164e-19 2.95326e-16 1.42561e-13 3.08639e-11 2.86523e-09 1.1523e-07 2.12167e-06 1.95439e-05 9.98296e-05 0.000307091 0.000588258 0.000714501 0.000590932 0.000371392 0.000191848 8.23926e-05 2.71557e-05 4.94031e-06 0 
0 0.000132 2.44371e-05 4.11174e-07 9.41261e-10 4.14002e-13 5.37839e-17 2.55823e-20 6.78617e-22 6.56529e-23 1.10029e-23 2.33912e-24 5.76702e-25 1.7181e-25 7.15821e-26 4.40529e-26 4.17177e-26 8.26933e-26 3.14144e-25 1.74827e-24 1.71947e-23 5.80909e-22 2.39221e-19 2.38701e-16 1.20184e-13 2.69983e-11 2.58643e-09 1.06748e-07 2.0064e-06 1.87743e-05 9.70262e-05 0.00030124 0.000581829 0.000711755 0.000591576 0.000372784 0.000192792 8.28354e-05 2.7306e-05 4.96791e-06 0 
0 0.000135039 2.64345e-05 4.85477e-07 1.25235e-09 6.38161e-13 9.81079e-17 3.06128e-20 6.32297e-22 5.75637e-23 9.53494e-24 2.01683e-24 4.8533e-25 1.31168e-25 4.40529e-26 2.35291e-26 2.80718e-26 7.62252e-26 3.21547e-25 1.88339e-24 2.03544e-23 8.77928e-22 4.76185e-19 4.2112e-16 1.88831e-13 3.83275e-11 3.36823e-09 1.29457e-07 2.29856e-06 2.05832e-05 0.000102901 0.000311385 0.000589099 0.000709525 0.000584179 0.000366462 0.000189183 8.1234e-05 2.67728e-05 4.87062e-06 0 
0 0.000142372 3.15855e-05 7.0536e-07 2.37552e-09 1.68113e-12 3.763e-16 6.83613e-20 7.19291e-22 5.27943e-23 7.8888e-24 1.58826e-24 3.77241e-25 1.06582e-25 4.17177e-26 2.80718e-26 3.66024e-26 9.32707e-26 3.94075e-25 2.60717e-24 3.73646e-23 2.99008e-21 2.2583e-18 1.50641e-15 5.21195e-13 8.42938e-11 6.10599e-09 2.00084e-07 3.12796e-06 2.53939e-05 0.00011789 0.000336751 0.000607711 0.000706126 0.000568707 0.000352958 0.000181425 7.77836e-05 2.56228e-05 4.6607e-06 0 
0 0.000153591 4.0967e-05 1.21861e-06 6.06638e-09 6.94711e-12 2.69483e-15 5.82489e-19 1.56914e-21 6.0862e-23 6.66472e-24 1.21025e-24 3.12383e-25 1.25733e-25 8.26932e-26 7.62252e-26 9.32706e-26 1.78972e-25 6.72399e-25 5.4884e-24 1.51399e-22 3.37388e-20 2.22943e-17 9.76165e-15 2.30801e-12 2.67354e-10 1.45775e-08 3.77896e-07 4.90116e-06 3.44617e-05 0.000143483 0.000376254 0.000633048 0.000697958 0.000544642 0.000332942 0.000170099 7.27704e-05 2.39546e-05 4.35631e-06 0 
0 0.000167975 5.64355e-05 2.39933e-06 1.94305e-08 4.05186e-11 3.11457e-14 1.34916e-17 9.04969e-21 1.00607e-22 7.06924e-24 1.32612e-24 5.23181e-25 3.53622e-25 3.14144e-25 3.21547e-25 3.94075e-25 6.72399e-25 2.4558e-24 3.04835e-23 2.4671e-21 9.80307e-19 3.85175e-16 9.96672e-14 1.4646e-11 1.11752e-09 4.27011e-08 8.2567e-07 8.48083e-06 4.98463e-05 0.000181086 0.000426292 0.00065714 0.000679986 0.000511399 0.000307273 0.000155918 6.65442e-05 2.18881e-05 3.97955e-06 0 
0 0.000184289 8.06175e-05 5.13955e-06 7.22437e-08 2.97205e-10 4.95819e-13 4.92102e-16 4.47848e-19 1.13543e-21 3.06623e-23 5.51156e-24 2.54929e-24 1.88955e-24 1.74827e-24 1.88339e-24 2.60717e-24 5.4884e-24 3.04835e-23 1.01854e-21 1.86109e-19 4.65789e-17 9.66395e-15 1.37443e-12 1.17346e-10 5.55037e-09 1.41002e-07 1.94756e-06 1.5325e-05 7.34782e-05 0.000228675 0.000476543 0.00066741 0.00064649 0.000468754 0.000277046 0.00013969 5.94881e-05 1.95535e-05 3.55436e-06 0 
0 0.000200626 0.000116558 1.14359e-05 2.88598e-07 2.44302e-09 9.28139e-12 2.22114e-14 4.85189e-17 1.43232e-19 1.24962e-21 9.67373e-23 2.97294e-23 1.89845e-23 1.71947e-23 2.03544e-23 3.73646e-23 1.51399e-22 2.4671e-21 1.86109e-19 2.23392e-17 2.78448e-15 2.91946e-13 2.18482e-11 1.03682e-09 2.90848e-08 4.71268e-07 4.49389e-06 2.64826e-05 0.00010242 0.000272202 0.000503625 0.000646259 0.000592132 0.000417188 0.000243571 0.000122261 5.19888e-05 1.70808e-05 3.10448e-06 0 
0 0.000214434 0.000166692 2.53284e-05 1.15331e-06 2.02244e-08 1.7643e-10 1.02684e-12 5.49304e-15 3.73811e-17 4.41276e-19 1.31253e-20 1.6389e-21 6.89016e-22 5.80908e-22 8.77928e-22 2.99008e-21 3.37388e-20 9.80307e-19 4.65789e-17 2.78448e-15 1.70226e-13 8.88666e-12 3.41943e-10 8.70438e-09 1.37796e-07 1.34507e-06 8.44505e-06 3.65517e-05 0.000115566 0.000271966 0.000467421 0.000573704 0.000513377 0.000358039 0.000208303 0.000104456 4.44086e-05 1.45901e-05 2.65181e-06 0 
0 0.000222823 0.000230954 5.38382e-05 4.33808e-06 1.53841e-07 3.0015e-09 4.1324e-11 5.2625e-13 8.1562e-15 1.99017e-16 9.53716e-18 1.06525e-18 3.09164e-19 2.39221e-19 4.76185e-19 2.2583e-18 2.22943e-17 3.85175e-16 9.66395e-15 2.91946e-13 8.88666e-12 2.31772e-10 4.49217e-09 5.76612e-08 4.5906e-07 2.31838e-06 8.42278e-06 2.59071e-05 7.29307e-05 0.000177466 0.000331301 0.000437498 0.000410479 0.000293561 0.000172755 8.70321e-05 3.70644e-05 1.21845e-05 2.21502e-06 0 
0 0.000223166 0.000304401 0.000106665 1.46475e-05 1.00055e-06 4.13492e-08 1.27202e-09 3.64223e-11 1.21744e-12 5.87522e-14 4.91208e-15 8.17508e-16 2.95326e-16 2.38701e-16 4.2112e-16 1.50641e-15 9.76165e-15 9.96672e-14 1.37443e-12 2.18482e-11 3.41943e-10 4.49217e-09 4.17899e-08 2.3075e-07 6.70701e-07 1.11676e-06 1.58085e-06 3.1616e-06 1.06207e-05 4.34632e-05 0.000136255 0.000256152 0.000291002 0.000227148 0.000138444 7.06395e-05 3.02126e-05 9.94571e-06 1.8088e-06 0 
0 0.000213877 0.000375713 0.000192576 4.29597e-05 5.29233e-06 4.29837e-07 2.73103e-08 1.62585e-09 1.08853e-10 9.72839e-12 1.34455e-12 3.21455e-13 1.42561e-13 1.20184e-13 1.88831e-13 5.21195e-13 2.30801e-12 1.4646e-11 1.17346e-10 1.03682e-09 8.70438e-09 5.76612e-08 2.3075e-07 3.8474e-07 1.9227e-07 3.43855e-08 6.76305e-09 6.85599e-09 5.85156e-08 1.36778e-06 2.01011e-05 9.71373e-05 0.000174055 0.000163826 0.000106906 5.58092e-05 2.40426e-05 7.93193e-06 1.44349e-06 0 
0 0.000195053 0.000428638 0.000311179 0.000107268 2.21365e-05 3.23731e-06 3.87244e-07 4.37202e-08 5.37772e-09 8.24711e-10 1.7707e-10 5.81485e-11 3.08639e-11 2.69983e-11 3.83275e-11 8.42938e-11 2.67354e-10 1.11752e-09 5.55037e-09 2.90848e-08 1.37796e-07 4.5906e-07 6.70701e-07 1.9227e-07 4.57297e-09 1.16278e-11 4.0677e-14 1.11906e-14 1.23946e-12 1.52884e-09 6.31975e-07 2.0592e-05 8.54625e-05 0.000109953 7.96292e-05 4.2935e-05 1.86743e-05 6.17785e-06 1.12515e-06 0 
0 0.000168667 0.000447647 0.000443026 0.000225277 7.25219e-05 1.74382e-05 3.55736e-06 6.90118e-07 1.42179e-07 3.44919e-08 1.07698e-08 4.63293e-09 2.86523e-09 2.58643e-09 3.36823e-09 6.10599e-09 1.45775e-08 4.27011e-08 1.41002e-07 4.71268e-07 1.34507e-06 2.31838e-06 1.11676e-06 3.43855e-08 1.16278e-11 3.18793e-16 2.33379e-15 1.42728e-15 8.62821e-15 7.8435e-14 5.25557e-09 2.80376e-06 3.69089e-05 7.05603e-05 5.77181e-05 3.22343e-05 1.41582e-05 4.69644e-06 8.55968e-07 0 
0 0.000138091 0.000425749 0.000548291 0.00039364 0.000186221 6.77657e-05 2.14104e-05 6.46691e-06 2.03342e-06 7.19112e-07 3.05631e-07 1.64248e-07 1.1523e-07 1.06748e-07 1.29457e-07 2.00084e-07 3.77896e-07 8.2567e-07 1.94756e-06 4.49389e-06 8.44505e-06 8.42278e-06 1.58085e-06 6.76305e-09 4.0677e-14 2.33379e-15 6.27748e-16 5.46938e-16 1.71357e-15 2.0214e-14 6.93519e-11 4.79865e-07 1.73806e-05 4.60667e-05 4.13817e-05 2.37014e-05 1.04795e-05 3.48212e-06 6.34929e-07 0 
0 0.000107111 0.000368946 0.00058535 0.000565023 0.000374494 0.000193323 8.71132e-05 3.74392e-05 1.64606e-05 7.85034e-06 4.2632e-06 2.73518e-06 2.12167e-06 2.0064e-06 2.29856e-06 3.12796e-06 4.90116e-06 8.48083e-06 1.5325e-05 2.64826e-05 3.65517e-05 2.59071e-05 3.1616e-06 6.85599e-09 1.11906e-14 1.42728e-15 5.46938e-16 1.42901e-15 6.73735e-15 1.20641e-13 1.88635e-11 2.50685e-07 1.15243e-05 3.26733e-05 2.97973e-05 1.71131e-05 7.56911e-06 2.51506e-06 4.58585e-07 0 
0 7.88863e-05 0.00029308 0.000540698 0.00066038 0.000584604 0.000408571 0.000247504 0.000141041 8.05522e-05 4.83909e-05 3.17295e-05 2.33251e-05 1.95439e-05 1.87743e-05 2.05832e-05 2.53939e-05 3.44617e-05 4.98463e-05 7.34782e-05 0.00010242 0.000115566 7.29307e-05 1.06207e-05 5.85156e-08 1.23946e-12 8.62821e-15 1.71357e-15 6.73735e-15 1.10338e-15 7.4174e-16 2.41367e-10 5.19261e-07 1.15373e-05 2.55549e-05 2.15868e-05 1.21199e-05 5.32579e-06 1.76638e-06 3.21907e-07 0 
0 5.53159e-05 0.000215482 0.000438635 0.000632993 0.000703724 0.000636054 0.000497301 0.000358971 0.000253124 0.000182105 0.000137949 0.000112424 9.98296e-05 9.70262e-05 0.000102901 0.00011789 0.000143483 0.000181086 0.000228675 0.000272202 0.000271966 0.000177466 4.34632e-05 1.36778e-06 1.52884e-09 7.8435e-14 2.0214e-14 1.20641e-13 7.4174e-16 4.91428e-12 1.9897e-08 2.19631e-06 1.43757e-05 2.09058e-05 1.54954e-05 8.37179e-06 3.63855e-06 1.20305e-06 2.19056e-07 0 
0 3.70022e-05 0.000148113 0.000319402 0.000511341 0.000664275 0.000729907 0.000704133 0.00062194 0.000524712 0.000438586 0.000373515 0.000330413 0.000307091 0.00030124 0.000311385 0.000336751 0.000376254 0.000426292 0.000476543 0.000503625 0.000467421 0.000331301 0.000136255 2.01011e-05 6.31975e-07 5.25557e-09 6.93519e-11 1.88635e-11 2.41367e-10 1.9897e-08 8.92824e-07 7.76745e-06 1.69492e-05 1.65467e-05 1.07716e-05 5.59307e-06 2.40253e-06 7.91688e-07 1.44014e-07 0 
0 2.36101e-05 9.58712e-05 0.000213156 0.000361203 0.000513929 0.000639838 0.000715888 0.000738327 0.000720737 0.000683078 0.000642277 0.000608949 0.000588258 0.000581829 0.000589099 0.000607711 0.000633048 0.00065714 0.00066741 0.000646259 0.000573704 0.000437498 0.000256152 9.71373e-05 2.0592e-05 2.80376e-06 4.79865e-07 2.50685e-07 5.19261e-07 2.19631e-06 7.76745e-06 1.4924e-05 1.61838e-05 1.20266e-05 7.11818e-06 3.58345e-06 1.52456e-06 5.00919e-07 9.10425e-08 0 
0 1.43246e-05 5.85735e-05 0.000132165 0.000230262 0.000343057 0.000456698 0.000556723 0.000632806 0.000681837 0.000707409 0.000716709 0.000717189 0.000714501 0.000711755 0.000709525 0.000706126 0.000697958 0.000679986 0.00064649 0.000592132 0.000513377 0.000410479 0.000291002 0.000174055 8.54625e-05 3.69089e-05 1.73806e-05 1.15243e-05 1.15373e-05 1.43757e-05 1.69492e-05 1.61838e-05 1.23546e-05 7.90971e-06 4.42494e-06 2.18418e-06 9.23213e-07 3.02709e-07 5.49824e-08 0 
0 8.20245e-06 3.36463e-05 7.64189e-05 0.000134787 0.000205006 0.000281499 0.000357666 0.000427218 0.000485546 0.000530459 0.000561988 0.000581546 0.000590932 0.000591576 0.000584179 0.000568707 0.000544642 0.000511399 0.000468754 0.000417188 0.000358039 0.000293561 0.000227148 0.000163826 0.000109953 7.05603e-05 4.60667e-05 3.26733e-05 2.55549e-05 2.09058e-05 1.65467e-05 1.20266e-05 7.90971e-06 4.72589e-06 2.56971e-06 1.2549e-06 5.28413e-07 1.73037e-07 3.14164e-08 0 
0 4.37248e-06 1.796e-05 4.09027e-05 7.25079e-05 0.000111214 0.00015467 0.000199969 0.000244031 0.000284043 0.000317822 0.000343981 0.00036187 0.000371392 0.000372784 0.000366462 0.000352958 0.000332942 0.000307273 0.000277046 0.000243571 0.000208303 0.000172755 0.000138444 0.000106906 7.96292e-05 5.77181e-05 4.13817e-05 2.97973e-05 2.15868e-05 1.54954e-05 1.07716e-05 7.11818e-06 4.42494e-06 2.56971e-06 1.37966e-06 6.7027e-07 2.81685e-07 9.21774e-08 1.67315e-08 0 
0 2.1173e-06 8.70155e-06 1.98384e-05 3.52352e-05 5.4217e-05 7.57652e-05 9.86025e-05 0.000121321 0.000142529 0.000160997 0.000175756 0.000186152 0.000191848 0.000192792 0.000189183 0.000181425 0.000170099 0.000155918 0.00013969 0.000122261 0.000104456 8.70321e-05 7.06395e-05 5.58092e-05 4.2935e-05 3.22343e-05 2.37014e-05 1.71131e-05 1.21199e-05 8.37179e-06 5.59307e-06 3.58345e-06 2.18418e-06 1.2549e-06 6.7027e-07 3.24897e-07 1.36414e-07 4.4624e-08 8.09886e-09 0 
0 8.8857e-07 3.65256e-06 8.33065e-06 1.48066e-05 2.28091e-05 3.19286e-05 4.1649e-05 5.13931e-05 6.05755e-05 6.86554e-05 7.51815e-05 7.98244e-05 8.23926e-05 8.28354e-05 8.1234e-05 7.77836e-05 7.27704e-05 6.65442e-05 5.94881e-05 5.19888e-05 4.44086e-05 3.70644e-05 3.02126e-05 2.40426e-05 1.86743e-05 1.41582e-05 1.04795e-05 7.56911e-06 5.32579e-06 3.63855e-06 2.40253e-06 1.52456e-06 9.23213e-07 5.28413e-07 2.81685e-07 1.36414e-07 5.72535e-08 1.87258e-08 3.39836e-09 0 
0 2.90611e-07 1.19468e-06 2.72518e-06 4.84481e-06 7.46621e-06 1.04573e-05 1.36515e-05 1.68615e-05 1.98957e-05 2.25746e-05 2.47459e-05 2.62957e-05 2.71557e-05 2.7306e-05 2.67728e-05 2.56228e-05 2.39546e-05 2.18881e-05 1.95535e-05 1.70808e-05 1.45901e-05 1.21845e-05 9.94571e-06 7.93193e-06 6.17785e-06 4.69644e-06 3.48212e-06 2.51506e-06 1.76638e-06 1.20305e-06 7.91688e-07 5.00919e-07 3.02709e-07 1.73037e-07 9.21774e-08 4.4624e-08 1.87258e-08 6.12419e-09 1.11139e-09 0 
0 5.27389e-08 2.16812e-07 4.94593e-07 8.79359e-07 1.35533e-06 1.89866e-06 2.47921e-06 3.0631e-06 3.61555e-06 4.10383e-06 4.50001e-06 4.78306e-06 4.94031e-06 4.96791e-06 4.87062e-06 4.6607e-06 4.35631e-06 3.97955e-06 3.55436e-06 3.10448e-06 2.65181e-06 2.21502e-06 1.8088e-06 1.44349e-06 1.12515e-06 8.55968e-07 6.34929e-07 4.58585e-07 3.21907e-07 2.19056e-07 1.44014e-07 9.10425e-08 5.49824e-08 3.14164e-08 1.67315e-08 8.09886e-09 3.39836e-09 1.11139e-09 2.01686e-10 0 
0 0 0 0 0 0 0 0 0 0 0 0 0 0 0 0 0 0 0 0 0 0 0 0 0 0 0 0 0 0 0 0 0 0 0 0 0 0 0 0 0 
