0 0 0 0 0 0 0 0 0 0 0 0 0 0 0 0 0 0 0 0 0 0 0 0 0 0 0 0 0 0 0 0 0 0 0 0 0 0 0 0 0 
0 1.32172e-05 5.16268e-05 0.000107363 0.000165056 0.000208361 0.000228781 0.000228112 0.000213942 0.000194251 0.000174735 0.000158543 0.000147015 0.000140497 0.000138906 0.000142018 0.000149538 0.000161016 0.000175674 0.000192195 0.000208577 0.00022217 0.000230011 0.00022946 0.000218994 0.000198864 0.000171231 0.000139632 0.000107933 7.92738e-05 5.54774e-05 3.70618e-05 2.36297e-05 1.43303e-05 8.20394e-06 4.37282e-06 2.11736e-06 8.88581e-07 2.90612e-07 5.2739e-08 0 
0 5.16268e-05 0.000187557 0.000339424 0.00041806 0.000391751 0.000303325 0.00020868 0.000135571 8.74159e-05 5.82714e-05 4.14933e-05 3.23407e-05 2.80191e-05 2.71471e-05 2.93281e-05 3.49474e-05 4.51495e-05 6.1897e-05 8.79374e-05 0.000126397 0.000179654 0.000247306 0.000323697 0.000396494 0.000448567 0.000464279 0.000437612 0.000376102 0.000296728 0.000217064 0.000148704 9.60633e-05 5.86285e-05 3.36602e-05 1.79631e-05 8.70214e-06 3.65265e-06 1.19469e-06 2.16812e-07 0 
0 0.000107363 0.000339424 0.000471962 0.000391284 0.000224496 0.000101293 3.98817e-05 1.49272e-05 5.72941e-06 2.41373e-06 1.18248e-06 7.03994e-07 5.23703e-07 4.91835e-07 5.79237e-07 8.37005e-07 1.43473e-06 2.7978e-06 5.92929e-06 1.30474e-05 2.85832e-05 6.01288e-05 0.000117966 0.000210934 0.000337332 0.000474564 0.000579316 0.000609556 0.000555533 0.000445854 0.000322262 0.000214105 0.000132435 7.64859e-05 4.09172e-05 1.98411e-05 8.33108e-06 2.72523e-06 4.94596e-07 0 
0 0.000165056 0.00041806 0.000391284 0.000188775 5.75065e-05 1.2938e-05 2.44286e-06 4.36517e-07 8.30138e-08 1.87434e-08 5.51898e-09 2.27669e-09 1.37621e-09 1.23887e-09 1.64124e-09 3.08445e-09 7.77184e-09 2.44852e-08 8.93678e-08 3.50155e-07 1.37275e-06 5.07138e-06 1.68493e-05 4.87277e-05 0.000120161 0.000249242 0.000429285 0.000605433 0.000693933 0.000653235 0.000520471 0.000364434 0.000231201 0.000135019 7.25573e-05 3.52442e-05 1.48079e-05 4.84497e-06 8.79369e-07 0 
0 0.000208361 0.000391751 0.000224496 5.75065e-05 8.29989e-06 8.0353e-07 6.1517e-08 4.41838e-09 3.53511e-10 3.70097e-11 5.82099e-12 1.52833e-12 7.15475e-13 6.11346e-13 9.3625e-13 2.43201e-12 9.84829e-12 5.60221e-11 3.99547e-10 3.18861e-09 2.56285e-08 1.8954e-07 1.20162e-06 6.21696e-06 2.55328e-05 8.23904e-05 0.000208573 0.000412522 0.000630473 0.00074118 0.000685058 0.000522204 0.000345597 0.000205642 0.000111349 5.42413e-05 2.28127e-05 7.46661e-06 1.35536e-06 0 
0 0.000228781 0.000303325 0.000101293 1.2938e-05 8.0353e-07 2.97051e-08 8.10443e-10 2.05587e-11 6.12554e-13 2.66896e-14 2.05255e-15 3.21672e-16 1.12433e-16 9.05053e-17 1.63589e-16 6.1512e-16 4.28135e-15 4.77876e-14 7.3166e-13 1.31455e-11 2.3981e-10 3.92162e-09 5.20936e-08 5.24452e-07 3.84549e-06 2.02777e-05 7.74765e-05 0.000217555 0.00045096 0.000684693 0.000765105 0.000656447 0.000462268 0.000282947 0.000154979 7.58202e-05 3.19367e-05 1.04582e-05 1.89871e-06 0 
0 0.000228112 0.00020868 3.98817e-05 2.44286e-06 6.1517e-08 8.10443e-10 7.32711e-12 6.10611e-14 6.32552e-16 1.07938e-17 4.08393e-19 5.73995e-20 2.84891e-20 2.51564e-20 3.383e-20 1.01489e-19 1.02232e-18 2.31155e-17 8.01453e-16 3.42931e-14 1.50289e-12 5.74486e-11 1.68596e-09 3.46901e-08 4.74384e-07 4.2324e-06 2.49099e-05 9.95836e-05 0.000277973 0.000545686 0.000750723 0.000742887 0.000566918 0.000360466 0.000200577 9.8711e-05 4.16647e-05 1.36532e-05 2.47931e-06 0 
0 0.000213942 0.000135571 1.49272e-05 4.36517e-07 4.41838e-09 2.05587e-11 6.10611e-14 1.65713e-16 5.98196e-19 7.53662e-21 1.20456e-21 5.18402e-22 4.11775e-22 3.93419e-22 4.03527e-22 5.91135e-22 1.6026e-21 1.35566e-20 7.99732e-19 8.16588e-17 8.65497e-15 7.78272e-13 5.07853e-11 2.15034e-09 5.52489e-08 8.40076e-07 7.64768e-06 4.33343e-05 0.000160356 0.000399677 0.000673236 0.000775215 0.000648784 0.000431924 0.000245081 0.000121509 5.14203e-05 1.68644e-05 3.06328e-06 0 
0 0.000194251 8.74159e-05 5.72941e-06 8.30138e-08 3.53511e-10 6.12554e-13 6.32552e-16 5.98196e-19 1.74218e-21 9.00168e-23 4.29038e-23 3.24543e-23 3.06032e-23 2.99338e-23 2.83123e-23 3.02623e-23 3.72625e-23 9.37679e-23 1.67803e-21 2.59355e-19 6.31361e-17 1.27837e-14 1.78034e-12 1.49556e-10 6.99905e-09 1.76894e-07 2.44185e-06 1.9256e-05 9.23956e-05 0.000284715 0.00057487 0.000764892 0.000703845 0.000492546 0.000285659 0.000142822 6.06179e-05 1.99002e-05 3.61581e-06 0 
0 0.000174735 5.82714e-05 2.41373e-06 1.87434e-08 3.70097e-11 2.66896e-14 1.07938e-17 7.53662e-21 9.00169e-23 8.70348e-24 4.55745e-24 4.2942e-24 4.40608e-24 4.35296e-24 3.96412e-24 3.55317e-24 3.07166e-24 4.43124e-24 3.07672e-23 1.99942e-21 7.90264e-19 3.28277e-16 8.95816e-14 1.38205e-11 1.1016e-09 4.3753e-08 8.75421e-07 9.26758e-06 5.58727e-05 0.000206243 0.000484713 0.000731318 0.000734763 0.000539839 0.000320067 0.000161409 6.87151e-05 2.2581e-05 4.10419e-06 0 
0 0.000158543 4.14933e-05 1.18248e-06 5.51898e-09 5.82099e-12 2.05255e-15 4.08393e-19 1.20456e-21 4.29038e-23 4.55745e-24 1.22815e-24 8.60083e-25 8.49633e-25 8.31638e-25 7.38965e-25 6.053e-25 4.70246e-25 6.66412e-25 4.01629e-24 1.11524e-22 2.32641e-20 1.63929e-17 7.74544e-15 1.96209e-12 2.41513e-10 1.38768e-08 3.76206e-07 5.06969e-06 3.68124e-05 0.000156928 0.000415195 0.000692111 0.000748142 0.000573497 0.000346825 0.000176285 7.52584e-05 2.47541e-05 4.50048e-06 0 
0 0.000147015 3.23407e-05 7.03994e-07 2.27669e-09 1.52833e-12 3.21672e-16 5.73995e-20 5.18402e-22 3.24544e-23 4.2942e-24 8.60084e-25 3.04245e-25 2.0926e-25 1.85396e-25 1.58983e-25 1.26376e-25 1.12326e-25 2.53341e-25 1.66053e-24 2.74906e-23 2.42073e-21 1.88226e-18 1.3199e-15 4.78011e-13 8.04793e-11 6.03522e-09 2.03746e-07 3.26902e-06 2.71465e-05 0.000128219 0.000368535 0.000658954 0.000751258 0.000594655 0.000365193 0.000186777 7.99155e-05 2.63054e-05 4.78362e-06 0 
0 0.000140497 2.80191e-05 5.23703e-07 1.37621e-09 7.15475e-13 1.12433e-16 2.84891e-20 4.11775e-22 3.06033e-23 4.40609e-24 8.49634e-25 2.09261e-25 7.9483e-26 4.98703e-26 3.86296e-26 3.28789e-26 4.68204e-26 1.71458e-25 1.13722e-24 1.5202e-23 8.74838e-22 5.52306e-19 4.82859e-16 2.14107e-13 4.30442e-11 3.75362e-09 1.435e-07 2.54193e-06 2.27762e-05 0.000113965 0.000343015 0.000637869 0.000749839 0.000604939 0.000374999 0.000192531 8.24925e-05 2.71663e-05 4.94092e-06 0 
0 0.000138906 2.71471e-05 4.91835e-07 1.23887e-09 6.11346e-13 9.05053e-17 2.51564e-20 3.9342e-22 2.99338e-23 4.35296e-24 8.31639e-25 1.85396e-25 4.98704e-26 1.93115e-26 1.19635e-26 1.30304e-26 3.33048e-26 1.53695e-25 1.03466e-24 1.34125e-23 7.18297e-22 4.27374e-19 3.90738e-16 1.80637e-13 3.7669e-11 3.38882e-09 1.32921e-07 2.40296e-06 2.18678e-05 0.000110705 0.000336381 0.000630939 0.000747133 0.000605716 0.000376444 0.000193487 8.29372e-05 2.73168e-05 4.96853e-06 0 
0 0.000142018 2.93281e-05 5.79237e-07 1.64124e-09 9.3625e-13 1.63589e-16 3.383e-20 4.03527e-22 2.83123e-23 3.96412e-24 7.38966e-25 1.58983e-25 3.86297e-26 1.19635e-26 6.60288e-27 9.68542e-27 3.25429e-26 1.62853e-25 1.17383e-24 1.72048e-23 1.18151e-21 8.44352e-19 6.82581e-16 2.81521e-13 5.31247e-11 4.38999e-09 1.60534e-07 2.74419e-06 2.39165e-05 0.000117171 0.000347035 0.000637661 0.000743802 0.00059771 0.000369944 0.000189843 8.13307e-05 2.67831e-05 4.87121e-06 0 
0 0.000149538 3.49474e-05 8.37005e-07 3.08445e-09 2.43201e-12 6.1512e-16 1.01489e-19 5.91136e-22 3.02623e-23 3.55318e-24 6.05301e-25 1.26376e-25 3.28789e-26 1.30304e-26 9.68541e-27 1.4211e-26 4.18616e-26 2.10902e-25 1.79443e-24 3.80121e-23 4.84369e-21 3.92181e-18 2.39374e-15 7.64545e-13 1.15324e-10 7.87693e-09 2.46169e-07 3.71256e-06 2.93783e-05 0.000133753 0.000373925 0.000655399 0.000738183 0.00058098 0.00035607 0.000182012 7.78695e-05 2.5632e-05 4.66122e-06 0 
0 0.000161016 4.51495e-05 1.43473e-06 7.77184e-09 9.84829e-12 4.28135e-15 1.02232e-18 1.6026e-21 3.72626e-23 3.07166e-24 4.70246e-25 1.12326e-25 4.68204e-26 3.33048e-26 3.25428e-26 4.18615e-26 8.90854e-26 4.05555e-25 4.46127e-24 1.93976e-22 6.05679e-20 3.74363e-17 1.50795e-14 3.30825e-12 3.59021e-10 1.8531e-08 4.59715e-07 5.76833e-06 3.96164e-05 0.000161901 0.000415438 0.000678972 0.00072669 0.000555168 0.000335555 0.000170588 7.28419e-05 2.39622e-05 4.35675e-06 0 
0 0.000175674 6.1897e-05 2.7978e-06 2.44852e-08 5.60221e-11 4.77876e-14 2.31155e-17 1.35566e-20 9.37679e-23 4.43124e-24 6.66412e-25 2.53341e-25 1.71457e-25 1.53694e-25 1.62853e-25 2.10902e-25 4.05555e-25 1.91702e-24 3.6464e-23 4.27315e-21 1.71319e-18 6.20247e-16 1.48689e-13 2.03998e-11 1.4662e-09 5.32877e-08 9.90112e-07 9.87253e-06 5.68103e-05 0.00020275 0.000466969 0.000699692 0.000704403 0.000519898 0.000309334 0.000156301 6.66001e-05 2.18941e-05 3.9799e-06 0 
0 0.000192195 8.79374e-05 5.92929e-06 8.93678e-08 3.99547e-10 7.3166e-13 8.01453e-16 7.99732e-19 1.67803e-21 3.07672e-23 4.01629e-24 1.66052e-24 1.13722e-24 1.03466e-24 1.17383e-24 1.79442e-24 4.46126e-24 3.6464e-23 1.73094e-21 3.31611e-19 7.70539e-17 1.48453e-14 1.971e-12 1.58178e-10 7.08968e-09 1.72204e-07 2.29577e-06 1.75989e-05 8.2797e-05 0.000253322 0.000516596 0.0007044 0.000665916 0.000475193 0.000278575 0.000139973 5.95294e-05 1.9558e-05 3.55462e-06 0 
0 0.000208577 0.000126397 1.30474e-05 3.50155e-07 3.18861e-09 1.31455e-11 3.42931e-14 8.16588e-17 2.59355e-19 1.99941e-21 1.11524e-22 2.74906e-23 1.5202e-23 1.34125e-23 1.72048e-23 3.80121e-23 1.93976e-22 4.27315e-21 3.31611e-19 3.73013e-17 4.34401e-15 4.26594e-13 3.00349e-11 1.34911e-09 3.60836e-08 5.61999e-07 5.1953e-06 2.99213e-05 0.000113748 0.000297407 0.000539099 0.000675541 0.000606443 0.000421765 0.000244644 0.000122459 5.20179e-05 1.7084e-05 3.10467e-06 0 
0 0.00022217 0.000179654 2.85832e-05 1.37275e-06 2.56285e-08 2.3981e-10 1.50289e-12 8.65497e-15 6.31361e-17 7.90264e-19 2.32641e-20 2.42073e-21 8.74838e-22 7.18297e-22 1.18151e-21 4.84369e-21 6.05679e-20 1.71319e-18 7.70539e-17 4.34401e-15 2.5035e-13 1.23433e-11 4.50255e-10 1.09243e-08 1.65924e-07 1.56529e-06 9.56763e-06 4.05759e-05 0.000126244 0.00029253 0.000493727 0.000594196 0.000523117 0.000361128 0.000209029 0.000104591 4.44286e-05 1.45923e-05 2.65193e-06 0 
0 0.000230011 0.000247306 6.01288e-05 5.07138e-06 1.8954e-07 3.92162e-09 5.74486e-11 7.78272e-13 1.27837e-14 3.28277e-16 1.63929e-17 1.88226e-18 5.52306e-19 4.27374e-19 8.44352e-19 3.92181e-18 3.74363e-17 6.20247e-16 1.48453e-14 4.26594e-13 1.23433e-11 3.06439e-10 5.67269e-09 6.99048e-08 5.37793e-07 2.64265e-06 9.39606e-06 2.83912e-05 7.86628e-05 0.00018848 0.000346237 0.00044995 0.000416717 0.000295606 0.000173245 8.7124e-05 3.70781e-05 1.2186e-05 2.21511e-06 0 
0 0.00022946 0.000323697 0.000117966 1.68493e-05 1.20162e-06 5.20936e-08 1.68596e-09 5.07853e-11 1.78034e-12 8.95816e-14 7.74544e-15 1.3199e-15 4.82859e-16 3.90738e-16 6.82581e-16 2.39374e-15 1.50795e-14 1.48689e-13 1.971e-12 3.00349e-11 4.50255e-10 5.67269e-09 5.07916e-08 2.71633e-07 7.71287e-07 1.2652e-06 1.77164e-06 3.49613e-06 1.15257e-05 4.6183e-05 0.000142009 0.000262718 0.000294935 0.00022855 0.000138791 7.07051e-05 3.02224e-05 9.94679e-06 1.80886e-06 0 
0 0.000218994 0.000396494 0.000210934 4.87277e-05 6.21696e-06 5.24452e-07 3.46901e-08 2.15034e-09 1.49556e-10 1.38205e-11 1.96209e-12 4.78011e-13 2.14107e-13 1.80637e-13 2.81521e-13 7.64545e-13 3.30825e-12 2.03998e-11 1.58178e-10 1.34911e-09 1.09243e-08 6.99048e-08 2.71633e-07 4.44468e-07 2.2148e-07 4.00943e-08 7.99874e-09 8.07272e-09 6.67767e-08 1.4963e-06 2.1206e-05 0.000100004 0.00017657 0.000164861 0.000107172 5.58597e-05 2.40501e-05 7.93274e-06 1.44354e-06 0 
0 0.000198864 0.000448567 0.000337332 0.000120161 2.55328e-05 3.84549e-06 4.74384e-07 5.52489e-08 6.99905e-09 1.1016e-09 2.41513e-10 8.04793e-11 4.30442e-11 3.7669e-11 5.31247e-11 1.15324e-10 3.59021e-10 1.4662e-09 7.08968e-09 3.60836e-08 1.65924e-07 5.37793e-07 7.71287e-07 2.2148e-07 5.44873e-09 1.47591e-11 5.67015e-14 1.59778e-14 1.60101e-12 1.79799e-09 6.89394e-07 2.14566e-05 8.70169e-05 0.000110759 7.98469e-05 4.2976e-05 1.86802e-05 6.17848e-06 1.12518e-06 0 
0 0.000171231 0.000464279 0.000474564 0.000249242 8.23904e-05 2.02777e-05 4.2324e-06 8.40076e-07 1.76894e-07 4.3753e-08 1.38768e-08 6.03522e-09 3.75362e-09 3.38882e-09 4.38999e-09 7.87693e-09 1.8531e-08 5.32877e-08 1.72204e-07 5.61999e-07 1.56529e-06 2.64265e-06 1.2652e-06 4.00943e-08 1.47591e-11 2.71064e-16 2.51248e-15 1.43505e-15 5.30432e-15 1.0346e-13 6.03876e-09 2.97652e-06 3.77885e-05 7.11813e-05 5.78961e-05 3.22675e-05 1.4163e-05 4.69693e-06 8.55996e-07 0 
0 0.000139632 0.000437612 0.000579316 0.000429285 0.000208573 7.74765e-05 2.49099e-05 7.64768e-06 2.44185e-06 8.75421e-07 3.76206e-07 2.03746e-07 1.435e-07 1.32921e-07 1.60534e-07 2.46169e-07 4.59715e-07 9.90112e-07 2.29577e-06 5.1953e-06 9.56763e-06 9.39606e-06 1.77164e-06 7.99874e-09 5.67015e-14 2.51248e-15 5.51045e-16 3.49057e-16 7.16717e-16 7.84155e-15 8.37186e-11 5.18127e-07 1.78791e-05 4.65244e-05 4.15189e-05 2.37268e-05 1.0483e-05 3.48248e-06 6.34949e-07 0 
0 0.000107933 0.000376102 0.000609556 0.000605433 0.000412522 0.000217555 9.95836e-05 4.33343e-05 1.9256e-05 9.26758e-06 5.06969e-06 3.26902e-06 2.54193e-06 2.40296e-06 2.74419e-06 3.71256e-06 5.76833e-06 9.87253e-06 1.75989e-05 2.99213e-05 4.05759e-05 2.83912e-05 3.49613e-06 8.07272e-09 1.59778e-14 1.43505e-15 3.49057e-16 6.66086e-16 3.35885e-15 7.19011e-14 2.31533e-11 2.71663e-07 1.18626e-05 3.29962e-05 2.98932e-05 1.71305e-05 7.5715e-06 2.5153e-06 4.58598e-07 0 
0 7.92738e-05 0.000296728 0.000555533 0.000693933 0.000630473 0.00045096 0.000277973 0.000160356 9.23956e-05 5.58727e-05 3.68124e-05 2.71465e-05 2.27762e-05 2.18678e-05 2.39165e-05 2.93783e-05 3.96164e-05 5.68103e-05 8.2797e-05 0.000113748 0.000126244 7.86628e-05 1.15257e-05 6.67767e-08 1.60101e-12 5.30432e-15 7.16717e-16 3.35885e-15 4.90588e-16 4.64459e-16 2.84305e-10 5.55282e-07 1.18231e-05 2.57695e-05 2.16459e-05 1.21305e-05 5.32723e-06 1.76653e-06 3.21915e-07 0 
0 5.54774e-05 0.000217064 0.000445854 0.000653235 0.00074118 0.000684693 0.000545686 0.000399677 0.000284715 0.000206243 0.000156928 0.000128219 0.000113965 0.000110705 0.000117171 0.000133753 0.000161901 0.00020275 0.000253322 0.000297407 0.00029253 0.00018848 4.6183e-05 1.4963e-06 1.79799e-09 1.0346e-13 7.84156e-15 7.19011e-14 4.64459e-16 6.04747e-12 2.2116e-08 2.29773e-06 1.46244e-05 2.10326e-05 1.55268e-05 8.37728e-06 3.6393e-06 1.20313e-06 2.1906e-07 0 
0 3.70618e-05 0.000148704 0.000322262 0.000520471 0.000685058 0.000765105 0.000750723 0.000673236 0.00057487 0.000484713 0.000415195 0.000368535 0.000343015 0.000336381 0.000347035 0.000373925 0.000415438 0.000466969 0.000516596 0.000539099 0.000493727 0.000346237 0.000142009 2.1206e-05 6.89394e-07 6.03876e-09 8.37186e-11 2.31533e-11 2.84305e-10 2.2116e-08 9.44175e-07 7.96606e-06 1.7122e-05 1.66089e-05 1.07857e-05 5.59553e-06 2.40288e-06 7.91724e-07 1.44016e-07 0 
0 2.36297e-05 9.60633e-05 0.000214105 0.000364434 0.000522204 0.000656447 0.000742887 0.000775215 0.000764892 0.000731318 0.000692111 0.000658954 0.000637869 0.000630939 0.000637661 0.000655399 0.000678972 0.000699692 0.0007044 0.000675541 0.000594196 0.00044995 0.000262718 0.000100004 2.14566e-05 2.97652e-06 5.18127e-07 2.71663e-07 5.55282e-07 2.29773e-06 7.96606e-06 1.51065e-05 1.62682e-05 1.20512e-05 7.12353e-06 3.58439e-06 1.52469e-06 5.00934e-07 9.10434e-08 0 
0 1.43303e-05 5.86285e-05 0.000132435 0.000231201 0.000345597 0.000462268 0.000566918 0.000648784 0.000703845 0.000734763 0.000748142 0.000751258 0.000749839 0.000747133 0.000743802 0.000738183 0.00072669 0.000704403 0.000665916 0.000606443 0.000523117 0.000416717 0.000294935 0.00017657 8.70169e-05 3.77885e-05 1.78791e-05 1.18626e-05 1.18231e-05 1.46244e-05 1.7122e-05 1.62682e-05 1.2384e-05 7.91757e-06 4.42665e-06 2.18449e-06 9.2326e-07 3.02714e-07 5.49827e-08 0 
0 8.20394e-06 3.36602e-05 7.64859e-05 0.000135019 0.000205642 0.000282947 0.000360466 0.000431924 0.000492546 0.000539839 0.000573497 0.000594655 0.000604939 0.000605716 0.00059771 0.00058098 0.000555168 0.000519898 0.000475193 0.000421765 0.000361128 0.000295606 0.00022855 0.000164861 0.000110759 7.11813e-05 4.65244e-05 3.29962e-05 2.57695e-05 2.10326e-05 1.66089e-05 1.20512e-05 7.91757e-06 4.72798e-06 2.57018e-06 1.25499e-06 5.28426e-07 1.73039e-07 3.14165e-08 0 
0 4.37282e-06 1.79631e-05 4.09172e-05 7.25573e-05 0.000111349 0.000154979 0.000200577 0.000245081 0.000285659 0.000320067 0.000346825 0.000365193 0.000374999 0.000376444 0.000369944 0.00035607 0.000335555 0.000309334 0.000278575 0.000244644 0.000209029 0.000173245 0.000138791 0.000107172 7.98469e-05 5.78961e-05 4.15189e-05 2.98932e-05 2.16459e-05 1.55268e-05 1.07857e-05 7.12353e-06 4.42665e-06 2.57018e-06 1.37977e-06 6.70292e-07 2.81689e-07 9.21778e-08 1.67316e-08 0 
0 2.11736e-06 8.70214e-06 1.98411e-05 3.52442e-05 5.42413e-05 7.58202e-05 9.8711e-05 0.000121509 0.000142822 0.000161409 0.000176285 0.000186777 0.000192531 0.000193487 0.000189843 0.000182012 0.000170588 0.000156301 0.000139973 0.000122459 0.000104591 8.7124e-05 7.07051e-05 5.58597e-05 4.2976e-05 3.22675e-05 2.37268e-05 1.71305e-05 1.21305e-05 8.37728e-06 5.59553e-06 3.58439e-06 2.18449e-06 1.25499e-06 6.70292e-07 3.24901e-07 1.36415e-07 4.46241e-08 8.09887e-09 0 
0 8.88581e-07 3.65265e-06 8.33108e-06 1.48079e-05 2.28127e-05 3.19367e-05 4.16647e-05 5.14203e-05 6.06179e-05 6.87151e-05 7.52584e-05 7.99155e-05 8.24925e-05 8.29372e-05 8.13307e-05 7.78695e-05 7.28419e-05 6.66001e-05 5.95294e-05 5.20179e-05 4.44286e-05 3.70781e-05 3.02224e-05 2.40501e-05 1.86802e-05 1.4163e-05 1.0483e-05 7.5715e-06 5.32723e-06 3.6393e-06 2.40288e-06 1.52469e-06 9.2326e-07 5.28426e-07 2.81689e-07 1.36415e-07 5.72536e-08 1.87258e-08 3.39836e-09 0 
0 2.90612e-07 1.19469e-06 2.72523e-06 4.84497e-06 7.46661e-06 1.04582e-05 1.36532e-05 1.68644e-05 1.99002e-05 2.2581e-05 2.47541e-05 2.63054e-05 2.71663e-05 2.73168e-05 2.67831e-05 2.5632e-05 2.39622e-05 2.18941e-05 1.9558e-05 1.7084e-05 1.45923e-05 1.2186e-05 9.94679e-06 7.93274e-06 6.17848e-06 4.69693e-06 3.48248e-06 2.5153e-06 1.76653e-06 1.20313e-06 7.91724e-07 5.00934e-07 3.02714e-07 1.73039e-07 9.21778e-08 4.46241e-08 1.87258e-08 6.12419e-09 1.11139e-09 0 
0 5.2739e-08 2.16812e-07 4.94596e-07 8.79369e-07 1.35536e-06 1.89871e-06 2.47931e-06 3.06328e-06 3.61581e-06 4.10419e-06 4.50048e-06 4.78362e-06 4.94092e-06 4.96853e-06 4.87121e-06 4.66122e-06 4.35675e-06 3.9799e-06 3.55462e-06 3.10467e-06 2.65193e-06 2.21511e-06 1.80886e-06 1.44354e-06 1.12518e-06 8.55996e-07 6.34949e-07 4.58598e-07 3.21915e-07 2.1906e-07 1.44016e-07 9.10434e-08 5.49827e-08 3.14165e-08 1.67316e-08 8.09887e-09 3.39836e-09 1.11139e-09 2.01686e-10 0 
0 0 0 0 0 0 0 0 0 0 0 0 0 0 0 0 0 0 0 0 0 0 0 0 0 0 0 0 0 0 0 0 0 0 0 0 0 0 0 0 0 
