0 0 0 0 0 0 0 0 0 0 0 0 0 0 0 0 0 0 0 0 0 0 0 0 0 0 0 0 0 0 0 0 0 0 0 0 0 0 0 0 0 
0 1.37892e-05 5.66783e-05 0.00012925 0.000229641 0.000353498 0.00049418 0.000643255 0.000791308 0.000928993 0.00104812 0.00114251 0.00120832 0.00124394 0.00124954 0.00122663 0.00117772 0.00110619 0.00101626 0.000912896 0.000801517 0.000687632 0.00057632 0.000471805 0.000377187 0.000294364 0.00022412 0.000166318 0.00012014 8.43222e-05 5.73635e-05 3.76986e-05 2.38241e-05 1.43839e-05 8.21723e-06 4.37575e-06 2.11793e-06 8.88673e-07 2.90623e-07 5.27398e-08 0 
0 5.66783e-05 0.000232907 0.000530811 0.000941954 0.00144665 0.00201431 0.00260563 0.00317728 0.00368893 0.00411039 0.00442567 0.00463227 0.00473645 0.00474736 0.0046728 0.00451789 0.00428646 0.00398403 0.00362071 0.00321234 0.00277947 0.00234439 0.00192765 0.00154536 0.00120801 0.00092057 0.000683468 0.000493817 0.000346629 0.000235819 0.000154981 9.79424e-05 5.91333e-05 3.37818e-05 1.79891e-05 8.70702e-06 3.65342e-06 1.19478e-06 2.16818e-07 0 
0 0.00012925 0.000530811 0.0012081 0.00213753 0.0032639 0.00449841 0.00572511 0.00682179 0.00769262 0.00829632 0.00865162 0.0088172 0.00886051 0.00883218 0.00875342 0.00861551 0.00838806 0.00803358 0.0075251 0.00686098 0.00607028 0.00520589 0.00432937 0.00349565 0.00274392 0.00209571 0.0015577 0.00112607 0.000790621 0.000537931 0.000353543 0.000223431 0.000134899 7.70652e-05 4.1038e-05 1.98631e-05 8.33443e-06 2.72561e-06 4.94621e-07 0 
0 0.000229641 0.000941954 0.00213753 0.00375734 0.00566243 0.00762207 0.00934174 0.0105547 0.0111402 0.0111753 0.0108739 0.010473 0.0101512 0.0100052 0.010059 0.0102761 0.0105665 0.0107952 0.0108076 0.0104769 0.00975494 0.00869491 0.00742543 0.00609635 0.00483162 0.0037092 0.00276398 0.00200044 0.00140525 0.000956321 0.000628574 0.000397257 0.00023985 0.000137023 7.29662e-05 3.53168e-05 1.48187e-05 4.84619e-06 8.79443e-07 0 
0 0.000353498 0.00144665 0.0032639 0.00566243 0.00830825 0.0106579 0.0121087 0.0123292 0.0114902 0.0101173 0.00873509 0.00765714 0.00699922 0.00677539 0.0069706 0.00756488 0.00851696 0.00972002 0.0109562 0.0119021 0.0122313 0.0117766 0.0106198 0.00902711 0.00729994 0.00566433 0.00424302 0.00307824 0.00216457 0.00147367 0.000968775 0.000612299 0.000369693 0.000211202 0.000112468 5.44362e-05 2.28411e-05 7.46975e-06 1.35555e-06 0 
0 0.00049418 0.00201431 0.00449841 0.00762207 0.0106579 0.0125552 0.0125322 0.0107824 0.00831553 0.00607657 0.00446061 0.00345781 0.00293305 0.00277528 0.00293881 0.00344371 0.00436174 0.00577753 0.00769811 0.00991281 0.0119129 0.0130567 0.0129588 0.0117355 0.00985264 0.00779995 0.00590031 0.00429953 0.003029 0.00206372 0.00135704 0.000857784 0.00051793 0.000295892 0.000157567 7.6265e-05 3.20004e-05 1.04651e-05 1.89912e-06 0 
0 0.000643255 0.00260563 0.00572511 0.00934174 0.0121087 0.0125322 0.0103916 0.00714425 0.00435822 0.00256179 0.00156766 0.00106207 0.000830724 0.00076667 0.000836915 0.00106465 0.00153228 0.00239448 0.00386734 0.00611934 0.00900541 0.0118198 0.0135321 0.0135394 0.0120864 0.00989486 0.00760981 0.0055867 0.00394806 0.00269317 0.00177176 0.0011201 0.000676356 0.000386407 0.000205769 9.95957e-05 4.17899e-05 1.36666e-05 2.48009e-06 0 
0 0.000791308 0.00317728 0.00682179 0.0105547 0.0123292 0.0107824 0.00714425 0.00381937 0.00181862 0.000856144 0.000436384 0.000258331 0.000186227 0.000167485 0.000188256 0.0002596 0.00042383 0.000780353 0.00152945 0.00299553 0.00549522 0.00889804 0.0121921 0.0139577 0.0136006 0.011702 0.00922724 0.00685129 0.00486462 0.00332449 0.00218855 0.00138393 0.000835729 0.00047747 0.000254264 0.000123068 5.1639e-05 1.68875e-05 3.0646e-06 0 
0 0.000928993 0.00368893 0.00769262 0.0111402 0.0114902 0.00831553 0.00435822 0.00181862 0.000683762 0.000261003 0.000111879 5.82187e-05 3.8782e-05 3.39792e-05 3.92117e-05 5.82951e-05 0.000107094 0.000229834 0.000539621 0.00129131 0.00292786 0.00585823 0.00974406 0.0130483 0.0141785 0.0130174 0.0106153 0.00800482 0.00572054 0.00391923 0.00258243 0.00163351 0.000986555 0.00056366 0.000300165 0.000145286 6.09614e-05 1.99363e-05 3.61786e-06 0 
0 0.00104812 0.00411039 0.00829632 0.0111753 0.0101173 0.00607657 0.00256179 0.000856144 0.000261003 8.26243e-05 3.02951e-05 1.40145e-05 8.67608e-06 7.40863e-06 8.73769e-06 1.38772e-05 2.83044e-05 6.95795e-05 0.000191593 0.000546789 0.00149477 0.00362117 0.00723927 0.0113657 0.0139038 0.0137542 0.0116754 0.00897192 0.00646298 0.00444162 0.00292994 0.00185405 0.00111989 0.000639868 0.000340753 0.000164932 6.92049e-05 2.26322e-05 4.10709e-06 0 
0 0.00114251 0.00442567 0.00865162 0.0108739 0.00873509 0.00446061 0.00156766 0.000436384 0.000111879 3.02951e-05 9.73519e-06 4.07211e-06 2.36464e-06 1.97077e-06 2.36101e-06 3.95406e-06 8.78552e-06 2.41512e-05 7.58234e-05 0.00025002 0.000796524 0.0022594 0.00528086 0.00956029 0.0130948 0.0139683 0.0123693 0.00970145 0.0070501 0.0048618 0.00321115 0.00203289 0.00122809 0.000701724 0.000373698 0.000180879 7.58965e-05 2.48205e-05 4.50422e-06 0 
0 0.00120832 0.00463227 0.0088172 0.010473 0.00765714 0.00345781 0.00106207 0.000258331 5.82187e-05 1.40145e-05 4.07211e-06 1.57526e-06 8.69086e-07 7.08805e-07 8.56252e-07 1.48746e-06 3.51436e-06 1.04814e-05 3.62367e-05 0.000132912 0.000474063 0.00151169 0.0039766 0.00805388 0.0121196 0.0138143 0.0127182 0.0101708 0.00745452 0.00515822 0.00341123 0.00216052 0.00130539 0.00074593 0.000397246 0.000192278 8.06795e-05 2.63848e-05 4.78808e-06 0 
0 0.00124394 0.00473645 0.00886051 0.0101512 0.00699922 0.00293305 0.000830724 0.000186227 3.8782e-05 8.67608e-06 2.36464e-06 8.69086e-07 4.62771e-07 3.70733e-07 4.4798e-07 7.92174e-07 1.93527e-06 6.04642e-06 2.21185e-05 8.64539e-05 0.000330224 0.00113189 0.00320916 0.00699976 0.0112483 0.0134655 0.0127782 0.0103812 0.00766365 0.00531868 0.00352136 0.0022312 0.0013483 0.000770486 0.000410332 0.000198613 8.33378e-05 2.72541e-05 4.94584e-06 0 
0 0.00124954 0.00474736 0.00883218 0.0100052 0.00677539 0.00277528 0.00076667 0.000167485 3.39792e-05 7.40863e-06 1.97077e-06 7.08805e-07 3.70733e-07 2.93116e-07 3.51452e-07 6.20209e-07 1.52068e-06 4.79387e-06 1.77791e-05 7.07485e-05 0.000276168 0.000971134 0.00283626 0.00639295 0.0106117 0.0130478 0.0126075 0.0103477 0.00767741 0.00534021 0.00353894 0.00224318 0.00135574 0.000774783 0.000412629 0.000199727 8.38053e-05 2.74071e-05 4.9736e-06 0 
0 0.00122663 0.0046728 0.00875342 0.010059 0.0069706 0.00293881 0.000836915 0.000188256 3.92117e-05 8.73769e-06 2.36101e-06 8.56252e-07 4.4798e-07 3.51452e-07 4.15061e-07 7.17028e-07 1.71333e-06 5.2502e-06 1.89148e-05 7.32008e-05 0.000278666 0.000959715 0.00276064 0.00617029 0.010225 0.0126108 0.0122419 0.0100879 0.0075046 0.0052279 0.0034672 0.00219853 0.00132898 0.000759549 0.000404529 0.000195809 8.21619e-05 2.68697e-05 4.87608e-06 0 
0 0.00117772 0.00451789 0.00861551 0.0102761 0.00756488 0.00344371 0.00106465 0.0002596 5.82951e-05 1.38772e-05 3.95406e-06 1.48746e-06 7.92174e-07 6.20209e-07 7.17028e-07 1.19184e-06 2.70178e-06 7.77436e-06 2.61421e-05 9.42376e-05 0.000334671 0.00108005 0.00293246 0.00625212 0.0100206 0.0121288 0.0116859 0.00961622 0.00715953 0.0049931 0.00331424 0.00210258 0.00127132 0.000726689 0.000387051 0.000187354 7.86151e-05 2.57099e-05 4.66562e-06 0 
0 0.00110619 0.00428646 0.00838806 0.0105665 0.00851696 0.00436174 0.00153228 0.00042383 0.000107094 2.83044e-05 8.78552e-06 3.51436e-06 1.93527e-06 1.52068e-06 1.71333e-06 2.70178e-06 5.68032e-06 1.49005e-05 4.51643e-05 0.000145961 0.0004646 0.0013496 0.00332768 0.00653908 0.00986806 0.0115195 0.0109176 0.00894172 0.00665908 0.00465122 0.00309156 0.0019631 0.0011876 0.000679014 0.000361705 0.000175095 7.3473e-05 2.40284e-05 4.36051e-06 0 
0 0.00101626 0.00398403 0.00803358 0.0107952 0.00972002 0.00577753 0.00239448 0.000780353 0.000229834 6.95795e-05 2.41512e-05 1.04814e-05 6.04642e-06 4.79387e-06 5.2502e-06 7.77436e-06 1.49005e-05 3.48136e-05 9.24819e-05 0.000259569 0.000715654 0.00180693 0.00391342 0.00688966 0.00959152 0.0106724 0.00990268 0.00806871 0.00601934 0.00421863 0.00281221 0.00178919 0.00108361 0.000619921 0.00033032 0.000159922 6.71098e-05 2.19479e-05 3.98298e-06 0 
0 0.000912896 0.00362071 0.0075251 0.0108076 0.0109562 0.00769811 0.00386734 0.00152945 0.000539621 0.000191593 7.58234e-05 3.62367e-05 2.21185e-05 1.77791e-05 1.89148e-05 2.61421e-05 4.51643e-05 9.24819e-05 0.000210928 0.000501707 0.00116569 0.00248598 0.00460417 0.0071081 0.00900258 0.00948437 0.00860644 0.00699454 0.00524972 0.00370822 0.0024881 0.00158994 0.000965399 0.000553031 0.000294865 0.000142797 5.99301e-05 1.96007e-05 3.55709e-06 0 
0 0.000801517 0.00321234 0.00686098 0.0104769 0.0119021 0.00991281 0.00611934 0.00299553 0.00129131 0.000546789 0.00025002 0.000132912 8.64539e-05 7.07485e-05 7.32008e-05 9.42376e-05 0.000145961 0.000259569 0.000501707 0.000994397 0.00190853 0.00336606 0.00522922 0.00697403 0.00795502 0.00789203 0.00700072 0.0057023 0.00434334 0.00312255 0.00212656 0.00137284 0.00083856 0.000481847 0.000257277 0.000124669 5.23349e-05 1.71182e-05 3.10667e-06 0 
0 0.000687632 0.00277947 0.00607028 0.00975494 0.0122313 0.0119129 0.00900541 0.00549522 0.00292786 0.00149477 0.000796524 0.000474063 0.000330224 0.000276168 0.000278666 0.000334671 0.0004646 0.000715654 0.00116569 0.00190853 0.00299242 0.00431264 0.00555392 0.00632097 0.00640346 0.00589902 0.00507474 0.00416029 0.0032696 0.0024468 0.00172638 0.00114216 0.000707591 0.000409468 0.000219318 0.000106412 4.46923e-05 1.4621e-05 2.65362e-06 0 
0 0.00057632 0.00234439 0.00520589 0.00869491 0.0117766 0.0130567 0.0118198 0.00889804 0.00585823 0.00362117 0.0022594 0.00151169 0.00113189 0.000971134 0.000959715 0.00108005 0.0013496 0.00180693 0.00248598 0.00336606 0.00431264 0.00507147 0.00537714 0.00512461 0.0044493 0.00363316 0.00292058 0.00239958 0.00201479 0.00166006 0.00127894 0.000898694 0.000575686 0.000338451 0.00018249 8.87692e-05 3.73169e-05 1.22119e-05 2.21663e-06 0 
0 0.000471805 0.00192765 0.00432937 0.00742543 0.0106198 0.0129588 0.0135321 0.0121921 0.00974406 0.00723927 0.00528086 0.0039766 0.00320916 0.00283626 0.00276064 0.00293246 0.00332768 0.00391342 0.00460417 0.00522922 0.00555392 0.00537714 0.00465409 0.0035543 0.00240583 0.00152057 0.00101152 0.000806745 0.000786515 0.00082531 0.000793303 0.000644836 0.000445664 0.000270928 0.000148005 7.23337e-05 3.0456e-05 9.97186e-06 1.81032e-06 0 
0 0.000377187 0.00154536 0.00349565 0.00609635 0.00902711 0.0117355 0.0135394 0.0139577 0.0130483 0.0113657 0.00956029 0.00805388 0.00699976 0.00639295 0.00617029 0.00625212 0.00653908 0.00688966 0.0071081 0.00697403 0.00632097 0.00512461 0.0035543 0.00197956 0.00084174 0.000295274 0.00011843 8.35164e-05 0.000115635 0.000218939 0.000355056 0.000399113 0.00032263 0.000209016 0.000116834 5.7539e-05 2.42856e-05 7.95749e-06 1.44494e-06 0 
0 0.000294364 0.00120801 0.00274392 0.00483162 0.00729994 0.00985264 0.0120864 0.0136006 0.0141785 0.0139038 0.0130948 0.0121196 0.0112483 0.0106117 0.010225 0.0100206 0.00986806 0.00959152 0.00900258 0.00795502 0.00640346 0.0044493 0.00240583 0.00084174 0.000154914 1.63447e-05 2.16464e-06 1.13298e-06 3.28605e-06 2.13627e-05 9.86104e-05 0.000203692 0.000216266 0.000155164 8.97359e-05 4.46639e-05 1.89111e-05 6.20215e-06 1.1265e-06 0 
0 0.00022412 0.00092057 0.00209571 0.0037092 0.00566433 0.00779995 0.00989486 0.011702 0.0130174 0.0137542 0.0139683 0.0138143 0.0134655 0.0130478 0.0126108 0.0121288 0.0115195 0.0106724 0.00948437 0.00789203 0.00589902 0.00363316 0.00152057 0.000295274 1.63447e-05 2.74354e-07 6.33279e-09 2.05084e-09 1.9003e-08 8.32348e-07 1.83358e-05 8.98194e-05 0.000137119 0.000111684 6.71948e-05 3.38337e-05 1.43725e-05 4.71798e-06 8.57147e-07 0 
0 0.000166318 0.000683468 0.0015577 0.00276398 0.00424302 0.00590031 0.00760981 0.00922724 0.0106153 0.0116754 0.0123693 0.0127182 0.0127782 0.0126075 0.0122419 0.0116859 0.0109176 0.00990268 0.00860644 0.00700072 0.00507474 0.00292058 0.00101152 0.00011843 2.16464e-06 6.33279e-09 2.71208e-11 5.49179e-12 1.55054e-10 4.1696e-08 3.94229e-06 4.20744e-05 8.78578e-05 7.94025e-05 4.92658e-05 2.50203e-05 1.06535e-05 3.49937e-06 6.35862e-07 0 
0 0.00012014 0.000493817 0.00112607 0.00200044 0.00307824 0.00429953 0.0055867 0.00685129 0.00800482 0.00897192 0.00970145 0.0101708 0.0103812 0.0103477 0.0100879 0.00961622 0.00894172 0.00806871 0.00699454 0.0057023 0.00416029 0.00239958 0.000806745 8.35164e-05 1.13298e-06 2.05084e-09 5.49179e-12 9.61199e-13 3.58749e-11 1.5386e-08 2.10942e-06 2.73193e-05 6.14546e-05 5.68495e-05 3.55012e-05 1.80603e-05 7.69332e-06 2.52731e-06 4.59245e-07 0 
0 8.43222e-05 0.000346629 0.000790621 0.00140525 0.00216457 0.003029 0.00394806 0.00486462 0.00572054 0.00646298 0.0070501 0.00745452 0.00766365 0.00767741 0.0075046 0.00715953 0.00665908 0.00601934 0.00524972 0.00434334 0.0032696 0.00201479 0.000786515 0.000115635 3.28605e-06 1.9003e-08 1.55054e-10 3.58749e-11 5.97606e-10 7.13606e-08 3.52811e-06 2.64989e-05 4.78458e-05 4.11286e-05 2.51279e-05 1.27045e-05 5.40271e-06 1.77401e-06 3.22321e-07 0 
0 5.73635e-05 0.000235819 0.000537931 0.000956321 0.00147367 0.00206372 0.00269317 0.00332449 0.00391923 0.00444162 0.0048618 0.00515822 0.00531868 0.00534021 0.0052279 0.0049931 0.00465122 0.00421863 0.00370822 0.00312255 0.0024468 0.00166006 0.00082531 0.000218939 2.13627e-05 8.32348e-07 4.1696e-08 1.5386e-08 7.13606e-08 1.09329e-06 1.02808e-05 3.13282e-05 3.90095e-05 2.95358e-05 1.73595e-05 8.6797e-06 3.67964e-06 1.20719e-06 2.19284e-07 0 
0 3.76986e-05 0.000154981 0.000353543 0.000628574 0.000968775 0.00135704 0.00177176 0.00218855 0.00258243 0.00292994 0.00321115 0.00341123 0.00352136 0.00353894 0.0034672 0.00331424 0.00309156 0.00281221 0.0024881 0.00212656 0.00172638 0.00127894 0.000793303 0.000355056 9.86104e-05 1.83358e-05 3.94229e-06 2.10942e-06 3.52811e-06 1.02808e-05 2.44383e-05 3.42952e-05 3.05588e-05 2.05115e-05 1.15974e-05 5.73128e-06 2.42145e-06 7.93644e-07 1.44124e-07 0 
0 2.38241e-05 9.79424e-05 0.000223431 0.000397257 0.000612299 0.000857784 0.0011201 0.00138393 0.00163351 0.00185405 0.00203289 0.00216052 0.0022312 0.00224318 0.00219853 0.00210258 0.0019631 0.00178919 0.00158994 0.00137284 0.00114216 0.000898694 0.000644836 0.000399113 0.000203692 8.98194e-05 4.20744e-05 2.73193e-05 2.64989e-05 3.13282e-05 3.42952e-05 3.0348e-05 2.1861e-05 1.35133e-05 7.42615e-06 3.63646e-06 1.53207e-06 5.01723e-07 9.10892e-08 0 
0 1.43839e-05 5.91333e-05 0.000134899 0.00023985 0.000369693 0.00051793 0.000676356 0.000835729 0.000986555 0.00111989 0.00122809 0.00130539 0.0013483 0.00135574 0.00132898 0.00127132 0.0011876 0.00108361 0.000965399 0.00083856 0.000707591 0.000575686 0.000445664 0.00032263 0.000216266 0.000137119 8.78578e-05 6.14546e-05 4.78458e-05 3.90095e-05 3.05588e-05 2.1861e-05 1.41598e-05 8.36902e-06 4.52239e-06 2.20165e-06 9.25799e-07 3.02997e-07 5.49997e-08 0 
0 8.21723e-06 3.37818e-05 7.70652e-05 0.000137023 0.000211202 0.000295892 0.000386407 0.00047747 0.00056366 0.000639868 0.000701724 0.00074593 0.000770486 0.000774783 0.000759549 0.000726689 0.000679014 0.000619921 0.000553031 0.000481847 0.000409468 0.000338451 0.000270928 0.000209016 0.000155164 0.000111684 7.94025e-05 5.68495e-05 4.11286e-05 2.95358e-05 2.05115e-05 1.35133e-05 8.36902e-06 4.84516e-06 2.59611e-06 1.25987e-06 5.29184e-07 1.73127e-07 3.1422e-08 0 
0 4.37575e-06 1.79891e-05 4.1038e-05 7.29662e-05 0.000112468 0.000157567 0.000205769 0.000254264 0.000300165 0.000340753 0.000373698 0.000397246 0.000410332 0.000412629 0.000404529 0.000387051 0.000361705 0.00033032 0.000294865 0.000257277 0.000219318 0.00018249 0.000148005 0.000116834 8.97359e-05 6.71948e-05 4.92658e-05 3.55012e-05 2.51279e-05 1.73595e-05 1.15974e-05 7.42615e-06 4.52239e-06 2.59611e-06 1.38581e-06 6.71489e-07 2.81884e-07 9.22016e-08 1.67331e-08 0 
0 2.11793e-06 8.70702e-06 1.98631e-05 3.53168e-05 5.44362e-05 7.6265e-05 9.95957e-05 0.000123068 0.000145286 0.000164932 0.000180879 0.000192278 0.000198613 0.000199727 0.000195809 0.000187354 0.000175095 0.000159922 0.000142797 0.000124669 0.000106412 8.87692e-05 7.23337e-05 5.7539e-05 4.46639e-05 3.38337e-05 2.50203e-05 1.80603e-05 1.27045e-05 8.6797e-06 5.73128e-06 3.63646e-06 2.20165e-06 1.25987e-06 6.71489e-07 3.25151e-07 1.36458e-07 4.46295e-08 8.09924e-09 0 
0 8.88673e-07 3.65342e-06 8.33443e-06 1.48187e-05 2.28411e-05 3.20004e-05 4.17899e-05 5.1639e-05 6.09614e-05 6.92049e-05 7.58965e-05 8.06795e-05 8.33378e-05 8.38053e-05 8.21619e-05 7.86151e-05 7.3473e-05 6.71098e-05 5.99301e-05 5.23349e-05 4.46923e-05 3.73169e-05 3.0456e-05 2.42856e-05 1.89111e-05 1.43725e-05 1.06535e-05 7.69332e-06 5.40271e-06 3.67964e-06 2.42145e-06 1.53207e-06 9.25799e-07 5.29184e-07 2.81884e-07 1.36458e-07 5.72613e-08 1.87268e-08 3.39843e-09 0 
0 2.90623e-07 1.19478e-06 2.72561e-06 4.84619e-06 7.46975e-06 1.04651e-05 1.36666e-05 1.68875e-05 1.99363e-05 2.26322e-05 2.48205e-05 2.63848e-05 2.72541e-05 2.74071e-05 2.68697e-05 2.57099e-05 2.40284e-05 2.19479e-05 1.96007e-05 1.71182e-05 1.4621e-05 1.22119e-05 9.97186e-06 7.95749e-06 6.20215e-06 4.71798e-06 3.49937e-06 2.52731e-06 1.77401e-06 1.20719e-06 7.93644e-07 5.01723e-07 3.02997e-07 1.73127e-07 9.22016e-08 4.46295e-08 1.87268e-08 6.12433e-09 1.1114e-09 0 
0 5.27398e-08 2.16818e-07 4.94621e-07 8.79443e-07 1.35555e-06 1.89912e-06 2.48009e-06 3.0646e-06 3.61786e-06 4.10709e-06 4.50422e-06 4.78808e-06 4.94584e-06 4.9736e-06 4.87608e-06 4.66562e-06 4.36051e-06 3.98298e-06 3.55709e-06 3.10667e-06 2.65362e-06 2.21663e-06 1.81032e-06 1.44494e-06 1.1265e-06 8.57147e-07 6.35862e-07 4.59245e-07 3.22321e-07 2.19284e-07 1.44124e-07 9.10892e-08 5.49997e-08 3.1422e-08 1.67331e-08 8.09924e-09 3.39843e-09 1.1114e-09 2.01687e-10 0 
0 0 0 0 0 0 0 0 0 0 0 0 0 0 0 0 0 0 0 0 0 0 0 0 0 0 0 0 0 0 0 0 0 0 0 0 0 0 0 0 0 
