0 0 0 0 0 0 0 0 0 0 0 0 0 0 0 0 0 0 0 0 0 0 0 0 0 0 0 0 0 0 0 0 0 0 0 0 0 0 0 0 0 
0 1.37083e-05 5.59316e-05 0.000125714 0.000217711 0.000321794 0.000424639 0.000513522 0.000580394 0.000623658 0.000646947 0.000656369 0.00065801 0.00065649 0.000654477 0.000652722 0.000650318 0.000645051 0.000633874 0.00061356 0.000581538 0.000536761 0.000480309 0.0004154 0.000346716 0.000279266 0.000217265 0.000163466 0.000119052 8.39406e-05 5.72404e-05 3.76621e-05 2.38141e-05 1.43813e-05 8.21665e-06 4.37563e-06 2.11791e-06 8.88669e-07 2.90623e-07 5.27398e-08 0 
0 5.59316e-05 0.000225724 0.000495772 0.000822345 0.00113242 0.00134929 0.00143245 0.00139553 0.00128677 0.0011567 0.00103981 0.000953212 0.000902758 0.000888982 0.000910556 0.000965276 0.00104927 0.00115499 0.001269 0.00137087 0.00143547 0.00143955 0.00137083 0.00123425 0.00105077 0.000848718 0.000653723 0.000482623 0.000342785 0.00023461 0.000154631 9.78497e-05 5.91107e-05 3.37767e-05 1.79881e-05 8.70684e-06 3.65339e-06 1.19478e-06 2.16818e-07 0 
0 0.000125714 0.000495772 0.00103556 0.00156212 0.00184379 0.00177145 0.0014475 0.00106249 0.000742098 0.000519622 0.000380551 0.00030073 0.000261564 0.000252601 0.000270475 0.000317799 0.00040257 0.000537253 0.000735584 0.0010045 0.0013303 0.00166499 0.0019284 0.00203915 0.00196082 0.00172351 0.00140074 0.00106691 0.000770517 0.000531725 0.000351793 0.000222978 0.000134791 7.7042e-05 4.10335e-05 1.98623e-05 8.33431e-06 2.7256e-06 4.9462e-07 0 
0 0.000217711 0.000822345 0.00156212 0.00197516 0.00177438 0.00119597 0.000655653 0.000320881 0.00015302 7.65951e-05 4.27133e-05 2.77315e-05 2.15562e-05 2.02969e-05 2.30606e-05 3.10632e-05 4.82069e-05 8.31017e-05 0.00015273 0.000286758 0.00052729 0.000912092 0.00143071 0.00197521 0.00235752 0.00242945 0.0021941 0.00177978 0.00132983 0.000933234 0.000622172 0.000395637 0.000239475 0.000136944 7.29511e-05 3.53143e-05 1.48184e-05 4.84614e-06 8.79441e-07 0 
0 0.000321794 0.00113242 0.00184379 0.00177438 0.00108011 0.00045789 0.000153514 4.61904e-05 1.39612e-05 4.67149e-06 1.87504e-06 9.59411e-07 6.50631e-07 5.94098e-07 7.2554e-07 1.15381e-06 2.28936e-06 5.37075e-06 1.40355e-05 3.84615e-05 0.000104321 0.000265634 0.000605307 0.00118259 0.00191294 0.00251425 0.00270133 0.00244471 0.00194182 0.00140508 0.000949908 0.000607602 0.000368628 0.000210982 0.000112427 5.44294e-05 2.28402e-05 7.46965e-06 1.35554e-06 0 
0 0.000424639 0.00134929 0.00177145 0.00119597 0.00045789 0.000115148 2.23773e-05 3.9133e-06 7.07738e-07 1.49952e-07 4.13749e-08 1.61257e-08 9.3531e-09 8.24337e-09 1.09315e-08 2.10125e-08 5.51791e-08 1.83793e-07 7.15527e-07 2.9989e-06 1.25307e-05 4.87858e-05 0.000167088 0.000479259 0.00110243 0.00196472 0.00267744 0.00284972 0.00249117 0.00189425 0.0013103 0.000846252 0.000515355 0.000295369 0.000157471 7.62494e-05 3.19982e-05 1.04649e-05 1.8991e-06 0 
0 0.000513522 0.00143245 0.0014475 0.000655653 0.000153514 2.23773e-05 2.44858e-06 2.40339e-07 2.50721e-08 3.24998e-09 5.98791e-10 1.73974e-10 8.52122e-11 7.22474e-11 1.04643e-10 2.46611e-10 8.75494e-10 4.25132e-09 2.53938e-08 1.67744e-07 1.11024e-06 6.76072e-06 3.53432e-05 0.000150209 0.000496335 0.00122587 0.00219971 0.00287418 0.002863 0.00233724 0.00167219 0.00109557 0.000670932 0.000385322 0.000205573 9.95645e-05 4.17856e-05 1.36661e-05 2.48007e-06 0 
0 0.000580394 0.00139553 0.00106249 0.000320881 4.61904e-05 3.9133e-06 2.40339e-07 1.31506e-08 7.8486e-10 6.1741e-11 7.54203e-12 1.62446e-12 6.69463e-13 5.45201e-13 8.63026e-13 2.50021e-12 1.2052e-11 8.58084e-11 7.91546e-10 8.29598e-09 8.74797e-08 8.36134e-07 6.66726e-06 4.17072e-05 0.00019569 0.000663777 0.00157515 0.00257751 0.00299904 0.0026787 0.00200342 0.00133807 0.000825637 0.000475472 0.000253908 0.000123012 5.16315e-05 1.68868e-05 3.06456e-06 0 
0 0.000623658 0.00128677 0.000742098 0.00015302 1.39612e-05 7.07738e-07 2.50721e-08 7.8486e-10 2.7451e-11 1.33836e-12 1.10243e-13 1.78133e-14 6.21571e-15 4.86486e-15 8.37483e-15 2.95329e-14 1.90634e-13 1.95663e-12 2.73507e-11 4.45815e-10 7.33941e-09 1.079e-07 1.28548e-06 1.15736e-05 7.51686e-05 0.000340865 0.00104793 0.00213594 0.00292609 0.00289143 0.0022783 0.00155734 0.0009698 0.000560364 0.000299584 0.000145195 6.09494e-05 1.99351e-05 3.6178e-06 0 
0 0.000646947 0.0011567 0.000519622 7.65951e-05 4.67149e-06 1.49952e-07 3.24998e-09 6.1741e-11 1.33836e-12 4.25015e-14 2.45831e-15 3.06754e-16 9.20986e-17 6.94629e-17 1.28721e-16 5.40552e-16 4.52671e-15 6.44093e-14 1.30559e-12 3.15951e-11 7.75072e-10 1.67535e-08 2.85789e-07 3.55783e-06 3.07702e-05 0.000179506 0.000690053 0.00170883 0.00272921 0.00298383 0.00248337 0.00174055 0.00109486 0.000634961 0.000339893 0.000164799 6.91874e-05 2.26304e-05 4.10699e-06 0 
0 0.000656369 0.00103981 0.000380551 4.27133e-05 1.87504e-06 4.13749e-08 5.98791e-10 7.54203e-12 1.10243e-13 2.45831e-15 1.06169e-16 1.06938e-17 2.83216e-18 2.06818e-18 4.06472e-18 1.96767e-17 2.03882e-16 3.7923e-15 1.04325e-13 3.4949e-12 1.19084e-10 3.53698e-09 8.11154e-08 1.31852e-06 1.44164e-05 0.000103132 0.000474241 0.00137499 0.00249945 0.00298995 0.00261856 0.00187991 0.0011942 0.000695085 0.00037254 0.000180701 7.58732e-05 2.48182e-05 4.50409e-06 0 
0 0.00065801 0.000953212 0.00030073 2.77315e-05 9.59411e-07 1.61257e-08 1.73974e-10 1.62446e-12 1.78133e-14 3.06754e-16 1.06938e-17 9.19862e-19 2.2187e-19 1.57886e-19 3.23137e-19 1.7312e-18 2.09104e-17 4.72139e-16 1.62115e-14 6.88083e-13 2.97926e-11 1.1161e-09 3.17824e-08 6.2796e-07 8.1482e-06 6.7596e-05 0.000353665 0.00114929 0.00230032 0.00295099 0.00269318 0.00197253 0.00126351 0.000737722 0.000395816 0.000192059 8.06509e-05 2.63819e-05 4.78792e-06 0 
0 0.00065649 0.000902758 0.000261564 2.15562e-05 6.50631e-07 9.3531e-09 8.52122e-11 6.69463e-13 6.21571e-15 9.20986e-17 2.83216e-18 2.2187e-19 5.05559e-20 3.53314e-20 7.37864e-20 4.17871e-19 5.49977e-18 1.38595e-16 5.40091e-15 2.62613e-13 1.30574e-11 5.59648e-10 1.80771e-08 4.00299e-07 5.74184e-06 5.19513e-05 0.000293186 0.00101928 0.00216304 0.00290028 0.00271956 0.00201901 0.00130079 0.000761158 0.000408705 0.000198363 8.33053e-05 2.72509e-05 4.94567e-06 0 
0 0.000654477 0.000888982 0.000252601 2.02969e-05 5.94098e-07 8.24337e-09 7.22474e-11 5.45201e-13 4.86486e-15 6.94629e-17 2.06818e-18 1.57886e-19 3.53314e-20 2.44576e-20 5.10415e-20 2.91316e-19 3.89375e-18 1.00295e-16 4.01487e-15 2.01207e-13 1.03287e-11 4.57122e-10 1.52288e-08 3.47055e-07 5.10919e-06 4.73177e-05 0.000272825 0.000968312 0.00209574 0.00285622 0.00270738 0.00202166 0.00130592 0.000764969 0.000410913 0.000199463 8.37709e-05 2.74036e-05 4.97341e-06 0 
0 0.000652722 0.000910556 0.000270475 2.30606e-05 7.2554e-07 1.09315e-08 1.04643e-10 8.63026e-13 8.37483e-15 1.28721e-16 4.06472e-18 3.23137e-19 7.37864e-20 5.10415e-20 1.04336e-19 5.72992e-19 7.26246e-18 1.75485e-16 6.54574e-15 3.04842e-13 1.45542e-11 6.0137e-10 1.88175e-08 4.05821e-07 5.7003e-06 5.07875e-05 0.000283883 0.000983579 0.00209218 0.00282129 0.00266063 0.00198301 0.00128031 0.000749915 0.000402836 0.000195547 8.21275e-05 2.68662e-05 4.87589e-06 0 
0 0.000650318 0.000965276 0.000317799 3.10632e-05 1.15381e-06 2.10125e-08 2.46611e-10 2.50021e-12 2.95329e-14 5.40552e-16 1.96767e-17 1.7312e-18 4.17871e-19 2.91316e-19 5.72992e-19 2.90378e-18 3.27912e-17 6.87318e-16 2.1851e-14 8.59952e-13 3.46889e-11 1.21943e-09 3.28705e-08 6.20704e-07 7.77503e-06 6.29238e-05 0.00032489 0.00105514 0.00213478 0.00278346 0.00257719 0.00190533 0.00122652 0.00071775 0.000385466 0.000187106 7.85823e-05 2.57065e-05 4.66543e-06 0 
0 0.000645051 0.00104927 0.00040257 4.82069e-05 2.28936e-06 5.51791e-08 8.75494e-10 1.2052e-11 1.90634e-13 4.52671e-15 2.03882e-16 2.09104e-17 5.49977e-18 3.89375e-18 7.26246e-18 3.27912e-17 3.13009e-16 5.32564e-15 1.33749e-13 4.10094e-12 1.28693e-10 3.55195e-09 7.65107e-08 1.18207e-06 1.24436e-05 8.69673e-05 0.000397584 0.00116921 0.0021923 0.00271857 0.00245051 0.00179082 0.00114806 0.000671016 0.000360264 0.000174866 7.34421e-05 2.40252e-05 4.36033e-06 0 
0 0.000633874 0.00115499 0.000537253 8.31017e-05 5.37075e-06 1.83793e-07 4.25132e-09 8.58084e-11 1.95663e-12 6.44093e-14 3.7923e-15 4.72139e-16 1.38595e-16 1.00295e-16 1.75485e-16 6.87318e-16 5.32564e-15 6.98623e-14 1.30617e-12 2.92678e-11 6.69141e-10 1.35942e-08 2.20115e-07 2.63065e-06 2.2143e-05 0.000128036 0.000500219 0.00129674 0.00221589 0.00259388 0.00227217 0.00164203 0.00104913 0.000612778 0.000329 0.000159707 6.708e-05 2.19447e-05 3.9828e-06 0 
0 0.00061356 0.001269 0.000735584 0.00015273 1.40355e-05 7.15527e-07 2.53938e-08 7.91546e-10 2.73507e-11 1.30559e-12 1.04325e-13 1.62115e-14 5.40091e-15 4.01487e-15 6.54574e-15 2.1851e-14 1.33749e-13 1.30617e-12 1.745e-11 2.73192e-10 4.34129e-09 6.19076e-08 7.1921e-07 6.36021e-06 4.10827e-05 0.00018953 0.000614788 0.00138013 0.00213862 0.00237298 0.00203411 0.001462 0.00093428 0.000546341 0.000293585 0.000142581 5.98995e-05 1.95974e-05 3.55689e-06 0 
0 0.000581538 0.00137087 0.0010045 0.000286758 3.84615e-05 2.9989e-06 1.67744e-07 8.29598e-09 4.45815e-10 3.15951e-11 3.4949e-12 6.88083e-13 2.62613e-13 2.01207e-13 3.04842e-13 8.59952e-13 4.10094e-12 2.92678e-11 2.73192e-10 2.91215e-09 3.12575e-08 3.03275e-07 2.44448e-06 1.54346e-05 7.37498e-05 0.000262336 0.000689099 0.00132848 0.00188459 0.00202129 0.00172898 0.00125352 0.000807846 0.000474926 0.000255903 0.000124431 5.23003e-05 1.71144e-05 3.10644e-06 0 
0 0.000536761 0.00143547 0.0013303 0.00052729 0.000104321 1.25307e-05 1.11024e-06 8.74797e-08 7.33941e-09 7.75072e-10 1.19084e-10 2.97926e-11 1.30574e-11 1.03287e-11 1.45542e-11 3.46889e-11 1.28693e-10 6.69141e-10 4.34129e-09 3.12575e-08 2.23927e-07 1.45272e-06 7.92306e-06 3.45021e-05 0.000116761 0.000306209 0.0006317 0.00104433 0.00139639 0.00151463 0.00134978 0.00101791 0.000673353 0.000401406 0.000217676 0.000106124 4.46502e-05 1.46163e-05 2.65334e-06 0 
0 0.000480309 0.00143955 0.00166499 0.000912092 0.000265634 4.87858e-05 6.76072e-06 8.36134e-07 1.079e-07 1.67535e-08 3.53698e-09 1.1161e-09 5.59648e-10 4.57122e-10 6.0137e-10 1.21943e-09 3.55195e-09 1.35942e-08 6.19076e-08 3.03275e-07 1.45272e-06 6.24985e-06 2.249e-05 6.42155e-05 0.000142218 0.000250542 0.00037872 0.000534078 0.000719423 0.000876992 0.000899821 0.000756472 0.000533556 0.000328211 0.000180387 8.8402e-05 3.72638e-05 1.22062e-05 2.21629e-06 0 
0 0.0004154 0.00137083 0.0019284 0.00143071 0.000605307 0.000167088 3.53432e-05 6.66726e-06 1.28548e-06 2.85789e-07 8.11154e-08 3.17824e-08 1.80771e-08 1.52288e-08 1.88175e-08 3.28705e-08 7.65107e-08 2.20115e-07 7.1921e-07 2.44448e-06 7.92306e-06 2.249e-05 5.13423e-05 8.69831e-05 0.000104947 9.70613e-05 8.71384e-05 0.000100578 0.000161068 0.000289785 0.000438219 0.000481588 0.000392439 0.000257629 0.00014529 7.18684e-05 3.03903e-05 9.96485e-06 1.80991e-06 0 
0 0.000346716 0.00123425 0.00203915 0.00197521 0.00118259 0.000479259 0.000150209 4.17072e-05 1.15736e-05 3.55783e-06 1.31852e-06 6.2796e-07 4.00299e-07 3.47055e-07 4.05821e-07 6.20704e-07 1.18207e-06 2.63065e-06 6.36021e-06 1.54346e-05 3.45021e-05 6.42155e-05 8.69831e-05 7.1839e-05 3.12863e-05 8.17532e-06 2.44607e-06 1.99781e-06 5.74112e-06 2.99453e-05 0.000118171 0.000237147 0.000259677 0.000192515 0.000113488 5.69796e-05 2.42088e-05 7.94951e-06 1.44449e-06 0 
0 0.000279266 0.00105077 0.00196082 0.00235752 0.00191294 0.00110243 0.000496335 0.00019569 7.51686e-05 3.07702e-05 1.44164e-05 8.1482e-06 5.74184e-06 5.10919e-06 5.7003e-06 7.77503e-06 1.24436e-05 2.2143e-05 4.10827e-05 7.37498e-05 0.000116761 0.000142218 0.000104947 3.12863e-05 2.4041e-06 5.53573e-08 1.78409e-09 7.64287e-10 8.63244e-09 4.62477e-07 1.31504e-05 8.29606e-05 0.000151912 0.000136675 8.59741e-05 4.40493e-05 1.88289e-05 6.19384e-06 1.12604e-06 0 
0 0.000217265 0.000848718 0.00172351 0.00242945 0.00251425 0.00196472 0.00122587 0.000663777 0.000340865 0.000179506 0.000103132 6.7596e-05 5.19513e-05 4.73177e-05 5.07875e-05 6.29238e-05 8.69673e-05 0.000128036 0.00018953 0.000262336 0.000306209 0.000250542 9.70613e-05 8.17532e-06 5.53573e-08 3.38135e-11 3.5531e-14 5.79263e-15 5.94894e-13 1.2226e-09 6.88901e-07 2.24711e-05 8.18537e-05 9.36154e-05 6.34605e-05 3.32336e-05 1.42941e-05 4.7102e-06 8.56726e-07 0 
0 0.000163466 0.000653723 0.00140074 0.0021941 0.00270133 0.00267744 0.00219971 0.00157515 0.00104793 0.000690053 0.000474241 0.000353665 0.000293186 0.000272825 0.000283883 0.00032489 0.000397584 0.000500219 0.000614788 0.000689099 0.0006317 0.00037872 8.71384e-05 2.44607e-06 1.78409e-09 3.5531e-14 1.7586e-17 8.58918e-18 8.80953e-17 5.24557e-12 4.82676e-08 6.9794e-06 4.60951e-05 6.4141e-05 4.60605e-05 2.45102e-05 1.05877e-05 3.49293e-06 6.35517e-07 0 
0 0.000119052 0.000482623 0.00106691 0.00177978 0.00244471 0.00284972 0.00287418 0.00257751 0.00213594 0.00170883 0.00137499 0.00114929 0.00101928 0.000968312 0.000983579 0.00105514 0.00116921 0.00129674 0.00138013 0.00132848 0.00104433 0.000534078 0.000100578 1.99781e-06 7.64287e-10 5.79263e-15 8.58923e-18 3.32839e-19 3.56255e-17 1.05515e-12 1.97961e-08 4.14292e-06 3.14647e-05 4.56614e-05 3.31516e-05 1.7688e-05 7.64549e-06 2.52265e-06 4.58996e-07 0 
0 8.39406e-05 0.000342785 0.000770517 0.00132983 0.00194182 0.00249117 0.002863 0.00299904 0.00292609 0.00272921 0.00249945 0.00230032 0.00216304 0.00209574 0.00209218 0.00213478 0.0021923 0.00221589 0.00213862 0.00188459 0.00139639 0.000719423 0.000161068 5.74112e-06 8.63244e-09 5.94894e-13 8.80953e-17 3.56256e-17 2.0062e-15 2.80063e-11 7.40502e-08 5.44173e-06 2.70605e-05 3.40422e-05 2.3669e-05 1.2473e-05 5.37277e-06 1.77107e-06 3.22162e-07 0 
0 5.72404e-05 0.00023461 0.000531725 0.000933234 0.00140508 0.00189425 0.00233724 0.0026787 0.00289143 0.00298383 0.00298995 0.00295099 0.00290028 0.00285622 0.00282129 0.00278346 0.00271857 0.00259388 0.00237298 0.00202129 0.00151463 0.000876992 0.000289785 2.99453e-05 4.62477e-07 1.2226e-09 5.24557e-12 1.05515e-12 2.80063e-11 7.56987e-09 8.26073e-07 1.07414e-05 2.61465e-05 2.57398e-05 1.65974e-05 8.55748e-06 3.66355e-06 1.20558e-06 2.19196e-07 0 
0 3.76621e-05 0.000154631 0.000351793 0.000622172 0.000949908 0.0013103 0.00167219 0.00200342 0.0022783 0.00248337 0.00261856 0.00269318 0.00271956 0.00270738 0.00266063 0.00257719 0.00245051 0.00227217 0.00203411 0.00172898 0.00134978 0.000899821 0.000438219 0.000118171 1.31504e-05 6.88901e-07 4.82676e-08 1.97961e-08 7.40502e-08 8.26073e-07 6.43073e-06 1.88708e-05 2.41349e-05 1.88302e-05 1.12631e-05 5.67644e-06 2.41401e-06 7.9288e-07 1.44081e-07 0 
0 2.38141e-05 9.78497e-05 0.000222978 0.000395637 0.000607602 0.000846252 0.00109557 0.00133807 0.00155734 0.00174055 0.00187991 0.00197253 0.00201901 0.00202166 0.00198301 0.00190533 0.00179082 0.00164203 0.001462 0.00125352 0.00101791 0.000756472 0.000481588 0.000237147 8.29606e-05 2.24711e-05 6.9794e-06 4.14292e-06 5.44173e-06 1.07414e-05 1.88708e-05 2.28293e-05 1.93863e-05 1.2901e-05 7.3026e-06 3.61545e-06 1.52911e-06 5.01408e-07 9.1071e-08 0 
0 1.43813e-05 5.91107e-05 0.000134791 0.000239475 0.000368628 0.000515355 0.000670932 0.000825637 0.0009698 0.00109486 0.0011942 0.00126351 0.00130079 0.00130592 0.00128031 0.00122652 0.00114806 0.00104913 0.00093428 0.000807846 0.000673353 0.000533556 0.000392439 0.000259677 0.000151912 8.18537e-05 4.60951e-05 3.14647e-05 2.70605e-05 2.61465e-05 2.41349e-05 1.93863e-05 1.34109e-05 8.18347e-06 4.48355e-06 2.19474e-06 9.2478e-07 3.02884e-07 5.49929e-08 0 
0 8.21665e-06 3.37767e-05 7.7042e-05 0.000136944 0.000210982 0.000295369 0.000385322 0.000475472 0.000560364 0.000634961 0.000695085 0.000737722 0.000761158 0.000764969 0.000749915 0.00071775 0.000671016 0.000612778 0.000546341 0.000474926 0.000401406 0.000328211 0.000257629 0.000192515 0.000136675 9.36154e-05 6.4141e-05 4.56614e-05 3.40422e-05 2.57398e-05 1.88302e-05 1.2901e-05 8.18347e-06 4.79752e-06 2.58564e-06 1.2579e-06 5.2888e-07 1.73092e-07 3.14198e-08 0 
0 4.37563e-06 1.79881e-05 4.10335e-05 7.29511e-05 0.000112427 0.000157471 0.000205573 0.000253908 0.000299584 0.000339893 0.00037254 0.000395816 0.000408705 0.000410913 0.000402836 0.000385466 0.000360264 0.000329 0.000293585 0.000255903 0.000217676 0.000180387 0.00014529 0.000113488 8.59741e-05 6.34605e-05 4.60605e-05 3.31516e-05 2.3669e-05 1.65974e-05 1.12631e-05 7.3026e-06 4.48355e-06 2.58564e-06 1.38337e-06 6.71008e-07 2.81805e-07 9.21921e-08 1.67325e-08 0 
0 2.11791e-06 8.70684e-06 1.98623e-05 3.53143e-05 5.44294e-05 7.62494e-05 9.95645e-05 0.000123012 0.000145195 0.000164799 0.000180701 0.000192059 0.000198363 0.000199463 0.000195547 0.000187106 0.000174866 0.000159707 0.000142581 0.000124431 0.000106124 8.8402e-05 7.18684e-05 5.69796e-05 4.40493e-05 3.32336e-05 2.45102e-05 1.7688e-05 1.2473e-05 8.55748e-06 5.67644e-06 3.61545e-06 2.19474e-06 1.2579e-06 6.71008e-07 3.25051e-07 1.36441e-07 4.46273e-08 8.09909e-09 0 
0 8.88669e-07 3.65339e-06 8.33431e-06 1.48184e-05 2.28402e-05 3.19982e-05 4.17856e-05 5.16315e-05 6.09494e-05 6.91874e-05 7.58732e-05 8.06509e-05 8.33053e-05 8.37709e-05 8.21275e-05 7.85823e-05 7.34421e-05 6.708e-05 5.98995e-05 5.23003e-05 4.46502e-05 3.72638e-05 3.03903e-05 2.42088e-05 1.88289e-05 1.42941e-05 1.05877e-05 7.64549e-06 5.37277e-06 3.66355e-06 2.41401e-06 1.52911e-06 9.2478e-07 5.2888e-07 2.81805e-07 1.36441e-07 5.72582e-08 1.87264e-08 3.3984e-09 0 
0 2.90623e-07 1.19478e-06 2.7256e-06 4.84614e-06 7.46965e-06 1.04649e-05 1.36661e-05 1.68868e-05 1.99351e-05 2.26304e-05 2.48182e-05 2.63819e-05 2.72509e-05 2.74036e-05 2.68662e-05 2.57065e-05 2.40252e-05 2.19447e-05 1.95974e-05 1.71144e-05 1.46163e-05 1.22062e-05 9.96485e-06 7.94951e-06 6.19384e-06 4.7102e-06 3.49293e-06 2.52265e-06 1.77107e-06 1.20558e-06 7.9288e-07 5.01408e-07 3.02884e-07 1.73092e-07 9.21921e-08 4.46273e-08 1.87264e-08 6.12427e-09 1.11139e-09 0 
0 5.27398e-08 2.16818e-07 4.9462e-07 8.79441e-07 1.35554e-06 1.8991e-06 2.48007e-06 3.06456e-06 3.6178e-06 4.10699e-06 4.50409e-06 4.78792e-06 4.94567e-06 4.97341e-06 4.87589e-06 4.66543e-06 4.36033e-06 3.9828e-06 3.55689e-06 3.10644e-06 2.65334e-06 2.21629e-06 1.80991e-06 1.44449e-06 1.12604e-06 8.56726e-07 6.35517e-07 4.58996e-07 3.22162e-07 2.19196e-07 1.44081e-07 9.1071e-08 5.49929e-08 3.14198e-08 1.67325e-08 8.09909e-09 3.3984e-09 1.11139e-09 2.01687e-10 0 
0 0 0 0 0 0 0 0 0 0 0 0 0 0 0 0 0 0 0 0 0 0 0 0 0 0 0 0 0 0 0 0 0 0 0 0 0 0 0 0 0 
