0 0 0 0 0 0 0 0 0 0 0 0 0 0 0 0 0 0 0 0 0 0 0 0 0 0 0 0 0 0 0 0 0 0 0 0 0 0 0 0 0 
0 1.33673e-05 5.2907e-05 0.000112527 0.000178632 0.000234394 0.000268035 0.000277772 0.000269637 0.000252109 0.00023228 0.000214668 0.0002016 0.000193994 0.000192026 0.000195497 0.000203961 0.000216653 0.000232324 0.000249053 0.000264186 0.000274514 0.000276816 0.000268679 0.000249372 0.00022033 0.000184911 0.000147426 0.000111882 8.10504e-05 5.61879e-05 3.73152e-05 2.37104e-05 1.43533e-05 8.20981e-06 4.37414e-06 2.11763e-06 8.88624e-07 2.90617e-07 5.27394e-08 0 
0 5.2907e-05 0.000198378 0.000379349 0.000504698 0.000516333 0.000435481 0.000323368 0.00022441 0.000153078 0.000106933 7.89955e-05 6.31809e-05 5.55198e-05 5.39201e-05 5.77346e-05 6.74924e-05 8.48042e-05 0.000112293 0.000153287 0.000210875 0.000285969 0.000374476 0.000464803 0.000538237 0.000574503 0.000561295 0.000501523 0.000411905 0.000313828 0.000224089 0.000151215 9.68528e-05 5.88484e-05 3.37146e-05 1.7975e-05 8.7044e-06 3.65301e-06 1.19473e-06 2.16815e-07 0 
0 0.000112527 0.000379349 0.000588236 0.000560275 0.000369725 0.000189407 8.36925e-05 3.48585e-05 1.47549e-05 6.77103e-06 3.55463e-06 2.22336e-06 1.69991e-06 1.60408e-06 1.85723e-06 2.58723e-06 4.20622e-06 7.68407e-06 1.51327e-05 3.08184e-05 6.24334e-05 0.000121573 0.000220945 0.000365378 0.000537765 0.000691849 0.00077005 0.000742662 0.000629392 0.000479 0.000334607 0.000218022 0.000133515 7.67475e-05 4.09729e-05 1.98514e-05 8.33266e-06 2.72541e-06 4.94608e-07 0 
0 0.000178632 0.000504698 0.000560275 0.000327297 0.000119702 3.21278e-05 7.23182e-06 1.53602e-06 3.43615e-07 8.9533e-08 2.96105e-08 1.32723e-08 8.40196e-09 7.6257e-09 9.81972e-09 1.73569e-08 4.00161e-08 1.12964e-07 3.64395e-07 1.25362e-06 4.31581e-06 1.40796e-05 4.16811e-05 0.000108387 0.000241484 0.000451096 0.000692644 0.000863737 0.000880033 0.000752668 0.000561362 0.000377996 0.000234978 0.000135926 7.27467e-05 3.52784e-05 1.48131e-05 4.84555e-06 8.79405e-07 0 
0 0.000234394 0.000516333 0.000369725 0.000119702 2.19048e-05 2.72173e-06 2.70123e-07 2.51245e-08 2.56424e-09 3.32711e-10 6.22713e-11 1.85143e-11 9.28867e-12 8.03587e-12 1.1796e-11 2.79565e-11 9.91126e-11 4.78278e-10 2.83333e-09 1.85846e-08 1.22688e-07 7.51274e-07 4.0031e-06 1.77469e-05 6.36673e-05 0.000181749 0.000406806 0.000701901 0.000924612 0.000945019 0.00078409 0.000558103 0.000355965 0.000208146 0.000111867 5.43331e-05 2.28263e-05 7.46812e-06 1.35545e-06 0 
0 0.000268035 0.000435481 0.000189407 3.21278e-05 2.72173e-06 1.41321e-07 5.50994e-09 1.99514e-10 8.30904e-12 4.86356e-13 4.75318e-14 8.84574e-15 3.40336e-15 2.78733e-15 4.75068e-15 1.57326e-14 9.1129e-14 8.10788e-13 9.61312e-12 1.31769e-10 1.83054e-09 2.30193e-08 2.39758e-07 1.94384e-06 1.18353e-05 5.33471e-05 0.000177481 0.000433495 0.000767692 0.00098452 0.000947513 0.000732077 0.000485587 0.000288708 0.000156171 7.60293e-05 3.1967e-05 1.04615e-05 1.89891e-06 0 
0 0.000277772 0.000323368 8.36925e-05 7.23182e-06 2.70123e-07 5.50994e-09 7.89297e-11 1.04058e-12 1.66026e-14 4.14611e-16 2.02184e-17 2.28742e-18 6.70654e-19 5.20284e-19 1.02815e-18 4.83093e-18 4.72552e-17 8.08971e-16 2.015e-14 6.07829e-13 1.87309e-11 5.0937e-10 1.08889e-08 1.68669e-07 1.80586e-06 1.31461e-05 6.54403e-05 0.000225464 0.000538289 0.000884067 0.00101657 0.000873477 0.000611045 0.000371805 0.000202948 9.91249e-05 4.17241e-05 1.36596e-05 2.47969e-06 0 
0 0.000269637 0.00022441 3.48585e-05 1.53602e-06 2.51245e-08 1.99514e-10 1.04058e-12 4.95219e-15 3.00327e-17 3.20867e-19 9.6921e-21 1.50165e-21 6.98227e-22 5.94768e-22 8.61094e-22 2.47448e-21 2.39586e-20 7.27661e-19 3.81854e-17 2.5511e-15 1.75551e-13 1.03955e-11 4.59395e-10 1.36946e-08 2.5951e-07 3.06115e-06 2.27038e-05 0.000108746 0.000343654 0.000717719 0.000995428 0.000965815 0.000720642 0.000451375 0.000249224 0.000122234 5.15236e-05 1.68754e-05 3.06391e-06 0 
0 0.000252109 0.000153078 1.47549e-05 3.43615e-07 2.56424e-09 8.30904e-12 1.66026e-14 3.00327e-17 7.40719e-20 5.67011e-22 3.84835e-23 1.13227e-23 7.45109e-24 6.78115e-24 7.86484e-24 1.42808e-23 6.40554e-23 1.14315e-21 9.7147e-20 1.37014e-17 2.02141e-15 2.50621e-13 2.20815e-11 1.22694e-09 4.00479e-08 7.48121e-07 8.09295e-06 5.26065e-05 0.000213895 0.000554257 0.000917941 0.00100825 0.000806838 0.000522128 0.000292112 0.000143957 6.07792e-05 1.99173e-05 3.61679e-06 0 
0 0.00023228 0.000106933 6.77103e-06 8.9533e-08 3.32711e-10 4.86356e-13 4.14611e-16 3.20867e-19 5.67011e-22 7.43446e-24 7.87379e-25 3.54135e-25 2.86581e-25 2.70788e-25 2.76332e-25 3.64293e-25 9.16895e-25 9.09519e-24 5.61682e-22 1.30335e-19 3.76887e-17 9.00606e-15 1.46458e-12 1.41538e-10 7.49482e-09 2.10872e-07 3.19162e-06 2.7148e-05 0.000137064 0.000426037 0.000822677 0.00101276 0.000867636 0.000580341 0.000329135 0.000163017 6.89436e-05 2.26052e-05 4.10557e-06 0 
0 0.000214668 7.89955e-05 3.55463e-06 2.96105e-08 6.22713e-11 4.75318e-14 2.02184e-17 9.6921e-21 3.84835e-23 7.87381e-25 6.34664e-26 2.47142e-26 2.12014e-26 2.03444e-26 1.93139e-26 2.11716e-26 4.30038e-26 3.82714e-25 1.63266e-23 3.08824e-21 1.44347e-18 5.89134e-16 1.58037e-13 2.40046e-11 1.88799e-09 7.42765e-08 1.48009e-06 1.56766e-05 9.41671e-05 0.000337716 0.000736468 0.00099633 0.000905704 0.000624133 0.000358444 0.000178364 7.55542e-05 2.47853e-05 4.50225e-06 0 
0 0.0002016 6.31809e-05 2.22336e-06 1.32723e-08 1.85143e-11 8.84574e-15 2.28742e-18 1.50165e-21 1.13228e-23 3.54137e-25 2.47143e-26 4.06636e-27 2.3003e-27 2.07942e-27 1.89984e-27 2.10197e-27 6.32607e-27 7.39389e-26 2.3725e-24 2.68122e-22 1.36777e-19 8.17235e-17 3.14611e-14 6.62349e-12 6.93282e-10 3.47558e-08 8.45055e-07 1.0487e-05 7.13388e-05 0.000282988 0.000672354 0.000974083 0.000926056 0.000653167 0.000378887 0.000189247 8.02674e-05 2.63425e-05 4.78572e-06 0 
0 0.000193994 5.55198e-05 1.69991e-06 8.40196e-09 9.28867e-12 3.40336e-15 6.70654e-19 6.98228e-22 7.45111e-24 2.86582e-25 2.12015e-26 2.30032e-27 4.72927e-28 2.67515e-28 2.42577e-28 4.49989e-28 2.87117e-27 3.72908e-26 9.88377e-25 8.31309e-23 3.60404e-20 2.64476e-17 1.24997e-14 3.16789e-12 3.90088e-10 2.2448e-08 6.11276e-07 8.30141e-06 6.05949e-05 0.000254388 0.000634335 0.000956132 0.000933679 0.000668037 0.000389955 0.000195243 8.28796e-05 2.72071e-05 4.94323e-06 0 
0 0.000192026 5.39201e-05 1.60408e-06 7.6257e-09 8.03587e-12 2.78733e-15 5.20284e-19 5.94769e-22 6.78118e-24 2.70789e-25 2.03445e-26 2.07943e-27 2.67517e-28 6.3688e-29 6.20585e-29 2.75521e-28 2.41629e-27 3.19662e-26 8.19725e-25 6.53836e-23 2.70174e-20 2.06548e-17 1.01917e-14 2.68605e-12 3.42342e-10 2.02862e-08 5.65881e-07 7.83351e-06 5.80438e-05 0.000246707 0.000622149 0.000947287 0.000931944 0.000669637 0.000391662 0.000196253 8.33327e-05 2.73585e-05 4.9709e-06 0 
0 0.000195497 5.77346e-05 1.85723e-06 9.81972e-09 1.1796e-11 4.75068e-15 1.02815e-18 8.61095e-22 7.86486e-24 2.76333e-25 1.9314e-26 1.89985e-27 2.42578e-28 6.20584e-29 7.27221e-29 3.32192e-28 2.93955e-27 4.17658e-26 1.22205e-24 1.16514e-22 5.53866e-20 3.79117e-17 1.66871e-14 3.96764e-12 4.62177e-10 2.53771e-08 6.6493e-07 8.75727e-06 6.24244e-05 0.000257438 0.000633809 0.000947773 0.00092196 0.000658766 0.000384427 0.000192474 8.17071e-05 2.68229e-05 4.87347e-06 0 
0 0.000203961 6.74924e-05 2.58723e-06 1.73569e-08 2.79565e-11 1.57326e-14 4.83093e-18 2.47448e-21 1.42809e-23 3.64295e-25 2.11717e-26 2.10198e-27 4.49987e-28 2.75518e-28 3.3219e-28 8.59584e-28 5.99201e-27 9.50648e-26 3.79786e-24 5.4677e-22 2.87694e-19 1.5097e-16 5.13682e-14 9.68121e-12 9.20289e-10 4.25302e-08 9.67274e-07 1.13824e-05 7.43278e-05 0.000286085 0.000665953 0.00095383 0.000902668 0.000636029 0.000368991 0.000184352 7.82043e-05 2.56674e-05 4.66324e-06 0 
0 0.000216653 8.48042e-05 4.20622e-06 4.00161e-08 9.91126e-11 9.1129e-14 4.72552e-17 2.39586e-20 6.40555e-23 9.16898e-25 4.30039e-26 6.32605e-27 2.87115e-27 2.41627e-27 2.93953e-27 5.99198e-27 3.14204e-26 5.48646e-25 3.34838e-23 7.88817e-21 3.29122e-18 1.15353e-15 2.68659e-13 3.59496e-11 2.53206e-09 9.07374e-08 1.67467e-06 1.66906e-05 9.57469e-05 0.000332613 0.00071242 0.000957947 0.000871424 0.000601984 0.00034638 0.000172539 7.31214e-05 2.39919e-05 4.35844e-06 0 
0 0.000232324 0.000112293 7.68407e-06 1.12964e-07 4.78278e-10 8.10788e-13 8.08971e-16 7.27661e-19 1.14315e-21 9.09519e-24 3.82713e-25 7.39386e-26 3.72907e-26 3.19661e-26 4.17656e-26 9.50645e-26 5.48646e-25 1.2389e-23 1.19029e-21 2.70142e-19 6.88191e-17 1.45241e-14 2.10483e-12 1.83346e-10 8.86352e-09 2.30745e-07 3.27556e-06 2.64956e-05 0.000129126 0.000394213 0.000761395 0.000949105 0.000824917 0.000557409 0.00031787 0.000157833 6.682e-05 2.19175e-05 3.98125e-06 0 
0 0.000249053 0.000153287 1.51327e-05 3.64395e-07 2.83333e-09 9.61312e-12 2.015e-14 3.81854e-17 9.7147e-20 5.61682e-22 1.63266e-23 2.37249e-24 9.88374e-25 8.19722e-25 1.22205e-24 3.79785e-24 3.34838e-23 1.19029e-21 1.13279e-19 1.53044e-17 2.15307e-15 2.54915e-13 2.14864e-11 1.14433e-09 3.58814e-08 6.45987e-07 6.77122e-06 4.30498e-05 0.000173964 0.000458814 0.000791841 0.000913589 0.0007602 0.000503532 0.000284941 0.000141114 5.96938e-05 1.95756e-05 3.55564e-06 0 
0 0.000264186 0.000210875 3.08184e-05 1.25362e-06 1.85846e-08 1.31769e-10 6.07829e-13 2.5511e-15 1.37014e-17 1.30335e-19 3.08824e-21 2.68122e-22 8.31308e-23 6.53836e-23 1.16514e-22 5.4677e-22 7.88817e-21 2.70142e-19 1.53044e-17 1.10797e-15 8.25889e-14 5.26479e-12 2.47527e-10 7.724e-09 1.50506e-07 1.79927e-06 1.34562e-05 6.56352e-05 0.000217223 0.000494839 0.000771383 0.000836858 0.000675558 0.000442102 0.000249191 0.000123277 5.21364e-05 1.70968e-05 3.10542e-06 0 
0 0.000274514 0.000285969 6.24334e-05 4.31581e-06 1.22688e-07 1.83054e-09 1.87309e-11 1.75551e-13 2.02141e-15 3.76887e-17 1.44347e-18 1.36777e-19 3.60404e-20 2.70174e-20 5.53866e-20 2.87694e-19 3.29122e-18 6.88191e-17 2.15307e-15 8.25889e-14 3.2247e-12 1.08925e-10 2.78952e-09 4.92221e-08 5.67621e-07 4.26013e-06 2.16708e-05 7.93447e-05 0.000217672 0.000445751 0.000661312 0.000706871 0.000571031 0.000375286 0.000212221 0.00010517 4.45133e-05 1.46015e-05 2.65248e-06 0 
0 0.000276816 0.000374476 0.000121573 1.40796e-05 7.51274e-07 2.30193e-08 5.0937e-10 1.03955e-11 2.50621e-13 9.00606e-15 5.89134e-16 8.17235e-17 2.64476e-17 2.06548e-17 3.79117e-17 1.5097e-16 1.15353e-15 1.45241e-14 2.54915e-13 5.26479e-12 1.08925e-10 1.95082e-09 2.66306e-08 2.50325e-07 1.53285e-06 6.26719e-06 1.92278e-05 5.12415e-05 0.000126338 0.000269911 0.00044305 0.000521166 0.000449108 0.000305575 0.000175542 8.7546e-05 3.71403e-05 1.21928e-05 2.21551e-06 0 
0 0.000268679 0.000464803 0.000220945 4.16811e-05 4.0031e-06 2.39758e-07 1.08889e-08 4.59395e-10 2.20815e-11 1.46458e-12 1.58037e-13 3.14611e-14 1.24997e-14 1.01917e-14 1.66871e-14 5.13682e-14 2.68659e-13 2.10483e-12 2.14864e-11 2.47527e-10 2.78952e-09 2.66306e-08 1.84975e-07 7.99757e-07 1.94167e-06 2.87619e-06 3.7328e-06 6.71595e-06 1.94809e-05 6.75873e-05 0.000182185 0.00030359 0.00031725 0.000236019 0.000140567 7.10339e-05 3.02708e-05 9.95206e-06 1.80917e-06 0 
0 0.000249372 0.000538237 0.000365378 0.000108387 1.77469e-05 1.94384e-06 1.68669e-07 1.36946e-08 1.22694e-09 1.41538e-10 2.40046e-11 6.62349e-12 3.16789e-12 2.68605e-12 3.96764e-12 9.68121e-12 3.59496e-11 1.83346e-10 1.14433e-09 7.724e-09 4.92221e-08 2.50325e-07 7.99757e-07 1.15352e-06 5.62235e-07 1.09683e-07 2.38304e-08 2.32703e-08 1.57392e-07 2.67634e-06 2.98387e-05 0.00011972 0.00019227 0.00017091 0.000108664 5.61354e-05 2.40901e-05 7.93704e-06 1.44379e-06 0 
0 0.00022033 0.000574503 0.000537765 0.000241484 6.36673e-05 1.18353e-05 1.80586e-06 2.5951e-07 4.00479e-08 7.49482e-09 1.88799e-09 6.93282e-10 3.90088e-10 3.42342e-10 4.62177e-10 9.20289e-10 2.53206e-09 8.86352e-09 3.58814e-08 1.50506e-07 5.67621e-07 1.53285e-06 1.94167e-06 5.62235e-07 1.72013e-08 7.02409e-11 4.35809e-13 1.4248e-13 8.29055e-12 5.18795e-09 1.21446e-06 2.7958e-05 9.74407e-05 0.000115799 8.11518e-05 4.32154e-05 1.87143e-05 6.18206e-06 1.12539e-06 0 
0 0.000184911 0.000561295 0.000691849 0.000451096 0.000181749 5.33471e-05 1.31461e-05 3.06115e-06 7.48121e-07 2.10872e-07 7.42765e-08 3.47558e-08 2.2448e-08 2.02862e-08 2.53771e-08 4.25302e-08 9.07374e-08 2.30745e-07 6.45987e-07 1.79927e-06 4.26013e-06 6.26719e-06 2.87619e-06 1.09683e-07 7.02409e-11 9.51576e-16 1.81953e-15 2.80958e-15 1.74645e-16 6.18286e-13 1.4951e-08 4.39175e-06 4.39673e-05 7.52233e-05 5.90082e-05 3.24701e-05 1.41912e-05 4.69984e-06 8.56158e-07 0 
0 0.000147426 0.000501523 0.00077005 0.000692644 0.000406806 0.000177481 6.54403e-05 2.27038e-05 8.09295e-06 3.19162e-06 1.48009e-06 8.45055e-07 6.11276e-07 5.65881e-07 6.6493e-07 9.67274e-07 1.67467e-06 3.27556e-06 6.77122e-06 1.34562e-05 2.16708e-05 1.92278e-05 3.7328e-06 2.38304e-08 4.35809e-13 1.81953e-15 1.71975e-16 1.86517e-16 2.65016e-17 1.43192e-16 2.84705e-10 8.53907e-07 2.14755e-05 4.95635e-05 4.23951e-05 2.38852e-05 1.05047e-05 3.48468e-06 6.3507e-07 0 
0 0.000111882 0.000411905 0.000742662 0.000863737 0.000701901 0.000433495 0.000225464 0.000108746 5.26065e-05 2.7148e-05 1.56766e-05 1.0487e-05 8.30141e-06 7.83351e-06 8.75727e-06 1.13824e-05 1.66906e-05 2.64956e-05 4.30498e-05 6.56352e-05 7.93447e-05 5.12415e-05 6.71595e-06 2.32703e-08 1.4248e-13 2.80958e-15 1.86517e-16 3.7942e-17 3.31921e-17 1.22811e-15 8.54156e-11 4.58398e-07 1.43151e-05 3.51541e-05 3.05118e-05 1.7241e-05 7.58648e-06 2.51681e-06 4.5868e-07 0 
0 8.10504e-05 0.000313828 0.000629392 0.000880033 0.000924612 0.000767692 0.000538289 0.000343654 0.000213895 0.000137064 9.41671e-05 7.13388e-05 6.05949e-05 5.80438e-05 6.24244e-05 7.43278e-05 9.57469e-05 0.000129126 0.000173964 0.000217223 0.000217672 0.000126338 1.94809e-05 1.57392e-07 8.29055e-12 1.74645e-16 2.65016e-17 3.31921e-17 7.33809e-17 3.01935e-15 8.25174e-10 8.59516e-07 1.38621e-05 2.71997e-05 2.20289e-05 1.21977e-05 5.33632e-06 1.76744e-06 3.21965e-07 0 
0 5.61879e-05 0.000224089 0.000479 0.000752668 0.000945019 0.00098452 0.000884067 0.000717719 0.000554257 0.000426037 0.000337716 0.000282988 0.000254388 0.000246707 0.000257438 0.000286085 0.000332613 0.000394213 0.000458814 0.000494839 0.000445751 0.000269911 6.75873e-05 2.67634e-06 5.18795e-09 6.18286e-13 1.43192e-16 1.22811e-15 3.01935e-15 2.34682e-11 4.40775e-08 3.08402e-06 1.63492e-05 2.18709e-05 1.57304e-05 8.41248e-06 3.6441e-06 1.20362e-06 2.19087e-07 0 
0 3.73152e-05 0.000151215 0.000334607 0.000561362 0.00078409 0.000947513 0.00101657 0.000995428 0.000917941 0.000822677 0.000736468 0.000672354 0.000634335 0.000622149 0.000633809 0.000665953 0.00071242 0.000761395 0.000791841 0.000771383 0.000661312 0.00044305 0.000182185 2.98387e-05 1.21446e-06 1.4951e-08 2.84705e-10 8.54156e-11 8.25173e-10 4.40775e-08 1.36018e-06 9.39114e-06 1.82884e-05 1.7017e-05 1.08771e-05 5.61132e-06 2.40507e-06 7.91953e-07 1.44029e-07 0 
0 2.37104e-05 9.68528e-05 0.000218022 0.000377996 0.000558103 0.000732077 0.000873477 0.000965815 0.00100825 0.00101276 0.00099633 0.000974083 0.000956132 0.000947287 0.000947773 0.00095383 0.000957947 0.000949105 0.000913589 0.000836858 0.000706871 0.000521166 0.00030359 0.00011972 2.7958e-05 4.39175e-06 8.53907e-07 4.58398e-07 8.59516e-07 3.08402e-06 9.39114e-06 1.63491e-05 1.68265e-05 1.22112e-05 7.15804e-06 3.59045e-06 1.52556e-06 5.01027e-07 9.10489e-08 0 
0 1.43533e-05 5.88484e-05 0.000133515 0.000234978 0.000355965 0.000485587 0.000611045 0.000720642 0.000806838 0.000867636 0.000905704 0.000926056 0.000933679 0.000931944 0.00092196 0.000902668 0.000871424 0.000824917 0.0007602 0.000675558 0.000571031 0.000449108 0.00031725 0.00019227 9.74407e-05 4.39673e-05 2.14755e-05 1.43151e-05 1.38621e-05 1.63492e-05 1.82884e-05 1.68265e-05 1.2576e-05 7.96845e-06 4.43768e-06 2.18649e-06 9.23558e-07 3.02748e-07 5.49847e-08 0 
0 8.20981e-06 3.37146e-05 7.67475e-05 0.000135926 0.000208146 0.000288708 0.000371805 0.000451375 0.000522128 0.000580341 0.000624133 0.000653167 0.000668037 0.000669637 0.000658766 0.000636029 0.000601984 0.000557409 0.000503532 0.000442102 0.000375286 0.000305575 0.000236019 0.00017091 0.000115799 7.52233e-05 4.95635e-05 3.51541e-05 2.71997e-05 2.18709e-05 1.7017e-05 1.22112e-05 7.96845e-06 4.74142e-06 2.57319e-06 1.25556e-06 5.28515e-07 1.73049e-07 3.14172e-08 0 
0 4.37414e-06 1.7975e-05 4.09729e-05 7.27467e-05 0.000111867 0.000156171 0.000202948 0.000249224 0.000292112 0.000329135 0.000358444 0.000378887 0.000389955 0.000391662 0.000384427 0.000368991 0.00034638 0.00031787 0.000284941 0.000249191 0.000212221 0.000175542 0.000140567 0.000108664 8.11518e-05 5.90082e-05 4.23951e-05 3.05118e-05 2.20289e-05 1.57304e-05 1.08771e-05 7.15804e-06 4.43768e-06 2.57319e-06 1.38047e-06 6.70432e-07 2.81711e-07 9.21806e-08 1.67317e-08 0 
0 2.11763e-06 8.7044e-06 1.98514e-05 3.52784e-05 5.43331e-05 7.60293e-05 9.91249e-05 0.000122234 0.000143957 0.000163017 0.000178364 0.000189247 0.000195243 0.000196253 0.000192474 0.000184352 0.000172539 0.000157833 0.000141114 0.000123277 0.00010517 8.7546e-05 7.10339e-05 5.61354e-05 4.32154e-05 3.24701e-05 2.38852e-05 1.7241e-05 1.21977e-05 8.41248e-06 5.61132e-06 3.59045e-06 2.18649e-06 1.25556e-06 6.70432e-07 3.24931e-07 1.3642e-07 4.46247e-08 8.09891e-09 0 
0 8.88624e-07 3.65301e-06 8.33266e-06 1.48131e-05 2.28263e-05 3.1967e-05 4.17241e-05 5.15236e-05 6.07792e-05 6.89436e-05 7.55542e-05 8.02674e-05 8.28796e-05 8.33327e-05 8.17071e-05 7.82043e-05 7.31214e-05 6.682e-05 5.96938e-05 5.21364e-05 4.45133e-05 3.71403e-05 3.02708e-05 2.40901e-05 1.87143e-05 1.41912e-05 1.05047e-05 7.58648e-06 5.33632e-06 3.6441e-06 2.40507e-06 1.52556e-06 9.23558e-07 5.28515e-07 2.81711e-07 1.3642e-07 5.72545e-08 1.87259e-08 3.39837e-09 0 
0 2.90617e-07 1.19473e-06 2.72541e-06 4.84555e-06 7.46812e-06 1.04615e-05 1.36596e-05 1.68754e-05 1.99173e-05 2.26052e-05 2.47853e-05 2.63425e-05 2.72071e-05 2.73585e-05 2.68229e-05 2.56674e-05 2.39919e-05 2.19175e-05 1.95756e-05 1.70968e-05 1.46015e-05 1.21928e-05 9.95206e-06 7.93704e-06 6.18206e-06 4.69984e-06 3.48468e-06 2.51681e-06 1.76744e-06 1.20362e-06 7.91953e-07 5.01027e-07 3.02748e-07 1.73049e-07 9.21806e-08 4.46247e-08 1.87259e-08 6.12421e-09 1.11139e-09 0 
0 5.27394e-08 2.16815e-07 4.94608e-07 8.79405e-07 1.35545e-06 1.89891e-06 2.47969e-06 3.06391e-06 3.61679e-06 4.10557e-06 4.50225e-06 4.78572e-06 4.94323e-06 4.9709e-06 4.87347e-06 4.66324e-06 4.35844e-06 3.98125e-06 3.55564e-06 3.10542e-06 2.65248e-06 2.21551e-06 1.80917e-06 1.44379e-06 1.12539e-06 8.56158e-07 6.3507e-07 4.5868e-07 3.21965e-07 2.19087e-07 1.44029e-07 9.10489e-08 5.49847e-08 3.14172e-08 1.67317e-08 8.09891e-09 3.39837e-09 1.11139e-09 2.01686e-10 0 
0 0 0 0 0 0 0 0 0 0 0 0 0 0 0 0 0 0 0 0 0 0 0 0 0 0 0 0 0 0 0 0 0 0 0 0 0 0 0 0 0 
