0 0 0 0 0 0 0 0 0 0 0 0 0 0 0 0 0 0 0 0 0 0 0 0 0 0 0 0 0 0 0 0 0 0 0 0 0 0 0 0 0 
0 1.32228e-05 5.16743e-05 0.00010755 0.000165531 0.000209235 0.000230041 0.000229642 0.000215599 0.000195924 0.000176363 0.000160106 0.000148519 0.000141962 0.000140359 0.000143486 0.000151042 0.000162571 0.000177282 0.00019384 0.000210223 0.000223762 0.000231479 0.000230734 0.000220021 0.000199621 0.000171734 0.000139931 0.000108091 7.93474e-05 5.55078e-05 3.70729e-05 2.36333e-05 1.43313e-05 8.20421e-06 4.37288e-06 2.11738e-06 8.88583e-07 2.90612e-07 5.27391e-08 0 
0 5.16743e-05 0.000187951 0.000340818 0.000420897 0.000395535 0.000307054 0.000211713 0.000137801 8.89963e-05 5.94051e-05 4.23459e-05 3.30304e-05 2.86286e-05 2.77395e-05 2.99601e-05 3.56801e-05 4.60583e-05 6.30789e-05 8.95135e-05 0.000128503 0.000182408 0.00025075 0.000327717 0.00040077 0.000452611 0.000467602 0.000439944 0.000377488 0.000297424 0.000217363 0.000148814 9.60989e-05 5.86386e-05 3.36628e-05 1.79636e-05 8.70225e-06 3.65267e-06 1.19469e-06 2.16812e-07 0 
0 0.00010755 0.000340818 0.000475717 0.000396184 0.000228266 0.00010337 4.08343e-05 1.53317e-05 5.90189e-06 2.49283e-06 1.22381e-06 7.29703e-07 5.43284e-07 5.10298e-07 6.00666e-07 8.66993e-07 1.48373e-06 2.88759e-06 6.10601e-06 1.34052e-05 2.92999e-05 6.15015e-05 0.000120406 0.000214848 0.000342824 0.000481064 0.000585577 0.000614336 0.000558402 0.000447226 0.000322798 0.000214281 0.000132485 7.64982e-05 4.09199e-05 1.98416e-05 8.33115e-06 2.72524e-06 4.94597e-07 0 
0 0.000165531 0.000420897 0.000396184 0.000192257 5.88788e-05 1.33154e-05 2.52736e-06 4.53998e-07 8.67699e-08 1.96783e-08 5.81516e-09 2.40506e-09 1.4559e-09 1.31094e-09 1.73519e-09 3.25478e-09 8.17843e-09 2.56786e-08 9.33667e-08 3.64364e-07 1.4228e-06 5.23667e-06 1.73397e-05 4.99969e-05 0.000122959 0.000254353 0.000436724 0.00061365 0.00070057 0.000657139 0.000522197 0.000365035 0.000231375 0.000135062 7.25663e-05 3.52458e-05 1.48082e-05 4.84499e-06 8.7937e-07 0 
0 0.000209235 0.000395535 0.000228266 5.88788e-05 8.55783e-06 8.34772e-07 6.44193e-08 4.66392e-09 3.75984e-10 3.96262e-11 6.26644e-12 1.6517e-12 7.74915e-13 6.62394e-13 1.01308e-12 2.62402e-12 1.05817e-11 5.98857e-11 4.24643e-10 3.36832e-09 2.69086e-08 1.97856e-07 1.24771e-06 6.42582e-06 2.6289e-05 8.45536e-05 0.000213379 0.000420498 0.000639806 0.000748562 0.000689041 0.000523756 0.000346066 0.000205759 0.000111374 5.42457e-05 2.28134e-05 7.46669e-06 1.35536e-06 0 
0 0.000230041 0.000307054 0.00010337 1.33154e-05 8.34772e-07 3.11838e-08 8.60232e-10 2.20643e-11 6.64308e-13 2.92133e-14 2.26366e-15 3.56697e-16 1.25057e-16 1.00723e-16 1.81718e-16 6.80528e-16 4.70912e-15 5.21885e-14 7.92674e-13 1.41221e-11 2.55453e-10 4.14355e-09 5.46299e-08 5.46355e-07 3.98384e-06 2.09131e-05 7.96125e-05 0.00022277 0.000459826 0.000694519 0.000771974 0.000659598 0.000463305 0.000283213 0.000155035 7.58302e-05 3.19381e-05 1.04584e-05 1.89872e-06 0 
0 0.000229642 0.000211713 4.08343e-05 2.52736e-06 6.44193e-08 8.60232e-10 7.88922e-12 6.66924e-14 7.00301e-16 1.20927e-17 4.58116e-19 6.16063e-20 2.92788e-20 2.56708e-20 3.5387e-20 1.11826e-19 1.14983e-18 2.58232e-17 8.86062e-16 3.75003e-14 1.62549e-12 6.14807e-11 1.78664e-09 3.64407e-08 4.94605e-07 4.38607e-06 2.56926e-05 0.000102319 0.000284488 0.000555691 0.000759996 0.000748079 0.000568831 0.000360984 0.000200689 9.87307e-05 4.16676e-05 1.36535e-05 2.47933e-06 0 
0 0.000215599 0.000137801 1.53317e-05 4.53998e-07 4.66392e-09 2.20643e-11 6.66924e-14 1.84207e-16 6.75003e-19 8.09049e-21 1.21287e-21 5.01106e-22 3.82844e-22 3.63165e-22 3.81139e-22 5.83817e-22 1.63757e-21 1.49506e-20 9.0155e-19 9.0892e-17 9.5041e-15 8.43568e-13 5.43832e-11 2.27776e-09 5.79753e-08 8.74735e-07 7.91524e-06 4.46449e-05 0.000164555 0.000408256 0.000683638 0.00078241 0.000651808 0.000432797 0.000245274 0.000121544 5.14253e-05 1.68649e-05 3.06331e-06 0 
0 0.000195924 8.89963e-05 5.90189e-06 8.67699e-08 3.75984e-10 6.64308e-13 7.00301e-16 6.75003e-19 1.86634e-21 8.81688e-23 3.94356e-23 2.94279e-23 2.70958e-23 2.63555e-23 2.53229e-23 2.76725e-23 3.44988e-23 9.50215e-23 1.84558e-21 2.93244e-19 7.03266e-17 1.40228e-14 1.92525e-12 1.59666e-10 7.38923e-09 1.85026e-07 2.53541e-06 1.98838e-05 9.49997e-05 0.00029147 0.000585202 0.00077362 0.000708047 0.000493852 0.000285957 0.000142876 6.06256e-05 1.9901e-05 3.61586e-06 0 
0 0.000176363 5.94051e-05 2.49283e-06 1.96783e-08 3.96262e-11 2.92133e-14 1.20927e-17 8.09049e-21 8.81688e-23 7.9344e-24 3.96927e-24 3.7261e-24 3.77811e-24 3.71957e-24 3.41714e-24 3.09076e-24 2.68941e-24 4.14187e-24 3.15936e-23 2.22872e-21 8.91115e-19 3.63895e-16 9.77094e-14 1.48567e-11 1.16926e-09 4.59482e-08 9.1155e-07 9.58828e-06 5.7531e-05 0.000211456 0.00049433 0.000740962 0.000740029 0.000541598 0.000320481 0.000161485 6.8726e-05 2.25822e-05 4.10426e-06 0 
0 0.000160106 4.23459e-05 1.22381e-06 5.81516e-09 6.26644e-12 2.26366e-15 4.58116e-19 1.21287e-21 3.94357e-23 3.96927e-24 1.03376e-24 7.21471e-25 7.10408e-25 6.94485e-25 6.19787e-25 5.09055e-25 3.97856e-25 5.95917e-25 3.86043e-24 1.16898e-22 2.62921e-20 1.83259e-17 8.50673e-15 2.12088e-12 2.57452e-10 1.46202e-08 3.92633e-07 5.25319e-06 3.79452e-05 0.000161055 0.000423961 0.000702162 0.000754233 0.000575664 0.000347352 0.000176382 7.52725e-05 2.47556e-05 4.50056e-06 0 
0 0.000148519 3.30304e-05 7.29703e-07 2.40506e-09 1.6517e-12 3.56697e-16 6.16063e-20 5.01106e-22 2.94279e-23 3.7261e-24 7.21472e-25 2.4965e-25 1.70862e-25 1.51476e-25 1.30188e-25 1.03591e-25 9.36974e-26 2.24494e-25 1.55889e-24 2.77445e-23 2.66321e-21 2.11644e-18 1.45669e-15 5.18702e-13 8.60494e-11 6.37288e-09 2.12983e-07 3.39094e-06 2.8001e-05 0.000131669 0.000376597 0.0006691 0.000757893 0.000597131 0.000365809 0.000186892 7.99321e-05 2.63072e-05 4.78372e-06 0 
0 0.000141962 2.86286e-05 5.43284e-07 1.4559e-09 7.74915e-13 1.25057e-16 2.92788e-20 3.82844e-22 2.70958e-23 3.77811e-24 7.10409e-25 1.70862e-25 6.37761e-26 3.98543e-26 3.09319e-26 2.65466e-26 3.94202e-26 1.51908e-25 1.05292e-24 1.49324e-23 9.35344e-22 6.22662e-19 5.3428e-16 2.32808e-13 4.60959e-11 3.96826e-09 1.50127e-07 2.63808e-06 2.35001e-05 0.000117058 0.000350633 0.000647969 0.000756741 0.00060759 0.000375669 0.000192657 8.25107e-05 2.71683e-05 4.94103e-06 0 
0 0.000140359 2.77395e-05 5.10298e-07 1.31094e-09 6.62394e-13 1.00723e-16 2.56708e-20 3.63166e-22 2.63555e-23 3.71957e-24 6.94486e-25 1.51477e-25 3.98543e-26 1.51906e-26 9.423e-27 1.05821e-26 2.84537e-26 1.36315e-25 9.54885e-25 1.31016e-23 7.63759e-22 4.81882e-19 4.32452e-16 1.96446e-13 4.03431e-11 3.5827e-09 1.39057e-07 2.49368e-06 2.25605e-05 0.000113699 0.000343836 0.000640943 0.000754048 0.000608394 0.000377124 0.000193615 8.29558e-05 2.73188e-05 4.96865e-06 0 
0 0.000143486 2.99601e-05 6.00666e-07 1.73519e-09 1.01308e-12 1.81718e-16 3.5387e-20 3.81139e-22 2.53229e-23 3.41714e-24 6.19788e-25 1.30189e-25 3.0932e-26 9.42301e-27 5.24564e-27 8.02455e-27 2.80579e-26 1.45239e-25 1.09356e-24 1.70859e-23 1.27777e-21 9.5024e-19 7.53923e-16 3.05647e-13 5.68188e-11 4.63611e-09 1.67802e-07 2.84592e-06 2.46618e-05 0.000120288 0.000354584 0.000647537 0.000750495 0.000600272 0.000370592 0.000189965 8.13484e-05 2.6785e-05 4.87132e-06 0 
0 0.000151042 3.56801e-05 8.66993e-07 3.25478e-09 2.62402e-12 6.80528e-16 1.11826e-19 5.83817e-22 2.76726e-23 3.09077e-24 5.09055e-25 1.03591e-25 2.65466e-26 1.05821e-26 8.02454e-27 1.20247e-26 3.64217e-26 1.89964e-25 1.69985e-24 3.89731e-23 5.40612e-21 4.39364e-18 2.63318e-15 8.27306e-13 1.23013e-10 8.30095e-09 2.56895e-07 3.84553e-06 3.02661e-05 0.000137206 0.000381766 0.00066506 0.000744425 0.000583301 0.000356648 0.00018212 7.78852e-05 2.56337e-05 4.66132e-06 0 
0 0.000162571 4.60583e-05 1.48373e-06 8.17843e-09 1.05817e-11 4.70912e-15 1.14983e-18 1.63757e-21 3.44988e-23 2.68942e-24 3.97857e-25 9.36974e-26 3.94202e-26 2.84537e-26 2.80578e-26 3.64217e-26 7.93472e-26 3.7611e-25 4.39803e-24 2.07529e-22 6.84396e-20 4.16501e-17 1.64918e-14 3.56283e-12 3.8149e-10 1.94695e-08 4.78629e-07 5.96448e-06 4.07592e-05 0.000165889 0.000423652 0.000688222 0.000732262 0.000557154 0.00033604 0.000170678 7.2855e-05 2.39636e-05 4.35683e-06 0 
0 0.000177282 6.30789e-05 2.88759e-06 2.56786e-08 5.98857e-11 5.21885e-14 2.58232e-17 1.49506e-20 9.50216e-23 4.14187e-24 5.95917e-25 2.24494e-25 1.51908e-25 1.36315e-25 1.45239e-25 1.89964e-25 3.76109e-25 1.87156e-24 3.85437e-23 4.81527e-21 1.92183e-18 6.84153e-16 1.61454e-13 2.18402e-11 1.55053e-09 5.57736e-08 1.0278e-06 1.01851e-05 5.83437e-05 0.000207407 0.000475428 0.000708202 0.000709116 0.000521499 0.000309717 0.000156371 6.66104e-05 2.18952e-05 3.97996e-06 0 
0 0.00019384 8.95135e-05 6.10601e-06 9.33667e-08 4.24643e-10 7.92674e-13 8.86062e-16 9.0155e-19 1.84558e-21 3.15936e-23 3.86043e-24 1.55889e-24 1.05292e-24 9.54884e-25 1.09356e-24 1.69985e-24 4.39803e-24 3.85437e-23 1.94601e-21 3.73543e-19 8.54644e-17 1.62171e-14 2.12287e-12 1.68209e-10 7.45616e-09 1.79438e-07 2.37474e-06 1.81049e-05 8.4831e-05 0.00025857 0.000524847 0.000711743 0.000669651 0.000476404 0.000278859 0.000140025 5.9537e-05 1.95588e-05 3.55467e-06 0 
0 0.000210223 0.000128503 1.34052e-05 3.64364e-07 3.36832e-09 1.41221e-11 3.75003e-14 9.0892e-17 2.93244e-19 2.22872e-21 1.16898e-22 2.77445e-23 1.49323e-23 1.31016e-23 1.70859e-23 3.89731e-23 2.07529e-22 4.81527e-21 3.73543e-19 4.14521e-17 4.7605e-15 4.61242e-13 3.20691e-11 1.42428e-09 3.77217e-08 5.82737e-07 5.35248e-06 3.06785e-05 0.000116195 0.000302718 0.000546341 0.000681321 0.000609191 0.000422627 0.000244844 0.000122496 5.20232e-05 1.70846e-05 3.1047e-06 0 
0 0.000223762 0.000182408 2.92999e-05 1.4228e-06 2.69086e-08 2.55453e-10 1.62549e-12 9.5041e-15 7.03266e-17 8.91115e-19 2.62921e-20 2.66321e-21 9.35344e-22 7.63758e-22 1.27777e-21 5.40611e-21 6.84396e-20 1.92183e-18 8.54644e-17 4.7605e-15 2.71044e-13 1.32074e-11 4.76506e-10 1.14475e-08 1.72392e-07 1.6149e-06 9.81612e-06 4.14522e-05 0.000128527 0.000296826 0.000499068 0.000598237 0.000524993 0.000361714 0.000209165 0.000104616 4.44323e-05 1.45927e-05 2.65196e-06 0 
0 0.000231479 0.00025075 6.15015e-05 5.23667e-06 1.97856e-07 4.14355e-09 6.14807e-11 8.43568e-13 1.40228e-14 3.63895e-16 1.83259e-17 2.11644e-18 6.22662e-19 4.81882e-19 9.5024e-19 4.39364e-18 4.16501e-17 6.84153e-16 1.62171e-14 4.61242e-13 1.32074e-11 3.24578e-10 5.95191e-09 7.2732e-08 5.55605e-07 2.71479e-06 9.6095e-06 2.89284e-05 7.98831e-05 0.000190778 0.000349279 0.000452424 0.000417932 0.000295998 0.000173338 8.71414e-05 3.70807e-05 1.21863e-05 2.21512e-06 0 
0 0.000230734 0.000327717 0.000120406 1.73397e-05 1.24771e-06 5.46299e-08 1.78664e-09 5.43832e-11 1.92525e-12 9.77094e-14 8.50673e-15 1.45669e-15 5.3428e-16 4.32452e-16 7.53923e-16 2.63318e-15 1.64918e-14 1.61454e-13 2.12287e-12 3.20691e-11 4.76506e-10 5.95191e-09 5.28733e-08 2.8091e-07 7.93788e-07 1.29808e-06 1.81358e-06 3.56897e-06 1.17201e-05 4.67569e-05 0.000143198 0.000264046 0.000295715 0.000228824 0.000138858 7.07178e-05 3.02243e-05 9.947e-06 1.80887e-06 0 
0 0.000220021 0.00040077 0.000214848 4.99969e-05 6.42582e-06 5.46355e-07 3.64407e-08 2.27776e-09 1.59666e-10 1.48567e-11 2.12088e-12 5.18702e-13 2.32808e-13 1.96446e-13 3.05647e-13 8.27306e-13 3.56283e-12 2.18402e-11 1.68209e-10 1.42428e-09 1.14475e-08 7.2732e-08 2.8091e-07 4.57866e-07 2.28017e-07 4.13795e-08 8.27881e-09 8.34759e-09 6.86095e-08 1.52409e-06 2.1439e-05 0.000100596 0.000177079 0.000165068 0.000107224 5.58696e-05 2.40515e-05 7.9329e-06 1.44355e-06 0 
0 0.000199621 0.000452611 0.000342824 0.000122959 2.6289e-05 3.98384e-06 4.94605e-07 5.79753e-08 7.38923e-09 1.16926e-09 2.57452e-10 8.60494e-11 4.60959e-11 4.03431e-11 5.68188e-11 1.23013e-10 3.8149e-10 1.55053e-09 7.45616e-09 3.77217e-08 1.72392e-07 5.55605e-07 7.93788e-07 2.28017e-07 5.64846e-09 1.54998e-11 6.0642e-14 1.71742e-14 1.68677e-12 1.85887e-09 7.01804e-07 2.16379e-05 8.73365e-05 0.000110922 7.98906e-05 4.29841e-05 1.86814e-05 6.1786e-06 1.12519e-06 0 
0 0.000171734 0.000467602 0.000481064 0.000254353 8.45536e-05 2.09131e-05 4.38607e-06 8.74735e-07 1.85026e-07 4.59482e-08 1.46202e-08 6.37288e-09 3.96826e-09 3.5827e-09 4.63611e-09 8.30095e-09 1.94695e-08 5.57736e-08 1.79438e-07 5.82737e-07 1.6149e-06 2.71479e-06 1.29808e-06 4.13795e-08 1.54998e-11 2.65935e-16 2.54401e-15 1.45466e-15 4.79105e-15 1.09479e-13 6.21347e-09 3.01325e-06 3.79711e-05 7.13084e-05 5.79323e-05 3.22742e-05 1.41639e-05 4.69703e-06 8.56001e-07 0 
0 0.000139931 0.000439944 0.000585577 0.000436724 0.000213379 7.96125e-05 2.56926e-05 7.91524e-06 2.53541e-06 9.1155e-07 3.92633e-07 2.12983e-07 1.50127e-07 1.39057e-07 1.67802e-07 2.56895e-07 4.78629e-07 1.0278e-06 2.37474e-06 5.35248e-06 9.81612e-06 9.6095e-06 1.81358e-06 8.27881e-09 6.0642e-14 2.54401e-15 5.38399e-16 3.27496e-16 6.05528e-16 6.47538e-15 8.70145e-11 5.26348e-07 1.79831e-05 4.66185e-05 4.1547e-05 2.37319e-05 1.04837e-05 3.48255e-06 6.34953e-07 0 
0 0.000108091 0.000377488 0.000614336 0.00061365 0.000420498 0.00022277 0.000102319 4.46449e-05 1.98838e-05 9.58828e-06 5.25319e-06 3.39094e-06 2.63808e-06 2.49368e-06 2.84592e-06 3.84553e-06 5.96448e-06 1.01851e-05 1.81049e-05 3.06785e-05 4.14522e-05 2.89284e-05 3.56897e-06 8.34759e-09 1.71742e-14 1.45466e-15 3.27496e-16 5.7433e-16 2.91665e-15 6.45036e-14 2.41385e-11 2.7618e-07 1.19331e-05 3.30626e-05 2.99128e-05 1.71341e-05 7.57199e-06 2.51535e-06 4.58601e-07 0 
0 7.93474e-05 0.000297424 0.000558402 0.00070057 0.000639806 0.000459826 0.000284488 0.000164555 9.49997e-05 5.7531e-05 3.79452e-05 2.8001e-05 2.35001e-05 2.25605e-05 2.46618e-05 3.02661e-05 4.07592e-05 5.83437e-05 8.4831e-05 0.000116195 0.000128527 7.98831e-05 1.17201e-05 6.86095e-08 1.68677e-12 4.79105e-15 6.05528e-16 2.91665e-15 4.20017e-16 4.54338e-16 2.94018e-10 5.62977e-07 1.18826e-05 2.58137e-05 2.1658e-05 1.21326e-05 5.32752e-06 1.76656e-06 3.21917e-07 0 
0 5.55078e-05 0.000217363 0.000447226 0.000657139 0.000748562 0.000694519 0.000555691 0.000408256 0.00029147 0.000211456 0.000161055 0.000131669 0.000117058 0.000113699 0.000120288 0.000137206 0.000165889 0.000207407 0.00025857 0.000302718 0.000296826 0.000190778 4.67569e-05 1.52409e-06 1.85887e-09 1.09479e-13 6.47538e-15 6.45037e-14 4.54339e-16 6.3107e-12 2.26012e-08 2.31911e-06 1.46759e-05 2.10586e-05 1.55333e-05 8.3784e-06 3.63946e-06 1.20315e-06 2.19061e-07 0 
0 3.70729e-05 0.000148814 0.000322798 0.000522197 0.000689041 0.000771974 0.000759996 0.000683638 0.000585202 0.00049433 0.000423961 0.000376597 0.000350633 0.000343836 0.000354584 0.000381766 0.000423652 0.000475428 0.000524847 0.000546341 0.000499068 0.000349279 0.000143198 2.1439e-05 7.01804e-07 6.21347e-09 8.70145e-11 2.41385e-11 2.94018e-10 2.26012e-08 9.55077e-07 8.00744e-06 1.71577e-05 1.66217e-05 1.07886e-05 5.59604e-06 2.40295e-06 7.91731e-07 1.44016e-07 0 
0 2.36333e-05 9.60989e-05 0.000214281 0.000365035 0.000523756 0.000659598 0.000748079 0.00078241 0.00077362 0.000740962 0.000702162 0.0006691 0.000647969 0.000640943 0.000647537 0.00066506 0.000688222 0.000708202 0.000711743 0.000681321 0.000598237 0.000452424 0.000264046 0.000100596 2.16379e-05 3.01325e-06 5.26348e-07 2.7618e-07 5.62977e-07 2.31911e-06 8.00744e-06 1.51442e-05 1.62856e-05 1.20562e-05 7.12462e-06 3.58458e-06 1.52472e-06 5.00937e-07 9.10436e-08 0 
0 1.43313e-05 5.86386e-05 0.000132485 0.000231375 0.000346066 0.000463305 0.000568831 0.000651808 0.000708047 0.000740029 0.000754233 0.000757893 0.000756741 0.000754048 0.000750495 0.000744425 0.000732262 0.000709116 0.000669651 0.000609191 0.000524993 0.000417932 0.000295715 0.000177079 8.73365e-05 3.79711e-05 1.79831e-05 1.19331e-05 1.18826e-05 1.46759e-05 1.71577e-05 1.62856e-05 1.23901e-05 7.91918e-06 4.427e-06 2.18455e-06 9.23269e-07 3.02715e-07 5.49828e-08 0 
0 8.20421e-06 3.36628e-05 7.64982e-05 0.000135062 0.000205759 0.000283213 0.000360984 0.000432797 0.000493852 0.000541598 0.000575664 0.000597131 0.00060759 0.000608394 0.000600272 0.000583301 0.000557154 0.000521499 0.000476404 0.000422627 0.000361714 0.000295998 0.000228824 0.000165068 0.000110922 7.13084e-05 4.66185e-05 3.30626e-05 2.58137e-05 2.10586e-05 1.66217e-05 1.20562e-05 7.91918e-06 4.7284e-06 2.57028e-06 1.255e-06 5.28429e-07 1.73039e-07 3.14165e-08 0 
0 4.37288e-06 1.79636e-05 4.09199e-05 7.25663e-05 0.000111374 0.000155035 0.000200689 0.000245274 0.000285957 0.000320481 0.000347352 0.000365809 0.000375669 0.000377124 0.000370592 0.000356648 0.00033604 0.000309717 0.000278859 0.000244844 0.000209165 0.000173338 0.000138858 0.000107224 7.98906e-05 5.79323e-05 4.1547e-05 2.99128e-05 2.1658e-05 1.55333e-05 1.07886e-05 7.12462e-06 4.427e-06 2.57028e-06 1.37979e-06 6.70297e-07 2.81689e-07 9.21779e-08 1.67316e-08 0 
0 2.11738e-06 8.70225e-06 1.98416e-05 3.52458e-05 5.42457e-05 7.58302e-05 9.87307e-05 0.000121544 0.000142876 0.000161485 0.000176382 0.000186892 0.000192657 0.000193615 0.000189965 0.00018212 0.000170678 0.000156371 0.000140025 0.000122496 0.000104616 8.71414e-05 7.07178e-05 5.58696e-05 4.29841e-05 3.22742e-05 2.37319e-05 1.71341e-05 1.21326e-05 8.3784e-06 5.59604e-06 3.58458e-06 2.18455e-06 1.255e-06 6.70297e-07 3.24902e-07 1.36415e-07 4.46241e-08 8.09887e-09 0 
0 8.88583e-07 3.65267e-06 8.33115e-06 1.48082e-05 2.28134e-05 3.19381e-05 4.16676e-05 5.14253e-05 6.06256e-05 6.8726e-05 7.52725e-05 7.99321e-05 8.25107e-05 8.29558e-05 8.13484e-05 7.78852e-05 7.2855e-05 6.66104e-05 5.9537e-05 5.20232e-05 4.44323e-05 3.70807e-05 3.02243e-05 2.40515e-05 1.86814e-05 1.41639e-05 1.04837e-05 7.57199e-06 5.32752e-06 3.63946e-06 2.40295e-06 1.52472e-06 9.23269e-07 5.28429e-07 2.81689e-07 1.36415e-07 5.72537e-08 1.87258e-08 3.39836e-09 0 
0 2.90612e-07 1.19469e-06 2.72524e-06 4.84499e-06 7.46669e-06 1.04584e-05 1.36535e-05 1.68649e-05 1.9901e-05 2.25822e-05 2.47556e-05 2.63072e-05 2.71683e-05 2.73188e-05 2.6785e-05 2.56337e-05 2.39636e-05 2.18952e-05 1.95588e-05 1.70846e-05 1.45927e-05 1.21863e-05 9.947e-06 7.9329e-06 6.1786e-06 4.69703e-06 3.48255e-06 2.51535e-06 1.76656e-06 1.20315e-06 7.91731e-07 5.00937e-07 3.02715e-07 1.73039e-07 9.21779e-08 4.46241e-08 1.87258e-08 6.12419e-09 1.11139e-09 0 
0 5.27391e-08 2.16812e-07 4.94597e-07 8.7937e-07 1.35536e-06 1.89872e-06 2.47933e-06 3.06331e-06 3.61586e-06 4.10426e-06 4.50056e-06 4.78372e-06 4.94103e-06 4.96865e-06 4.87132e-06 4.66132e-06 4.35683e-06 3.97996e-06 3.55467e-06 3.1047e-06 2.65196e-06 2.21512e-06 1.80887e-06 1.44355e-06 1.12519e-06 8.56001e-07 6.34953e-07 4.58601e-07 3.21917e-07 2.19061e-07 1.44016e-07 9.10436e-08 5.49828e-08 3.14165e-08 1.67316e-08 8.09887e-09 3.39836e-09 1.11139e-09 2.01686e-10 0 
0 0 0 0 0 0 0 0 0 0 0 0 0 0 0 0 0 0 0 0 0 0 0 0 0 0 0 0 0 0 0 0 0 0 0 0 0 0 0 0 0 
