0 0 0 0 0 0 0 0 0 0 0 0 0 0 0 0 0 0 0 0 0 0 0 0 0 0 0 0 0 0 0 0 0 0 0 0 0 0 0 0 0 
0 1.35443e-05 5.44557e-05 0.000119096 0.000197261 0.000273614 0.000333381 0.000368705 0.000380555 0.000375656 0.000362114 0.000346597 0.0003335 0.000325219 0.000322719 0.000325989 0.000334263 0.000346055 0.000359097 0.000370361 0.000376281 0.00037332 0.000358833 0.000331975 0.000294238 0.000249231 0.000201691 0.000156162 0.000115953 8.27493e-05 5.68244e-05 3.75299e-05 2.37758e-05 1.43713e-05 8.21424e-06 4.37512e-06 2.11781e-06 8.88654e-07 2.90621e-07 5.27396e-08 0 
0 5.44557e-05 0.000212059 0.000434688 0.000642924 0.000752383 0.000734406 0.000628516 0.000495948 0.000377969 0.000289344 0.000229471 0.000192807 0.00017406 0.000169851 0.000178897 0.00020177 0.000240497 0.000297839 0.000375902 0.000473753 0.000584339 0.000692199 0.000774727 0.000809038 0.000782461 0.000699767 0.000580964 0.00045121 0.000330714 0.00023045 0.000153338 9.74851e-05 5.90174e-05 3.37551e-05 1.79836e-05 8.70602e-06 3.65326e-06 1.19476e-06 2.16817e-07 0 
0 0.000119096 0.000434688 0.000779615 0.000916446 0.000771983 0.000504415 0.000279403 0.000142868 7.25761e-05 3.89237e-05 2.3137e-05 1.58018e-05 1.26834e-05 1.20713e-05 1.35645e-05 1.77129e-05 2.62113e-05 4.25887e-05 7.33688e-05 0.000129301 0.00022519 0.000375273 0.000581074 0.000814765 0.00101413 0.00110858 0.00106567 0.000912369 0.000709247 0.000510479 0.000345251 0.00022117 0.00013434 7.69404e-05 4.1013e-05 1.98586e-05 8.33377e-06 2.72554e-06 4.94616e-07 0 
0 0.000197261 0.000642924 0.000916446 0.000742841 0.000384287 0.000144611 4.50981e-05 1.30751e-05 3.89773e-06 1.30487e-06 5.28161e-07 2.73362e-07 1.87433e-07 1.7255e-07 2.11583e-07 3.36403e-07 6.64987e-07 1.55117e-06 4.03191e-06 1.10255e-05 3.0061e-05 7.79385e-05 0.000184537 0.000385405 0.000688672 0.00102706 0.00126234 0.00128742 0.00111829 0.000857063 0.000598507 0.000389151 0.000237886 0.000136594 7.28822e-05 3.53023e-05 1.48166e-05 4.84595e-06 8.79429e-07 0 
0 0.000273614 0.000752383 0.000771983 0.000384287 0.000109886 2.15206e-05 3.38501e-06 4.94623e-07 7.69836e-08 1.44643e-08 3.65085e-09 1.34332e-09 7.58659e-10 6.7038e-10 9.1534e-10 1.8544e-09 5.23413e-09 1.90359e-08 8.18876e-08 3.82482e-07 1.79207e-06 7.86802e-06 3.06476e-05 0.000101569 0.000277139 0.000604929 0.00103054 0.00135642 0.00140434 0.00119575 0.0008826 0.000589029 0.000364116 0.000210005 0.000112238 5.43974e-05 2.28356e-05 7.46915e-06 1.35551e-06 0 
0 0.000333381 0.000734406 0.000504415 0.000144611 2.15206e-05 2.03623e-06 1.47789e-07 9.89769e-09 7.33345e-10 7.1187e-11 1.04692e-11 2.60722e-12 1.17935e-12 9.9423e-13 1.5348e-12 4.1014e-12 1.73932e-11 1.05097e-10 8.04062e-10 6.92139e-09 6.00973e-08 4.79326e-07 3.26212e-06 1.7968e-05 7.73455e-05 0.00025391 0.000621458 0.00111121 0.00145098 0.00143694 0.00115366 0.000801964 0.000504575 0.000293058 0.000157032 7.61763e-05 3.1988e-05 1.04638e-05 1.89904e-06 0 
0 0.000368705 0.000628516 0.000279403 4.50981e-05 3.38501e-06 1.47789e-07 4.68739e-09 1.35964e-10 4.54291e-12 2.17125e-13 1.78873e-14 2.93026e-15 1.04438e-15 8.3684e-16 1.47302e-15 5.2953e-15 3.47388e-14 3.61739e-13 5.13174e-12 8.5114e-11 1.4325e-09 2.1667e-08 2.67689e-07 2.52561e-06 1.74718e-05 8.68061e-05 0.000305832 0.000752143 0.00127565 0.00152244 0.00136678 0.00100552 0.000648731 0.000380575 0.00020468 9.94179e-05 4.17654e-05 1.3664e-05 2.47994e-06 0 
0 0.000380555 0.000495948 0.000142868 1.30751e-05 4.94623e-07 9.89769e-09 1.35964e-10 1.69248e-12 2.52833e-14 5.90462e-16 2.70795e-17 2.90615e-18 8.15258e-19 6.20692e-19 1.24468e-18 6.02729e-18 6.14056e-17 1.10784e-15 2.93259e-14 9.43728e-13 3.10143e-11 8.96175e-10 2.02357e-08 3.28623e-07 3.65531e-06 2.72928e-05 0.00013636 0.000454533 0.00100036 0.00146047 0.00149422 0.00117918 0.000785584 0.000466878 0.000252301 0.000122751 5.15958e-05 1.68831e-05 3.06435e-06 0 
0 0.000375656 0.000377969 7.25761e-05 3.89773e-06 7.69836e-08 7.33345e-10 4.54291e-12 2.52833e-14 1.75591e-16 2.07516e-18 5.49698e-20 4.15982e-21 1.02394e-21 7.64385e-22 1.60533e-21 9.50313e-21 1.43108e-19 4.3396e-18 2.07874e-16 1.25673e-14 7.80829e-13 4.17918e-11 1.67625e-09 4.56681e-08 7.97777e-07 8.74312e-06 6.0314e-05 0.000264676 0.000738954 0.00131066 0.0015363 0.00131023 0.000905668 0.000546487 0.000296994 0.000144778 6.08929e-05 1.99292e-05 3.61747e-06 0 
0 0.000362114 0.000289344 3.89237e-05 1.30487e-06 1.44643e-08 7.1187e-11 2.17125e-13 5.90462e-16 2.07516e-18 1.3546e-20 2.4199e-22 1.69662e-23 4.53724e-24 3.46121e-24 6.71465e-24 3.74049e-23 6.69811e-22 3.07675e-20 2.48649e-18 2.63375e-16 2.88423e-14 2.67246e-12 1.78833e-10 7.72686e-09 2.01822e-07 3.10998e-06 2.84782e-05 0.000158315 0.000541364 0.00113935 0.00151638 0.00139651 0.00100267 0.000614782 0.000336124 0.000164193 6.9106e-05 2.26221e-05 4.10652e-06 0 
0 0.000346597 0.000229471 2.3137e-05 5.28161e-07 3.65085e-09 1.04692e-11 1.78873e-14 2.70795e-17 5.49698e-20 2.4199e-22 3.5795e-24 2.25819e-25 5.95691e-26 4.55125e-26 8.55967e-26 4.78661e-25 9.36365e-24 5.46068e-22 6.56148e-20 1.09709e-17 1.91034e-15 2.77418e-13 2.82343e-11 1.7804e-09 6.46782e-08 1.31767e-06 1.5197e-05 0.000102154 0.000410163 0.000990157 0.0014659 0.00144466 0.00107395 0.000668442 0.00036755 0.000179901 7.5766e-05 2.48073e-05 4.50348e-06 0 
0 0.0003335 0.000192807 1.58018e-05 2.73362e-07 1.34332e-09 2.60722e-12 2.93026e-15 2.90615e-18 4.15982e-21 1.69663e-23 2.25821e-25 9.71119e-27 1.822e-27 1.30017e-27 2.73323e-27 2.0269e-26 4.94474e-25 3.19957e-23 4.72884e-21 1.08704e-18 2.64674e-16 5.32122e-14 7.33828e-12 6.08678e-10 2.80928e-08 7.00878e-07 9.55279e-06 7.35947e-05 0.000331177 0.000881661 0.00141169 0.00146542 0.00111986 0.000705539 0.000389769 0.000191089 8.05213e-05 2.63687e-05 4.78719e-06 0 
0 0.000325219 0.00017406 1.26834e-05 1.87433e-07 7.58659e-10 1.17935e-12 1.04438e-15 8.15258e-19 1.02394e-21 4.53727e-24 5.957e-26 1.82203e-27 1.6336e-28 8.74407e-29 2.77662e-28 3.45605e-27 1.03799e-25 6.86256e-24 1.06047e-21 2.87034e-19 8.45483e-17 2.04672e-14 3.3581e-12 3.25893e-10 1.7255e-08 4.83604e-07 7.25472e-06 6.04286e-05 0.000290207 0.000817311 0.00137071 0.00146892 0.00114229 0.000725362 0.000401958 0.000197281 8.31606e-05 2.72362e-05 4.94485e-06 0 
0 0.000322719 0.000169851 1.20713e-05 1.7255e-07 6.7038e-10 9.9423e-13 8.3684e-16 6.20692e-19 7.64386e-22 3.46123e-24 4.55132e-26 1.30019e-27 8.74419e-29 3.7142e-29 1.55518e-28 2.33206e-27 7.35834e-26 4.87319e-24 7.53505e-22 2.10421e-19 6.45518e-17 1.62696e-14 2.77337e-12 2.78713e-10 1.52193e-08 4.37952e-07 6.71577e-06 5.69677e-05 0.000277952 0.000794469 0.00135034 0.00146166 0.00114336 0.000728099 0.000403946 0.000198343 8.36211e-05 2.73884e-05 4.97257e-06 0 
0 0.000325989 0.000178897 1.35645e-05 2.11583e-07 9.1534e-10 1.5348e-12 1.47302e-15 1.24468e-18 1.60533e-21 6.71468e-24 8.55977e-26 2.73326e-27 2.77661e-28 1.55516e-28 4.68696e-28 5.38875e-27 1.57709e-25 1.05442e-23 1.6221e-21 4.16105e-19 1.14967e-16 2.61857e-14 4.06383e-12 3.75459e-10 1.90596e-08 5.15831e-07 7.52417e-06 6.13361e-05 0.000290024 0.000808813 0.00135016 0.0014454 0.00112453 0.000714558 0.000396142 0.000194468 8.19829e-05 2.68514e-05 4.87507e-06 0 
0 0.000334263 0.00020177 1.77129e-05 3.36403e-07 1.8544e-09 4.1014e-12 5.2953e-15 6.02729e-18 9.50313e-21 3.7405e-23 4.78663e-25 2.0269e-26 3.45601e-27 2.33203e-27 5.38871e-27 4.32578e-26 1.07631e-24 7.00785e-23 9.81607e-21 2.02898e-18 4.41774e-16 7.99014e-14 1.00054e-11 7.62157e-10 3.27065e-08 7.68268e-07 9.98027e-06 7.41473e-05 0.000325462 0.000854669 0.00136304 0.00141732 0.0010864 0.000686004 0.000379444 0.000186132 7.84511e-05 2.56931e-05 4.66468e-06 0 
0 0.000346055 0.000240497 2.62113e-05 6.64987e-07 5.23413e-09 1.73932e-11 3.47388e-14 6.14056e-17 1.43108e-19 6.69811e-22 9.36365e-24 4.94472e-25 1.03799e-25 7.35828e-26 1.57708e-25 1.07631e-24 2.34046e-23 1.3361e-21 1.44329e-19 2.11943e-17 3.24482e-15 4.17345e-13 3.80311e-11 2.17565e-09 7.27368e-08 1.3839e-06 1.51275e-05 9.78453e-05 0.000384193 0.000922233 0.00137522 0.00137121 0.00102908 0.000644117 0.000355145 0.000174033 7.33291e-05 2.40136e-05 4.35967e-06 0 
0 0.000359097 0.000297839 4.25887e-05 1.55117e-06 1.90359e-08 1.05097e-10 3.61739e-13 1.10784e-15 4.3396e-18 3.07675e-20 5.46068e-22 3.19956e-23 6.86254e-24 4.87317e-24 1.05442e-23 7.00785e-23 1.3361e-21 5.75159e-20 4.18857e-18 3.97896e-16 3.91832e-14 3.28557e-12 2.00752e-10 8.00474e-09 1.95218e-07 2.84435e-06 2.49779e-05 0.00013549 0.000462067 0.000992379 0.00136624 0.00129904 0.000952882 0.000590991 0.000324825 0.000159022 6.69861e-05 2.1935e-05 3.98224e-06 0 
0 0.000370361 0.000375902 7.33688e-05 4.03191e-06 8.18876e-08 8.04062e-10 5.13174e-12 2.93259e-14 2.07874e-16 2.48649e-18 6.56148e-20 4.72884e-21 1.06047e-21 7.53505e-22 1.6221e-21 9.81607e-21 1.44329e-19 4.18857e-18 1.91589e-16 1.10734e-14 6.59107e-13 3.38766e-11 1.30805e-09 3.43935e-08 5.8179e-07 6.21046e-06 4.22174e-05 0.000186523 0.000541464 0.00103063 0.00131 0.0011929 0.000858754 0.000529079 0.000290233 0.000142023 5.98219e-05 1.95892e-05 3.55642e-06 0 
0 0.000376281 0.000473753 0.000129301 1.10255e-05 3.82482e-07 6.92139e-09 8.5114e-11 9.43728e-13 1.25673e-14 2.63375e-16 1.09709e-17 1.08704e-18 2.87034e-19 2.10421e-19 4.16105e-19 2.02898e-18 2.11943e-17 3.97896e-16 1.10734e-14 3.76541e-13 1.30717e-11 3.96775e-10 9.31515e-09 1.55197e-07 1.74852e-06 1.31516e-05 6.69353e-05 0.000235523 0.000578047 0.000984674 0.00117807 0.00104651 0.000748464 0.00046103 0.000253145 0.000123963 5.22342e-05 1.71073e-05 3.10602e-06 0 
0 0.00037332 0.000584339 0.00022519 3.0061e-05 1.79207e-06 6.00973e-08 1.4325e-09 3.10143e-11 7.80829e-13 2.88423e-14 1.91034e-15 2.64674e-16 8.45483e-17 6.45518e-17 1.14967e-16 4.41774e-16 3.24482e-15 3.91832e-14 6.59107e-13 1.30717e-11 2.61571e-10 4.6118e-09 6.4254e-08 6.54799e-07 4.68617e-06 2.35365e-05 8.57188e-05 0.000235833 0.000498368 0.000796258 0.00094663 0.000856213 0.000624321 0.000389456 0.000215236 0.000105701 4.45897e-05 1.46098e-05 2.65296e-06 0 
0 0.000358833 0.000692199 0.000375273 7.79385e-05 7.86802e-06 4.79326e-07 2.1667e-08 8.96175e-10 4.17918e-11 2.67246e-12 2.77418e-13 5.32122e-14 2.04672e-14 1.62696e-14 2.61857e-14 7.99014e-14 4.17345e-13 3.28557e-12 3.38766e-11 3.96775e-10 4.6118e-09 4.70953e-08 3.80504e-07 2.24174e-06 9.23948e-06 2.73414e-05 6.42581e-05 0.000135232 0.000265964 0.000456726 0.000616618 0.000624269 0.000489318 0.000316832 0.000178003 8.7985e-05 3.72039e-05 1.21997e-05 2.21591e-06 0 
0 0.000331975 0.000774727 0.000581074 0.000184537 3.06476e-05 3.26212e-06 2.67689e-07 2.02357e-08 1.67625e-09 1.78833e-10 2.82343e-11 7.33828e-12 3.3581e-12 2.77337e-12 4.06383e-12 1.00054e-11 3.80311e-11 2.00752e-10 1.30805e-09 9.31515e-09 6.4254e-08 3.80504e-07 1.7063e-06 5.10838e-06 9.44036e-06 1.16617e-05 1.31603e-05 1.99973e-05 4.61335e-05 0.000123888 0.000265319 0.000372298 0.000349446 0.000245802 0.000142766 7.1428e-05 3.03276e-05 9.95817e-06 1.80953e-06 0 
0 0.000294238 0.000809038 0.000814765 0.000385405 0.000101569 1.7968e-05 2.52561e-06 3.28623e-07 4.56681e-08 7.72686e-09 1.7804e-09 6.08678e-10 3.25893e-10 2.78713e-10 3.75459e-10 7.62157e-10 2.17565e-09 8.00474e-09 3.43935e-08 1.55197e-07 6.54799e-07 2.24174e-06 5.10838e-06 5.91623e-06 2.76192e-06 6.06645e-07 1.50266e-07 1.37198e-07 6.6165e-07 7.0506e-06 5.21554e-05 0.000158897 0.000218418 0.000179954 0.00011076 5.65091e-05 2.41432e-05 7.94265e-06 1.44411e-06 0 
0 0.000249231 0.000782461 0.00101413 0.000688672 0.000277139 7.73455e-05 1.74718e-05 3.65531e-06 7.97777e-07 2.01822e-07 6.46782e-08 2.80928e-08 1.7255e-08 1.52193e-08 1.90596e-08 3.27065e-08 7.27368e-08 1.95218e-07 5.8179e-07 1.74852e-06 4.68617e-06 9.23948e-06 9.44036e-06 2.76192e-06 1.21757e-07 9.90099e-10 1.19483e-11 4.45383e-12 1.31299e-10 3.09116e-08 3.13878e-06 4.32964e-05 0.000116825 0.00012406 8.31516e-05 4.35689e-05 1.87634e-05 6.18715e-06 1.12567e-06 0 
0 0.000201691 0.000699767 0.00110858 0.00102706 0.000604929 0.00025391 8.68061e-05 2.72928e-05 8.74312e-06 3.10998e-06 1.31767e-06 7.00878e-07 4.83604e-07 4.37952e-07 5.15831e-07 7.68268e-07 1.3839e-06 2.84435e-06 6.21046e-06 1.31516e-05 2.35365e-05 2.73414e-05 1.16617e-05 6.06645e-07 9.90099e-10 6.06426e-14 1.00688e-16 8.26405e-16 4.1037e-16 1.25643e-11 6.85285e-08 8.41882e-06 5.64461e-05 8.22265e-05 6.08022e-05 3.27853e-05 1.42341e-05 4.7042e-06 8.56398e-07 0 
0 0.000156162 0.000580964 0.00106567 0.00126234 0.00103054 0.000621458 0.000305832 0.00013636 6.0314e-05 2.84782e-05 1.5197e-05 9.55279e-06 7.25472e-06 6.71577e-06 7.52417e-06 9.98027e-06 1.51275e-05 2.49779e-05 4.22174e-05 6.69353e-05 8.57188e-05 6.42581e-05 1.31603e-05 1.50266e-07 1.19483e-11 1.00688e-16 3.50485e-18 1.692e-17 4.11286e-17 9.5823e-15 2.19719e-09 1.97067e-06 2.91413e-05 5.49888e-05 4.38483e-05 2.41392e-05 1.05388e-05 3.48809e-06 6.35256e-07 0 
0 0.000115953 0.00045121 0.000912369 0.00128742 0.00135642 0.00111121 0.000752143 0.000454533 0.000264676 0.000158315 0.000102154 7.35947e-05 6.04286e-05 5.69677e-05 6.13361e-05 7.41473e-05 9.78453e-05 0.00013549 0.000186523 0.000235523 0.000235833 0.000135232 1.99973e-05 1.37198e-07 4.45383e-12 8.26404e-16 1.69201e-17 3.2851e-18 2.12521e-17 1.21929e-15 7.4849e-10 1.10089e-06 1.95972e-05 3.90409e-05 3.1551e-05 1.74211e-05 7.6105e-06 2.5192e-06 4.5881e-07 0 
0 8.27493e-05 0.000330714 0.000709247 0.00111829 0.00140434 0.00145098 0.00127565 0.00100036 0.000738954 0.000541364 0.000410163 0.000331177 0.000290207 0.000277952 0.000290024 0.000325462 0.000384193 0.000462067 0.000541464 0.000578047 0.000498368 0.000265964 4.61335e-05 6.6165e-07 1.31299e-10 4.1037e-16 4.11286e-17 2.12521e-17 1.67826e-17 1.14702e-13 4.93076e-09 1.79011e-06 1.8095e-05 2.97546e-05 2.26743e-05 1.23082e-05 5.35107e-06 1.76892e-06 3.22045e-07 0 
0 5.68244e-05 0.00023045 0.000510479 0.000857063 0.00119575 0.00143694 0.00152244 0.00146047 0.00131066 0.00113935 0.000990157 0.000881661 0.000817311 0.000794469 0.000808813 0.000854669 0.000922233 0.000992379 0.00103063 0.000984674 0.000796258 0.000456726 0.000123888 7.0506e-06 3.09116e-08 1.25643e-11 9.5823e-15 1.21929e-15 1.14702e-13 2.32046e-10 1.41006e-07 5.06241e-06 1.97103e-05 2.33421e-05 1.60727e-05 8.47058e-06 3.65195e-06 1.20442e-06 2.19131e-07 0 
0 3.75299e-05 0.000153338 0.000345251 0.000598507 0.0008826 0.00115366 0.00136678 0.00149422 0.0015363 0.00151638 0.0014659 0.00141169 0.00137071 0.00135034 0.00135016 0.00136304 0.00137522 0.00136624 0.00131 0.00117807 0.00094663 0.000616618 0.000265319 5.21554e-05 3.13878e-06 6.85285e-08 2.19719e-09 7.4849e-10 4.93076e-09 1.41006e-07 2.51911e-06 1.23914e-05 2.0425e-05 1.77196e-05 1.10302e-05 5.63741e-06 2.40867e-06 7.92327e-07 1.4405e-07 0 
0 2.37758e-05 9.74851e-05 0.00022117 0.000389151 0.000589029 0.000801964 0.00100552 0.00117918 0.00131023 0.00139651 0.00144466 0.00146542 0.00146892 0.00146166 0.0014454 0.00141732 0.00137121 0.00129904 0.0011929 0.00104651 0.000856213 0.000624269 0.000372298 0.000158897 4.32964e-05 8.41882e-06 1.97067e-06 1.10089e-06 1.79011e-06 5.06241e-06 1.23914e-05 1.86717e-05 1.7804e-05 1.24824e-05 7.21562e-06 3.60047e-06 1.52699e-06 5.01181e-07 9.10578e-08 0 
0 1.43713e-05 5.90174e-05 0.00013434 0.000237886 0.000364116 0.000504575 0.000648731 0.000785584 0.000905668 0.00100267 0.00107395 0.00111986 0.00114229 0.00114336 0.00112453 0.0010864 0.00102908 0.000952882 0.000858754 0.000748464 0.000624321 0.000489318 0.000349446 0.000218418 0.000116825 5.64461e-05 2.91413e-05 1.95972e-05 1.8095e-05 1.97103e-05 2.0425e-05 1.7804e-05 1.2903e-05 8.05379e-06 4.45601e-06 2.1898e-06 9.24049e-07 3.02803e-07 5.4988e-08 0 
0 8.21424e-06 3.37551e-05 7.69404e-05 0.000136594 0.000210005 0.000293058 0.000380575 0.000466878 0.000546487 0.000614782 0.000668442 0.000705539 0.000725362 0.000728099 0.000714558 0.000686004 0.000644117 0.000590991 0.000529079 0.00046103 0.000389456 0.000316832 0.000245802 0.000179954 0.00012406 8.22265e-05 5.49888e-05 3.90409e-05 2.97546e-05 2.33421e-05 1.77196e-05 1.24824e-05 8.05379e-06 4.76381e-06 2.57817e-06 1.2565e-06 5.28662e-07 1.73066e-07 3.14182e-08 0 
0 4.37512e-06 1.79836e-05 4.1013e-05 7.28822e-05 0.000112238 0.000157032 0.00020468 0.000252301 0.000296994 0.000336124 0.00036755 0.000389769 0.000401958 0.000403946 0.000396142 0.000379444 0.000355145 0.000324825 0.000290233 0.000253145 0.000215236 0.000178003 0.000142766 0.00011076 8.31516e-05 6.08022e-05 4.38483e-05 3.1551e-05 2.26743e-05 1.60727e-05 1.10302e-05 7.21562e-06 4.45601e-06 2.57817e-06 1.38164e-06 6.70663e-07 2.81749e-07 9.21852e-08 1.6732e-08 0 
0 2.11781e-06 8.70602e-06 1.98586e-05 3.53023e-05 5.43974e-05 7.61763e-05 9.94179e-05 0.000122751 0.000144778 0.000164193 0.000179901 0.000191089 0.000197281 0.000198343 0.000194468 0.000186132 0.000174033 0.000159022 0.000142023 0.000123963 0.000105701 8.7985e-05 7.1428e-05 5.65091e-05 4.35689e-05 3.27853e-05 2.41392e-05 1.74211e-05 1.23082e-05 8.47058e-06 5.63741e-06 3.60047e-06 2.1898e-06 1.2565e-06 6.70663e-07 3.24979e-07 1.36428e-07 4.46258e-08 8.09898e-09 0 
0 8.88654e-07 3.65326e-06 8.33377e-06 1.48166e-05 2.28356e-05 3.1988e-05 4.17654e-05 5.15958e-05 6.08929e-05 6.9106e-05 7.5766e-05 8.05213e-05 8.31606e-05 8.36211e-05 8.19829e-05 7.84511e-05 7.33291e-05 6.69861e-05 5.98219e-05 5.22342e-05 4.45897e-05 3.72039e-05 3.03276e-05 2.41432e-05 1.87634e-05 1.42341e-05 1.05388e-05 7.6105e-06 5.35107e-06 3.65195e-06 2.40867e-06 1.52699e-06 9.24049e-07 5.28662e-07 2.81749e-07 1.36428e-07 5.7256e-08 1.87261e-08 3.39838e-09 0 
0 2.90621e-07 1.19476e-06 2.72554e-06 4.84595e-06 7.46915e-06 1.04638e-05 1.3664e-05 1.68831e-05 1.99292e-05 2.26221e-05 2.48073e-05 2.63687e-05 2.72362e-05 2.73884e-05 2.68514e-05 2.56931e-05 2.40136e-05 2.1935e-05 1.95892e-05 1.71073e-05 1.46098e-05 1.21997e-05 9.95817e-06 7.94265e-06 6.18715e-06 4.7042e-06 3.48809e-06 2.5192e-06 1.76892e-06 1.20442e-06 7.92327e-07 5.01181e-07 3.02803e-07 1.73066e-07 9.21852e-08 4.46258e-08 1.87261e-08 6.12423e-09 1.11139e-09 0 
0 5.27396e-08 2.16817e-07 4.94616e-07 8.79429e-07 1.35551e-06 1.89904e-06 2.47994e-06 3.06435e-06 3.61747e-06 4.10652e-06 4.50348e-06 4.78719e-06 4.94485e-06 4.97257e-06 4.87507e-06 4.66468e-06 4.35967e-06 3.98224e-06 3.55642e-06 3.10602e-06 2.65296e-06 2.21591e-06 1.80953e-06 1.44411e-06 1.12567e-06 8.56398e-07 6.35256e-07 4.5881e-07 3.22045e-07 2.19131e-07 1.4405e-07 9.10578e-08 5.4988e-08 3.14182e-08 1.6732e-08 8.09898e-09 3.39838e-09 1.11139e-09 2.01687e-10 0 
0 0 0 0 0 0 0 0 0 0 0 0 0 0 0 0 0 0 0 0 0 0 0 0 0 0 0 0 0 0 0 0 0 0 0 0 0 0 0 0 0 
