0 0 0 0 0 0 0 0 0 0 0 0 0 0 0 0 0 0 0 0 0 0 0 0 0 0 0 0 0 0 0 0 0 0 0 0 0 0 0 0 0 
0 1.37563e-05 5.63726e-05 0.000127778 0.000224539 0.000339433 0.00046192 0.000580031 0.000683284 0.000765224 0.000824261 0.00086263 0.000884426 0.000893758 0.000893561 0.000885139 0.000868242 0.000841527 0.000803277 0.000752247 0.000688475 0.00061377 0.000531694 0.000446955 0.000364462 0.000288376 0.00022153 0.000165288 0.000119763 8.41945e-05 5.73236e-05 3.76871e-05 2.3821e-05 1.43831e-05 8.21706e-06 4.37572e-06 2.11793e-06 8.88672e-07 2.90623e-07 5.27398e-08 0 
0 5.63726e-05 0.000229938 0.000515994 0.000889313 0.00130011 0.00168087 0.00196856 0.00213089 0.00217639 0.00214192 0.00207118 0.00199962 0.00194954 0.00193146 0.00194698 0.00199057 0.0020502 0.00210755 0.00213952 0.00212231 0.00203811 0.00188186 0.00166437 0.00140904 0.00114383 0.000893052 0.000672693 0.000489952 0.000345354 0.000235432 0.000154872 9.79142e-05 5.91265e-05 3.37803e-05 1.79888e-05 8.70697e-06 3.65341e-06 1.19478e-06 2.16818e-07 0 
0 0.000127778 0.000515994 0.00113229 0.00186683 0.00252678 0.00290687 0.00291658 0.00263467 0.00222729 0.00183419 0.00152505 0.00131653 0.00120223 0.00117208 0.00122038 0.00134702 0.00155445 0.00184082 0.00218922 0.0025563 0.00286941 0.00304333 0.00301642 0.00278376 0.00239951 0.00194653 0.00149948 0.00110546 0.000783957 0.000535954 0.000353003 0.000223295 0.000134867 7.70585e-05 4.10367e-05 1.98628e-05 8.3344e-06 2.72561e-06 4.94621e-07 0 
0 0.000224539 0.000889313 0.00186683 0.00281783 0.00328154 0.00303581 0.00232185 0.00155875 0.000984026 0.000623246 0.000417825 0.000308537 0.000257462 0.000245624 0.000267543 0.000328476 0.000444574 0.000644167 0.000965914 0.00144549 0.00208204 0.00279208 0.00339609 0.00369228 0.00358583 0.00314672 0.00254045 0.00192125 0.00137992 0.000948943 0.000626602 0.000396772 0.00023974 0.000137 7.29619e-05 3.53161e-05 1.48186e-05 4.84617e-06 8.79443e-07 0 
0 0.000339433 0.00130011 0.00252678 0.00328154 0.00299631 0.00199963 0.00105164 0.000481376 0.000211745 9.7565e-05 5.04894e-05 3.09112e-05 2.31509e-05 2.1523e-05 2.47531e-05 3.45364e-05 5.65894e-05 0.000104434 0.000207028 0.00041949 0.000826768 0.00151117 0.00245361 0.00342383 0.00404347 0.00406924 0.00357797 0.00283768 0.00208752 0.00145145 0.000962938 0.000610892 0.000369381 0.000211139 0.000112456 5.44342e-05 2.28409e-05 7.46972e-06 1.35554e-06 0 
0 0.00046192 0.00168087 0.00290687 0.00303581 0.00199963 0.000892688 0.000304737 9.0853e-05 2.67344e-05 8.63274e-06 3.33923e-06 1.65413e-06 1.09585e-06 9.8914e-07 1.2096e-06 1.95002e-06 3.96275e-06 9.58928e-06 2.59318e-05 7.34364e-05 0.000204531 0.000528294 0.00119867 0.00227688 0.00349624 0.00429672 0.00431657 0.00370034 0.00283371 0.00200741 0.00134241 0.000854313 0.000517176 0.000295742 0.00015754 7.62606e-05 3.19998e-05 1.04651e-05 1.89911e-06 0 
0 0.000580031 0.00196856 0.00291658 0.00232185 0.00105164 0.000304737 6.61395e-05 1.25751e-05 2.41763e-06 5.34124e-07 1.5115e-07 5.95857e-08 3.45663e-08 3.02029e-08 3.94374e-08 7.42425e-08 1.90077e-07 6.14674e-07 2.31338e-06 9.32827e-06 3.72767e-05 0.000137641 0.000441457 0.00116369 0.00240338 0.00377461 0.0045302 0.00433868 0.00352701 0.00257046 0.00173996 0.00111265 0.000674759 0.000386094 0.000205713 9.95869e-05 4.17887e-05 1.36665e-05 2.48008e-06 0 
0 0.000683284 0.00213089 0.00263467 0.00155875 0.000481376 9.0853e-05 1.25751e-05 1.52246e-06 1.90285e-07 2.85765e-08 5.87801e-09 1.8341e-09 9.2821e-10 7.83771e-10 1.09318e-09 2.40881e-09 7.8e-09 3.38725e-08 1.78299e-07 1.02762e-06 5.89844e-06 3.10369e-05 0.00013965 0.000506627 0.00140684 0.00286645 0.00422234 0.00464135 0.00408119 0.00309125 0.00212789 0.00136978 0.000832732 0.000476891 0.000254162 0.000123053 5.16369e-05 1.68873e-05 3.06459e-06 0 
0 0.000765224 0.00217639 0.00222729 0.000984026 0.000211745 2.67344e-05 2.41763e-06 1.90285e-07 1.57368e-08 1.63025e-09 2.46536e-10 6.13602e-11 2.71943e-11 2.21882e-11 3.29316e-11 8.4334e-11 3.42012e-10 1.97079e-09 1.4314e-08 1.16183e-07 9.42528e-07 6.94007e-06 4.2888e-05 0.000209042 0.000762937 0.0019913 0.00361037 0.00461397 0.00444526 0.0035282 0.00247975 0.00160961 0.000981525 0.000562698 0.000299998 0.00014526 6.0958e-05 1.99359e-05 3.61784e-06 0 
0 0.000824261 0.00214192 0.00183419 0.000623246 9.7565e-05 8.63274e-06 5.34124e-07 2.85765e-08 1.63025e-09 1.2085e-10 1.38416e-11 2.80672e-12 1.10202e-12 8.70264e-13 1.36361e-12 3.9919e-12 1.98e-11 1.47043e-10 1.4261e-09 1.57456e-08 1.74276e-07 1.73365e-06 1.42054e-05 8.97474e-05 0.000415345 0.00134637 0.00294964 0.00436353 0.00462022 0.00385717 0.00277433 0.00181774 0.00111228 0.000638422 0.000340504 0.000164894 6.91999e-05 2.26317e-05 4.10706e-06 0 
0 0.00086263 0.00207118 0.00152505 0.000417825 5.04894e-05 3.33923e-06 1.5115e-07 5.87801e-09 2.46536e-10 1.38416e-11 1.25783e-12 2.14871e-13 7.61577e-14 5.84081e-14 9.55144e-14 3.11757e-13 1.82396e-12 1.66928e-11 2.05555e-10 2.92735e-09 4.19058e-08 5.34738e-07 5.53029e-06 4.32145e-05 0.000242457 0.000936378 0.00239845 0.00402792 0.00465019 0.00407473 0.00299833 0.001983 0.00121765 0.000699747 0.000373361 0.000180828 7.58898e-05 2.48199e-05 4.50418e-06 0 
0 0.000884426 0.00199962 0.00131653 0.000308537 3.09112e-05 1.65413e-06 5.95857e-08 1.8341e-09 6.13602e-11 2.80672e-12 2.14871e-13 3.22966e-14 1.05913e-14 7.9282e-15 1.33404e-14 4.70396e-14 3.09975e-13 3.30139e-12 4.83878e-11 8.30263e-10 1.43566e-08 2.20032e-07 2.70093e-06 2.46702e-05 0.000159301 0.000698802 0.00200822 0.00371526 0.00459637 0.0041933 0.00314647 0.0020981 0.00129232 0.000743458 0.000396825 0.000192214 8.06713e-05 2.63839e-05 4.78803e-06 0 
0 0.000893758 0.00194954 0.00120223 0.000257462 2.31509e-05 1.09585e-06 3.45663e-08 9.2821e-10 2.71943e-11 1.10202e-12 7.61577e-14 1.05913e-14 3.30765e-15 2.43179e-15 4.14451e-15 1.52325e-14 1.07257e-13 1.24502e-12 2.01683e-11 3.85544e-10 7.44464e-09 1.27079e-07 1.72629e-06 1.72991e-05 0.000121457 0.000575003 0.00177229 0.00348474 0.00451182 0.00423155 0.00321945 0.0021596 0.00133326 0.000767641 0.000409846 0.00019854 8.33283e-05 2.72532e-05 4.94579e-06 0 
0 0.000893561 0.00193146 0.00117208 0.000245624 2.1523e-05 9.8914e-07 3.02029e-08 7.83771e-10 2.21882e-11 8.70264e-13 5.84081e-14 7.9282e-15 2.43179e-15 1.76854e-15 3.00408e-15 1.10864e-14 7.89276e-14 9.31886e-13 1.54283e-11 3.0246e-10 6.00122e-09 1.05328e-07 1.47041e-06 1.51243e-05 0.000108855 0.000527961 0.00166723 0.00335525 0.00442766 0.00420507 0.00322097 0.00216733 0.00133974 0.000771743 0.000412108 0.000199648 8.37951e-05 2.7406e-05 4.97354e-06 0 
0 0.000885139 0.00194698 0.00122038 0.000267543 2.47531e-05 1.2096e-06 3.94374e-08 1.09318e-09 3.29316e-11 1.36361e-12 9.55144e-14 1.33404e-14 4.14451e-15 3.00408e-15 5.0085e-15 1.78993e-14 1.2207e-13 1.36999e-12 2.14636e-11 3.97654e-10 7.46719e-09 1.24492e-07 1.65968e-06 1.64051e-05 0.000114231 0.000539599 0.00167064 0.00331858 0.00434958 0.00412082 0.00315527 0.00212363 0.00131307 0.000756503 0.000404003 0.000195728 8.21513e-05 2.68686e-05 4.87602e-06 0 
0 0.000868242 0.00199057 0.00134702 0.000328476 3.45364e-05 1.95002e-06 7.42425e-08 2.40881e-09 8.4334e-11 3.9919e-12 3.11757e-13 4.70396e-14 1.52325e-14 1.10864e-14 1.78993e-14 5.99526e-14 3.72887e-13 3.73891e-12 5.16457e-11 8.38559e-10 1.3809e-08 2.03158e-07 2.41519e-06 2.15707e-05 0.000137655 0.000604259 0.00176208 0.00334561 0.0042598 0.00397608 0.00302604 0.00203272 0.00125629 0.000723774 0.000386541 0.000187274 7.86045e-05 2.57088e-05 4.66556e-06 0 
0 0.000841527 0.0020502 0.00155445 0.000444574 5.65894e-05 3.96275e-06 1.90077e-07 7.8e-09 3.42012e-10 1.98e-11 1.82396e-12 3.09975e-13 1.07257e-13 7.89276e-14 1.2207e-13 3.72887e-13 2.02929e-12 1.72469e-11 1.9771e-10 2.63648e-09 3.56385e-08 4.33814e-07 4.32943e-06 3.30758e-05 0.000184314 0.000721151 0.0019137 0.00338532 0.00412152 0.00376078 0.00283651 0.0019002 0.00117379 0.000676273 0.000361213 0.000175016 7.34623e-05 2.40273e-05 4.36044e-06 0 
0 0.000803277 0.00210755 0.00184082 0.000644167 0.000104434 9.58928e-06 6.14674e-07 3.38725e-08 1.97079e-09 1.47043e-10 1.66928e-11 3.30139e-12 1.24502e-12 9.31886e-13 1.36999e-12 3.73891e-12 1.72469e-11 1.19274e-10 1.08213e-09 1.12558e-08 1.18418e-07 1.13139e-06 9.01285e-06 5.62152e-05 0.000262348 0.000882917 0.00207479 0.00336226 0.00388557 0.00346139 0.00258992 0.0017326 0.00107074 0.000617272 0.000329827 0.000159841 6.70983e-05 2.19467e-05 3.98291e-06 0 
0 0.000752247 0.00213952 0.00218922 0.000965914 0.000207028 2.59318e-05 2.31338e-06 1.78299e-07 1.4314e-08 1.4261e-09 2.05555e-10 4.83878e-11 2.01683e-11 1.54283e-11 2.14636e-11 5.16457e-11 1.9771e-10 1.08213e-09 7.51817e-09 5.8799e-08 4.63005e-07 3.3355e-06 2.03767e-05 9.98117e-05 0.000376363 0.00105747 0.00215792 0.0031811 0.00349898 0.00306377 0.00228917 0.00153645 0.000952564 0.000550258 0.000294326 0.000142704 5.99167e-05 1.95992e-05 3.557e-06 0 
0 0.000688475 0.00212231 0.0025563 0.00144549 0.00041949 7.34364e-05 9.32827e-06 1.02762e-06 1.16183e-07 1.57456e-08 2.92735e-09 8.30263e-10 3.85544e-10 3.0246e-10 3.97654e-10 8.38559e-10 2.63648e-09 1.12558e-08 5.8799e-08 3.38331e-07 1.94484e-06 1.02713e-05 4.66476e-05 0.000173576 0.000511758 0.00116873 0.00204269 0.00274506 0.00291381 0.00255288 0.00193471 0.00131695 0.000824236 0.00047859 0.000256621 0.000124554 5.23178e-05 1.71163e-05 3.10655e-06 0 
0 0.00061377 0.00203811 0.00286941 0.00208204 0.000826768 0.000204531 3.72767e-05 5.89844e-06 9.42528e-07 1.74276e-07 4.19058e-08 1.43566e-08 7.44464e-09 6.00122e-09 7.46719e-09 1.3809e-08 3.56385e-08 1.18418e-07 4.63005e-07 1.94484e-06 8.06211e-06 3.06563e-05 0.000100909 0.000275961 0.000612681 0.0010999 0.00161826 0.00199537 0.00210157 0.00191297 0.00152206 0.0010765 0.000689635 0.000405228 0.000218448 0.000106258 4.46696e-05 1.46184e-05 2.65347e-06 0 
0 0.000531694 0.00188186 0.00304333 0.00279208 0.00151117 0.000528294 0.000137641 3.10369e-05 6.94007e-06 1.73365e-06 5.34738e-07 2.20032e-07 1.27079e-07 1.05328e-07 1.24492e-07 2.03158e-07 4.33814e-07 1.13139e-06 3.3355e-06 1.02713e-05 3.06563e-05 8.29992e-05 0.000193022 0.000371002 0.000581827 0.000764596 0.000899585 0.0010159 0.00112155 0.0011566 0.00104869 0.000815503 0.000551523 0.000332623 0.000181294 8.856e-05 3.72865e-05 1.22086e-05 2.21643e-06 0 
0 0.000446955 0.00166437 0.00301642 0.00339609 0.00245361 0.00119867 0.000441457 0.00013965 4.2888e-05 1.42054e-05 5.53029e-06 2.70093e-06 1.72629e-06 1.47041e-06 1.65968e-06 2.41519e-06 4.32943e-06 9.01285e-06 2.03767e-05 4.66476e-05 0.000100909 0.000193022 0.000306396 0.000381843 0.000365877 0.000289094 0.000228982 0.000227729 0.000300291 0.00043822 0.000555264 0.000541659 0.000413217 0.000262967 0.000146392 7.20581e-05 3.04171e-05 9.96771e-06 1.81008e-06 0 
0 0.000364462 0.00140904 0.00278376 0.00369228 0.00342383 0.00227688 0.00116369 0.000506627 0.000209042 8.97474e-05 4.32145e-05 2.46702e-05 1.72991e-05 1.51243e-05 1.64051e-05 2.15707e-05 3.30758e-05 5.62152e-05 9.98117e-05 0.000173576 0.000275961 0.000371002 0.000381843 0.000264694 0.000111577 3.2026e-05 1.05873e-05 8.14275e-06 1.77766e-05 6.34793e-05 0.000179608 0.000289704 0.000282523 0.000198815 0.000114794 5.71998e-05 2.42391e-05 7.95266e-06 1.44467e-06 0 
0 0.000288376 0.00114383 0.00239951 0.00358583 0.00404347 0.00349624 0.00240338 0.00140684 0.000762937 0.000415345 0.000242457 0.000159301 0.000121457 0.000108855 0.000114231 0.000137655 0.000184314 0.000262348 0.000376363 0.000511758 0.000612681 0.000581827 0.000365877 0.000111577 1.15969e-05 4.64914e-07 2.51991e-08 1.15991e-08 7.89478e-08 1.93068e-06 2.79352e-05 0.000116335 0.000173711 0.000143474 8.74032e-05 4.42858e-05 1.88607e-05 6.19706e-06 1.12622e-06 0 
0 0.00022153 0.000893052 0.00194653 0.00314672 0.00406924 0.00429672 0.00377461 0.00286645 0.0019913 0.00134637 0.000936378 0.000698802 0.000575003 0.000527961 0.000539599 0.000604259 0.000721151 0.000882917 0.00105747 0.00116873 0.0010999 0.000764596 0.000289094 3.2026e-05 4.64914e-07 9.6524e-10 3.18708e-12 6.70419e-13 2.81145e-11 1.38271e-08 2.33667e-06 3.76949e-05 9.93513e-05 0.000100072 6.48544e-05 3.34614e-05 1.4324e-05 4.71318e-06 8.56888e-07 0 
0 0.000165288 0.000672693 0.00149948 0.00254045 0.00357797 0.00431657 0.0045302 0.00422234 0.00361037 0.00294964 0.00239845 0.00200822 0.00177229 0.00166723 0.00167064 0.00176208 0.0019137 0.00207479 0.00215792 0.00204269 0.00161826 0.000899585 0.000228982 1.05873e-05 2.51991e-08 3.18708e-12 7.26755e-16 8.4133e-17 1.71833e-14 1.47675e-10 2.48041e-07 1.3624e-05 5.86593e-05 6.94933e-05 4.72442e-05 2.47021e-05 1.06127e-05 3.49538e-06 6.35648e-07 0 
0 0.000119763 0.000489952 0.00110546 0.00192125 0.00283768 0.00370034 0.00433868 0.00464135 0.00461397 0.00436353 0.00402792 0.00371526 0.00348474 0.00335525 0.00331858 0.00334561 0.00338532 0.00336226 0.0031811 0.00274506 0.00199537 0.0010159 0.000227729 8.14275e-06 1.15991e-08 6.70419e-13 8.41329e-17 6.43703e-18 2.07684e-15 3.72051e-11 1.12246e-07 8.35687e-06 4.03883e-05 4.95648e-05 3.40154e-05 1.78273e-05 7.66352e-06 2.52441e-06 4.5909e-07 0 
0 8.41945e-05 0.000345354 0.000783957 0.00137992 0.00208752 0.00283371 0.00352701 0.00408119 0.00444526 0.00462022 0.00465019 0.00459637 0.00451182 0.00442766 0.00434958 0.0042598 0.00412152 0.00388557 0.00349898 0.00291381 0.00210157 0.00112155 0.000300291 1.77766e-05 7.89478e-08 2.81145e-11 1.71833e-14 2.07684e-15 2.16964e-13 5.16375e-10 3.11294e-07 9.80525e-06 3.34647e-05 3.65352e-05 2.42055e-05 1.25595e-05 5.38402e-06 1.77218e-06 3.22222e-07 0 
0 5.73236e-05 0.000235432 0.000535954 0.000948943 0.00145145 0.00200741 0.00257046 0.00309125 0.0035282 0.00385717 0.00407473 0.0041933 0.00423155 0.00420507 0.00412082 0.00397608 0.00376078 0.00346139 0.00306377 0.00255288 0.00191297 0.0011566 0.00043822 6.34793e-05 1.93068e-06 1.38271e-08 1.47675e-10 3.72051e-11 5.16375e-10 4.80432e-08 2.10887e-06 1.59967e-05 3.03514e-05 2.7097e-05 1.68787e-05 8.60312e-06 3.66958e-06 1.20619e-06 2.19229e-07 0 
0 3.76871e-05 0.000154872 0.000353003 0.000626602 0.000962938 0.00134241 0.00173996 0.00212789 0.00247975 0.00277433 0.00299833 0.00314647 0.00321945 0.00322097 0.00315527 0.00302604 0.00283651 0.00258992 0.00228917 0.00193471 0.00152206 0.00104869 0.000555264 0.000179608 2.79352e-05 2.33667e-06 2.48041e-07 1.12246e-07 3.11294e-07 2.10887e-06 1.05658e-05 2.35716e-05 2.63551e-05 1.94414e-05 1.1387e-05 5.69692e-06 2.4168e-06 7.93167e-07 1.44097e-07 0 
0 2.3821e-05 9.79142e-05 0.000223295 0.000396772 0.000610892 0.000854313 0.00111265 0.00136978 0.00160961 0.00181774 0.001983 0.0020981 0.0021596 0.00216733 0.00212363 0.00203272 0.0019002 0.0017326 0.00153645 0.00131695 0.0010765 0.000815503 0.000541659 0.000289704 0.000116335 3.76949e-05 1.3624e-05 8.35687e-06 9.80525e-06 1.59967e-05 2.35716e-05 2.53848e-05 2.02752e-05 1.31265e-05 7.34857e-06 3.62331e-06 1.53022e-06 5.01526e-07 9.10778e-08 0 
0 1.43831e-05 5.91265e-05 0.000134867 0.00023974 0.000369381 0.000517176 0.000674759 0.000832732 0.000981525 0.00111228 0.00121765 0.00129232 0.00133326 0.00133974 0.00131307 0.00125629 0.00117379 0.00107074 0.000952564 0.000824236 0.000689635 0.000551523 0.000413217 0.000282523 0.000173711 9.93513e-05 5.86593e-05 4.03883e-05 3.34647e-05 3.03514e-05 2.63551e-05 2.02752e-05 1.36858e-05 8.25234e-06 4.49804e-06 2.19732e-06 9.25162e-07 3.02926e-07 5.49955e-08 0 
0 8.21706e-06 3.37803e-05 7.70585e-05 0.000137 0.000211139 0.000295742 0.000386094 0.000476891 0.000562698 0.000638422 0.000699747 0.000743458 0.000767641 0.000771743 0.000756503 0.000723774 0.000676273 0.000617272 0.000550258 0.00047859 0.000405228 0.000332623 0.000262967 0.000198815 0.000143474 0.000100072 6.94933e-05 4.95648e-05 3.65352e-05 2.7097e-05 1.94414e-05 1.31265e-05 8.25234e-06 4.81528e-06 2.58955e-06 1.25864e-06 5.28994e-07 1.73105e-07 3.14206e-08 0 
0 4.37572e-06 1.79888e-05 4.10367e-05 7.29619e-05 0.000112456 0.00015754 0.000205713 0.000254162 0.000299998 0.000340504 0.000373361 0.000396825 0.000409846 0.000412108 0.000404003 0.000386541 0.000361213 0.000329827 0.000294326 0.000256621 0.000218448 0.000181294 0.000146392 0.000114794 8.74032e-05 6.48544e-05 4.72442e-05 3.40154e-05 2.42055e-05 1.68787e-05 1.1387e-05 7.34857e-06 4.49804e-06 2.58955e-06 1.38428e-06 6.71188e-07 2.81835e-07 9.21956e-08 1.67327e-08 0 
0 2.11793e-06 8.70697e-06 1.98628e-05 3.53161e-05 5.44342e-05 7.62606e-05 9.95869e-05 0.000123053 0.00014526 0.000164894 0.000180828 0.000192214 0.00019854 0.000199648 0.000195728 0.000187274 0.000175016 0.000159841 0.000142704 0.000124554 0.000106258 8.856e-05 7.20581e-05 5.71998e-05 4.42858e-05 3.34614e-05 2.47021e-05 1.78273e-05 1.25595e-05 8.60312e-06 5.69692e-06 3.62331e-06 2.19732e-06 1.25864e-06 6.71188e-07 3.25088e-07 1.36447e-07 4.46282e-08 8.09915e-09 0 
0 8.88672e-07 3.65341e-06 8.3344e-06 1.48186e-05 2.28409e-05 3.19998e-05 4.17887e-05 5.16369e-05 6.0958e-05 6.91999e-05 7.58898e-05 8.06713e-05 8.33283e-05 8.37951e-05 8.21513e-05 7.86045e-05 7.34623e-05 6.70983e-05 5.99167e-05 5.23178e-05 4.46696e-05 3.72865e-05 3.04171e-05 2.42391e-05 1.88607e-05 1.4324e-05 1.06127e-05 7.66352e-06 5.38402e-06 3.66958e-06 2.4168e-06 1.53022e-06 9.25162e-07 5.28994e-07 2.81835e-07 1.36447e-07 5.72594e-08 1.87266e-08 3.39841e-09 0 
0 2.90623e-07 1.19478e-06 2.72561e-06 4.84617e-06 7.46972e-06 1.04651e-05 1.36665e-05 1.68873e-05 1.99359e-05 2.26317e-05 2.48199e-05 2.63839e-05 2.72532e-05 2.7406e-05 2.68686e-05 2.57088e-05 2.40273e-05 2.19467e-05 1.95992e-05 1.71163e-05 1.46184e-05 1.22086e-05 9.96771e-06 7.95266e-06 6.19706e-06 4.71318e-06 3.49538e-06 2.52441e-06 1.77218e-06 1.20619e-06 7.93167e-07 5.01526e-07 3.02926e-07 1.73105e-07 9.21956e-08 4.46282e-08 1.87266e-08 6.1243e-09 1.11139e-09 0 
0 5.27398e-08 2.16818e-07 4.94621e-07 8.79443e-07 1.35554e-06 1.89911e-06 2.48008e-06 3.06459e-06 3.61784e-06 4.10706e-06 4.50418e-06 4.78803e-06 4.94579e-06 4.97354e-06 4.87602e-06 4.66556e-06 4.36044e-06 3.98291e-06 3.557e-06 3.10655e-06 2.65347e-06 2.21643e-06 1.81008e-06 1.44467e-06 1.12622e-06 8.56888e-07 6.35648e-07 4.5909e-07 3.22222e-07 2.19229e-07 1.44097e-07 9.10778e-08 5.49955e-08 3.14206e-08 1.67327e-08 8.09915e-09 3.39841e-09 1.11139e-09 2.01687e-10 0 
0 0 0 0 0 0 0 0 0 0 0 0 0 0 0 0 0 0 0 0 0 0 0 0 0 0 0 0 0 0 0 0 0 0 0 0 0 0 0 0 0 
