0 0 0 0 0 0 0 0 0 0 0 0 0 0 0 0 0 0 0 0 0 0 0 0 0 0 0 0 0 0 0 0 0 0 0 0 0 0 0 0 0 
0 1.3791e-05 5.66956e-05 0.000129336 0.000229954 0.000354424 0.000496498 0.000648281 0.000800879 0.000945165 0.00107257 0.00117581 0.00124946 0.00129029 0.00129739 0.00127203 0.0012174 0.00113817 0.00104004 0.000929184 0.000811804 0.000693618 0.00057953 0.000473393 0.000377913 0.000294671 0.00022424 0.000166361 0.000120155 8.43268e-05 5.73649e-05 3.7699e-05 2.38241e-05 1.43839e-05 8.21723e-06 4.37575e-06 2.11793e-06 8.88673e-07 2.90623e-07 5.27398e-08 0 
0 5.66956e-05 0.000233077 0.00053169 0.000945276 0.00145678 0.00204036 0.00266328 0.0032886 0.00387849 0.00439769 0.00481672 0.00511426 0.00527828 0.00530603 0.00520312 0.00498217 0.0046614 0.00426309 0.00381183 0.00333261 0.00284894 0.00238122 0.00194558 0.00155339 0.00121132 0.000921836 0.000683915 0.000493964 0.000346674 0.000235832 0.000154984 9.79433e-05 5.91335e-05 3.37818e-05 1.79891e-05 8.70702e-06 3.65342e-06 1.19478e-06 2.16818e-07 0 
0 0.000129336 0.00053169 0.00121281 0.00215595 0.0033217 0.00465003 0.00606441 0.00747812 0.00880262 0.0099571 0.0108773 0.0115211 0.0118696 0.0119233 0.0116973 0.0112176 0.0105188 0.00964419 0.00864397 0.00757244 0.00648324 0.00542448 0.00443496 0.0035423 0.00276283 0.00210277 0.00156014 0.00112685 0.000790852 0.000537995 0.00035356 0.000223435 0.000134899 7.70654e-05 4.10381e-05 1.98631e-05 8.33443e-06 2.72561e-06 4.94621e-07 0 
0 0.000229954 0.000945276 0.00215595 0.00383137 0.00589933 0.00824822 0.0107333 0.0131885 0.0154456 0.0173588 0.0188284 0.0198112 0.020312 0.020363 0.0200017 0.0192607 0.0181709 0.0167738 0.0151314 0.0133269 0.0114556 0.00961066 0.00787055 0.00629231 0.00491016 0.00373801 0.00277371 0.00200348 0.00140613 0.000956559 0.000628634 0.000397271 0.000239853 0.000137024 7.29663e-05 3.53168e-05 1.48187e-05 4.84619e-06 8.79444e-07 0 
0 0.000354424 0.00145678 0.0033217 0.00589933 0.00907077 0.0126467 0.0163723 0.0199482 0.0230771 0.0255329 0.02722 0.0281843 0.0285613 0.0284949 0.0280721 0.0273014 0.0261362 0.0245269 0.0224733 0.0200512 0.0174018 0.014693 0.0120797 0.00967849 0.00756104 0.00575921 0.00427455 0.00308788 0.0021673 0.00147439 0.000968953 0.000612339 0.000369702 0.000211204 0.000112468 5.44362e-05 2.28411e-05 7.46975e-06 1.35555e-06 0 
0 0.000496498 0.00204036 0.00465003 0.00824822 0.0126467 0.0175295 0.0224478 0.0268622 0.0302704 0.0323928 0.0332953 0.0333372 0.0329767 0.0325731 0.0322816 0.0320389 0.0316142 0.0307078 0.029083 0.0266782 0.0236358 0.0202335 0.0167739 0.0135016 0.0105725 0.00806195 0.00598661 0.00432555 0.00303624 0.00206559 0.00135749 0.000857885 0.000517951 0.000295896 0.000157567 7.62651e-05 3.20004e-05 1.04651e-05 1.89912e-06 0 
0 0.000648281 0.00266328 0.00606441 0.0107333 0.0163723 0.0224478 0.0281633 0.032578 0.0349573 0.035191 0.0338842 0.0319946 0.0303629 0.0294831 0.0295061 0.0303035 0.0315013 0.0325172 0.0326996 0.0315804 0.0290925 0.0255698 0.0215396 0.017491 0.0137574 0.0105124 0.00781331 0.00564751 0.00396474 0.00269741 0.00177276 0.00112032 0.000676401 0.000386416 0.00020577 9.95959e-05 4.17899e-05 1.36666e-05 2.48009e-06 0 
0 0.000800879 0.0032886 0.00747812 0.0131885 0.0199482 0.0268622 0.032578 0.0356491 0.0353737 0.0324032 0.0283132 0.0245771 0.0220086 0.0208662 0.0211489 0.0227553 0.025448 0.0287006 0.0316104 0.0331158 0.0325185 0.0298741 0.0258615 0.0213202 0.0168973 0.0129573 0.00964519 0.00697591 0.00489849 0.00333298 0.00219053 0.00138436 0.000835815 0.000477486 0.000254266 0.000123069 5.1639e-05 1.68875e-05 3.0646e-06 0 
0 0.000945165 0.00387849 0.00880262 0.0154456 0.0230771 0.0302704 0.0349573 0.0353737 0.0315667 0.0255947 0.0198436 0.0155933 0.0130588 0.0120408 0.0123635 0.0140047 0.0170298 0.0213541 0.0263764 0.0307915 0.0330623 0.0323971 0.0292167 0.0246478 0.0197644 0.0152382 0.0113694 0.00823068 0.00578166 0.00393441 0.00258592 0.00163426 0.000986704 0.000563687 0.000300169 0.000145287 6.09615e-05 1.99363e-05 3.61786e-06 0 
0 0.00107257 0.00439769 0.0099571 0.0173588 0.0255329 0.0323928 0.035191 0.0324032 0.0255947 0.0181676 0.0124389 0.00884445 0.00693145 0.00621241 0.00644604 0.00765776 0.0100932 0.0140766 0.0196279 0.0258729 0.0309028 0.0328381 0.0312438 0.0271882 0.0221528 0.0172076 0.0128802 0.00933645 0.00656165 0.004466 0.00293551 0.00185523 0.00112013 0.000639911 0.00034076 0.000164933 6.9205e-05 2.26322e-05 4.10709e-06 0 
0 0.00117581 0.00481672 0.0108773 0.0188284 0.02722 0.0332953 0.0338842 0.0283132 0.0198436 0.0124389 0.00761438 0.0049563 0.00366278 0.00319692 0.00333763 0.00411764 0.00580273 0.00887064 0.0138004 0.020431 0.0271959 0.031544 0.0318951 0.0287883 0.0239143 0.0187472 0.0140888 0.0102291 0.00719352 0.0048972 0.0032192 0.00203459 0.00122843 0.000701785 0.000373709 0.000180881 7.58967e-05 2.48206e-05 4.50422e-06 0 
0 0.00124946 0.00511426 0.0115211 0.0198112 0.0281843 0.0333372 0.0319946 0.0245771 0.0155933 0.00884445 0.0049563 0.00300926 0.00212119 0.00180867 0.00189021 0.00239086 0.00353361 0.00578276 0.00979346 0.0159402 0.0233076 0.0293088 0.0314476 0.0294644 0.0249815 0.0197803 0.0149314 0.010861 0.00764346 0.00520496 0.00342187 0.00216276 0.00130583 0.00074601 0.00039726 0.00019228 8.06798e-05 2.63848e-05 4.78808e-06 0 
0 0.00129029 0.00527828 0.0118696 0.020312 0.0285613 0.0329767 0.0303629 0.0220086 0.0130588 0.00693145 0.00366278 0.00212119 0.00144541 0.00120886 0.00125804 0.00160885 0.00244045 0.00415841 0.00742921 0.0128835 0.0201454 0.0269463 0.0303476 0.0293663 0.0253651 0.0202754 0.015373 0.0112037 0.007891 0.00537528 0.0035343 0.00223394 0.00134884 0.000770586 0.000410348 0.000198616 8.33381e-05 2.72541e-05 4.94585e-06 0 
0 0.00129739 0.00530603 0.0119233 0.020363 0.0284949 0.0325731 0.0294831 0.0208662 0.0120408 0.00621241 0.00319692 0.00180867 0.00120886 0.000996393 0.00102753 0.00131021 0.00199523 0.00343896 0.00626529 0.0111676 0.0180527 0.0249933 0.0290054 0.0286914 0.0251269 0.02024 0.0154062 0.0112489 0.00792968 0.00540374 0.00355364 0.00224634 0.00135637 0.000774901 0.000412649 0.00019973 8.38058e-05 2.74071e-05 4.9736e-06 0 
0 0.00127203 0.00520312 0.0116973 0.0200017 0.0280721 0.0322816 0.0295061 0.0211489 0.0123635 0.00644604 0.00333763 0.00189021 0.00125804 0.00102753 0.00104577 0.00131226 0.00196399 0.00332886 0.00598019 0.0105623 0.0170273 0.0236566 0.0276631 0.0275976 0.0243426 0.0197067 0.015047 0.0110063 0.00776619 0.00529504 0.00348307 0.00220203 0.0013297 0.000759688 0.000404554 0.000195813 8.21625e-05 2.68697e-05 4.87609e-06 0 
0 0.0012174 0.00498217 0.0112176 0.0192607 0.0273014 0.0320389 0.0303035 0.0227553 0.0140047 0.00765776 0.00411764 0.00239086 0.00160885 0.00131021 0.00131226 0.00160197 0.00231133 0.00375341 0.00644365 0.0108945 0.0169217 0.0228899 0.0263676 0.0261602 0.0230749 0.0187204 0.0143277 0.0104996 0.00741801 0.0050616 0.00333103 0.00210644 0.00127215 0.000726857 0.000387083 0.000187359 7.86159e-05 2.571e-05 4.66563e-06 0 
0 0.00113817 0.0046614 0.0105188 0.0181709 0.0261362 0.0316142 0.0315013 0.025448 0.0170298 0.0100932 0.00580273 0.00353361 0.00244045 0.00199523 0.00196399 0.00231133 0.00316276 0.00481094 0.00767918 0.0120598 0.0175175 0.0224779 0.025013 0.0243769 0.0213661 0.0173291 0.0132892 0.0097613 0.00690966 0.00472119 0.00310975 0.00196755 0.00118862 0.000679233 0.000361748 0.000175103 7.34741e-05 2.40286e-05 4.36052e-06 0 
0 0.00104004 0.00426309 0.00964419 0.0167738 0.0245269 0.0307078 0.0325172 0.0287006 0.0213541 0.0140766 0.00887064 0.00578276 0.00415841 0.00343896 0.00332886 0.00375341 0.00481094 0.00673406 0.00977989 0.0139362 0.0185091 0.0221006 0.0234171 0.0222088 0.0192471 0.0155782 0.0119723 0.00882437 0.00626726 0.0042936 0.00283336 0.00179478 0.00108498 0.000620233 0.000330384 0.000159934 6.71116e-05 2.19481e-05 3.983e-06 0 
0 0.000929184 0.00381183 0.00864397 0.0151314 0.0224733 0.029083 0.0326996 0.0316104 0.0263764 0.0196279 0.0138004 0.00979346 0.00742921 0.00626529 0.00598019 0.00644365 0.00767918 0.00977989 0.0127472 0.0162499 0.0194793 0.0214086 0.0214105 0.0196304 0.0167499 0.0135046 0.0104053 0.00771147 0.0055106 0.00379592 0.00251537 0.00159774 0.000967437 0.000553514 0.000294967 0.000142816 5.99331e-05 1.96011e-05 3.55711e-06 0 
0 0.000811804 0.00333261 0.00757244 0.0133269 0.0200512 0.0266782 0.0315804 0.0331158 0.0307915 0.0258729 0.020431 0.0159402 0.0128835 0.0111676 0.0105623 0.0108945 0.0120598 0.0139362 0.0162499 0.0184816 0.0199521 0.0201278 0.0189159 0.0166665 0.0139162 0.0111288 0.00858878 0.0064185 0.0046411 0.00323564 0.00216531 0.00138471 0.000841794 0.000482629 0.000257443 0.0001247 5.23396e-05 1.71187e-05 3.1067e-06 0 
0 0.000693618 0.00284894 0.00648324 0.0114556 0.0174018 0.0236358 0.0290925 0.0325185 0.0330623 0.0309028 0.0271959 0.0233076 0.0201454 0.0180527 0.0170273 0.0169217 0.0175175 0.0185091 0.0194793 0.0199521 0.0195496 0.0181625 0.0159878 0.0134055 0.0108025 0.00845388 0.0064864 0.00490025 0.00362835 0.00260213 0.00178483 0.00116108 0.000712872 0.000410748 0.000219588 0.000106461 4.46997e-05 1.46218e-05 2.65367e-06 0 
0 0.00057953 0.00238122 0.00542448 0.00961066 0.014693 0.0202335 0.0255698 0.0298741 0.0323971 0.0328381 0.031544 0.0293088 0.0269463 0.0249933 0.0236566 0.0228899 0.0224779 0.0221006 0.0214086 0.0201278 0.0181625 0.0156291 0.0127997 0.00999771 0.00750959 0.0055243 0.0040904 0.00311519 0.00242697 0.00186854 0.00136655 0.000928737 0.000584206 0.000340495 0.000182911 8.88436e-05 3.73278e-05 1.22132e-05 2.2167e-06 0 
0 0.000473393 0.00194558 0.00443496 0.00787055 0.0120797 0.0167739 0.0215396 0.0258615 0.0292167 0.0312438 0.0318951 0.0314476 0.0303476 0.0290054 0.0276631 0.0263676 0.025013 0.0234171 0.0214105 0.0189159 0.0159878 0.0127997 0.0095998 0.00667229 0.00429994 0.00266501 0.00173394 0.00130191 0.00113997 0.00105417 0.000909997 0.000689248 0.00045865 0.000274008 0.000148621 7.24387e-05 3.04709e-05 9.97345e-06 1.81041e-06 0 
0 0.000377913 0.00155339 0.0035423 0.00629231 0.00967849 0.0135016 0.017491 0.0213202 0.0246478 0.0271882 0.0287883 0.0294644 0.0293663 0.0286914 0.0275976 0.0261602 0.0243769 0.0222088 0.0196304 0.0166665 0.0134055 0.00999771 0.00667229 0.00378606 0.00175711 0.00070921 0.000318986 0.0002205 0.000253347 0.000367058 0.000470556 0.000454852 0.000340374 0.00021324 0.000117656 5.7674e-05 2.43041e-05 7.9594e-06 1.44505e-06 0 
0 0.000294671 0.00121132 0.00276283 0.00491016 0.00756104 0.0105725 0.0137574 0.0168973 0.0197644 0.0221528 0.0239143 0.0249815 0.0253651 0.0251269 0.0243426 0.0230749 0.0213661 0.0192471 0.0167499 0.0139162 0.0108025 0.00750959 0.00429994 0.00175711 0.000440226 7.28752e-05 1.44193e-05 8.04231e-06 1.62188e-05 5.96963e-05 0.000168602 0.000257883 0.000236931 0.000160259 9.07091e-05 4.48189e-05 1.89316e-05 6.20422e-06 1.12662e-06 0 
0 0.00022424 0.000921836 0.00210277 0.00373801 0.00575921 0.00806195 0.0105124 0.0129573 0.0152382 0.0172076 0.0187472 0.0197803 0.0202754 0.02024 0.0197067 0.0187204 0.0173291 0.0155782 0.0135046 0.0111288 0.00845388 0.0055243 0.00266501 0.00070921 7.28752e-05 3.06933e-06 1.65156e-07 6.46622e-08 3.13268e-07 4.84523e-06 4.43771e-05 0.000130103 0.000157152 0.000116951 6.81952e-05 3.39894e-05 1.43926e-05 4.71996e-06 8.57254e-07 0 
0 0.000166361 0.000683915 0.00156014 0.00277371 0.00427455 0.00598661 0.00781331 0.00964519 0.0113694 0.0128802 0.0140888 0.0149314 0.015373 0.0154062 0.015047 0.0143277 0.0132892 0.0119723 0.0104053 0.00858878 0.0064864 0.0040904 0.00173394 0.000318986 1.44193e-05 1.65156e-07 2.52534e-09 6.97721e-10 7.82019e-09 4.73093e-07 1.29525e-05 6.82367e-05 0.000104374 8.40156e-05 5.01429e-05 2.51549e-05 1.06706e-05 3.50103e-06 6.35951e-07 0 
0 0.000120155 0.000493964 0.00112685 0.00200348 0.00308788 0.00432555 0.00564751 0.00697591 0.00823068 0.00933645 0.0102291 0.010861 0.0112037 0.0112489 0.0110063 0.0104996 0.0097613 0.00882437 0.00771147 0.0064185 0.00490025 0.00311519 0.00130191 0.0002205 8.04231e-06 6.46622e-08 6.97721e-10 1.73158e-10 2.39587e-09 2.05897e-07 7.45435e-06 4.54389e-05 7.3543e-05 6.02668e-05 3.61503e-05 1.81596e-05 7.7059e-06 2.52853e-06 4.5931e-07 0 
0 8.43268e-05 0.000346674 0.000790852 0.00140613 0.0021673 0.00303624 0.00396474 0.00489849 0.00578166 0.00656165 0.00719352 0.00764346 0.007891 0.00792968 0.00776619 0.00741801 0.00690966 0.00626726 0.0055106 0.0046411 0.00362835 0.00242697 0.00113997 0.000253347 1.62188e-05 3.13268e-07 7.82019e-09 2.39587e-09 1.81e-08 5.95753e-07 1.00301e-05 4.06201e-05 5.57624e-05 4.32604e-05 2.55305e-05 1.27665e-05 5.41063e-06 1.77479e-06 3.22362e-07 0 
0 5.73649e-05 0.000235832 0.000537995 0.000956559 0.00147439 0.00206559 0.00269741 0.00333298 0.00393441 0.004466 0.0048972 0.00520496 0.00537528 0.00540374 0.00529504 0.0050616 0.00472119 0.0042936 0.00379592 0.00323564 0.00260213 0.00186854 0.00105417 0.000367058 5.96963e-05 4.84523e-06 4.73093e-07 2.05897e-07 5.95753e-07 4.1972e-06 2.03236e-05 4.18121e-05 4.34368e-05 3.06432e-05 1.75685e-05 8.71244e-06 3.68391e-06 1.20762e-06 2.19307e-07 0 
0 3.7699e-05 0.000154984 0.00035356 0.000628634 0.000968953 0.00135749 0.00177276 0.00219053 0.00258592 0.00293551 0.0032192 0.00342187 0.0035343 0.00355364 0.00348307 0.00333103 0.00310975 0.00283336 0.00251537 0.00216531 0.00178483 0.00136655 0.000909997 0.000470556 0.000168602 4.43771e-05 1.29525e-05 7.45435e-06 1.00301e-05 2.03236e-05 3.50416e-05 4.02813e-05 3.25578e-05 2.09863e-05 1.16882e-05 5.74595e-06 2.42342e-06 7.93846e-07 1.44135e-07 0 
0 2.38241e-05 9.79433e-05 0.000223435 0.000397271 0.000612339 0.000857885 0.00112032 0.00138436 0.00163426 0.00185523 0.00203459 0.00216276 0.00223394 0.00224634 0.00220203 0.00210644 0.00196755 0.00179478 0.00159774 0.00138471 0.00116108 0.000928737 0.000689248 0.000454852 0.000257883 0.000130103 6.82367e-05 4.54389e-05 4.06201e-05 4.18121e-05 4.02813e-05 3.27613e-05 2.25767e-05 1.36819e-05 7.45948e-06 3.64208e-06 1.53286e-06 5.01807e-07 9.10941e-08 0 
0 1.43839e-05 5.91335e-05 0.000134899 0.000239853 0.000369702 0.000517951 0.000676401 0.000835815 0.000986704 0.00112013 0.00122843 0.00130583 0.00134884 0.00135637 0.0013297 0.00127215 0.00118862 0.00108498 0.000967437 0.000841794 0.000712872 0.000584206 0.00045865 0.000340374 0.000236931 0.000157152 0.000104374 7.3543e-05 5.57624e-05 4.34368e-05 3.25578e-05 2.25767e-05 1.43673e-05 8.41933e-06 4.53281e-06 2.2035e-06 9.2607e-07 3.03027e-07 5.50015e-08 0 
0 8.21723e-06 3.37818e-05 7.70654e-05 0.000137024 0.000211204 0.000295896 0.000386416 0.000477486 0.000563687 0.000639911 0.000701785 0.00074601 0.000770586 0.000774901 0.000759688 0.000726857 0.000679233 0.000620233 0.000553514 0.000482629 0.000410748 0.000340495 0.000274008 0.00021324 0.000160259 0.000116951 8.40156e-05 6.02668e-05 4.32604e-05 3.06432e-05 2.09863e-05 1.36819e-05 8.41933e-06 4.85796e-06 2.59892e-06 1.26039e-06 5.29265e-07 1.73136e-07 3.14226e-08 0 
0 4.37575e-06 1.79891e-05 4.10381e-05 7.29663e-05 0.000112468 0.000157567 0.00020577 0.000254266 0.000300169 0.00034076 0.000373709 0.00039726 0.000410348 0.000412649 0.000404554 0.000387083 0.000361748 0.000330384 0.000294967 0.000257443 0.000219588 0.000182911 0.000148621 0.000117656 9.07091e-05 6.81952e-05 5.01429e-05 3.61503e-05 2.55305e-05 1.75685e-05 1.16882e-05 7.45948e-06 4.53281e-06 2.59892e-06 1.38645e-06 6.71617e-07 2.81904e-07 9.22041e-08 1.67333e-08 0 
0 2.11793e-06 8.70702e-06 1.98631e-05 3.53168e-05 5.44362e-05 7.62651e-05 9.95959e-05 0.000123069 0.000145287 0.000164933 0.000180881 0.00019228 0.000198616 0.00019973 0.000195813 0.000187359 0.000175103 0.000159934 0.000142816 0.0001247 0.000106461 8.88436e-05 7.24387e-05 5.7674e-05 4.48189e-05 3.39894e-05 2.51549e-05 1.81596e-05 1.27665e-05 8.71244e-06 5.74595e-06 3.64208e-06 2.2035e-06 1.26039e-06 6.71617e-07 3.25178e-07 1.36462e-07 4.46301e-08 8.09928e-09 0 
0 8.88673e-07 3.65342e-06 8.33443e-06 1.48187e-05 2.28411e-05 3.20004e-05 4.17899e-05 5.1639e-05 6.09615e-05 6.9205e-05 7.58967e-05 8.06798e-05 8.33381e-05 8.38058e-05 8.21625e-05 7.86159e-05 7.34741e-05 6.71116e-05 5.99331e-05 5.23396e-05 4.46997e-05 3.73278e-05 3.04709e-05 2.43041e-05 1.89316e-05 1.43926e-05 1.06706e-05 7.7059e-06 5.41063e-06 3.68391e-06 2.42342e-06 1.53286e-06 9.2607e-07 5.29265e-07 2.81904e-07 1.36462e-07 5.72621e-08 1.87269e-08 3.39844e-09 0 
0 2.90623e-07 1.19478e-06 2.72561e-06 4.84619e-06 7.46975e-06 1.04651e-05 1.36666e-05 1.68875e-05 1.99363e-05 2.26322e-05 2.48206e-05 2.63848e-05 2.72541e-05 2.74071e-05 2.68697e-05 2.571e-05 2.40286e-05 2.19481e-05 1.96011e-05 1.71187e-05 1.46218e-05 1.22132e-05 9.97345e-06 7.9594e-06 6.20422e-06 4.71996e-06 3.50103e-06 2.52853e-06 1.77479e-06 1.20762e-06 7.93846e-07 5.01807e-07 3.03027e-07 1.73136e-07 9.22041e-08 4.46301e-08 1.87269e-08 6.12435e-09 1.1114e-09 0 
0 5.27398e-08 2.16818e-07 4.94621e-07 8.79444e-07 1.35555e-06 1.89912e-06 2.48009e-06 3.0646e-06 3.61786e-06 4.10709e-06 4.50422e-06 4.78808e-06 4.94585e-06 4.9736e-06 4.87609e-06 4.66563e-06 4.36052e-06 3.983e-06 3.55711e-06 3.1067e-06 2.65367e-06 2.2167e-06 1.81041e-06 1.44505e-06 1.12662e-06 8.57254e-07 6.35951e-07 4.5931e-07 3.22362e-07 2.19307e-07 1.44135e-07 9.10941e-08 5.50015e-08 3.14226e-08 1.67333e-08 8.09928e-09 3.39844e-09 1.1114e-09 2.01687e-10 0 
0 0 0 0 0 0 0 0 0 0 0 0 0 0 0 0 0 0 0 0 0 0 0 0 0 0 0 0 0 0 0 0 0 0 0 0 0 0 0 0 0 
